1.0354737043380737,0.9550000429153442,1.1216520071029663
1.0354737043380737,0.9550000429153442,1.1220619678497314
1.0490849018096924,0.8849999904632568,3.310122013092041
1.0320017337799072,0.9650000333786011,1.2664319276809692
1.0306593179702759,0.9600000381469727,1.5709720849990845
1.0342291593551636,0.9500000476837158,1.1748520135879517
1.036550760269165,0.9500000476837158,1.1882519721984863
1.0303244590759277,0.9600000381469727,1.6408320665359497
1.0349031686782837,0.9500000476837158,1.2284519672393799
1.0405197143554688,0.9300000667572021,1.3891220092773438
1.0463407039642334,0.940000057220459,1.1556220054626465
1.0378179550170898,0.9500000476837158,1.3290419578552246
1.0378179550170898,0.9500000476837158,1.3290419578552246
1.0467782020568848,0.9200000762939453,1.6768419742584229
1.0435104370117188,0.9200000762939453,1.79790198802948
1.1270772218704224,0.6700000166893005,4.295482158660889
1.028485894203186,0.9550000429153442,1.630452036857605
1.0279462337493896,0.9700000286102295,1.107532024383545
1.0314253568649292,0.940000057220459,1.5841220617294312
1.024999976158142,0.9750000238418579,1.0379419326782227
1.024999976158142,0.9750000238418579,1.0597320795059204
1.024999976158142,0.9750000238418579,1.1012320518493652
1.0294445753097534,0.9650000333786011,1.1959420442581177
1.024999976158142,0.9750000238418579,1.1563019752502441
1.0262531042099,0.9700000286102295,1.2165119647979736
1.0517843961715698,0.8399999737739563,2.5655720233917236
1.0468658208847046,0.9350000619888306,1.6011019945144653
1.0408884286880493,0.9350000619888306,1.71300208568573
1.0291666984558105,0.9550000429153442,2.18581223487854
1.0464462041854858,0.9200000762939453,1.8136119842529297
1.0271437168121338,0.9650000333786011,1.0526119470596313
1.0344674587249756,0.9500000476837158,1.4261219501495361
1.0432522296905518,0.9250000715255737,2.0584120750427246
1.0860776901245117,0.824999988079071,2.9295620918273926
1.0444767475128174,0.9300000667572021,1.6143920421600342
1.0509172677993774,0.9050000309944153,1.7271220684051514
1.0650959014892578,0.8550000190734863,2.446781873703003
1.0431379079818726,0.9500000476837158,1.241852045059204
1.0431379079818726,0.9500000476837158,1.241852045059204
1.05615234375,0.8299999833106995,2.8995018005371094
1.0470232963562012,0.8650000095367432,2.8338520526885986
1.0333976745605469,0.9450000524520874,1.5182520151138306
1.0474082231521606,0.8800000548362732,3.8519020080566406
1.0340237617492676,0.9500000476837158,2.063241958618164
1.0406800508499146,0.9450000524520874,1.1904619932174683
1.1172549724578857,0.7099999785423279,4.071582317352295
1.0383790731430054,0.9500000476837158,1.204982042312622
1.0279821157455444,0.9650000333786011,1.074761986732483
1.0291508436203003,0.9600000381469727,1.2605620622634888
1.0446391105651855,0.9150000810623169,1.7200120687484741
1.0199999809265137,0.9750000238418579,1.1352919340133667
1.0278098583221436,0.9650000333786011,1.2647520303726196
1.0642249584197998,0.8450000286102295,2.616391897201538
1.039727807044983,0.9350000619888306,1.8441119194030762
1.044801115989685,0.9300000667572021,1.8727219104766846
1.0385128259658813,0.9350000619888306,1.48238205909729
1.0292145013809204,0.9600000381469727,1.154662013053894
1.0267120599746704,0.9700000286102295,1.125931978225708
1.0396654605865479,0.940000057220459,1.5921019315719604
1.024999976158142,0.9750000238418579,1.0259919166564941
1.0438880920410156,0.9250000715255737,1.8955720663070679
1.044153094291687,0.9250000715255737,1.8431520462036133
1.0399928092956543,0.9350000619888306,1.2633419036865234
1.029881477355957,0.9650000333786011,1.251281976699829
1.044990062713623,0.9200000762939453,1.8943921327590942
1.0267326831817627,0.9700000286102295,1.1622419357299805
1.0258257389068604,0.9700000286102295,1.120392084121704
1.0424422025680542,0.9250000715255737,2.192392110824585
1.0316755771636963,0.9500000476837158,1.4039021730422974
1.024999976158142,0.9750000238418579,1.0777919292449951
1.0199999809265137,0.9750000238418579,1.0330818891525269
1.024999976158142,0.9750000238418579,1.1324321031570435
1.0407999753952026,0.9350000619888306,1.2906819581985474
1.047701120376587,0.9300000667572021,1.7582920789718628
1.024999976158142,0.9650000333786011,1.1127320528030396
1.0268950462341309,0.9650000333786011,1.2304918766021729
1.0352072715759277,0.9200000762939453,1.9524619579315186
1.035945177078247,0.940000057220459,1.3633620738983154
1.0269733667373657,0.9700000286102295,1.1186519861221313
1.0288136005401611,0.9650000333786011,1.2189719676971436
1.0417793989181519,0.9500000476837158,1.198362112045288
1.024999976158142,0.9750000238418579,1.1473819017410278
1.0228710174560547,0.9650000333786011,1.2039719820022583
1.024999976158142,0.9750000238418579,1.2485918998718262
1.0426561832427979,0.9200000762939453,2.0677120685577393
1.054201364517212,0.8750001192092896,2.65987229347229
1.024999976158142,0.9750000238418579,1.1276218891143799
1.0385432243347168,0.9500000476837158,1.2535018920898438
1.024999976158142,0.9750000238418579,1.1536320447921753
1.024999976158142,0.9750000238418579,1.0583621263504028
1.0338168144226074,0.9550000429153442,1.35207200050354
1.03242027759552,0.9600000381469727,1.4152419567108154
1.024999976158142,0.9750000238418579,1.0854319334030151
1.024999976158142,0.9750000238418579,1.040202021598816
1.0394068956375122,0.9500000476837158,1.3716020584106445
1.0323878526687622,0.9550000429153442,1.2217919826507568
1.024999976158142,0.9750000238418579,1.0650620460510254
1.0266363620758057,0.9600000381469727,1.2074620723724365
1.0407627820968628,0.940000057220459,1.246462106704712
1.024999976158142,0.9750000238418579,1.0449719429016113
1.045699119567871,0.9200000762939453,1.2901020050048828
1.0421968698501587,0.9350000619888306,1.261191964149475
1.0494908094406128,0.9150000810623169,1.2870419025421143
1.0471282005310059,0.8900001049041748,2.2058820724487305
1.038725733757019,0.9500000476837158,1.1606419086456299
1.0409493446350098,0.9000000357627869,2.6847221851348877
1.0497304201126099,0.8700001239776611,2.8758621215820312
1.0669339895248413,0.8750001192092896,2.602292060852051
1.0294215679168701,0.9550000429153442,1.2672721147537231
1.0296850204467773,0.9450000524520874,1.4625520706176758
1.0266363620758057,0.9650000333786011,1.2515820264816284
1.0295226573944092,0.9700000286102295,1.065682053565979
1.0301604270935059,0.9500000476837158,1.3810019493103027
1.0344313383102417,0.940000057220459,1.2603119611740112
1.029350996017456,0.9600000381469727,1.1486320495605469
1.0274745225906372,0.9650000333786011,1.1461219787597656
1.0329452753067017,0.9450000524520874,1.5185121297836304
1.0628472566604614,0.9200000762939453,1.3100619316101074
1.060409665107727,0.9200000762939453,1.3100619316101074
1.024999976158142,0.9750000238418579,1.0648919343948364
1.0317590236663818,0.9500000476837158,1.6705219745635986
1.038343071937561,0.9200000762939453,1.6036220788955688
1.050424575805664,0.9050000309944153,1.5561920404434204
1.0305551290512085,0.9600000381469727,1.2567119598388672
1.070803165435791,0.8550000190734863,1.8839020729064941
1.0430245399475098,0.9250000715255737,1.6329020261764526
1.0258005857467651,0.9700000286102295,1.2549420595169067
1.057482361793518,0.9200000762939453,2.257822036743164
1.0601274967193604,0.9100000858306885,2.338681936264038
1.024999976158142,0.9750000238418579,1.1284619569778442
1.0275797843933105,0.9600000381469727,1.1644020080566406
1.0504467487335205,0.9200000762939453,1.9394220113754272
1.0445622205734253,0.9300000667572021,1.9798420667648315
1.0694942474365234,0.8500000834465027,2.3372020721435547
1.0361690521240234,0.9350000619888306,1.2534319162368774
1.040381908416748,0.9350000619888306,1.5801219940185547
1.059866189956665,0.8800000548362732,2.27852201461792
1.0316787958145142,0.9550000429153442,1.4160921573638916
1.044175624847412,0.9150000810623169,1.7438020706176758
1.0674430131912231,0.9250000715255737,1.2815721035003662
1.068350911140442,0.9250000715255737,1.2815721035003662
1.024999976158142,0.9750000238418579,1.1216621398925781
1.0308470726013184,0.9500000476837158,1.7161818742752075
1.0275819301605225,0.9650000333786011,1.2008819580078125
1.0528018474578857,0.9100000858306885,1.5577119588851929
1.0354000329971313,0.9300000667572021,1.9871820211410522
1.0360286235809326,0.9350000619888306,2.037921905517578
1.028098702430725,0.9650000333786011,1.1338520050048828
1.0374037027359009,0.9100000858306885,1.996462106704712
1.0264517068862915,0.9650000333786011,1.3237320184707642
1.0376375913619995,0.9500000476837158,1.3688418865203857
1.028460144996643,0.9550000429153442,2.1766719818115234
1.024999976158142,0.9750000238418579,1.071441888809204
1.024999976158142,0.9750000238418579,1.2016420364379883
1.0449016094207764,0.9350000619888306,1.6283719539642334
1.030768632888794,0.9600000381469727,1.416882038116455
1.0299999713897705,0.9650000333786011,1.1761819124221802
1.0261309146881104,0.9700000286102295,1.1927919387817383
1.0501147508621216,0.9300000667572021,1.5145920515060425
1.0521023273468018,0.9250000715255737,1.4715219736099243
1.0614949464797974,0.9100000858306885,1.6204720735549927
1.0659759044647217,0.8950001001358032,1.8450220823287964
1.0518265962600708,0.9250000715255737,1.4282519817352295
1.0441323518753052,0.940000057220459,1.3861219882965088
1.0427446365356445,0.940000057220459,1.5110819339752197
1.0600438117980957,0.8950001001358032,1.8496021032333374
1.0582451820373535,0.9050000309944153,2.171842098236084
1.0591295957565308,0.9000000953674316,1.9902119636535645
1.0312848091125488,0.9500000476837158,1.307062029838562
1.045147180557251,0.9150000810623169,1.715432047843933
1.0273786783218384,0.9650000333786011,1.2502920627593994
1.024999976158142,0.9750000238418579,1.101412057876587
1.0216697454452515,0.9700000286102295,1.2225719690322876
1.0298489332199097,0.9650000333786011,1.143362045288086
1.031793475151062,0.9600000381469727,1.2846620082855225
1.0513575077056885,0.9100000858306885,1.4124820232391357
1.0387989282608032,0.9450000524520874,1.3013620376586914
1.056777834892273,0.9150000810623169,1.326632022857666
1.0619003772735596,0.9000000953674316,1.3619019985198975
1.024999976158142,0.9750000238418579,1.0607919692993164
1.0346505641937256,0.9500000476837158,1.7914820909500122
1.024999976158142,0.9750000238418579,1.0545819997787476
1.0278024673461914,0.9600000381469727,1.3381320238113403
1.0359936952590942,0.9450000524520874,1.3643620014190674
1.0399019718170166,0.940000057220459,1.6859720945358276
1.0429378747940063,0.9150000810623169,1.8760420083999634
1.036287784576416,0.9550000429153442,1.3161818981170654
1.0259044170379639,0.9600000381469727,1.5967119932174683
1.0403212308883667,0.9300000667572021,1.3418920040130615
1.047524094581604,0.9150000810623169,1.948032021522522
1.0251939296722412,0.9650000333786011,1.113171935081482
1.0590673685073853,0.8750000596046448,2.7232918739318848
1.0288760662078857,0.9650000333786011,1.2767319679260254
1.0465655326843262,0.8950001001358032,2.5050220489501953
1.0270150899887085,0.9700000286102295,1.2359919548034668
1.024999976158142,0.9750000238418579,1.112191915512085
1.055433750152588,0.8899999856948853,2.6210520267486572
1.0311933755874634,0.9600000381469727,1.1590319871902466
1.0551005601882935,0.9300000667572021,1.5342519283294678
1.0546932220458984,0.9250000715255737,1.5340420007705688
1.0535311698913574,0.9300000667572021,1.5739320516586304
1.0381555557250977,0.9200000762939453,1.5707019567489624
1.049390196800232,0.9000000953674316,1.9407421350479126
1.0641510486602783,0.8850001096725464,1.8874520063400269
1.029882550239563,0.9550000429153442,1.1950819492340088
1.0272271633148193,0.9700000286102295,1.2415720224380493
1.029183030128479,0.9600000381469727,1.5031018257141113
1.0264633893966675,0.9700000286102295,1.0946320295333862
1.024999976158142,0.9750000238418579,1.0427221059799194
1.0768128633499146,0.8600000739097595,3.5525920391082764
1.052707552909851,0.9250000715255737,2.5884721279144287
1.0246224403381348,0.9650000333786011,1.1269420385360718
1.0533722639083862,0.9200000762939453,1.5458219051361084
1.0360934734344482,0.9500000476837158,1.1579420566558838
1.031561255455017,0.9550000429153442,1.5580822229385376
1.0731691122055054,0.8550000190734863,1.7541019916534424
1.0315743684768677,0.9550000429153442,1.5298620462417603
1.028364658355713,0.9550000429153442,1.3332619667053223
1.0461647510528564,0.9150000810623169,1.5836020708084106
1.0284191370010376,0.9650000333786011,1.5687719583511353
1.0312408208847046,0.9500000476837158,1.7850019931793213
1.0275819301605225,0.9600000381469727,1.320032000541687
1.0370899438858032,0.9550000429153442,1.172402024269104
1.0409682989120483,0.9350000619888306,1.6833720207214355
1.052062749862671,0.9000000953674316,2.023941993713379
1.0387341976165771,0.9450000524520874,1.2474820613861084
1.0361064672470093,0.9350000619888306,1.681372046470642
1.0302261114120483,0.9650000333786011,1.114061951637268
1.0315414667129517,0.9500000476837158,1.1079519987106323
1.039637565612793,0.9300000667572021,1.310752034187317
1.0326155424118042,0.9500000476837158,1.522231936454773
1.024999976158142,0.9750000238418579,1.0849220752716064
1.0509073734283447,0.9300000667572021,1.6024218797683716
1.0451828241348267,0.9300000667572021,1.5439618825912476
1.0390616655349731,0.940000057220459,1.6695619821548462
1.0356061458587646,0.940000057220459,1.586892008781433
1.042428731918335,0.9100000858306885,2.821592092514038
1.028471827507019,0.9650000333786011,1.134342074394226
1.0381317138671875,0.9450000524520874,1.3014020919799805
1.0397748947143555,0.9200000762939453,1.565351963043213
1.0428221225738525,0.9350000619888306,1.8957821130752563
1.031569242477417,0.9550000429153442,1.3388620615005493
1.0297619104385376,0.9600000381469727,1.3995620012283325
1.0297340154647827,0.9600000381469727,1.5535720586776733
1.0304977893829346,0.9650000333786011,1.1701520681381226
1.024999976158142,0.9700000286102295,1.062031865119934
1.0451990365982056,0.9300000667572021,1.499891996383667
1.0588687658309937,0.9000000953674316,1.6767919063568115
1.0376957654953003,0.940000057220459,1.1910719871520996
1.034379482269287,0.9450000524520874,1.3440020084381104
1.0282071828842163,0.9550000429153442,1.2325519323349
1.0349329710006714,0.9550000429153442,1.0884119272232056
1.0553730726242065,0.8700000643730164,2.605191946029663
1.0328123569488525,0.9600000381469727,1.2185719013214111
1.0365079641342163,0.9300000667572021,1.2431720495224
1.0398476123809814,0.940000057220459,1.5242019891738892
1.0411542654037476,0.925000011920929,2.064811944961548
1.0437268018722534,0.9500000476837158,1.1615419387817383
1.0489628314971924,0.9200000762939453,1.465932011604309
1.0275253057479858,0.9700000286102295,1.0748920440673828
1.0412821769714355,0.9350000619888306,1.5244419574737549
1.0332469940185547,0.9550000429153442,1.2953518629074097
1.024999976158142,0.9750000238418579,1.223832130432129
1.0494831800460815,0.9300000667572021,1.7043719291687012
1.0412589311599731,0.9200000762939453,1.7825919389724731
1.0399999618530273,0.9550000429153442,1.2975120544433594
1.0287688970565796,0.9700000286102295,1.0953320264816284
1.029881238937378,0.9650000333786011,1.128891944885254
1.024999976158142,0.9750000238418579,1.1083520650863647
1.0408451557159424,0.940000057220459,1.1756620407104492
1.0287948846817017,0.9600000381469727,1.455862045288086
1.053737998008728,0.9050000309944153,2.1157121658325195
1.037892460823059,0.9500000476837158,1.1899219751358032
1.067322850227356,0.8449999690055847,2.594532012939453
1.0320464372634888,0.9600000381469727,1.1524319648742676
1.0199999809265137,0.9750000238418579,1.0390419960021973
1.0271350145339966,0.9700000286102295,1.1554919481277466
1.0277634859085083,0.9650000333786011,1.072862148284912
1.0391771793365479,0.9150000810623169,2.17739200592041
1.0638922452926636,0.8400000333786011,2.777022123336792
1.027097463607788,0.9650000333786011,1.4298720359802246
1.0223807096481323,0.9650000333786011,1.3149420022964478
1.0280250310897827,0.9600000381469727,1.306872010231018
1.0590649843215942,0.8950001001358032,1.6181119680404663
1.0465739965438843,0.9350000619888306,1.5776619911193848
1.024999976158142,0.9750000238418579,1.1428120136260986
1.024999976158142,0.9750000238418579,1.0883920192718506
1.0587410926818848,0.8700000643730164,1.8127820491790771
1.0292603969573975,0.9550000429153442,1.2066720724105835
1.0297541618347168,0.9500000476837158,1.2488720417022705
1.041426658630371,0.9300000071525574,1.7659920454025269
1.0527138710021973,0.9200000762939453,2.3611719608306885
1.058623194694519,0.9000000953674316,2.2199721336364746
1.0631600618362427,0.8800000548362732,2.675342082977295
1.0264291763305664,0.9700000286102295,1.1195720434188843
1.035901427268982,0.9450000524520874,1.431812047958374
1.0273762941360474,0.9550000429153442,1.671612024307251
1.0257289409637451,0.9650000333786011,1.16172194480896
1.0419654846191406,0.9350000619888306,2.0302820205688477
1.0710936784744263,0.8349999189376831,3.3883519172668457
1.0565195083618164,0.9000000953674316,1.9220720529556274
1.0518577098846436,0.8950001001358032,2.079241991043091
1.0273569822311401,0.9700000286102295,1.3574820756912231
1.0289931297302246,0.9500000476837158,1.35561203956604
1.044680118560791,0.9300000667572021,1.9564120769500732
1.0328505039215088,0.9600000381469727,1.2606220245361328
1.0422419309616089,0.9300000667572021,1.6505120992660522
1.0338635444641113,0.9450000524520874,1.5110019445419312
1.05850088596344,0.9000000953674316,2.019512176513672
1.0403639078140259,0.940000057220459,1.4293819665908813
1.0475234985351562,0.9250000715255737,1.645132064819336
1.0480785369873047,0.9150000810623169,1.727992057800293
1.0545893907546997,0.8900001049041748,2.037872076034546
1.042262077331543,0.9350000619888306,1.6330621242523193
1.0384842157363892,0.9500000476837158,1.2370120286941528
1.0445400476455688,0.9300000667572021,2.403641939163208
1.024999976158142,0.9750000238418579,1.0852620601654053
1.0530081987380981,0.9000000357627869,2.6902520656585693
1.0353052616119385,0.9500000476837158,1.498621940612793
1.024999976158142,0.9700000286102295,1.0729620456695557
1.0389018058776855,0.940000057220459,1.6843419075012207
1.0308672189712524,0.9550000429153442,1.6905920505523682
1.0343523025512695,0.9600000381469727,1.1863418817520142
1.0304255485534668,0.940000057220459,1.6839420795440674
1.0297850370407104,0.9500000476837158,1.195111870765686
1.0285416841506958,0.9650000333786011,1.452131986618042
1.0303572416305542,0.9600000381469727,1.2660820484161377
1.033473253250122,0.940000057220459,2.014591932296753
1.0299253463745117,0.9650000333786011,1.250312089920044
1.0459271669387817,0.9450000524520874,1.1857919692993164
1.024999976158142,0.9750000238418579,1.0484919548034668
1.024999976158142,0.9750000238418579,1.133992075920105
1.0283234119415283,0.9650000333786011,1.1275620460510254
1.0662893056869507,0.9250000715255737,1.2815721035003662
1.0259449481964111,0.9700000286102295,1.058811902999878
1.0213335752487183,0.9700000286102295,1.530142068862915
1.0259449481964111,0.9700000286102295,1.170612096786499
1.0451825857162476,0.925000011920929,2.048882007598877
1.0199999809265137,0.9750000238418579,1.0605919361114502
1.0265971422195435,0.9700000286102295,1.169461965560913
1.027503252029419,0.9700000286102295,1.3229320049285889
1.024999976158142,0.9750000238418579,1.0353219509124756
1.0231903791427612,0.9650000333786011,1.2631020545959473
1.035779595375061,0.9500000476837158,1.2969119548797607
1.024999976158142,0.9750000238418579,1.1732720136642456
1.0308711528778076,0.9600000381469727,1.2856520414352417
1.0352073907852173,0.940000057220459,1.6576119661331177
1.0350937843322754,0.940000057220459,1.3463521003723145
1.0466551780700684,0.9100000858306885,1.7364720106124878
1.0360770225524902,0.9350000619888306,1.2749420404434204
1.0276111364364624,0.9650000333786011,1.1380720138549805
1.0341461896896362,0.9450000524520874,1.7800920009613037
1.045478105545044,0.9300000667572021,1.567682147026062
1.0393708944320679,0.940000057220459,1.449862003326416
1.024999976158142,0.9750000238418579,1.077672004699707
1.0331497192382812,0.9650000333786011,1.1485620737075806
1.024999976158142,0.9750000238418579,1.0473120212554932
1.0611729621887207,0.8800000548362732,2.350721836090088
1.024999976158142,0.9700000286102295,1.072801947593689
1.0347124338150024,0.940000057220459,1.1357319355010986
1.040307879447937,0.940000057220459,1.2211118936538696
1.0327354669570923,0.9500000476837158,1.1244319677352905
1.024999976158142,0.9750000238418579,1.0638319253921509
1.024999976158142,0.9650000333786011,1.0555620193481445
1.0445857048034668,0.9100000858306885,2.9501421451568604
1.0199999809265137,0.9750000238418579,1.0518521070480347
1.024999976158142,0.9750000238418579,1.0528719425201416
1.06155526638031,0.8900001049041748,2.4745419025421143
1.0457453727722168,0.9500000476837158,1.2163619995117188
1.0457453727722168,0.9500000476837158,1.2163619995117188
1.0496593713760376,0.9150000810623169,1.5084720849990845
1.0379188060760498,0.9450000524520874,1.1664320230484009
1.032111406326294,0.9600000381469727,1.157202124595642
1.0322378873825073,0.9550000429153442,1.204092025756836
1.0402907133102417,0.9200000762939453,1.7204418182373047
1.035779595375061,0.9550000429153442,1.2980519533157349
1.024999976158142,0.9750000238418579,1.058082103729248
1.0410164594650269,0.940000057220459,1.5487619638442993
1.0259761810302734,0.9700000286102295,1.187991976737976
1.040380597114563,0.9350000619888306,1.6945619583129883
1.0371346473693848,0.9450000524520874,1.1764919757843018
1.0477309226989746,0.9250000715255737,1.4026119709014893
1.0292742252349854,0.9600000381469727,1.3455820083618164
1.024999976158142,0.9750000238418579,1.2324020862579346
1.03654146194458,0.9450000524520874,2.207642078399658
1.0329607725143433,0.940000057220459,1.3679518699645996
1.021995186805725,0.9700000286102295,1.533742070198059
1.0487982034683228,0.9150000810623169,2.753052234649658
1.0415090322494507,0.9100000858306885,2.292181968688965
1.0337425470352173,0.940000057220459,1.3260719776153564
1.033190369606018,0.9450000524520874,1.1169219017028809
1.039945125579834,0.9450000524520874,1.458482027053833
1.0575200319290161,0.9000000357627869,2.0449018478393555
1.0357890129089355,0.9450000524520874,1.76199209690094
1.024999976158142,0.9750000238418579,1.059182047843933
1.0271004438400269,0.9650000333786011,1.0912120342254639
1.0305936336517334,0.9600000381469727,1.1266920566558838
1.0399999618530273,0.9550000429153442,1.2998219728469849
1.0303773880004883,0.9500000476837158,1.5221920013427734
1.0344167947769165,0.940000057220459,1.2727220058441162
1.0425077676773071,0.9350000619888306,1.3766320943832397
1.024999976158142,0.9750000238418579,1.1925621032714844
1.0292675495147705,0.9650000333786011,1.3445119857788086
1.024999976158142,0.9750000238418579,1.1342419385910034
1.0264906883239746,0.9700000286102295,1.1594219207763672
1.024999976158142,0.9750000238418579,1.0502119064331055
1.0355453491210938,0.9600000381469727,1.2452419996261597
1.0508899688720703,0.9250000715255737,1.5689719915390015
1.031614899635315,0.9600000381469727,1.0669820308685303
1.024999976158142,0.9750000238418579,1.0329219102859497
1.0263456106185913,0.9700000286102295,1.2860519886016846
1.0362708568572998,0.940000057220459,1.365332007408142
1.024999976158142,0.9750000238418579,1.1438120603561401
1.0336616039276123,0.9450000524520874,1.48117196559906
1.0308042764663696,0.9600000381469727,1.2460819482803345
1.024999976158142,0.9750000238418579,1.0576119422912598
1.0562916994094849,0.9250000715255737,1.31318199634552
1.024999976158142,0.9750000238418579,1.0673620700836182
1.0279276371002197,0.9650000333786011,1.123721957206726
1.0417793989181519,0.9500000476837158,1.198362112045288
1.026532769203186,0.9600000381469727,1.1205819845199585
1.024999976158142,0.9750000238418579,1.2431719303131104
1.038623571395874,0.9450000524520874,1.3448220491409302
1.0268912315368652,0.9650000333786011,1.0871119499206543
1.024999976158142,0.9700000286102295,1.0735419988632202
1.0292856693267822,0.9500000476837158,1.1424920558929443
1.0400443077087402,0.9500000476837158,1.3368021249771118
1.0543594360351562,0.9100000858306885,1.8893119096755981
1.024999976158142,0.9750000238418579,1.0375118255615234
1.0325160026550293,0.9500000476837158,1.4487121105194092
1.0369278192520142,0.9550000429153442,1.4232618808746338
1.027692198753357,0.9450000524520874,1.23307204246521
1.032006025314331,0.9500000476837158,1.499932050704956
1.0374363660812378,0.9450000524520874,1.3727819919586182
1.0463573932647705,0.9200000166893005,1.9484519958496094
1.0363255739212036,0.940000057220459,2.041301965713501
1.0446418523788452,0.925000011920929,2.3817620277404785
1.033466100692749,0.9450000524520874,1.1123319864273071
1.0341784954071045,0.9600000381469727,1.041551947593689
1.0426803827285767,0.9350000619888306,1.9628119468688965
1.0386009216308594,0.9500000476837158,1.3040720224380493
1.027500033378601,0.9650000333786011,1.0648819208145142
1.027267336845398,0.9600000381469727,1.30783212184906
1.024999976158142,0.9750000238418579,1.0612220764160156
1.024999976158142,0.9750000238418579,1.0680519342422485
1.0314439535140991,0.9650000333786011,1.126971960067749
1.0345611572265625,0.9500000476837158,1.2872520685195923
1.0272786617279053,0.9700000286102295,1.1175920963287354
1.0307151079177856,0.9650000333786011,1.1996021270751953
1.0291413068771362,0.9600000381469727,1.3060318231582642
1.0399744510650635,0.940000057220459,1.6620920896530151
1.0493344068527222,0.9250000715255737,1.6305619478225708
1.0339314937591553,0.9500000476837158,1.375241994857788
1.024999976158142,0.9750000238418579,1.0689818859100342
1.045114278793335,0.9350000619888306,1.231361985206604
1.0262563228607178,0.9700000286102295,1.1119420528411865
1.0392284393310547,0.9450000524520874,1.184122085571289
1.0456550121307373,0.9450000524520874,1.1857919692993164
1.024999976158142,0.9750000238418579,1.0909620523452759
1.042976975440979,0.9450000524520874,1.140462040901184
1.041731357574463,0.940000057220459,1.2865921258926392
1.0378081798553467,0.940000057220459,1.6049320697784424
1.0291508436203003,0.9550000429153442,1.212022066116333
1.0380712747573853,0.9550000429153442,1.2264620065689087
1.027589201927185,0.9650000333786011,1.1182019710540771
1.0275756120681763,0.9600000381469727,1.089621901512146
1.024999976158142,0.9700000286102295,1.165362000465393
1.024999976158142,0.9700000286102295,1.046381950378418
1.0261764526367188,0.9650000333786011,1.131392002105713
1.037011742591858,0.940000057220459,1.3820021152496338
1.0285354852676392,0.9700000286102295,1.067121982574463
1.0437268018722534,0.9500000476837158,1.1615419387817383
1.0392073392868042,0.9350000619888306,1.5941720008850098
1.0309314727783203,0.9600000381469727,1.2199621200561523
1.02984619140625,0.9650000333786011,1.2005419731140137
1.0357139110565186,0.9500000476837158,1.337251901626587
1.024999976158142,0.9750000238418579,1.0924218893051147
1.0353773832321167,0.9550000429153442,1.4006019830703735
1.0269542932510376,0.9700000286102295,1.1179519891738892
1.024999976158142,0.9750000238418579,1.1139719486236572
1.0416895151138306,0.9450000524520874,1.1755919456481934
1.0395256280899048,0.9500000476837158,1.1018519401550293
1.024999976158142,0.9750000238418579,1.0285320281982422
1.0345256328582764,0.9500000476837158,1.1018519401550293
1.0381382703781128,0.940000057220459,1.291182041168213
1.0363130569458008,0.940000057220459,1.7899119853973389
1.024999976158142,0.9750000238418579,1.1126419305801392
1.0269666910171509,0.9650000333786011,1.309541940689087
1.0440423488616943,0.940000057220459,1.3928719758987427
1.030871033668518,0.9650000333786011,1.0312621593475342
1.0271437168121338,0.9700000286102295,1.0310120582580566
1.0273569822311401,0.9650000333786011,1.1634619235992432
1.024999976158142,0.9750000238418579,1.0709019899368286
1.024999976158142,0.9750000238418579,1.1632920503616333
1.024999976158142,0.9750000238418579,1.0558420419692993
1.024999976158142,0.9750000238418579,1.0368419885635376
1.0484440326690674,0.9350000619888306,1.2668119668960571
1.024999976158142,0.9700000286102295,1.0399720668792725
1.0321513414382935,0.9550000429153442,1.318302035331726
1.0309200286865234,0.9550000429153442,1.1023520231246948
