1.099000096321106,0.9910001158714294,3.0000052452087402
1.1920000314712524,0.9910001158714294,2.9999923706054688
2.065999984741211,0.9769999980926514,2.9999914169311523
1.2549998760223389,0.9930000901222229,3.0000016689300537
1.222999930381775,0.9920001029968262,2.999995470046997
1.2020000219345093,0.9900000095367432,3.0000054836273193
1.149999976158142,0.9900000691413879,3.0000016689300537
1.153999924659729,0.9920000433921814,3.0000057220458984
1.2429999113082886,0.9900000095367432,3.0000059604644775
1.2730000019073486,0.9860000610351562,3.0000033378601074
1.1149998903274536,0.9879999756813049,3.0000059604644775
1.2670000791549683,0.9900001287460327,3.0000009536743164
1.465999960899353,0.9900001287460327,3.000002861022949
1.3079999685287476,0.984000027179718,3.0000064373016357
1.3930000066757202,0.984000027179718,2.9999969005584717
5.452000141143799,0.9340000152587891,3.000002384185791
1.3939999341964722,0.9910000562667847,3.000002384185791
1.0790001153945923,0.9940000772476196,3.0000064373016357
1.2769999504089355,0.9880000352859497,3.0000014305114746
1.059999942779541,0.9950000643730164,3.0000057220458984
1.0839999914169312,0.9950000643730164,3.0000054836273193
1.099000096321106,0.9950000643730164,3.0000057220458984
1.1600000858306885,0.9930000901222229,3.0000011920928955
1.2300001382827759,0.9950000643730164,2.999997138977051
1.0839998722076416,0.9940000772476196,3.0000052452087402
2.8540003299713135,0.9679999351501465,3.0000030994415283
1.2300000190734863,0.987000048160553,3.000002145767212
1.2419999837875366,0.987000048160553,3.0000011920928955
1.3230000734329224,0.9910000562667847,2.9999964237213135
1.4700000286102295,0.9839999675750732,3.0000014305114746
1.0820000171661377,0.9930000901222229,3.0000052452087402
1.540000081062317,0.9900000691413879,2.9999983310699463
1.5210000276565552,0.9850000739097595,2.9999969005584717
3.2209999561309814,0.9649999737739563,2.9999940395355225
1.656999945640564,0.9859999418258667,2.999990940093994
1.9690001010894775,0.9809999465942383,3.0
2.67900013923645,0.9709999561309814,2.9999985694885254
1.1990001201629639,0.9900001287460327,3.0000054836273193
1.2410000562667847,0.9900001287460327,3.0000011920928955
2.2090001106262207,0.965999960899353,2.9999990463256836
2.1540000438690186,0.9729999303817749,2.9999914169311523
1.2109999656677246,0.9890000224113464,3.0000011920928955
2.364000082015991,0.9760000109672546,2.999995470046997
1.2190001010894775,0.9900000095367432,3.0000011920928955
1.2379999160766602,0.9890000820159912,2.9999969005584717
4.595999717712402,0.9420000314712524,3.0000011920928955
1.190999984741211,0.9900001287460327,3.0000057220458984
1.1890000104904175,0.9930000901222229,3.0000059604644775
1.2419999837875366,0.9920001029968262,2.999988079071045
1.3480000495910645,0.9829999804496765,2.9999966621398926
1.096000075340271,0.9950000643730164,3.0000059604644775
1.064000129699707,0.9930000305175781,3.0000059604644775
2.0260000228881836,0.968999981880188,3.0000030994415283
1.2310000658035278,0.9869999885559082,3.0000057220458984
1.3329999446868896,0.9860000610351562,2.9999969005584717
1.3560000658035278,0.987000048160553,3.0000040531158447
1.2079999446868896,0.9920000433921814,3.000005006790161
1.0889999866485596,0.9940000772476196,3.0000059604644775
1.3230000734329224,0.9880000352859497,3.000004291534424
1.028999924659729,0.9950000643730164,3.000004768371582
1.318000078201294,0.9850000143051147,3.0000011920928955
1.7369999885559082,0.9850000143051147,2.9999969005584717
1.3310000896453857,0.987000048160553,2.999997138977051
1.2609999179840088,0.9930000901222229,3.0000040531158447
1.3199999332427979,0.9839999675750732,3.0000057220458984
1.1969999074935913,0.9940000772476196,2.9999969005584717
1.1640000343322754,0.9940000772476196,3.0000011920928955
1.9249999523162842,0.9850000143051147,2.9999969005584717
1.3530000448226929,0.9900000095367432,3.0000016689300537
1.086999773979187,0.9950000643730164,3.0000064373016357
1.0529999732971191,0.9950000643730164,3.0000052452087402
1.1949999332427979,0.9950000643730164,2.999990701675415
1.2350000143051147,0.9869999885559082,3.0000059604644775
1.2510000467300415,0.9860000610351562,3.0000011920928955
1.1909998655319214,0.9930000305175781,3.000002861022949
1.2380000352859497,0.9930000901222229,2.999988079071045
1.7379999160766602,0.984000027179718,2.9999988079071045
1.1389999389648438,0.9880000352859497,2.9999969005584717
1.0870000123977661,0.9940000772476196,2.9999966621398926
1.2840001583099365,0.9930000305175781,2.9999992847442627
1.3370001316070557,0.9900001287460327,2.999997138977051
1.1640000343322754,0.9950000643730164,3.0000052452087402
1.1380000114440918,0.9930000901222229,3.0000057220458984
1.2070000171661377,0.9950000643730164,2.999992847442627
1.319000005722046,0.9839999675750732,3.0000011920928955
2.0920002460479736,0.9750000238418579,2.999987840652466
1.0980000495910645,0.9950000643730164,3.0000059604644775
1.3469998836517334,0.9900000095367432,3.0000011920928955
1.1910001039505005,0.9950000643730164,3.0000038146972656
1.1019998788833618,0.9950000643730164,3.0000059604644775
1.277999997138977,0.9910000562667847,3.000004291534424
1.1429998874664307,0.9920000433921814,3.0000064373016357
1.096000075340271,0.9950000643730164,3.0000061988830566
1.0319998264312744,0.9950000643730164,3.0000052452087402
1.3009999990463257,0.9900000691413879,2.999997138977051
1.2280000448226929,0.9910001158714294,2.999992847442627
1.1109999418258667,0.9950000643730164,3.0000052452087402
1.152999997138977,0.9920000433921814,3.0000061988830566
1.225000023841858,0.9880000352859497,3.0000061988830566
1.0529999732971191,0.9950000643730164,3.0000057220458984
1.2230000495910645,0.9839999675750732,3.0000057220458984
1.218000054359436,0.9869999885559082,3.0000057220458984
1.3570001125335693,0.9829999208450317,2.9999969005584717
1.6009999513626099,0.9779999852180481,2.9999923706054688
1.1449998617172241,0.9900001287460327,3.0000054836273193
1.4989999532699585,0.9799999594688416,2.999992847442627
4.0980000495910645,0.9740000367164612,2.9999966621398926
1.8390001058578491,0.9750000238418579,3.000001907348633
1.1380000114440918,0.9910001158714294,3.0000054836273193
1.3949999809265137,0.9890000224113464,2.999999761581421
1.28600013256073,0.9930000901222229,3.000001907348633
1.0700000524520874,0.9940000772476196,3.0000016689300537
1.2210001945495605,0.9900000095367432,3.0000014305114746
1.2969999313354492,0.9880000352859497,2.9999992847442627
1.1239999532699585,0.9920001029968262,3.0000059604644775
1.1610000133514404,0.9930000901222229,3.0000057220458984
1.2669999599456787,0.9890000820159912,3.0000040531158447
1.571000099182129,0.9839999079704285,2.999997615814209
1.601000189781189,0.9839999079704285,2.999997138977051
1.0940001010894775,0.9950000643730164,3.0000054836273193
1.3669999837875366,0.9900000691413879,3.0000040531158447
1.321000099182129,0.9840000867843628,2.999995708465576
1.4840000867843628,0.9810000658035278,2.999999761581421
1.1290000677108765,0.9920001029968262,3.000005006790161
1.9479999542236328,0.9709999561309814,2.9999921321868896
1.3819999694824219,0.9850000143051147,3.0000052452087402
1.3700001239776611,0.9940000772476196,2.999995231628418
2.305999994277954,0.9839999079704285,2.9999969005584717
2.296999931335449,0.981999933719635,2.999990940093994
1.1369999647140503,0.9950000643730164,2.9999969005584717
1.1579999923706055,0.9920001029968262,3.0000009536743164
1.5540001392364502,0.984000027179718,2.999997138977051
1.6700000762939453,0.9860000014305115,2.9999935626983643
2.579000234603882,0.9700000286102295,2.999988079071045
1.2610000371932983,0.9869999885559082,2.9999966621398926
1.194000005722046,0.987000048160553,3.0000057220458984
1.7100000381469727,0.9760000109672546,3.0000054836273193
1.2760000228881836,0.9910000562667847,2.999992609024048
1.3560000658035278,0.9829999804496765,3.0000014305114746
1.343999981880188,0.9849998950958252,3.0000014305114746
1.3589999675750732,0.9849998950958252,3.0000011920928955
1.193000078201294,0.9950000643730164,3.0000057220458984
1.3880001306533813,0.9900000095367432,3.0000009536743164
1.5070000886917114,0.9930000901222229,2.999995231628418
1.3860000371932983,0.9820000529289246,3.000002384185791
1.5160000324249268,0.9859999418258667,3.000004768371582
1.3260000944137573,0.987000048160553,3.0000059604644775
1.0870000123977661,0.9930000901222229,3.0000054836273193
1.591999888420105,0.9819999933242798,2.999995708465576
1.1419998407363892,0.9930000901222229,3.0000057220458984
1.2760000228881836,0.9900000691413879,3.0000040531158447
1.2940000295639038,0.9910001158714294,3.0000040531158447
1.1169999837875366,0.9950000643730164,3.0000052452087402
1.3260000944137573,0.9950000643730164,2.999988555908203
1.3469998836517334,0.987000048160553,3.0000061988830566
1.1430000066757202,0.9920000433921814,3.0000057220458984
1.1069999933242798,0.9930000901222229,3.0000059604644775
1.1349999904632568,0.9940000772476196,3.000005006790161
1.215000033378601,0.9860000014305115,3.0000011920928955
1.2130000591278076,0.9850000143051147,3.0000057220458984
1.38100004196167,0.981999933719635,3.0000016689300537
1.5410001277923584,0.9790000319480896,2.9999992847442627
1.272999882698059,0.9850000143051147,2.9999966621398926
1.1829999685287476,0.9880000948905945,2.999997138977051
1.1610000133514404,0.9880000352859497,3.0000054836273193
1.4630000591278076,0.9789999723434448,3.0000014305114746
1.5789999961853027,0.9809999465942383,3.00000262260437
1.3990001678466797,0.9799999594688416,3.0000009536743164
1.38100004196167,0.9900000691413879,2.999992609024048
1.4150002002716064,0.9829999804496765,2.999992609024048
1.101000189781189,0.9930000305175781,3.0000059604644775
1.0760000944137573,0.9950000643730164,3.0000057220458984
1.1449999809265137,0.9940000772476196,2.999997615814209
1.1740000247955322,0.9930000901222229,3.0000059604644775
1.1460001468658447,0.9920001029968262,3.0000061988830566
1.412000060081482,0.9819999933242798,2.999999761581421
1.2760000228881836,0.9890000224113464,3.000004291534424
1.2259999513626099,0.9829999804496765,3.0000059604644775
1.3330000638961792,0.9799999594688416,3.0000016689300537
1.0920000076293945,0.9950000643730164,3.0000061988830566
1.443000078201294,0.9900000691413879,2.999998092651367
1.068000078201294,0.9950000643730164,3.0000057220458984
1.0700000524520874,0.9920001029968262,3.0000054836273193
1.1480000019073486,0.9890000224113464,3.0000009536743164
1.2089999914169312,0.9880000352859497,3.000000476837158
1.777999997138977,0.9829999804496765,3.000002861022949
1.0820001363754272,0.9909999966621399,3.0000052452087402
1.1589999198913574,0.9920001029968262,3.0000057220458984
1.2080000638961792,0.9860000014305115,3.0000059604644775
1.4900000095367432,0.9830000400543213,3.0000054836273193
1.2289999723434448,0.9930000305175781,3.0000009536743164
1.971000075340271,0.9749999642372131,3.0000040531158447
1.1280001401901245,0.9930000901222229,3.0000057220458984
1.6369999647140503,0.9790000319480896,2.999988079071045
1.1500000953674316,0.9940000772476196,3.0000014305114746
1.1339999437332153,0.9950000643730164,2.9999969005584717
1.6439999341964722,0.9779999256134033,3.000002384185791
1.124000072479248,0.9920001029968262,3.0000054836273193
1.5520000457763672,0.9859999418258667,3.0000038146972656
1.6859999895095825,0.9849998950958252,3.000004529953003
1.8280000686645508,0.9859999418258667,3.000000238418579
1.2190001010894775,0.984000027179718,3.0000061988830566
1.4890000820159912,0.9799999594688416,3.0000040531158447
1.4219999313354492,0.9769999980926514,3.0000052452087402
1.093000054359436,0.9910000562667847,3.0000059604644775
1.2760000228881836,0.9940000772476196,2.999987840652466
1.1760001182556152,0.9920000433921814,3.0000059604644775
1.059999942779541,0.9940000772476196,3.000005006790161
1.0699999332427979,0.9950000643730164,3.0000059604644775
2.9220001697540283,0.972000002861023,2.999995470046997
2.3980002403259277,0.9849998950958252,2.9999992847442627
1.1100000143051147,0.9930000901222229,2.9999966621398926
1.308000087738037,0.9839999675750732,3.0000054836273193
1.1050000190734863,0.9900001287460327,3.0000057220458984
1.1719999313354492,0.9910000562667847,3.0000057220458984
1.4959999322891235,0.9709999561309814,3.0000057220458984
1.1340000629425049,0.9910000562667847,3.0000057220458984
1.3310000896453857,0.9910000562667847,2.999992847442627
1.3339998722076416,0.9829999804496765,2.999987840652466
1.3730000257492065,0.9930000901222229,2.9999964237213135
1.1970001459121704,0.9900000691413879,3.0000057220458984
1.2030000686645508,0.9920000433921814,3.0000014305114746
1.1120001077651978,0.9910001158714294,3.0000057220458984
1.3980000019073486,0.9869999885559082,2.9999966621398926
1.4439998865127563,0.9799999594688416,2.9999923706054688
1.1820001602172852,0.9890000224113464,3.0000052452087402
1.1790000200271606,0.9870001077651978,3.0000061988830566
1.1510000228881836,0.9930000901222229,3.0000059604644775
1.1370000839233398,0.9900000095367432,3.0000054836273193
1.2570000886917114,0.9860000014305115,3.0000016689300537
1.1800001859664917,0.9900000691413879,2.9999966621398926
1.1010000705718994,0.9950000643730164,3.0000054836273193
1.2300000190734863,0.9860000610351562,3.0000057220458984
1.2739999294281006,0.9859999418258667,3.0000057220458984
1.5809999704360962,0.9879999756813049,2.999997138977051
1.3289998769760132,0.9880000352859497,2.9999985694885254
2.2260000705718994,0.9819999933242798,2.99999737739563
1.0989999771118164,0.9930000901222229,3.0000052452087402
1.1050000190734863,0.9890000820159912,3.0000061988830566
1.1990000009536743,0.9839999079704285,3.0000014305114746
1.468999981880188,0.9869999885559082,3.000002861022949
1.437999963760376,0.9910001158714294,2.9999988079071045
1.3379998207092285,0.9920001029968262,2.9999938011169434
1.0870000123977661,0.9920001029968262,3.0000054836273193
1.0750000476837158,0.9930000305175781,3.0000057220458984
1.0499999523162842,0.9940000772476196,3.000005006790161
1.1560001373291016,0.9860000014305115,3.000005006790161
1.4600000381469727,0.9800000190734863,3.0000011920928955
1.090999960899353,0.9880000352859497,3.000004768371582
1.190000057220459,0.9890000224113464,3.0000064373016357
1.0920000076293945,0.9909999966621399,3.0000052452087402
1.1150001287460327,0.9910000562667847,3.0000061988830566
1.4790000915527344,0.9739999771118164,3.0000009536743164
1.1050000190734863,0.9920001029968262,3.0000059604644775
1.28000009059906,0.9860000014305115,2.9999969005584717
1.342000126838684,0.9880000948905945,2.999997138977051
1.3639999628067017,0.9850000739097595,2.9999959468841553
1.2060000896453857,0.9900001287460327,2.999997138977051
1.1710000038146973,0.9839999675750732,3.0000052452087402
1.1059999465942383,0.9940000772476196,3.0000016689300537
1.1390000581741333,0.9870001077651978,3.000005006790161
1.1069998741149902,0.9910000562667847,3.0000059604644775
1.2339999675750732,0.9950000643730164,2.9999990463256836
1.4970000982284546,0.9860000014305115,2.9999990463256836
1.378000020980835,0.9840000867843628,2.999998092651367
1.2280000448226929,0.9910001158714294,2.999992609024048
1.093999981880188,0.9940000772476196,3.0000059604644775
1.1050001382827759,0.9930000901222229,3.0000057220458984
1.1130000352859497,0.9950000643730164,2.9999988079071045
1.283000111579895,0.9880000352859497,3.0000038146972656
1.2960001230239868,0.9920000433921814,3.0
1.4220000505447388,0.9810000061988831,3.0000014305114746
1.1729999780654907,0.9900000095367432,3.0000061988830566
1.9739999771118164,0.968999981880188,2.999999761581421
1.1260000467300415,0.9920000433921814,3.0000057220458984
1.0420000553131104,0.9950000643730164,3.0000059604644775
1.1320000886917114,0.9940000772476196,3.0000059604644775
1.1449999809265137,0.9930000305175781,3.0000057220458984
1.3909999132156372,0.9829999804496765,3.000002145767212
2.240999937057495,0.9679999947547913,2.999995708465576
1.3650000095367432,0.9930000901222229,3.0000040531158447
1.180999994277954,0.9930000901222229,3.0000038146972656
1.1820000410079956,0.9920001029968262,3.0000059604644775
1.593999981880188,0.9789999723434448,2.9999940395355225
1.3650000095367432,0.9869999885559082,3.000004291534424
1.1159999370574951,0.9950000643730164,3.0000016689300537
1.1039998531341553,0.9950000643730164,3.0000059604644775
1.6150000095367432,0.9739999771118164,3.000005006790161
1.188999891281128,0.9909999966621399,3.0000054836273193
1.274999976158142,0.9900000691413879,3.0000011920928955
1.2599999904632568,0.9860000014305115,3.0000064373016357
1.4840000867843628,0.984000027179718,2.999999523162842
1.3910000324249268,0.9800000786781311,2.999997138977051
1.5590001344680786,0.9759999513626099,3.0000059604644775
1.0820000171661377,0.9940000772476196,3.0000052452087402
1.1950000524520874,0.9890000224113464,3.0000011920928955
1.0780000686645508,0.9910001158714294,3.0000052452087402
1.1269999742507935,0.9930000901222229,2.99999737739563
1.4219999313354492,0.9869999289512634,2.9999945163726807
2.0220000743865967,0.966999888420105,2.9999964237213135
1.6470000743865967,0.9799999594688416,2.999999523162842
1.3700001239776611,0.9789999723434448,2.9999969005584717
1.2950000762939453,0.9940000772476196,3.0
1.2109999656677246,0.9900000691413879,3.0000054836273193
1.2430000305175781,0.9860000610351562,2.99999737739563
1.178999900817871,0.9920001029968262,3.0000007152557373
1.24399995803833,0.9859999418258667,3.0000057220458984
1.280999779701233,0.9890000224113464,2.999995708465576
1.3859999179840088,0.9800000190734863,3.000002861022949
1.3370000123977661,0.9880000352859497,3.0000054836273193
1.350000023841858,0.9850000143051147,2.999992847442627
1.412000060081482,0.9829999208450317,2.9999966621398926
1.5560001134872437,0.9780000448226929,3.0000035762786865
1.255000114440918,0.9869999885559082,2.999992609024048
1.2949999570846558,0.9900000095367432,3.0000011920928955
1.4500000476837158,0.9860000014305115,2.9999940395355225
1.0510001182556152,0.9950000643730164,3.0000057220458984
1.372999906539917,0.9799999594688416,2.999992609024048
1.1540000438690186,0.9900000691413879,3.0000059604644775
1.1009999513626099,0.9940000772476196,3.000001907348633
1.4110000133514404,0.9880000352859497,2.9999969005584717
1.255000114440918,0.9910000562667847,2.999988079071045
1.1139999628067017,0.9920001029968262,3.0000054836273193
1.2669999599456787,0.9880000352859497,3.0000054836273193
1.125,0.9900000691413879,3.0000007152557373
1.1399999856948853,0.9930000901222229,3.0000061988830566
1.1710001230239868,0.9920001029968262,3.0000057220458984
1.2350001335144043,0.9880000352859497,3.0000052452087402
1.1280001401901245,0.9930000901222229,3.0000052452087402
1.4169999361038208,0.9890000820159912,3.0000014305114746
1.0720001459121704,0.9950000643730164,3.0000011920928955
1.0959999561309814,0.9950000643730164,3.0000059604644775
1.1410001516342163,0.9930000901222229,3.0000057220458984
1.2949999570846558,0.9849998950958252,3.0000057220458984
1.0850000381469727,0.9940000772476196,3.0000059604644775
1.2410000562667847,0.9940000772476196,2.999987840652466
1.1810001134872437,0.9940000772476196,3.0000011920928955
1.225000023841858,0.9850000143051147,3.0000057220458984
1.059999942779541,0.9950000643730164,3.0000054836273193
1.1100000143051147,0.9940000772476196,2.9999992847442627
1.1280001401901245,0.9940000772476196,2.9999969005584717
1.0779999494552612,0.9950000643730164,3.0000061988830566
1.0689998865127563,0.9930000305175781,3.000004529953003
1.5529999732971191,0.9900000691413879,2.999999761581421
1.3500001430511475,0.9950000643730164,2.9999966621398926
1.1089999675750732,0.9920000433921814,3.0000054836273193
1.1629999876022339,0.9880000352859497,3.0000064373016357
1.337999939918518,0.9880000352859497,2.999999761581421
1.6579999923706055,0.9820000529289246,2.999998092651367
1.278999924659729,0.9869999885559082,3.000001907348633
1.1260000467300415,0.9930000901222229,3.0000057220458984
1.3640000820159912,0.9890000224113464,2.9999935626983643
1.3559999465942383,0.9860000014305115,3.0000054836273193
1.350000023841858,0.9880000352859497,3.0000040531158447
1.0699999332427979,0.9950000643730164,3.0000057220458984
1.100000023841858,0.9930000901222229,2.99999737739563
1.0509998798370361,0.9950000643730164,3.0000052452087402
1.3939999341964722,0.9759999513626099,2.999992609024048
1.068000078201294,0.9940000772476196,3.0000057220458984
1.121999979019165,0.9880000352859497,3.000005006790161
1.0880000591278076,0.9880000352859497,3.000005006790161
1.0929999351501465,0.9900000095367432,3.0000059604644775
1.1140000820159912,0.9950000643730164,3.0000011920928955
1.1330000162124634,0.9930000305175781,2.999997138977051
1.8829998970031738,0.9820000529289246,2.999992609024048
1.062000036239624,0.9950000643730164,3.0000061988830566
1.059000015258789,0.9950000643730164,3.0000057220458984
2.125,0.9780000448226929,2.9999940395355225
1.3860000371932983,0.9900001287460327,2.999999523162842
1.3820000886917114,0.9900001287460327,2.999999761581421
1.277000069618225,0.9830000400543213,3.0000059604644775
1.1150000095367432,0.9890000820159912,3.0000054836273193
1.0649999380111694,0.9920001029968262,3.0000054836273193
1.1480000019073486,0.9910000562667847,3.0000014305114746
1.2850000858306885,0.9839999675750732,3.0000059604644775
1.3330000638961792,0.9910001158714294,2.9999990463256836
1.0550000667572021,0.9950000643730164,3.000005006790161
1.2319999933242798,0.9880000352859497,2.9999966621398926
1.091999888420105,0.9940000772476196,3.000002145767212
1.570000171661377,0.9869999885559082,3.00000262260437
1.128999948501587,0.9890000224113464,3.0000054836273193
1.2269999980926514,0.9850000143051147,3.0000014305114746
1.0789999961853027,0.9920001029968262,3.000004768371582
1.152999997138977,0.9950000643730164,2.999997138977051
1.340999960899353,0.9890000224113464,2.9999938011169434
1.1510000228881836,0.9880000352859497,3.0000009536743164
1.08899986743927,0.9940000772476196,3.0000054836273193
1.975000023841858,0.9829999804496765,3.000002384185791
1.462999939918518,0.9819999933242798,3.0000052452087402
1.3090001344680786,0.9880000352859497,2.9999923706054688
1.154000163078308,0.9890000224113464,3.0000059604644775
1.1380000114440918,0.9890000224113464,3.0000059604644775
1.2950000762939453,0.9799999594688416,3.000001907348633
1.1890000104904175,0.9890000224113464,3.0000016689300537
1.0720000267028809,0.9950000643730164,3.0000064373016357
1.0679999589920044,0.9930000901222229,3.0000052452087402
1.1100000143051147,0.9920001029968262,3.0000059604644775
1.1800000667572021,0.9910001158714294,2.999997138977051
1.1799999475479126,0.9900000691413879,2.999992847442627
1.2030000686645508,0.9880000948905945,2.999997138977051
1.1160000562667847,0.9869999289512634,3.0000054836273193
1.2690000534057617,0.9950000643730164,2.999998092651367
1.1179999113082886,0.9930000305175781,3.0000052452087402
1.1230000257492065,0.9950000643730164,3.0000057220458984
1.1050000190734863,0.9940000772476196,2.9999966621398926
1.034000039100647,0.9950000643730164,3.000004768371582
1.1279999017715454,0.9920001029968262,3.000005006790161
1.1480001211166382,0.98499995470047,3.0000057220458984
1.0880000591278076,0.9920001029968262,3.0000014305114746
1.0379998683929443,0.9950000643730164,3.000005006790161
1.1230000257492065,0.9940000772476196,3.0000057220458984
1.1979999542236328,0.9879999756813049,3.0000052452087402
1.1450001001358032,0.9950000643730164,2.9999969005584717
1.1440001726150513,0.9890000224113464,3.0000052452087402
1.1510000228881836,0.9920001029968262,2.999997138977051
1.0770001411437988,0.9950000643730164,3.0000054836273193
1.3359999656677246,0.9849998950958252,2.9999964237213135
1.087999939918518,0.9950000643730164,3.0000057220458984
1.059999942779541,0.9930000901222229,3.0000054836273193
1.1939998865127563,0.9900001287460327,3.0000054836273193
1.1399999856948853,0.9920000433921814,3.0000054836273193
1.2039999961853027,0.9950000643730164,2.999998092651367
1.1239999532699585,0.9890000820159912,2.999997138977051
1.1540000438690186,0.9930000901222229,2.999995470046997
1.0570000410079956,0.9940000772476196,3.0000057220458984
1.1239999532699585,0.9900000691413879,3.0000057220458984
1.1939998865127563,0.9900001287460327,3.0000016689300537
1.4060001373291016,0.9819999933242798,2.999997854232788
1.0579999685287476,0.9950000643730164,3.0000052452087402
1.185999870300293,0.9900000095367432,2.999995231628418
1.1970000267028809,0.9910001158714294,3.0000009536743164
1.1659998893737793,0.9890000224113464,3.0000054836273193
1.2269999980926514,0.9900000691413879,2.99999737739563
1.13100004196167,0.9890000820159912,2.999997138977051
1.2769999504089355,0.9840000867843628,2.9999966621398926
1.3359999656677246,0.9880000352859497,2.9999983310699463
1.1749999523162842,0.9850000739097595,3.0000052452087402
1.1139999628067017,0.9890000224113464,3.0000052452087402
1.090999960899353,0.9920001029968262,3.0000061988830566
1.1869999170303345,0.9869999885559082,3.000005006790161
1.218999981880188,0.9900000691413879,3.0000057220458984
1.0890001058578491,0.9930000901222229,3.0000061988830566
1.1419999599456787,0.9920000433921814,2.9999964237213135
1.1269999742507935,0.9950000643730164,3.0000057220458984
1.1089999675750732,0.9950000643730164,3.0000014305114746
1.0860000848770142,0.9930000901222229,3.0000054836273193
1.093000054359436,0.9900000691413879,3.0000057220458984
1.0509999990463257,0.9940000772476196,3.000004768371582
1.1190000772476196,0.9930000901222229,2.999997138977051
1.1069999933242798,0.9920001029968262,3.0000059604644775
1.2279999256134033,0.9879999756813049,2.999992609024048
1.2710000276565552,0.9850000739097595,2.9999990463256836
1.1150001287460327,0.9900000691413879,2.9999966621398926
1.055999994277954,0.9950000643730164,3.0000057220458984
1.1540000438690186,0.987000048160553,2.9999969005584717
1.1119999885559082,0.9940000772476196,3.0000057220458984
1.1640000343322754,0.9890000820159912,3.0000014305114746
1.3640000820159912,0.9890000820159912,3.000000476837158
1.0679999589920044,0.9950000643730164,3.000004768371582
1.0959999561309814,0.9889999628067017,3.000005006790161
1.1599998474121094,0.9880000352859497,3.0000057220458984
1.1610000133514404,0.9879999756813049,3.0000059604644775
1.1260000467300415,0.9910000562667847,3.0000054836273193
1.0850000381469727,0.9910001158714294,3.0000054836273193
1.0839998722076416,0.9930000901222229,3.0000059604644775
1.1119998693466187,0.9920000433921814,3.0000061988830566
1.1080000400543213,0.9940000772476196,3.0000014305114746
1.0579999685287476,0.9940000772476196,3.0000059604644775
1.0969998836517334,0.9930000901222229,3.000004768371582
1.2059999704360962,0.9880000352859497,3.0000059604644775
1.0489999055862427,0.9940000772476196,3.000005006790161
1.184000015258789,0.9900001287460327,2.9999969005584717
1.2020000219345093,0.987000048160553,3.0000009536743164
1.0859999656677246,0.9920000433921814,3.000004768371582
1.0769999027252197,0.9930000901222229,3.0000011920928955
1.1170001029968262,0.9900000691413879,3.0000057220458984
1.091999888420105,0.9950000643730164,2.999999523162842
1.1139999628067017,0.9910000562667847,3.0000057220458984
1.0839999914169312,0.9940000772476196,3.0000057220458984
1.0619999170303345,0.9950000643730164,3.0000054836273193
1.0759999752044678,0.9890000820159912,3.0000052452087402
1.1039999723434448,0.9900001287460327,3.0000052452087402
1.061000108718872,0.9950000643730164,3.0000054836273193
1.0809999704360962,0.9900001287460327,3.000004768371582
1.090000033378601,0.9880000352859497,3.0000052452087402
1.152999997138977,0.9880000352859497,3.000005006790161
1.065999984741211,0.9950000643730164,3.000005006790161
1.1409999132156372,0.9930000901222229,3.0000054836273193
1.1089999675750732,0.9880000352859497,3.0000057220458984
1.0700000524520874,0.9930000901222229,3.0000052452087402
1.0269999504089355,0.9940000772476196,3.0000052452087402
1.0920000076293945,0.9930000901222229,3.0000054836273193
1.061000108718872,0.9950000643730164,3.0000054836273193
1.209999918937683,0.9950000643730164,2.999997138977051
1.037000060081482,0.9950000643730164,3.0000057220458984
1.03600013256073,0.9950000643730164,3.000004768371582
1.1359999179840088,0.9869999885559082,3.0000059604644775
1.0570000410079956,0.9940000772476196,3.0000052452087402
1.0819998979568481,0.9910001158714294,3.000000238418579
1.0450000762939453,0.9909999966621399,3.000004529953003
