891
100
758
890
996
461
62
1021
579
129
909
712
820
943
632
970
459
695
942
196
888
1000
659
570
1054
595
228
69
1013
830
731
318
907
409
449
1072
968
313
789
593
713
240
1064
552
559
114
837
1075
89
985
620
290
953
813
405
728
1061
95
941
646
193
604
764
386
270
199
683
473
211
797
234
509
698
528
112
291
182
471
126
200
208
94
587
504
562
493
911
745
689
325
220
154
699
868
481
72
61
490
241
134
348
937
1031
816
951
857
30
227
1069
525
439
224
887
680
86
5
965
125
904
324
840
339
294
323
675
855
834
255
1048
894
1041
29
577
790
391
231
501
75
351
162
842
715
729
175
440
420
269
404
619
637
755
58
873
805
259
1045
472
105
85
633
992
979
466
517
735
122
468
272
71
10
555
519
957
257
1033
93
344
377
1037
78
660
345
226
980
938
303
263
975
496
710
422
994
334
924
502
669
879
397
987
600
168
145
981
934
15
916
875
47
426
608
1055
233
1036
90
1002
337
456
138
736
98
824
28
863
976
465
928
765
871
119
647
307
513
163
506
400
812
649
354
638
725
458
770
589
219
1047
225
262
349
21
218
158
338
581
998
118
754
522
815
1056
1030
885
811
1014
470
487
432
954
395
180
431
130
382
243
836
905
545
266
124
366
486
1035
311
427
350
653
301
667
425
308
664
991
788
410
582
56
97
792
463
357
254
210
19
310
298
906
780
289
480
91
708
1043
235
336
49
448
157
869
36
248
84
484
203
230
