11
574
791
720
330
361
807
278
367
953
490
875
767
650
546
222
789
544
547
111
712
908
641
256
738
748
904
166
251
275
1064
906
1053
980
397
460
516
107
325
268
475
43
265
140
710
931
816
182
194
145
463
675
345
252
836
561
520
127
770
605
369
694
831
402
228
39
654
291
792
115
521
1041
56
802
940
899
868
684
171
77
461
136
994
572
606
374
284
95
797
1006
253
362
616
815
595
917
213
998
289
220
983
869
762
987
457
532
333
280
380
874
177
936
468
909
1062
900
678
878
247
326
829
823
249
158
814
298
913
954
72
179
290
324
872
36
167
962
642
1046
165
419
956
1040
83
429
97
293
798
806
403
716
110
471
623
92
454
1063
52
153
87
176
239
