1.0354737043380737,0.9550000429153442,1.1183719635009766
1.0354737043380737,0.9550000429153442,1.1211119890213013
1.0503356456756592,0.8849999904632568,3.2280619144439697
1.0320017337799072,0.9650000333786011,1.2625219821929932
1.0306593179702759,0.9600000381469727,1.5657920837402344
1.0361536741256714,0.9500000476837158,1.191222071647644
1.036550760269165,0.9500000476837158,1.1867719888687134
1.0303244590759277,0.9600000381469727,1.6210319995880127
1.0370763540267944,0.9500000476837158,1.221101999282837
1.0440491437911987,0.9300000667572021,1.4005720615386963
1.0463407039642334,0.940000057220459,1.1553720235824585
1.0416454076766968,0.9500000476837158,1.3406219482421875
1.0416454076766968,0.9500000476837158,1.3406219482421875
1.0499426126480103,0.9200000762939453,2.0318119525909424
1.0498825311660767,0.9200000762939453,2.2427220344543457
1.135815143585205,0.6800000071525574,4.2950921058654785
1.0310888290405273,0.9550000429153442,1.5993220806121826
1.0279462337493896,0.9700000286102295,1.102512001991272
1.034182071685791,0.940000057220459,1.5664520263671875
1.024999976158142,0.9750000238418579,1.0476019382476807
1.0199999809265137,0.9800000190734863,1.0595120191574097
1.024999976158142,0.9750000238418579,1.0984320640563965
1.0294445753097534,0.9650000333786011,1.177582025527954
1.024999976158142,0.9750000238418579,1.1522719860076904
1.0212531089782715,0.9750000238418579,1.2165420055389404
1.0529296398162842,0.8399999737739563,2.451331853866577
1.0468658208847046,0.9350000619888306,1.59866201877594
1.0418391227722168,0.940000057220459,1.6691920757293701
1.0298699140548706,0.9550000429153442,2.1189522743225098
1.0500842332839966,0.9200000762939453,1.780042052268982
1.0281412601470947,0.9650000333786011,1.1572519540786743
1.0357507467269897,0.9500000476837158,1.4332220554351807
1.0382522344589233,0.9350000619888306,2.02209210395813
1.0924880504608154,0.8300000429153442,3.0490121841430664
1.0444767475128174,0.9350000619888306,1.595952033996582
1.0536705255508423,0.9050000309944153,1.710292100906372
1.0703080892562866,0.8550000190734863,2.461371898651123
1.0468878746032715,0.9500000476837158,1.2359720468521118
1.0431379079818726,0.9550000429153442,1.2341620922088623
1.055762767791748,0.8400000333786011,2.793571710586548
1.0524048805236816,0.8650000095367432,2.6553921699523926
1.029028058052063,0.9500000476837158,1.5220019817352295
1.049024224281311,0.8850000500679016,3.6894819736480713
1.0340237617492676,0.9500000476837158,2.044232130050659
1.044095754623413,0.9450000524520874,1.184462070465088
1.122083067893982,0.7149999737739563,4.074422359466553
1.0419660806655884,0.9500000476837158,1.2247120141983032
1.0310440063476562,0.9650000333786011,1.074862003326416
1.0293667316436768,0.9600000381469727,1.237462043762207
1.043025255203247,0.9200000762939453,1.6980020999908447
1.024999976158142,0.9750000238418579,1.1311019659042358
1.0228098630905151,0.9700000286102295,1.2648121118545532
1.0660498142242432,0.8450000286102295,2.5147619247436523
1.0447278022766113,0.9350000619888306,1.832502007484436
1.0398011207580566,0.9350000619888306,1.874101996421814
1.0406200885772705,0.9350000619888306,1.4537420272827148
1.0292145013809204,0.9600000381469727,1.1447219848632812
1.0267120599746704,0.9700000286102295,1.1316620111465454
1.0396654605865479,0.940000057220459,1.573032021522522
1.024999976158142,0.9750000238418579,1.0298819541931152
1.0452111959457397,0.9250000715255737,1.889802098274231
1.048183798789978,0.9250000715255737,1.7894819974899292
1.0385798215866089,0.9500000476837158,1.2549118995666504
1.029881477355957,0.9650000333786011,1.2397019863128662
1.048519492149353,0.9250000715255737,1.874832034111023
1.0217326879501343,0.9750000238418579,1.1652820110321045
1.020825743675232,0.9750000238418579,1.1210620403289795
1.0413541793823242,0.9250000715255737,2.183471918106079
1.031982421875,0.9500000476837158,1.4664220809936523
1.0199999809265137,0.9800000190734863,1.0778919458389282
1.024999976158142,0.9750000238418579,1.0352919101715088
1.024999976158142,0.9750000238418579,1.1312321424484253
1.04342520236969,0.9350000619888306,1.2971519231796265
1.0427011251449585,0.940000057220459,1.7470520734786987
1.0279934406280518,0.9700000286102295,1.1229920387268066
1.0218950510025024,0.9700000286102295,1.2305619716644287
1.0377695560455322,0.9200000762939453,1.9117319583892822
1.0382784605026245,0.940000057220459,1.3498420715332031
1.0269733667373657,0.9700000286102295,1.1225019693374634
1.0288136005401611,0.9650000333786011,1.2178020477294922
1.0467793941497803,0.9500000476837158,1.1949520111083984
1.0199999809265137,0.9800000190734863,1.148331880569458
1.027871012687683,0.9650000333786011,1.2026920318603516
1.024999976158142,0.9750000238418579,1.2371619939804077
1.044482707977295,0.9200000762939453,2.013401985168457
1.0581976175308228,0.8750001192092896,2.5324623584747314
1.024999976158142,0.9750000238418579,1.1220519542694092
1.0385432243347168,0.9500000476837158,1.2447819709777832
1.024999976158142,0.9750000238418579,1.1427620649337769
1.024999976158142,0.9750000238418579,1.0626220703125
1.0388168096542358,0.9550000429153442,1.316472053527832
1.0274202823638916,0.9650000333786011,1.415761947631836
1.024999976158142,0.9750000238418579,1.082152009010315
1.024999976158142,0.9750000238418579,1.0420020818710327
1.0444068908691406,0.9500000476837158,1.3666720390319824
1.042387843132019,0.9550000429153442,1.2168619632720947
1.0199999809265137,0.9800000190734863,1.0655421018600464
1.0242583751678467,0.9650000333786011,1.2369019985198975
1.0407627820968628,0.9450000524520874,1.2724720239639282
1.024999976158142,0.9750000238418579,1.0450819730758667
1.0461922883987427,0.9200000762939453,1.2833820581436157
1.0441689491271973,0.9350000619888306,1.2666620016098022
1.052160382270813,0.9200000762939453,1.323421835899353
1.0513638257980347,0.9000000953674316,2.1828019618988037
1.0421414375305176,0.9500000476837158,1.1546419858932495
1.0428764820098877,0.9000000357627869,2.5991322994232178
1.0511589050292969,0.880000114440918,2.75923228263855
1.070572018623352,0.880000114440918,2.5403518676757812
1.0370903015136719,0.9550000429153442,1.257952094078064
1.0341455936431885,0.9500000476837158,1.8008320331573486
1.028110146522522,0.9650000333786011,1.229822039604187
1.0245226621627808,0.9750000238418579,1.0658819675445557
1.0316894054412842,0.9500000476837158,1.4004919528961182
1.0318113565444946,0.9500000476837158,1.2595319747924805
1.029350996017456,0.9600000381469727,1.1482419967651367
1.0289371013641357,0.9650000333786011,1.1656520366668701
1.0373625755310059,0.9450000524520874,1.47051203250885
1.0676276683807373,0.9250000715255737,1.3073220252990723
1.0648326873779297,0.9250000715255737,1.324381947517395
1.024999976158142,0.9750000238418579,1.0694719552993774
1.036699652671814,0.9500000476837158,1.6755019426345825
1.0380582809448242,0.9250000715255737,1.5787220001220703
1.052465796470642,0.9050000309944153,1.5566920042037964
1.0336283445358276,0.9600000381469727,1.2407019138336182
1.0732258558273315,0.8600000739097595,1.8668420314788818
1.0455282926559448,0.9250000715255737,1.6288119554519653
1.0258005857467651,0.9700000286102295,1.2448420524597168
1.0613099336624146,0.9200000762939453,2.4379019737243652
1.0644127130508423,0.9150000810623169,2.5187618732452393
1.024999976158142,0.9750000238418579,1.1263619661331177
1.0296498537063599,0.9600000381469727,1.1706620454788208
1.0504467487335205,0.9200000762939453,1.9253220558166504
1.0445622205734253,0.9300000667572021,1.9594920873641968
1.0738781690597534,0.8550000786781311,2.2927820682525635
1.0344268083572388,0.940000057220459,1.2441718578338623
1.0353819131851196,0.940000057220459,1.5802019834518433
1.0643471479415894,0.8850001096725464,2.205411911010742
1.0325515270233154,0.9550000429153442,1.4766321182250977
1.0458523035049438,0.9200000762939453,1.9259220361709595
1.0727884769439697,0.9250000715255737,1.2838020324707031
1.073422908782959,0.9250000715255737,1.2803120613098145
1.024999976158142,0.9750000238418579,1.1186121702194214
1.0308470726013184,0.9500000476837158,1.6795519590377808
1.0286633968353271,0.9650000333786011,1.192512035369873
1.0545270442962646,0.9100000858306885,1.5494120121002197
1.03670334815979,0.9350000619888306,2.1677019596099854
1.0365334749221802,0.9350000619888306,2.019831895828247
1.0314527750015259,0.9650000333786011,1.1260019540786743
1.0393626689910889,0.9100000858306885,1.9259120225906372
1.0274914503097534,0.9650000333786011,1.405542016029358
1.042637586593628,0.9500000476837158,1.3332419395446777
1.0244320631027222,0.9600000381469727,2.1634421348571777
1.0199999809265137,0.9800000190734863,1.0717219114303589
1.024999976158142,0.9750000238418579,1.1906520128250122
1.0449016094207764,0.9350000619888306,1.6017119884490967
1.0311111211776733,0.9600000381469727,1.4126020669937134
1.0283968448638916,0.9700000286102295,1.1712520122528076
1.0261309146881104,0.9700000286102295,1.1976819038391113
1.0501147508621216,0.9300000667572021,1.5134620666503906
1.0521023273468018,0.9250000715255737,1.46658194065094
1.069666862487793,0.9100000858306885,1.607591986656189
1.0696024894714355,0.8950001001358032,1.8184220790863037
1.0538815259933472,0.9250000715255737,1.396921992301941
1.0457990169525146,0.940000057220459,1.3911919593811035
1.0435128211975098,0.940000057220459,1.482151985168457
1.0636850595474243,0.9000000953674316,1.7940220832824707
1.055991768836975,0.9200000166893005,2.1519720554351807
1.066823959350586,0.9000000953674316,1.9563220739364624
1.0258123874664307,0.9600000381469727,1.315622091293335
1.0492054224014282,0.9200000762939453,1.9276520013809204
1.0273786783218384,0.9650000333786011,1.2490520477294922
1.024999976158142,0.9750000238418579,1.0981520414352417
1.0266697406768799,0.9700000286102295,1.2205920219421387
1.0298489332199097,0.9650000333786011,1.1766819953918457
1.031793475151062,0.9600000381469727,1.2752420902252197
1.0529143810272217,0.9100000858306885,1.3895319700241089
1.0387989282608032,0.9450000524520874,1.2955020666122437
1.0600510835647583,0.9150000810623169,1.3152819871902466
1.066003441810608,0.9050000905990601,1.3457019329071045
1.024999976158142,0.9750000238418579,1.059891939163208
1.0346505641937256,0.9500000476837158,1.7828720808029175
1.024999976158142,0.9750000238418579,1.0543819665908813
1.029215931892395,0.9600000381469727,1.3735721111297607
1.0359936952590942,0.9450000524520874,1.360192060470581
1.0411983728408813,0.940000057220459,1.6627020835876465
1.0386772155761719,0.9200000762939453,1.8622220754623413
1.036287784576416,0.9550000429153442,1.311811923980713
1.0309044122695923,0.9600000381469727,1.596351981163025
1.0450044870376587,0.9300000667572021,1.3379219770431519
1.0478665828704834,0.9150000810623169,1.9284920692443848
1.026500940322876,0.9650000333786011,1.3339219093322754
1.0596736669540405,0.8800000548362732,2.609462022781372
1.0288760662078857,0.9650000333786011,1.2878819704055786
1.0495251417160034,0.8950001001358032,2.4093220233917236
1.0270150899887085,0.9700000286102295,1.2355918884277344
1.024999976158142,0.9750000238418579,1.105691909790039
1.0621082782745361,0.8899999856948853,2.564422130584717
1.027007818222046,0.9650000333786011,1.1886519193649292
1.0586470365524292,0.9300000667572021,1.5301419496536255
1.0517783164978027,0.9350000619888306,1.524582028388977
1.048531174659729,0.9350000619888306,1.5745121240615845
1.0367584228515625,0.9300000667572021,1.5176819562911987
1.055400013923645,0.9000000953674316,1.8842320442199707
1.0589087009429932,0.8950001001358032,1.8719520568847656
1.032742977142334,0.9550000429153442,1.2004719972610474
1.0272271633148193,0.9700000286102295,1.2368619441986084
1.029183030128479,0.9600000381469727,1.4855118989944458
1.0264633893966675,0.9700000286102295,1.092202067375183
1.024999976158142,0.9750000238418579,1.0557219982147217
1.0828901529312134,0.8600000739097595,3.310581922531128
1.0581684112548828,0.9250000715255737,2.442432165145874
1.0296224355697632,0.9650000333786011,1.1238120794296265
1.0470936298370361,0.9250000715255737,1.5311919450759888
1.0393667221069336,0.9500000476837158,1.1551719903945923
1.031561255455017,0.9550000429153442,1.5430521965026855
1.0779073238372803,0.8550000190734863,1.7293819189071655
1.0315743684768677,0.9550000429153442,1.5269720554351807
1.0292526483535767,0.9600000381469727,1.3035919666290283
1.0461647510528564,0.9150000810623169,1.575882077217102
1.0284191370010376,0.9650000333786011,1.5575319528579712
1.0331554412841797,0.9500000476837158,1.737671971321106
1.0308021306991577,0.9600000381469727,1.3941320180892944
1.0370899438858032,0.9550000429153442,1.1682020425796509
1.0393924713134766,0.940000057220459,1.6288820505142212
1.05581796169281,0.9000000953674316,1.9646819829940796
1.0391756296157837,0.9450000524520874,1.2546920776367188
1.0324028730392456,0.940000057220459,1.663072109222412
1.02522611618042,0.9700000286102295,1.1148020029067993
1.0354291200637817,0.9500000476837158,1.1492520570755005
1.0405205488204956,0.9350000619888306,1.42877197265625
1.0326155424118042,0.9500000476837158,1.5173618793487549
1.024999976158142,0.9750000238418579,1.0875520706176758
1.0509073734283447,0.9300000667572021,1.5968118906021118
1.042819857597351,0.9350000619888306,1.5266718864440918
1.0416620969772339,0.9450000524520874,1.617792010307312
1.0371477603912354,0.940000057220459,1.5615719556808472
1.046684741973877,0.9100000858306885,2.821702003479004
1.0269967317581177,0.9700000286102295,1.1284921169281006
1.033889651298523,0.9500000476837158,1.3062320947647095
1.047131896018982,0.9250000715255737,1.5183119773864746
1.0444434881210327,0.9350000619888306,1.8591821193695068
1.0331261157989502,0.9550000429153442,1.3151320219039917
1.031428575515747,0.9600000381469727,1.38155198097229
1.0329090356826782,0.9600000381469727,1.5227220058441162
1.0304977893829346,0.9650000333786011,1.1699219942092896
1.026584267616272,0.9700000286102295,1.0607218742370605
1.050199031829834,0.9300000667572021,1.496482014656067
1.057590126991272,0.9000000953674316,1.6602219343185425
1.0413991212844849,0.940000057220459,1.1982319355010986
1.038671612739563,0.9450000524520874,1.3530919551849365
1.0238131284713745,0.9600000381469727,1.2179518938064575
1.029932975769043,0.9600000381469727,1.0882819890975952
1.056187629699707,0.8800000548362732,2.535301923751831
1.0328123569488525,0.9600000381469727,1.2158318758010864
1.0443452596664429,0.9300000667572021,1.2266219854354858
1.0398476123809814,0.9450000524520874,1.4906020164489746
1.0418176651000977,0.925000011920929,2.037491798400879
1.047608733177185,0.9500000476837158,1.1844019889831543
1.0526752471923828,0.9200000762939453,1.4412119388580322
1.0216565132141113,0.9750000238418579,1.0786820650100708
1.0433903932571411,0.9350000619888306,1.4906020164489746
1.0332469940185547,0.9550000429153442,1.2999218702316284
1.024999976158142,0.9750000238418579,1.2146320343017578
1.0494831800460815,0.9300000667572021,1.6975020170211792
1.0443012714385986,0.9200000762939453,1.7439019680023193
1.0382732152938843,0.9600000381469727,1.2871019840240479
1.0287688970565796,0.9700000286102295,1.0938220024108887
1.029881238937378,0.9650000333786011,1.1222119331359863
1.024999976158142,0.9750000238418579,1.1077020168304443
1.044350266456604,0.940000057220459,1.1950420141220093
1.0293517112731934,0.9600000381469727,1.4773920774459839
1.0497806072235107,0.9100000262260437,2.090562105178833
1.037892460823059,0.9500000476837158,1.1901220083236694
1.0664540529251099,0.8449999690055847,2.5586321353912354
1.0320464372634888,0.9600000381469727,1.151252031326294
1.024999976158142,0.9750000238418579,1.0382119417190552
1.0271350145339966,0.9700000286102295,1.1629120111465454
1.029870629310608,0.9650000333786011,1.1084320545196533
1.0391771793365479,0.9150000810623169,2.1704421043395996
1.0687496662139893,0.8450000286102295,2.6734421253204346
1.027097463607788,0.9650000333786011,1.4340519905090332
1.0273807048797607,0.9650000333786011,1.3152720928192139
1.0296790599822998,0.9600000381469727,1.2915620803833008
1.0624157190322876,0.8950001001358032,1.5813720226287842
1.0457412004470825,0.940000057220459,1.5470219850540161
1.0199999809265137,0.9800000190734863,1.1450319290161133
1.024999976158142,0.9750000238418579,1.092471957206726
1.0624524354934692,0.8700000643730164,1.76255202293396
1.0312626361846924,0.9550000429153442,1.2058321237564087
1.03359854221344,0.9500000476837158,1.4766720533370972
1.0447338819503784,0.9300000071525574,1.7441320419311523
1.0519423484802246,0.9250000715255737,2.3103621006011963
1.0617077350616455,0.9000000953674316,2.1565921306610107
1.064998745918274,0.8850000500679016,2.6546719074249268
1.0264291763305664,0.9700000286102295,1.1172020435333252
1.03709876537323,0.9450000524520874,1.4083919525146484
1.0280823707580566,0.9550000429153442,1.6402521133422852
1.0283825397491455,0.9650000333786011,1.1883219480514526
1.0419654846191406,0.9350000619888306,2.018092155456543
1.0718783140182495,0.8399999737739563,3.2431118488311768
1.0616943836212158,0.9000000953674316,1.8410520553588867
1.0541679859161377,0.8950001001358032,2.029721975326538
1.0273569822311401,0.9700000286102295,1.3225420713424683
1.039049744606018,0.9500000476837158,1.3552520275115967
1.044680118560791,0.9300000667572021,1.9504520893096924
1.0328505039215088,0.9600000381469727,1.2480119466781616
1.0448248386383057,0.9300000667572021,1.6319321393966675
1.0338635444641113,0.9500000476837158,1.4965119361877441
1.0602807998657227,0.9000000953674316,2.004472255706787
1.043449878692627,0.940000057220459,1.44772207736969
1.0510128736495972,0.9250000715255737,1.6371819972991943
1.0493192672729492,0.9200000762939453,1.6755419969558716
1.0487735271453857,0.9000000953674316,2.0032122135162354
1.0430874824523926,0.940000057220459,1.602342128753662
1.0384669303894043,0.9500000476837158,1.28957200050354
1.046337604522705,0.9300000667572021,2.3725218772888184
1.024999976158142,0.9750000238418579,1.0820120573043823
1.0554797649383545,0.9000000357627869,2.642702102661133
1.038385272026062,0.9500000476837158,1.5191519260406494
1.028061866760254,0.9700000286102295,1.0752220153808594
1.0437829494476318,0.940000057220459,1.63388192653656
1.0308672189712524,0.9550000429153442,1.6746020317077637
1.0343523025512695,0.9600000381469727,1.1848819255828857
1.0326285362243652,0.9450000524520874,1.6149121522903442
1.0346717834472656,0.9500000476837158,1.2924519777297974
1.0285416841506958,0.9650000333786011,1.4234919548034668
1.0303572416305542,0.9600000381469727,1.2527920007705688
1.0347565412521362,0.940000057220459,1.977552056312561
1.0299253463745117,0.9650000333786011,1.2359020709991455
1.0484298467636108,0.9450000524520874,1.1816320419311523
1.0199999809265137,0.9800000190734863,1.048811912536621
1.024999976158142,0.9750000238418579,1.1329220533370972
1.0283234119415283,0.9650000333786011,1.1374319791793823
1.0674803256988525,0.9300000667572021,1.2838020324707031
1.029536247253418,0.9700000286102295,1.0787519216537476
1.0263335704803467,0.9700000286102295,1.523002028465271
1.029536247253418,0.9700000286102295,1.178252100944519
1.0458909273147583,0.925000011920929,2.038652181625366
1.024999976158142,0.9750000238418579,1.067031979560852
1.021597146987915,0.9750000238418579,1.169551968574524
1.027503252029419,0.9700000286102295,1.3210020065307617
1.024999976158142,0.9750000238418579,1.0379819869995117
1.0281903743743896,0.9650000333786011,1.2623920440673828
1.0358566045761108,0.9550000429153442,1.3055719137191772
1.024999976158142,0.9750000238418579,1.1784019470214844
1.0258711576461792,0.9650000333786011,1.2859820127487183
1.0368225574493408,0.940000057220459,1.62814199924469
1.0384721755981445,0.940000057220459,1.469622015953064
1.0484950542449951,0.9100000858306885,1.7374820709228516
1.0426331758499146,0.940000057220459,1.2882319688796997
1.0297185182571411,0.9650000333786011,1.1638920307159424
1.0341461896896362,0.9450000524520874,1.769152045249939
1.0472854375839233,0.9300000667572021,1.546712040901184
1.0414843559265137,0.940000057220459,1.4141819477081299
1.0199999809265137,0.9800000190734863,1.0782819986343384
1.0331497192382812,0.9650000333786011,1.147562026977539
1.0199999809265137,0.9800000190734863,1.0473819971084595
1.0654053688049316,0.8800000548362732,2.294221878051758
1.0223414897918701,0.9750000238418579,1.0735719203948975
1.03644597530365,0.940000057220459,1.2048619985580444
1.0399181842803955,0.940000057220459,1.2199718952178955
1.0357671976089478,0.9550000429153442,1.1143620014190674
1.024999976158142,0.9750000238418579,1.069571852684021
1.0271408557891846,0.9700000286102295,1.1458719968795776
1.0455105304718018,0.9200000762939453,2.843762159347534
1.024999976158142,0.9750000238418579,1.052422046661377
1.024999976158142,0.9750000238418579,1.0544919967651367
1.0583041906356812,0.9050000905990601,2.7160818576812744
1.0498685836791992,0.9500000476837158,1.2413920164108276
1.0498685836791992,0.9500000476837158,1.2413920164108276
1.0446593761444092,0.9200000762939453,1.5085821151733398
1.0414220094680786,0.9450000524520874,1.1614420413970947
1.032111406326294,0.9600000381469727,1.1595021486282349
1.032907485961914,0.9550000429153442,1.2540520429611206
1.0405150651931763,0.9250000715255737,1.6733719110488892
1.039327621459961,0.9550000429153442,1.3382519483566284
1.024999976158142,0.9750000238418579,1.0569220781326294
1.0437943935394287,0.940000057220459,1.5211119651794434
1.0259761810302734,0.9700000286102295,1.18710196018219
1.0448678731918335,0.9350000619888306,1.6597319841384888
1.0371346473693848,0.9500000476837158,1.1644619703292847
1.050378680229187,0.9250000715255737,1.4230719804763794
1.0292742252349854,0.9600000381469727,1.3399019241333008
1.024999976158142,0.9750000238418579,1.2175620794296265
1.0362184047698975,0.9500000476837158,2.1010022163391113
1.0372458696365356,0.9450000524520874,1.3457019329071045
1.0269951820373535,0.9700000286102295,1.5333319902420044
1.0498709678649902,0.9200000762939453,2.640092134475708
1.0381784439086914,0.9200000762939453,2.2592520713806152
1.0369724035263062,0.940000057220459,1.3685020208358765
1.0395159721374512,0.9500000476837158,1.1713919639587402
1.039945125579834,0.9450000524520874,1.4454319477081299
1.0617061853408813,0.9000000357627869,2.0025620460510254
1.0365283489227295,0.9450000524520874,1.6963520050048828
1.024999976158142,0.9750000238418579,1.0598220825195312
1.0271004438400269,0.9700000286102295,1.1597120761871338
1.031643271446228,0.9600000381469727,1.1237519979476929
1.0432732105255127,0.9550000429153442,1.2860019207000732
1.0330144166946411,0.9500000476837158,1.5021820068359375
1.0354243516921997,0.9450000524520874,1.2732820510864258
1.0425077676773071,0.9350000619888306,1.3744220733642578
1.024999976158142,0.9750000238418579,1.2204720973968506
1.0292675495147705,0.9650000333786011,1.3445919752120972
1.0199999809265137,0.9800000190734863,1.1345919370651245
1.0264906883239746,0.9700000286102295,1.167941927909851
1.0199999809265137,0.9800000190734863,1.050191879272461
1.0355453491210938,0.9600000381469727,1.230862021446228
1.0513596534729004,0.9300000667572021,1.5634920597076416
1.033279299736023,0.9600000381469727,1.0859919786453247
1.0199999809265137,0.9800000190734863,1.0329519510269165
1.0263456106185913,0.9700000286102295,1.27537202835083
1.0339871644973755,0.9450000524520874,1.3574419021606445
1.024999976158142,0.9750000238418579,1.1368520259857178
1.041968822479248,0.9450000524520874,1.462372064590454
1.0308042764663696,0.9600000381469727,1.2402119636535645
1.024999976158142,0.9750000238418579,1.064661979675293
1.0544298887252808,0.9350000619888306,1.3120620250701904
1.024999976158142,0.9750000238418579,1.0644919872283936
1.0293598175048828,0.9650000333786011,1.1203919649124146
1.0467793941497803,0.9500000476837158,1.1949520111083984
1.0318137407302856,0.9600000381469727,1.124451994895935
1.024999976158142,0.9750000238418579,1.2368218898773193
1.0362216234207153,0.9500000476837158,1.3358620405197144
1.0295164585113525,0.9650000333786011,1.0963419675827026
1.0199999809265137,0.9800000190734863,1.0694119930267334
1.0370557308197021,0.9500000476837158,1.234942078590393
1.0418516397476196,0.9500000476837158,1.3190721273422241
1.0543594360351562,0.9100000858306885,1.8860819339752197
1.024999976158142,0.9750000238418579,1.0371618270874023
1.0339854955673218,0.9500000476837158,1.4102120399475098
1.0369278192520142,0.9550000429153442,1.4062418937683105
1.0333375930786133,0.9450000524520874,1.229882001876831
1.0367904901504517,0.9500000476837158,1.4660121202468872
1.0441030263900757,0.9450000524520874,1.377851963043213
1.0427501201629639,0.925000011920929,1.980072021484375
1.0380151271820068,0.940000057220459,1.9814220666885376
1.0477150678634644,0.925000011920929,2.3588321208953857
1.034477710723877,0.9500000476837158,1.1377220153808594
1.0341784954071045,0.9600000381469727,1.0415719747543335
1.0459625720977783,0.9350000619888306,1.9573320150375366
1.0400793552398682,0.9500000476837158,1.3714020252227783
1.0293011665344238,0.9650000333786011,1.17648184299469
1.027267336845398,0.9600000381469727,1.3021820783615112
1.024999976158142,0.9750000238418579,1.0632920265197754
1.0199999809265137,0.9800000190734863,1.068992018699646
1.0314439535140991,0.9650000333786011,1.131611943244934
1.031602382659912,0.9550000429153442,1.276661992073059
1.0272786617279053,0.9700000286102295,1.1163220405578613
1.0307151079177856,0.9650000333786011,1.188542127609253
1.0261458158493042,0.9650000333786011,1.2966119050979614
1.0427463054656982,0.940000057220459,1.6281120777130127
1.048898458480835,0.9300000667572021,1.5822219848632812
1.0339314937591553,0.9500000476837158,1.3688119649887085
1.024999976158142,0.9750000238418579,1.0707519054412842
1.045114278793335,0.9350000619888306,1.2281320095062256
1.0212563276290894,0.9750000238418579,1.1131221055984497
1.0427335500717163,0.9450000524520874,1.2035020589828491
1.0485432147979736,0.9450000524520874,1.1816320419311523
1.024999976158142,0.9750000238418579,1.085502028465271
1.042976975440979,0.9450000524520874,1.1379220485687256
1.0489140748977661,0.940000057220459,1.26773202419281
1.0415878295898438,0.9450000524520874,1.5604920387268066
1.0299732685089111,0.9550000429153442,1.2077720165252686
1.0380712747573853,0.9550000429153442,1.2156920433044434
1.0269999504089355,0.9700000286102295,1.1754119396209717
1.0295950174331665,0.9600000381469727,1.1473219394683838
1.0283968448638916,0.9700000286102295,1.1568620204925537
1.0283029079437256,0.9700000286102295,1.0905818939208984
1.0261764526367188,0.9700000286102295,1.161531925201416
1.0385223627090454,0.940000057220459,1.4004321098327637
1.0285354852676392,0.9700000286102295,1.0664119720458984
1.047608733177185,0.9500000476837158,1.1844019889831543
1.043899416923523,0.9350000619888306,1.5549520254135132
1.0309314727783203,0.9600000381469727,1.2159020900726318
1.02984619140625,0.9650000333786011,1.1974120140075684
1.0357139110565186,0.9500000476837158,1.3346118927001953
1.0199999809265137,0.9800000190734863,1.0924919843673706
1.0303773880004883,0.9600000381469727,1.4010119438171387
1.0269542932510376,0.9700000286102295,1.1174919605255127
1.024999976158142,0.9750000238418579,1.1048319339752197
1.0416895151138306,0.9450000524520874,1.1713019609451294
1.0424124002456665,0.9500000476837158,1.0979619026184082
1.024999976158142,0.9750000238418579,1.028212070465088
1.0395256280899048,0.9550000429153442,1.0974719524383545
1.0411821603775024,0.940000057220459,1.317221999168396
1.0381076335906982,0.940000057220459,1.756261944770813
1.024999976158142,0.9750000238418579,1.1119118928909302
1.0272208452224731,0.9650000333786011,1.2870019674301147
1.0453076362609863,0.940000057220459,1.3688420057296753
1.0325250625610352,0.9650000333786011,1.049152135848999
1.0221437215805054,0.9750000238418579,1.031332015991211
1.0238471031188965,0.9700000286102295,1.1679120063781738
1.024999976158142,0.9750000238418579,1.0739818811416626
1.024999976158142,0.9750000238418579,1.1517119407653809
1.024999976158142,0.9750000238418579,1.0547220706939697
1.024999976158142,0.9750000238418579,1.0388720035552979
1.0525470972061157,0.9350000619888306,1.253432035446167
1.028626561164856,0.9700000286102295,1.0670320987701416
1.031751036643982,0.9600000381469727,1.2944220304489136
1.0341932773590088,0.9600000381469727,1.105452060699463
