10415
3369
6308
5579
173
8389
4007
7243
1504
5317
3850
6773
783
6234
6958
7027
7613
4065
6159
8530
2240
5741
7627
5820
8053
5672
2333
8350
2287
4387
8683
1034
1865
1202
6280
7088
2451
6279
3832
262
6914
5334
7486
2996
7368
6664
1239
3721
1406
2984
8154
10456
1170
64
7391
349
5350
3614
4338
6395
6971
9385
3831
7118
6918
1094
9783
9816
6675
8945
8674
4313
6281
10524
1031
4122
3069
2967
2206
3493
8712
4129
6364
7758
423
6018
1189
3738
9194
8397
9790
2553
9196
5401
4403
488
990
1891
271
454
6221
7317
107
1627
3126
3198
9759
5659
26
2722
9837
6248
9747
10409
2003
8595
6789
4550
2539
8782
7362
3500
9451
3157
4577
3228
5850
9357
2309
4066
9988
8439
10096
8931
3022
1219
4312
10582
5851
8793
8079
5989
891
2986
8682
6085
2418
4384
7755
6091
519
8178
1045
8435
9851
3352
8191
9272
8757
660
5466
4368
2215
4584
10154
4457
4620
3124
2406
1281
9048
8651
10083
5555
6443
5014
335
7476
8786
9287
1379
4690
8821
8474
3289
1858
5104
2651
9512
5483
2846
9055
4624
5461
3400
6287
4977
7574
3664
4798
7790
5732
7338
2458
115
2149
9211
4278
9227
801
7550
8368
4808
5532
8870
5745
6878
7993
3701
4830
3732
5016
1844
9123
514
8941
2854
617
6160
10391
5421
8457
8591
6237
2715
8949
7800
9190
4252
1989
5018
3312
2047
1988
9401
8529
5899
10514
944
8938
2562
6646
534
3777
3131
9518
8027
3864
2768
919
2087
3489
9135
10624
5489
2948
2256
6852
2297
2273
4120
9150
10113
2862
8887
6898
4346
10411
8285
10144
5522
5811
873
1725
7539
7685
1968
8021
1611
3409
2116
2401
10251
5551
2576
3354
1942
4213
2518
9773
6462
5526
9058
8225
4538
2933
1764
9006
9685
213
4194
8882
7076
10153
4428
8891
8143
337
692
1484
1216
7915
9752
4071
2045
3868
1721
215
4778
2671
9615
4377
682
8779
8297
2095
9791
859
5826
8909
9736
395
2788
5178
6586
5253
9437
1782
6720
5356
4246
7919
8142
1207
4405
2959
373
3185
868
5838
273
6068
7013
5577
2340
1596
3836
3001
6530
7361
1046
7691
8691
2323
4424
3438
6361
2127
2139
4539
9706
676
7802
8964
3556
7281
5634
9461
92
4193
4626
1208
2809
5337
6588
440
6820
6359
2136
2094
4164
3347
3509
4388
6476
5849
9074
6676
3286
7394
4687
4923
7258
8910
6420
8672
6429
9379
2868
2296
5060
4905
7605
10294
1152
8167
10024
7320
9562
29
8348
7172
10355
2082
8552
6323
8518
3248
4208
618
9568
3521
8605
1900
2923
2545
37
6786
10627
6558
8151
8729
8835
2160
9608
8402
724
972
5097
1262
3063
8853
2111
8280
7253
7122
10206
5052
3552
7882
10549
9097
7089
4197
9119
2015
5740
7046
9187
930
297
5661
7295
2804
900
3886
803
8237
9918
2402
9354
2456
2733
2892
6311
2173
6507
3667
1436
8105
9619
4527
5690
9144
5657
6776
2337
400
4755
8693
8823
5561
9087
5217
1069
3802
6982
7725
6798
10145
10178
9931
5182
6937
7067
1616
3127
9314
3054
1651
5515
4772
9365
1781
2119
1818
10100
9002
6184
6750
7771
4587
1155
10366
9032
2196
4852
1211
5333
8086
10327
2031
3590
7057
6794
10106
10369
2286
1377
1229
8202
2494
5057
9477
366
10140
10508
10237
2041
10543
4224
8211
6196
10174
831
7181
2615
9025
637
5998
3002
3391
52
8342
8384
5100
6399
2214
6705
4158
8769
553
5425
8445
8866
2445
2745
3754
852
9140
5846
2244
8957
133
4156
6309
1037
10414
1420
4374
5542
6205
960
35
8946
4279
3979
4452
3838
8329
10528
7945
4657
3933
9207
4768
4884
43
10056
8829
670
10442
9996
3942
6432
7004
5464
9567
700
8848
837
1755
7065
1384
7053
7946
1522
4406
6450
644
5175
9904
9288
5271
885
471
3616
1669
3072
8081
561
10449
4646
3726
4301
5006
3188
5242
3368
1685
2929
1868
288
1778
9120
7493
1053
2217
6087
5204
10484
10538
6105
10025
7360
9132
3550
9336
8158
3283
7260
2081
7845
6650
10202
9105
8581
4259
6321
4036
3233
9846
4848
2036
1375
3485
3565
5285
6162
5043
4833
8343
2300
8814
0
539
5955
6598
2336
6707
1178
6017
965
7736
6546
2570
7474
5506
3692
7257
8867
1000
7573
6988
9084
1823
4871
1081
4058
5166
9460
4875
2470
3917
17
2861
731
9278
7924
8875
2566
7143
9588
786
2968
2931
5441
2827
8715
9153
7679
7803
9926
434
5222
4841
3461
5824
3544
5026
2120
6082
1257
1459
4708
6039
3697
10243
6380
7582
1569
9098
8155
7058
7795
8899
3009
895
9250
10599
4429
5680
9832
4514
2662
7079
2409
988
7759
620
8831
798
1573
10396
3757
13
9778
2547
8319
7918
6060
6929
1878
7927
7702
5832
6355
417
7683
968
6974
7051
4257
2658
767
8815
8880
9966
4249
5878
9997
10037
5900
8737
9919
8637
5456
4320
912
6300
3436
7212
8596
9392
3574
10555
6528
1159
4531
1561
528
8358
1199
3487
5282
108
6002
2005
10591
4806
8817
6396
3374
3507
6417
7699
5290
9657
10574
3810
5066
784
5872
5265
836
7607
8324
2802
10139
5537
9691
8416
184
8618
9266
4371
3145
4462
10603
2002
7458
8839
1231
3372
418
7084
4062
2917
8901
3571
2344
1408
9716
4717
4516
7925
4715
9914
695
9062
3679
9213
4421
2655
8577
3935
7589
8409
8248
5359
9246
5575
7748
4649
4204
177
2320
4437
9080
2245
3396
1884
1739
7100
363
4076
4948
334
7824
3654
3119
10412
10284
7654
5031
5738
9975
1355
1101
1645
9321
7634
3164
7496
8087
4581
3497
9566
2092
757
3118
9734
10035
10159
3328
9937
10378
5251
4896
9808
4985
9371
2527
2636
5951
10092
8718
2702
372
5831
7976
6784
8919
3207
3809
5926
7568
4678
2234
6102
7239
1550
5892
2694
4938
8629
9214
375
8558
3796
8115
181
10269
611
5830
3919
7628
7149
612
3471
4960
5373
4892
4411
10067
10211
8149
4445
7114
8739
480
7723
7370
8900
4519
7713
7678
4603
3985
6384
211
4596
8602
6763
794
6410
7063
512
7564
2568
2392
3405
1701
6813
7099
2771
4604
69
2026
1440
9352
7488
7572
6
219
4212
5044
2176
5591
8574
9998
4975
5323
12
6003
3647
2133
1487
948
9157
7427
5798
4782
2231
2487
10026
1154
9666
3484
3229
9104
8920
1290
8659
7893
1605
4123
1882
2121
3927
10207
132
10609
4022
6643
6617
5687
481
7831
323
989
8279
2801
2508
3593
5364
8098
7847
10182
4820
729
1009
10397
4186
9454
2536
9560
10440
5870
3447
8586
4882
7193
4189
140
8376
9618
9181
8824
5079
8040
1526
5722
1131
6351
3067
7248
7854
3950
5402
1563
6866
5449
498
5412
2008
9033
7672
10332
10285
5189
1698
2113
7786
4144
451
8907
3253
4688
9417
8539
6661
2393
8193
1434
7369
9900
1076
3153
201
1119
2132
10198
7290
10310
3713
4493
6936
4001
5023
9274
8050
3611
6145
5560
961
7329
3547
8985
5319
9191
9546
9347
1201
10614
10604
6961
2101
1673
9956
6610
5405
1044
10402
4761
7663
9921
3694
1018
9729
9259
4012
3473
9602
1399
1074
9396
448
5901
7982
4018
1851
8620
7913
3284
987
5877
5327
7423
7231
3098
2232
7017
6099
7858
2580
3483
3260
9917
6638
5233
6235
1118
8281
5284
3688
449
7059
10593
6966
9807
6299
2823
9431
4480
4899
9885
8074
1724
7533
5979
593
5757
5169
9054
7500
6902
1726
8410
6950
9366
2185
9954
5315
3129
1132
4888
7096
216
2747
10155
5255
7697
8145
7033
4644
8726
9409
4764
6953
9673
5081
8230
5274
2449
319
5419
4578
6870
3178
1098
7408
1936
10089
2821
9772
4839
6379
3949
1991
2275
9693
7489
3944
917
7042
5693
456
7949
9184
6022
9536
1048
4801
7901
6363
7166
520
1336
4780
165
6457
7909
4967
10065
1423
6911
4954
9680
2642
8982
1744
4590
7814
790
5692
9810
6648
7524
7567
5783
2397
501
3339
6785
1298
7390
5272
9200
6997
8104
9022
6721
1683
10015
8777
9754
10373
10043
6250
4615
5847
8517
8970
8217
2770
3138
10171
7483
9612
1909
8987
7834
6381
7729
10358
6202
9943
6406
6161
8108
8582
2625
8514
2170
4524
5628
8541
2609
6905
308
2446
2813
7073
2105
1943
7137
1141
5912
7878
1869
8795
2829
2151
88
5795
2414
2228
734
5067
596
9873
1028
5445
6624
5020
8578
5288
7300
8216
9182
3615
413
8744
2584
6688
2388
7971
10489
5409
7529
9922
2239
8784
8425
7087
2148
7792
5092
2875
327
2916
1970
8103
1234
1689
4335
10075
3314
6111
6559
3462
7877
4972
8122
2429
6631
3416
9432
1704
1209
5321
6571
10605
1012
10101
5559
5376
5736
2236
9161
9346
2462
7588
6434
8484
6352
131
6737
8687
5476
7890
8371
4988
10218
113
4759
8864
936
934
1642
8656
9648
7999
1686
7183
9169
7623
5597
5107
2538
5765
1023
6394
4432
2544
8772
4416
2486
4914
4501
3212
654
10348
6183
2262
7416
949
4901
5045
4354
6218
6409
10601
3675
4456
10259
5279
2376
2842
9009
7236
7823
9700
444
5906
4574
10336
1978
3335
6994
7129
2699
942
420
7403
6862
7284
4161
3823
4855
3224
8554
4492
6900
437
10107
10239
1591
8422
5212
81
3211
396
492
9827
9746
9751
2859
1255
1365
1299
8036
10286
10526
5075
4064
8506
7315
8255
3200
5326
7596
8914
576
2526
4180
10488
10136
7214
2165
9384
2378
4526
5898
5240
8489
8020
2001
2289
3443
5904
6140
5033
6655
159
1615
9513
472
5781
2308
10209
3080
1613
1579
3007
7590
6422
8633
3532
6828
706
290
458
5210
2455
486
509
9925
3594
1997
4385
8411
5712
2716
10013
1531
3144
2100
1831
2812
8765
5578
1857
7162
4356
7043
4420
10162
2992
809
2623
76
3432
4172
3655
2670
2022
8032
7726
8052
3101
174
8755
5836
667
10419
230
2616
9070
1540
5235
9289
3350
9818
6518
9935
971
1309
2471
9902
2912
1392
3005
2785
7038
9443
1638
5754
22
6769
10242
7525
966
5660
8721
5407
3167
1670
1317
6847
7199
7130
8994
1088
2998
3587
8407
979
3541
1990
3329
7121
992
9035
3527
905
5306
7267
128
5083
5473
6909
10079
66
6873
5636
725
2775
1310
4613
677
3073
4258
2201
7881
71
646
7953
3411
8231
2550
6998
3036
10600
2363
2666
10518
7008
5435
7873
9041
9122
10495
2748
2762
221
877
364
8566
3581
10539
8292
2836
5400
8679
4226
4946
9327
7745
5860
7581
5147
4530
2295
3011
4664
8519
4274
4104
9056
6295
1895
6818
6514
4086
183
3849
9941
4401
9710
1374
9874
5091
430
229
8437
4234
1560
833
9313
6793
2614
2500
9091
2820
3477
7196
1176
7552
5041
4665
5391
10580
3941
5626
6976
8710
3087
3420
7602
6796
505
5937
7313
1481
4311
1008
6423
1747
10322
149
9855
10272
2433
4315
10521
4265
4375
9732
247
8996
9908
6180
2949
1658
401
3543
2751
7085
8648
1303
5803
9085
5427
6928
10425
1937
1361
7477
3482
636
7081
3313
6288
744
5053
1995
3579
8743
8318
970
339
1083
8911
1085
7648
5499
890
2980
839
4068
7363
7154
1791
3464
10210
9368
5797
4373
9017
1496
4419
1672
6009
6987
4630
190
3678
746
4724
4151
2890
6125
1426
8990
6573
2427
10309
7542
8244
7457
5861
10390
6640
8089
1977
1712
3255
8649
246
8408
3980
10326
3227
7025
6008
5881
1618
2546
10565
8590
10615
8572
6733
7865
3682
9199
6257
1928
5631
10016
3417
4771
2586
1016
3137
3226
1973
1958
3392
3259
6949
2503
6174
7718
4996
1950
7383
8365
2695
8070
1508
9273
3525
5480
7883
3348
1318
2189
1565
2493
5825
5524
2572
8609
1896
7009
5705
6187
9389
866
10240
4862
8805
10341
2704
9011
7433
10276
4628
7441
2999
3672
6819
1197
3906
7905
9036
10531
5122
304
7840
6492
10263
3263
5698
10464
6529
1275
3671
7288
10328
4498
4207
2497
5027
799
7887
5662
5571
4148
4911
2687
447
5002
1059
9715
10479
7111
1413
5769
2990
7875
9372
8404
6730
1776
1182
7449
924
1545
8127
7230
3859
6757
2939
1797
234
7054
1965
4865
7829
4723
5758
7341
8766
5521
3533
5674
2278
6007
1442
4026
6356
9582
2314
4146
4248
570
5747
5706
8301
6487
2648
5049
4571
9830
10381
9424
9532
3613
3824
6317
898
513
499
2177
10094
2439
9886
2032
8137
9620
1820
391
1424
3822
2693
203
563
640
9718
1702
5713
3155
435
406
8576
2490
10459
93
2096
4854
3422
10244
5146
6069
7413
39
3793
9742
352
4707
853
3322
1992
9363
5269
8499
8226
422
4765
1501
5630
2319
6369
4119
4239
10267
9728
5176
1343
9068
7822
8616
1876
4976
1514
5814
1304
6228
4618
4691
1648
4159
6545
655
3880
5563
9092
8198
6752
4789
773
10161
2016
1688
5493
3006
9294
2587
5344
10062
714
950
7527
4889
2629
8482
3904
1105
3959
9636
862
8639
5801
1918
2650
3518
8667
9094
4655
5583
3018
6765
3415
6171
2108
1354
1308
813
681
8701
726
4588
6324
5208
4937
10368
9223
1827
7019
588
2355
10231
2661
832
2209
4290
10137
9583
7980
7665
9968
7715
8240
2542
5920
10612
2873
3252
9445
753
479
1897
4754
909
1357
3548
3116
7724
8162
1472
2199
464
1265
331
1509
2369
6964
4254
6542
7475
9215
1905
6389
7285
6867
2164
551
9534
9256
4969
2098
2197
9630
10297
2329
9001
5843
2643
6946
6738
7957
179
24
7835
2398
4552
4746
4712
3536
5429
7742
312
9878
7163
4832
1983
9690
2972
8185
3940
9323
2849
8952
8959
6307
9247
9308
7508
2920
10278
1597
10141
68
10017
9103
8897
8756
6238
2332
791
9061
9820
7653
3625
8565
6079
8196
7710
4221
8724
314
8354
6000
1783
8606
8685
8671
3996
3840
10126
3920
2169
9355
2613
10271
3251
1803
3665
4813
1805
1785
6283
1925
974
7098
5339
5685
6200
10626
3187
1124
2941
5581
6711
6963
5221
7899
3513
249
4790
3382
1430
9770
9556
2442
2052
2191
1143
3970
8168
8917
5220
10558
2947
6962
9871
6761
4598
10095
4886
6636
2093
8536
9012
10160
1416
4490
8379
8845
4082
537
5201
4521
1233
8716
10236
178
3529
1125
6653
10628
6755
6849
7452
8751
3696
4760
10313
1271
5833
5361
7437
2749
9939
8820
7424
9142
7923
8488
7417
8044
3048
59
9852
7793
2742
6734
5058
10291
10179
286
9463
7343
10235
55
2124
1330
10204
10590
5804
3913
9762
7908
9439
9331
1093
1060
4793
7619
10379
8470
4504
10074
8822
4668
7540
1807
7751
2596
3315
2918
562
2357
9023
3491
1809
8156
3709
4160
6150
10264
7203
5149
10080
10261
3460
1150
3147
2249
4192
9427
844
4762
5827
8477
8304
3803
6506
1331
10132
3535
9930
2708
9172
8048
2394
2579
9466
8170
4305
7262
193
7465
9722
421
5378
4139
7190
7504
5724
9315
5876
9990
3122
3055
9564
2166
3818
9755
3854
263
4769
6920
5548
6822
9799
4910
8256
9923
2509
5304
8463
516
3414
6108
4002
5788
3440
10189
6305
7812
6212
10307
9869
717
7857
5024
3630
526
1047
4351
6590
9676
727
2434
7728
5192
3741
10325
1210
1062
3344
5179
7808
1480
3331
5159
7461
3269
1082
6865
761
6926
3714
1295
1301
5432
7337
6367
2757
2569
1845
9576
9793
7229
694
9861
4006
9653
10048
2155
5638
8302
7249
3975
6881
680
5172
1773
6463
9844
4679
7690
7266
5588
9899
3446
3663
2594
10123
1684
8684
518
8995
3475
6589
4693
624
114
8624
2851
1794
7817
3311
10196
10108
4922
4887
4689
4900
863
5562
9958
1825
4167
172
8525
10175
7198
9399
9382
8714
5154
5544
7445
3332
10530
2463
1762
7420
5311
621
10085
9186
7484
6895
9351
6230
8212
9994
5223
8804
9981
531
6603
547
4091
4805
6833
9381
8338
305
3351
5702
1517
6674
5759
918
7593
7704
5684
2564
9115
10513
6834
5211
10216
4728
9050
6306
3645
10270
5637
2282
5080
8325
5965
10183
6856
1344
2238
4958
186
5539
2783
10257
540
5156
11
6699
8205
3071
5516
9413
3585
6247
7950
7730
1603
9920
5133
5436
6984
1587
10253
3684
1699
428
8064
6131
121
10215
10324
5495
2710
2930
8007
8916
6723
6285
1158
6665
2909
3686
6402
2746
9649
7426
9515
5746
7720
7422
1828
7276
7522
9414
2603
3387
9402
1466
7948
6657
6182
2847
1819
2593
9866
3508
8204
9131
2777
3717
2422
3191
8930
6191
7832
2501
8481
8513
407
6494
119
3618
9476
9853
6033
3501
5340
7543
333
10470
3704
9577
9868
6616
8288
9531
3376
5130
102
3736
6706
8035
9573
8139
835
756
3077
5923
5620
2673
9430
5471
7325
1811
3756
1693
9219
441
9551
7048
9467
5071
3843
3445
1071
5087
1329
5896
9010
1848
9670
2280
4303
429
6195
5668
535
5000
5113
1692
4340
2313
6691
1657
3646
6871
70
197
2125
482
4339
6398
4309
3624
2438
8834
6203
2018
3572
4112
4672
8335
7291
7566
9916
2601
8594
6176
6026
2194
1972
3568
2778
3170
598
2474
9178
10542
7830
6595
2864
7414
3589
1727
38
6520
10020
8016
9909
4389
8367
7606
3905
8893
4684
1860
9224
7964
8498
6453
4219
10194
4940
730
6739
10046
9524
3837
3570
1383
383
2952
1437
7464
6694
8330
3012
1341
8573
3895
8894
9458
2220
8657
2951
8192
8800
758
6270
4152
10331
9894
195
6034
7610
4979
2627
1826
4656
8398
805
4143
4008
6122
8571
10249
3523
9687
4928
1690
8799
3452
3194
5467
10109
9263
2410
1333
8047
2484
7480
2069
9826
25
9090
7707
3930
7558
2448
5381
8993
5599
5671
10164
1898
2686
774
7676
3026
5958
9209
569
7083
928
4791
8858
3148
8432
8547
7689
6607
1964
1040
2272
3360
7412
377
1479
10295
9134
1562
3051
2268
8764
9662
5678
2243
1614
8776
2225
5444
2440
4611
2679
3142
4218
9285
7959
6403
2860
6415
4203
9864
9257
4536
5688
5218
8340
3502
4984
9655
6397
6570
5101
3702
6858
3661
6198
10086
8033
508
6781
7884
1353
4821
3939
3451
5300
341
3499
715
9004
8394
6999
6767
4962
1507
954
781
8762
10273
3727
10519
5924
2811
9912
1910
4845
6642
9856
1003
2361
10347
3813
9877
7128
2023
739
9030
1519
4913
3762
9698
8612
1741
3276
4537
1555
867
3450
1373
56
10149
9166
2382
7598
46
4952
5554
10039
864
1955
1889
5782
9674
9265
5971
9661
10432
2713
7485
3204
7187
2258
8095
9320
6477
137
5869
6627
9043
3900
7970
10063
10567
8141
6006
6336
7891
10560
7545
4095
6736
9822
1100
2887
2107
3997
8496
9813
4017
1674
2989
7935
7531
316
1771
1264
5650
9980
9895
9506
7185
1351
9880
7933
4904
4512
5816
1195
6840
5450
2473
10262
101
7165
1956
3689
3133
386
7931
2053
6935
9669
2208
10127
1156
7797
9446
9709
1888
2511
5549
10616
10019
8998
9976
10445
1853
84
1915
1598
8393
60
9245
1967
8000
8669
8943
7813
7937
7579
4612
9226
1566
1734
5624
9953
4857
436
9378
1873
5490
1443
3845
9500
2072
5123
8759
8062
5437
6342
6593
4211
5866
8816
1751
3915
9260
9165
9848
5914
6158
350
1515
10302
8878
8627
255
10491
7687
5791
10051
8328
5700
1288
1536
7576
4968
3085
1250
6891
9977
9749
5905
4704
3874
6483
712
259
6670
8923
3750
1063
49
10506
2444
6207
986
4056
8972
1323
1168
1194
10505
3743
3827
4199
3425
4264
2604
7339
2617
4594
7352
1397
2423
3951
7774
7056
817
7213
9779
3504
3799
5034
7621
3945
627
9330
3719
9897
6393
7658
1681
7309
8427
1192
9045
9609
5986
10472
2988
7011
7104
8229
7870
10512
3811
7395
4236
2886
8852
2901
2180
4121
5911
10540
8361
3781
4138
7144
6096
8187
7762
2480
7731
8039
5547
7562
6078
7158
6100
1451
1710
2129
5365
5394
4032
10608
4770
2350
206
6790
4324
2372
2882
4430
4005
5617
6349
7188
3907
5056
7182
2192
8881
4043
7938
7631
1102
8857
9875
8780
4225
1789
1051
2685
9141
5607
951
6768
459
5267
403
686
1574
8234
7989
306
6525
100
2521
4363
4822
616
5944
5372
5815
963
9244
5681
3974
9240
6208
5582
6549
2960
1328
1022
6267
6618
8400
8690
4658
6659
2585
10334
1347
8778
9177
10317
4205
9633
187
1996
7101
5748
5362
5647
10382
360
5417
1370
5763
7972
7880
253
3928
7961
9202
10077
3079
2178
2104
8005
6952
1313
4458
6233
8221
10050
10058
6622
5622
10003
2163
7407
641
6401
3070
1745
3128
8436
6377
2738
4035
6969
10111
9675
9428
5310
6329
7985
5945
6777
9390
4162
2260
976
9631
3629
4982
5017
716
1075
10395
6719
3626
2575
9569
3869
1261
5902
3113
4894
9108
622
9802
2753
2672
6001
7799
1736
5992
8124
9991
8419
4716
1506
9507
10241
5858
5342
8121
8992
6224
7775
8981
77
1296
4410
9979
2328
3333
1636
4438
2678
2404
9683
4308
5764
1634
8749
7246
4917
5879
6599
5786
8091
5183
8644
6504
1097
6211
1880
2529
6927
10146
6437
4507
9811
2638
7511
4974
10268
2074
299
2884
6749
4633
8096
2621
3181
2879
7765
94
6899
3019
532
2841
5406
3045
8166
3636
1213
2167
8421
665
9280
8356
4136
910
7279
996
4686
775
1286
6888
10566
7234
3670
2088
8801
6297
568
10221
9096
8623
1854
1839
5335
597
2759
2732
3575
1660
2906
1428
7221
3034
4924
5329
4115
8456
5501
7028
1002
1289
935
10147
4692
4404
4063
8700
1007
1666
8722
8208
7155
1763
3434
3257
3437
6030
9782
2351
8109
7140
10040
6690
6897
1407
6392
5903
4196
7250
6553
5143
9767
8276
147
6903
8249
3243
651
515
6846
8060
1260
1184
6054
8029
6172
9284
9464
1166
10323
9737
7351
6272
9833
6051
1867
143
6253
1998
4088
8034
1808
4323
3591
153
8232
7955
393
9999
8442
4810
1136
579
8549
6466
457
3546
4081
6523
7204
1707
8862
9180
6262
5015
610
6839
3210
5925
711
4116
7345
8879
10501
7224
9944
3853
1293
9059
1548
5540
1559
9538
1072
9356
2491
8827
1396
1917
318
9129
5936
2969
3516
5035
6240
85
3103
7292
2943
6157
5845
6340
602
2131
3304
1482
9394
10255
10337
6353
4511
3132
3977
10453
91
2595
2417
8414
5504
3936
3539
4370
9375
3995
3963
8611
2810
6700
7930
9145
1654
3379
8613
4825
759
4528
8665
8543
3954
9552
3346
2459
7020
2665
3123
6428
6142
5395
5887
3892
5433
6981
908
8161
2718
4949
3982
7548
1849
3842
4390
4758
9792
4497
4113
3176
7784
6104
8307
6745
9867
3755
10283
5048
3031
432
684
1109
7509
8706
3606
9626
7156
9511
463
3095
7561
2973
1235
8072
4520
9533
5520
6842
3134
6527
9704
279
6609
8299
2200
1622
6024
5095
3466
5403
4173
7536
3526
9530
3256
7036
2481
10473
4358
3020
1050
2974
9494
10099
6411
5817
9353
634
2743
7397
10256
4331
4217
6986
4228
3923
2110
192
7827
3266
453
8381
5352
4359
8735
8030
8523
4786
6223
2089
5248
705
7061
7022
1847
9483
1362
8584
896
4276
9342
1247
578
8698
6431
8781
9297
2057
4327
7349
8538
3973
9089
8200
9889
1345
7031
7451
1300
1190
3729
1912
9581
7374
2942
5675
9777
6712
10157
5250
7299
6097
3794
7133
2867
4485
36
5988
6925
9510
1305
8369
9118
5199
8869
9517
10248
6572
4495
6645
9
9599
5190
365
5357
170
8527
6265
9281
8293
2533
1835
2956
7044
10400
196
8054
7404
3659
8787
9973
9358
8045
511
5238
3453
2358
9613
2832
743
4178
1438
4802
7469
2735
5397
9348
8507
2635
6698
6075
5494
10561
820
9865
8575
6746
204
6658
3457
8836
8375
5735
7060
2304
6632
2049
4803
9970
7669
4583
2091
941
4474
343
10536
5249
3358
1875
9647
1113
10098
7544
7211
4039
2976
1444
5370
10187
5863
8741
9015
9232
8472
5967
4970
1446
4400
9847
8263
5961
10208
10511
4442
4271
5398
2407
7440
9924
1274
9572
7430
549
10370
3901
5114
4591
269
3751
6301
4499
7888
9938
851
6243
6490
10250
129
2033
6896
3961
10282
4459
4876
8303
4903
8333
1315
4943
3505
8015
10006
9984
2754
5294
5244
7597
4673
3052
9741
295
10429
1656
2971
1571
185
2349
4927
8061
840
6181
9771
5871
8344
8004
4847
6613
431
3588
4101
10060
6623
6438
2077
8728
6729
164
8670
4543
1245
2413
9780
3078
2675
10587
1348
134
1387
2123
977
7794
1078
8461
2766
2780
8031
5711
5859
8932
7779
7671
1862
3800
3125
4565
310
5853
5514
10306
3216
2152
1503
1335
9470
2306
3885
4067
8201
9081
6704
8522
10525
2457
2706
9057
2966
4546
7868
7425
6945
466
8251
1269
9522
325
1027
7611
7609
10422
5682
811
1652
233
5434
4031
6692
3965
855
4343
3316
9597
4355
9505
6948
2233
10055
10298
9623
8278
3
6152
1595
1316
5261
5664
5465
9305
7070
869
8135
1553
7811
964
3353
3428
10461
8515
5972
10398
5136
7286
2044
4773
4130
6943
8638
10468
7380
5383
4661
2183
957
388
3789
5930
3467
10102
4650
1620
3199
6827
4859
5293
9421
5126
2850
9497
2669
1949
8144
7293
5426
7346
1337
10588
1498
5278
5160
5440
7232
2380
7347
3563
156
6544
5245
6320
6057
3010
5121
7804
5414
9545
574
4797
7316
425
3015
8117
4713
276
3389
2717
9720
6107
1465
5108
2188
4554
4916
1169
1041
4667
886
270
7934
3605
8883
4506
4636
6802
7110
699
9146
8284
3553
8235
1162
7264
1607
8363
5312
1140
3991
9806
4685
7563
7132
118
10030
3168
1251
6575
10550
3814
2993
3370
4414
9136
10343
4834
7861
7470
778
7992
1643
4102
6056
5185
3386
4079
3723
5474
8473
525
5046
4021
3099
2025
6373
4231
5164
1833
7843
9950
5751
10579
6651
1015
6424
8001
6047
2202
1092
3028
9957
5439
7978
6012
223
3881
9216
9404
3323
6810
7494
1777
6144
7535
4987
8464
6109
719
6083
6954
1205
6838
9155
3503
3306
8466
6284
6210
237
4241
4396
40
9152
7164
4344
2207
6136
9440
67
7640
6662
2597
3064
8370
6275
5613
6149
289
5135
78
1713
82
6652
1350
1486
2928
1980
148
1969
3169
5411
8085
2730
2476
7148
10001
9887
130
7705
710
3267
10345
9892
5536
4699
1802
736
1975
9328
3498
3427
9656
2531
7506
10082
1644
10606
9714
8903
6260
7703
83
10493
6580
4286
768
8273
2037
2203
6497
4863
8026
208
315
2796
7468
3017
6065
7344
5442
4461
838
6365
3641
927
554
9235
7846
4440
7049
248
3748
5720
7624
7460
542
3413
1525
4040
9884
5839
6032
5718
5309
3835
1708
3273
10314
5857
8979
324
6693
2632
161
5760
771
10564
2267
6371
4951
3173
2411
8214
7024
3321
10610
2926
3763
10363
6094
6978
7479
4838
3195
8697
7850
3742
5868
7186
3730
4619
445
8267
394
1697
8950
9629
8046
6416
939
4777
3029
623
427
4087
3190
6960
6764
355
6029
7498
7252
823
2530
5556
2763
566
6886
7848
4654
7274
8295
6271
7667
5978
1866
6467
10156
8291
5934
6515
2866
9708
5919
9154
2436
10335
1987
7311
2264
1934
7436
674
9650
5385
5086
6484
8383
80
6967
2876
5025
296
3834
591
5510
4763
5507
10577
3371
8194
4275
6227
3695
3480
565
1033
4569
6735
1592
10199
6128
9501
10428
9133
7259
6263
330
3540
9723
3673
7855
6493
952
1258
4314
5931
6947
452
5686
8504
1215
7789
2255
7462
3857
8406
4015
10450
8963
883
2373
1204
2270
2808
4496
5296
9730
5281
5952
4739
6792
7268
7192
6569
5492
5098
2872
4084
3554
8003
3340
8345
887
9110
4983
8768
7145
3866
4165
4925
10119
10163
5779
770
9526
1127
8380
8631
10021
261
4446
1380
8083
4170
10584
921
5946
122
10399
7116
1537
3325
5635
5234
3792
1493
6412
2150
6312
6472
8125
439
1073
4872
4107
4334
9258
1761
6754
2251
4663
7974
5142
2235
2135
1962
7673
1979
2145
9574
7587
7023
4989
5388
9839
4640
9725
7227
8634
10376
1510
10523
5950
3578
2592
4734
1360
2535
4250
160
10448
2727
10052
4589
3385
8076
7142
9088
7551
3202
2825
8088
7226
8245
5214
10342
3394
9212
2391
3989
9474
3848
5424
45
3749
9183
10420
1635
8266
824
1425
205
9065
6407
9717
7600
5503
826
6465
9663
573
5541
5761
4753
7115
342
8913
8382
4447
5295
8260
1405
3700
8479
5873
3604
7294
6577
2911
4534
6508
4003
4367
1453
5096
3758
6089
8315
9292
3960
8508
3359
5072
9617
6541
8174
7021
9641
7513
5241
5132
6726
5348
3916
3238
10497
9959
10592
5606
8254
10553
2891
6391
7125
3297
1948
1609
1904
3716
9252
4349
1976
10151
8495
4795
907
7738
4547
5163
1142
3785
701
8374
10620
3146
6629
998
2870
4582
1228
4599
9529
2913
752
3287
6990
8173
291
4999
5530
3003
10070
293
9689
4484
2460
8593
2011
7737
3922
4929
3180
3456
1952
9448
3631
7555
4391
5665
9121
9805
4890
5731
6751
3839
697
1456
2795
4503
3189
652
9040
1160
2543
9179
2339
8501
3083
4877
5478
405
5835
7090
3320
5787
507
3090
6672
8692
10613
3247
2816
2729
10570
6027
10556
7358
3089
2359
5854
6482
8860
2626
10308
6063
8695
8968
7471
5621
7323
874
629
708
2453
3086
9473
8215
9455
302
8874
7147
8658
5193
6052
1628
2667
4500
9553
3244
1890
3203
5040
1541
4284
7757
7889
7170
6955
8876
938
5460
5994
4738
7003
4617
3852
894
7960
347
9064
10554
9112
4255
6480
3088
9688
662
9590
8645
419
8803
3658
105
4174
10181
109
4171
5640
1584
2831
8961
9863
8312
4409
4714
4024
1029
7809
9541
5330
4381
9724
8322
7642
4642
5369
9301
1626
6314
6358
7626
1630
5262
3349
2142
2719
2246
10315
7283
5721
3946
8846
2432
5771
1038
5062
9646
1181
2012
7554
3746
9983
3964
3163
8561
1049
2175
6585
410
4817
2496
1716
8512
478
2874
266
10138
10201
5455
7041
3081
242
9077
2560
2479
1021
283
10361
2558
5157
2379
3381
1014
5703
4864
5029
3225
5916
663
7821
9812
10436
9814
6092
1306
7727
5390
1946
1180
4408
9148
5592
5907
7331
8537
2060
6081
44
575
9175
2140
10423
10266
5948
4399
7652
1893
7261
8563
4669
9785
994
7739
3223
7853
10275
8720
309
10186
3449
5865
3566
9955
10212
9457
4731
6360
5068
2819
3776
1861
1885
7071
2583
5947
8808
3218
3424
9053
1852
6451
10367
6587
1840
8791
2711
8792
693
567
3334
9450
7398
6921
7983
5413
3637
2962
4645
1490
4959
1947
8443
9198
829
7780
9130
9699
7869
1938
6552
2769
4883
4220
442
4491
1165
6860
4788
6991
7968
6526
5462
638
9586
4683
9763
2639
443
6922
6328
2641
4595
696
7314
2058
3720
7902
5120
144
3469
1240
6513
10438
1057
6649
9102
8747
2885
6245
6563
8195
6141
1653
740
3841
5809
1577
8099
6519
2691
3221
2029
10200
1448
3075
5009
5619
5976
7512
7928
1129
1294
7862
7026
2385
6118
268
10377
6722
510
8902
4868
10223
7926
1586
1284
3602
10290
1737
2321
5656
462
10029
10289
225
4269
2793
6887
1944
8548
8271
615
1772
2888
9162
1326
4010
1913
1163
9486
264
2945
5793
3130
2607
6179
3149
5956
5140
1539
8459
1623
4879
4418
7911
4740
6894
1576
8239
2899
10611
2728
3240
6168
9471
7591
2371
7711
