1.1359999179840088,0.9890000820159912,1.128000259399414
1.084999918937683,0.9940000772476196,1.1280001401901245
1.2480000257492065,0.9950000643730164,1.1279995441436768
1.1299999952316284,0.9910001158714294,1.1280001401901245
1.037000060081482,0.9950000643730164,1.1279999017715454
1.0890001058578491,0.9950000643730164,1.1280001401901245
1.0790001153945923,0.9950000643730164,1.1279999017715454
1.1820000410079956,0.9910000562667847,1.1280001401901245
1.468999981880188,0.987000048160553,1.1279999017715454
1.102000117301941,0.9950000643730164,1.1279996633529663
1.5150001049041748,0.9890000820159912,1.128000020980835
1.3010001182556152,0.9900000691413879,1.128000020980835
1.28600013256073,0.9900001287460327,1.128000020980835
1.0829999446868896,0.9950000643730164,1.1279997825622559
1.065999984741211,0.9950000643730164,1.1279996633529663
1.1110000610351562,0.9900000095367432,1.1280001401901245
1.061000108718872,0.9950000643730164,1.1279997825622559
1.067000150680542,0.9950000643730164,1.128000259399414
1.1169999837875366,0.9950000643730164,1.1279999017715454
1.0609999895095825,0.9950000643730164,1.128000020980835
1.0649999380111694,0.9950000643730164,1.1280001401901245
1.1660000085830688,0.9940000772476196,1.128000020980835
1.0689998865127563,0.9950000643730164,1.128000020980835
1.057999849319458,0.9950000643730164,1.128000259399414
1.0609999895095825,0.9910000562667847,1.1279999017715454
1.027999997138977,0.9950000643730164,1.1279999017715454
1.0619999170303345,0.9900001287460327,1.128000020980835
1.0509999990463257,0.9950000643730164,1.128000020980835
1.031000018119812,0.9950000643730164,1.1279997825622559
1.0579999685287476,0.9910001158714294,1.1279997825622559
1.0390000343322754,0.9950000643730164,1.1279997825622559
1.0320000648498535,0.9950000643730164,1.1279997825622559
