1.099000096321106,0.9910001158714294,3.0000052452087402
1.1929999589920044,0.9910001158714294,2.999992609024048
1.9819999933242798,0.9779999852180481,2.9999914169311523
1.2549998760223389,0.9930000901222229,3.0000016689300537
1.222999930381775,0.9920001029968262,2.999995470046997
1.2020000219345093,0.9900000095367432,3.0000054836273193
1.149999976158142,0.9900000691413879,3.0000016689300537
1.154999852180481,0.9920000433921814,3.0000057220458984
1.2329999208450317,0.9909999966621399,3.0000059604644775
1.2750000953674316,0.9860000610351562,3.0000035762786865
1.1149998903274536,0.9879999756813049,3.0000059604644775
1.2750000953674316,0.9900001287460327,3.0000009536743164
1.4779999256134033,0.9900001287460327,3.000002861022949
1.2919999361038208,0.9850000143051147,3.0000061988830566
1.312000036239624,0.987000048160553,2.9999969005584717
5.133000373840332,0.9409999847412109,3.00000262260437
1.3599998950958252,0.9930000901222229,3.000002384185791
1.0660001039505005,0.9950000643730164,3.0000064373016357
1.2379999160766602,0.9900000691413879,3.0000014305114746
1.059999942779541,0.9950000643730164,3.0000057220458984
1.0529999732971191,0.9960000514984131,3.0000054836273193
1.100000023841858,0.9950000643730164,3.0000057220458984
1.0950000286102295,0.9940000772476196,3.0000011920928955
1.2300001382827759,0.9950000643730164,2.999997138977051
1.0839998722076416,0.9940000772476196,3.0000052452087402
2.8470003604888916,0.968999981880188,3.000002861022949
1.2300000190734863,0.987000048160553,3.000002145767212
1.2350000143051147,0.9880000948905945,3.0000014305114746
1.3259999752044678,0.9910000562667847,2.9999961853027344
1.4739999771118164,0.9839999675750732,3.0000014305114746
1.0820000171661377,0.9930000901222229,3.0000052452087402
1.5410000085830688,0.9900000691413879,2.9999983310699463
1.4739999771118164,0.9860000610351562,2.9999969005584717
3.1010000705718994,0.968999981880188,2.9999940395355225
1.6719999313354492,0.9859999418258667,2.999990940093994
1.9210001230239868,0.981999933719635,3.0
2.6670000553131104,0.9719999432563782,2.9999983310699463
1.1990001201629639,0.9900001287460327,3.0000054836273193
1.2410000562667847,0.9900001287460327,3.0000011920928955
2.198000192642212,0.9669999480247498,2.9999990463256836
2.0410001277923584,0.9749999642372131,2.9999914169311523
1.1929999589920044,0.9900000095367432,3.0000014305114746
2.2890000343322754,0.9769999980926514,2.999995470046997
1.1940001249313354,0.9909999966621399,3.0000057220458984
1.2109999656677246,0.9900000691413879,2.9999969005584717
4.174999713897705,0.9460000395774841,3.0000011920928955
1.1710000038146973,0.9910001158714294,3.0000057220458984
1.1419999599456787,0.9940000772476196,3.0000057220458984
1.190999984741211,0.9930000901222229,2.999988317489624
1.309999942779541,0.98499995470047,2.9999966621398926
1.096000075340271,0.9950000643730164,3.0000059604644775
1.065000057220459,0.9930000305175781,3.0000059604644775
1.9999998807907104,0.9700000286102295,3.000002861022949
1.2310000658035278,0.9869999885559082,3.0000057220458984
1.3149999380111694,0.987000048160553,2.9999969005584717
1.346000075340271,0.9880000352859497,3.0000038146972656
1.1589999198913574,0.9930000305175781,3.000005006790161
1.0709999799728394,0.9950000643730164,3.0000059604644775
1.3060001134872437,0.9890000224113464,3.000004291534424
1.0299999713897705,0.9950000643730164,3.000004768371582
1.3190001249313354,0.9850000143051147,3.0000011920928955
1.7020000219345093,0.9860000610351562,2.9999969005584717
1.3240001201629639,0.9880000352859497,2.9999969005584717
1.2619999647140503,0.9930000901222229,3.000004291534424
1.3089998960494995,0.9850000143051147,3.0000057220458984
1.2089999914169312,0.9940000772476196,2.999992847442627
1.1640000343322754,0.9940000772476196,3.0000011920928955
1.9249999523162842,0.9850000143051147,2.9999969005584717
1.3600000143051147,0.9900000095367432,3.0000014305114746
1.0829998254776,0.9960000514984131,3.0000061988830566
1.0490000247955322,0.9960000514984131,3.0000052452087402
1.1949999332427979,0.9950000643730164,2.999990701675415
1.2030000686645508,0.9900000095367432,3.0000059604644775
1.2540000677108765,0.9860000610351562,3.0000009536743164
1.1729998588562012,0.9950000643730164,3.000002861022949
1.2380000352859497,0.9930000901222229,2.999988079071045
1.621999979019165,0.987000048160553,2.9999990463256836
1.1339999437332153,0.9890000224113464,2.9999969005584717
1.0870000123977661,0.9940000772476196,2.9999966621398926
1.3010001182556152,0.9930000305175781,2.999999523162842
1.3380001783370972,0.9900001287460327,2.999997138977051
1.1600000858306885,0.9960000514984131,3.0000052452087402
1.1380000114440918,0.9930000901222229,3.0000057220458984
1.190999984741211,0.9960000514984131,2.999992847442627
1.3140000104904175,0.98499995470047,3.0000011920928955
1.938000202178955,0.9790000319480896,2.999987840652466
1.0989999771118164,0.9950000643730164,3.0000059604644775
1.3189998865127563,0.9909999966621399,3.0000011920928955
1.1910001039505005,0.9950000643730164,3.0000038146972656
1.066999912261963,0.9960000514984131,3.0000059604644775
1.2139999866485596,0.9920000433921814,3.000004291534424
1.1359999179840088,0.9930000305175781,3.0000064373016357
1.096000075340271,0.9950000643730164,3.0000061988830566
1.0319998264312744,0.9950000643730164,3.0000052452087402
1.3040000200271606,0.9900000691413879,2.9999969005584717
1.2310000658035278,0.9910001158714294,2.999992609024048
1.1130000352859497,0.9950000643730164,3.0000052452087402
1.128000020980835,0.9950000643730164,3.0000059604644775
1.225000023841858,0.9880000352859497,3.0000061988830566
1.0529999732971191,0.9950000643730164,3.0000057220458984
1.2269999980926514,0.9839999675750732,3.0000057220458984
1.218999981880188,0.9869999885559082,3.0000057220458984
1.2850000858306885,0.98499995470047,2.999997138977051
1.6050000190734863,0.9779999852180481,2.999992609024048
1.1319999694824219,0.9910001158714294,3.0000054836273193
1.5019999742507935,0.9799999594688416,2.999992609024048
3.7990002632141113,0.9750000238418579,2.9999966621398926
1.7360000610351562,0.9769999980926514,3.000001907348633
1.1309999227523804,0.9920001029968262,3.0000054836273193
1.3959999084472656,0.9890000224113464,2.999999523162842
1.2880001068115234,0.9930000901222229,3.000002145767212
1.0700000524520874,0.9940000772476196,3.0000016689300537
1.2210001945495605,0.9900000095367432,3.0000014305114746
1.2969999313354492,0.9880000352859497,2.9999992847442627
1.125,0.9920001029968262,3.0000059604644775
1.152999997138977,0.9940000772476196,3.0000057220458984
1.2680000066757202,0.9890000820159912,3.000004291534424
1.5670000314712524,0.9849998950958252,2.999997615814209
1.570000171661377,0.9849998950958252,2.9999969005584717
1.0700000524520874,0.9960000514984131,3.0000054836273193
1.340000033378601,0.9910001158714294,3.0000040531158447
1.3030000925064087,0.9860000610351562,2.999995708465576
1.4660000801086426,0.9820000529289246,2.999999761581421
1.1120001077651978,0.9930000901222229,3.0000052452087402
1.9570000171661377,0.9709999561309814,2.9999923706054688
1.3859999179840088,0.9850000143051147,3.000005006790161
1.3380001783370972,0.9950000643730164,2.999995231628418
2.36299991607666,0.9839999079704285,2.999997138977051
2.36899995803833,0.981999933719635,2.999990940093994
1.1369999647140503,0.9950000643730164,2.9999969005584717
1.1419999599456787,0.9930000901222229,3.0000009536743164
1.5540001392364502,0.984000027179718,2.999997138977051
1.6730000972747803,0.9860000014305115,2.9999935626983643
2.6100001335144043,0.9700000286102295,2.999987840652466
1.2380000352859497,0.9890000224113464,2.9999966621398926
1.196000099182129,0.987000048160553,3.0000057220458984
1.7369999885559082,0.9760000109672546,3.0000054836273193
1.2790000438690186,0.9910000562667847,2.999992609024048
1.3320000171661377,0.9839999675750732,3.0000011920928955
1.3450000286102295,0.9849998950958252,3.0000014305114746
1.3489999771118164,0.9859999418258667,3.0000011920928955
1.193000078201294,0.9950000643730164,3.0000057220458984
1.3880001306533813,0.9900000095367432,3.0000009536743164
1.5130000114440918,0.9930000901222229,2.999995470046997
1.3869999647140503,0.9820000529289246,3.00000262260437
1.5040000677108765,0.9869999885559082,3.000004768371582
1.3020000457763672,0.9880000352859497,3.0000059604644775
1.0870000123977661,0.9930000901222229,3.0000054836273193
1.5959999561309814,0.9819999933242798,2.999995708465576
1.1119998693466187,0.9940000772476196,3.0000057220458984
1.290000081062317,0.9900000691413879,3.000004291534424
1.221000075340271,0.9920001029968262,3.000004291534424
1.1029999256134033,0.9960000514984131,3.0000052452087402
1.2690000534057617,0.9960000514984131,2.999988555908203
1.3529998064041138,0.987000048160553,3.0000061988830566
1.1439999341964722,0.9920000433921814,3.0000057220458984
1.1119999885559082,0.9930000901222229,3.0000057220458984
1.1349999904632568,0.9940000772476196,3.000005006790161
1.215000033378601,0.9860000014305115,3.0000011920928955
1.2130000591278076,0.9850000143051147,3.0000057220458984
1.349000096321106,0.9839999675750732,3.0000016689300537
1.5420000553131104,0.9790000319480896,2.9999992847442627
1.2689999341964722,0.9860000610351562,2.9999966621398926
1.1750000715255737,0.9890000820159912,2.999997138977051
1.1610000133514404,0.9880000352859497,3.0000054836273193
1.4769999980926514,0.9789999723434448,3.0000016689300537
1.540000081062317,0.9829999804496765,3.000002861022949
1.3700001239776611,0.9819999933242798,3.0000009536743164
1.3530000448226929,0.9910000562667847,2.999992609024048
1.3330001831054688,0.9839999675750732,2.999992609024048
1.102000117301941,0.9930000305175781,3.0000061988830566
1.062000036239624,0.9960000514984131,3.0000057220458984
1.1389999389648438,0.9950000643730164,2.999997615814209
1.1230000257492065,0.9940000772476196,3.0000059604644775
1.1400001049041748,0.9930000901222229,3.0000059604644775
1.4160001277923584,0.9819999933242798,2.999999761581421
1.2510000467300415,0.9900000095367432,3.0000040531158447
1.222000002861023,0.9839999675750732,3.0000061988830566
1.3330000638961792,0.9799999594688416,3.0000016689300537
1.0920000076293945,0.9950000643730164,3.0000061988830566
1.444000005722046,0.9900000691413879,2.9999983310699463
1.068000078201294,0.9950000643730164,3.0000057220458984
1.055999994277954,0.9930000901222229,3.0000054836273193
1.1480000019073486,0.9890000224113464,3.0000009536743164
1.2120000123977661,0.9880000352859497,3.000000476837158
1.7850000858306885,0.9829999804496765,3.00000262260437
1.0820001363754272,0.9909999966621399,3.0000052452087402
1.1589999198913574,0.9920001029968262,3.0000057220458984
1.2160000801086426,0.9860000014305115,3.0000057220458984
1.4940000772476196,0.9830000400543213,3.0000054836273193
1.2389999628067017,0.9930000305175781,3.0000011920928955
1.8990000486373901,0.9769999980926514,3.0000040531158447
1.1280001401901245,0.9930000901222229,3.0000057220458984
1.5429999828338623,0.9830000400543213,2.9999923706054688
1.13100004196167,0.9950000643730164,3.0000014305114746
1.1169999837875366,0.9960000514984131,2.9999966621398926
1.6480000019073486,0.9779999256134033,3.00000262260437
1.1100000143051147,0.9930000901222229,3.0000057220458984
1.5490000247955322,0.9869999289512634,3.0000038146972656
1.690000057220459,0.9849998950958252,3.000004529953003
1.8280000686645508,0.9859999418258667,3.000000238418579
1.2090001106262207,0.9860000014305115,3.0000059604644775
1.4550001621246338,0.9809999465942383,3.0000040531158447
1.3849999904632568,0.9780000448226929,3.0000052452087402
1.090000033378601,0.9920000433921814,3.0000057220458984
1.277000069618225,0.9940000772476196,2.9999921321868896
1.1770000457763672,0.9920000433921814,3.0000059604644775
1.059999942779541,0.9940000772476196,3.000005006790161
1.0409998893737793,0.9960000514984131,3.0000057220458984
2.8960001468658447,0.9739999771118164,2.999995708465576
2.430000066757202,0.9849998950958252,2.9999992847442627
1.100000023841858,0.9940000772476196,2.9999966621398926
1.308000087738037,0.9839999675750732,3.0000054836273193
1.100000023841858,0.9910001158714294,3.0000057220458984
1.1469999551773071,0.9920000433921814,3.0000057220458984
1.4980000257492065,0.9709999561309814,3.0000059604644775
1.1340000629425049,0.9910000562667847,3.0000057220458984
1.2380000352859497,0.9930000901222229,2.999992609024048
1.3339998722076416,0.9829999804496765,2.999987840652466
1.318000078201294,0.9940000772476196,2.9999964237213135
1.1980000734329224,0.9900000691413879,3.0000054836273193
1.1710001230239868,0.9930000901222229,3.0000011920928955
1.1130001544952393,0.9910001158714294,3.0000057220458984
1.3849999904632568,0.9880000352859497,2.9999966621398926
1.4229999780654907,0.9809999465942383,2.9999923706054688
1.1770001649856567,0.9900000095367432,3.0000052452087402
1.1679999828338623,0.9880000948905945,3.0000059604644775
1.156000018119812,0.9930000901222229,3.0000057220458984
1.1260000467300415,0.9910000562667847,3.0000054836273193
1.2620000839233398,0.9860000014305115,3.0000016689300537
1.1380001306533813,0.9910000562667847,2.9999966621398926
1.102000117301941,0.9950000643730164,3.0000057220458984
1.2309999465942383,0.9860000610351562,3.0000059604644775
1.2609999179840088,0.9869999289512634,3.0000054836273193
1.4819999933242798,0.9909999966621399,2.999997138977051
1.337999939918518,0.9880000352859497,2.9999988079071045
2.1700000762939453,0.9839999675750732,2.999997138977051
1.1069999933242798,0.9930000901222229,3.0000054836273193
1.1080000400543213,0.9890000820159912,3.0000064373016357
1.1990000009536743,0.98499995470047,3.0000014305114746
1.444000005722046,0.9879999756813049,3.00000262260437
1.3940000534057617,0.9920001029968262,2.9999988079071045
1.3299998044967651,0.9930000901222229,2.9999938011169434
1.0889999866485596,0.9920001029968262,3.0000054836273193
1.0750000476837158,0.9930000305175781,3.0000057220458984
1.0499999523162842,0.9940000772476196,3.000005006790161
1.1560001373291016,0.9860000014305115,3.000005006790161
1.4320000410079956,0.9819999933242798,3.0000011920928955
1.090999960899353,0.9880000352859497,3.000004768371582
1.159999966621399,0.9910000562667847,3.0000064373016357
1.068000078201294,0.9920000433921814,3.0000054836273193
1.1160000562667847,0.9910000562667847,3.0000061988830566
1.4800001382827759,0.9739999771118164,3.0000009536743164
1.1050000190734863,0.9920001029968262,3.0000059604644775
1.2570000886917114,0.9869999885559082,2.9999969005584717
1.2600001096725464,0.9890000820159912,2.9999969005584717
1.3359999656677246,0.9860000610351562,2.9999959468841553
1.1630001068115234,0.9920001029968262,2.9999969005584717
1.1679999828338623,0.9850000143051147,3.0000052452087402
1.0999999046325684,0.9950000643730164,3.0000016689300537
1.1410000324249268,0.9870001077651978,3.000005006790161
1.1079999208450317,0.9910000562667847,3.0000059604644775
1.2350000143051147,0.9950000643730164,2.9999990463256836
1.4880001544952393,0.9869999885559082,2.9999990463256836
1.3619999885559082,0.9850000739097595,2.9999983310699463
1.2280000448226929,0.9910001158714294,2.999992609024048
1.093999981880188,0.9940000772476196,3.0000059604644775
1.1060001850128174,0.9930000901222229,3.0000059604644775
1.1140000820159912,0.9950000643730164,2.9999988079071045
1.2880001068115234,0.9880000352859497,3.0000038146972656
1.2980000972747803,0.9920000433921814,2.999999761581421
1.4079999923706055,0.9819999933242798,3.0000014305114746
1.1749999523162842,0.9900000095367432,3.0000061988830566
1.9749999046325684,0.968999981880188,2.999999761581421
1.1260000467300415,0.9920000433921814,3.0000057220458984
1.0420000553131104,0.9950000643730164,3.0000059604644775
1.1340000629425049,0.9940000772476196,3.0000059604644775
1.1060000658035278,0.9940000772476196,3.0000057220458984
1.3909999132156372,0.9829999804496765,3.000002145767212
2.249000072479248,0.9679999947547913,2.999995708465576
1.3650000095367432,0.9930000901222229,3.0000040531158447
1.1749999523162842,0.9940000772476196,3.0000038146972656
1.156000018119812,0.9930000901222229,3.0000059604644775
1.5889999866485596,0.9800000190734863,2.9999940395355225
1.277000069618225,0.9880000352859497,3.000004291534424
1.1039999723434448,0.9960000514984131,3.0000016689300537
1.0779998302459717,0.9960000514984131,3.0000059604644775
1.5530000925064087,0.9749999642372131,3.000005006790161
1.1149998903274536,0.9930000305175781,3.0000054836273193
1.246000051498413,0.9910000562667847,3.0000014305114746
1.253000020980835,0.9869999885559082,3.0000064373016357
1.40500009059906,0.9860000014305115,2.999999761581421
1.3600001335144043,0.9810000658035278,2.999997138977051
1.5410001277923584,0.9769999384880066,3.0000059604644775
1.0830000638961792,0.9940000772476196,3.0000052452087402
1.1970000267028809,0.9890000224113464,3.0000011920928955
1.0780000686645508,0.9910001158714294,3.0000052452087402
1.1209999322891235,0.9940000772476196,2.99999737739563
1.4219999313354492,0.9869999289512634,2.9999945163726807
2.0429999828338623,0.9679999351501465,2.9999964237213135
1.5440000295639038,0.9809999465942383,2.999999523162842
1.3560001850128174,0.9800000190734863,2.9999969005584717
1.2960000038146973,0.9940000772476196,3.0
1.2209999561309814,0.9900000691413879,3.0000054836273193
1.2440000772476196,0.9860000610351562,2.999997615814209
1.1829999685287476,0.9920001029968262,3.0000007152557373
1.2280000448226929,0.9869999885559082,3.0000057220458984
1.2839998006820679,0.9890000224113464,2.999995708465576
1.3869998455047607,0.9800000190734863,3.000002861022949
1.3330000638961792,0.9890000820159912,3.0000054836273193
1.347000002861023,0.9860000610351562,2.99999737739563
1.346000075340271,0.98499995470047,2.9999966621398926
1.5220000743865967,0.9790000319480896,3.0000033378601074
1.224000096321106,0.9900000095367432,2.999992609024048
1.2480000257492065,0.9909999966621399,3.0000014305114746
1.446000099182129,0.987000048160553,2.9999942779541016
1.0430001020431519,0.9960000514984131,3.0000057220458984
1.3579999208450317,0.9819999933242798,2.999992609024048
1.13100004196167,0.9910000562667847,3.0000059604644775
1.0859999656677246,0.9950000643730164,3.000001907348633
1.4030001163482666,0.9890000820159912,3.0000011920928955
1.2560001611709595,0.9910000562667847,2.999988079071045
1.1149998903274536,0.9920001029968262,3.0000057220458984
1.2680000066757202,0.9880000352859497,3.0000054836273193
1.1179999113082886,0.9910000562667847,3.0000007152557373
1.1419999599456787,0.9930000901222229,3.0000061988830566
1.1710001230239868,0.9920001029968262,3.0000057220458984
1.2160000801086426,0.9890000224113464,3.000005006790161
1.1320000886917114,0.9930000901222229,3.0000057220458984
1.3679999113082886,0.9900001287460327,3.0000014305114746
1.073000192642212,0.9950000643730164,3.0000011920928955
1.0959999561309814,0.9950000643730164,3.0000059604644775
1.1420000791549683,0.9930000901222229,3.0000057220458984
1.2869999408721924,0.9859999418258667,3.0000057220458984
1.0500000715255737,0.9960000514984131,3.0000059604644775
1.2310000658035278,0.9950000643730164,2.999987840652466
1.1630001068115234,0.9950000643730164,3.0000011920928955
1.2200000286102295,0.9860000014305115,3.0000057220458984
1.0619999170303345,0.9950000643730164,3.0000054836273193
1.1100000143051147,0.9940000772476196,2.9999992847442627
1.1290000677108765,0.9940000772476196,2.9999969005584717
1.062999963760376,0.9960000514984131,3.0000061988830566
1.0689998865127563,0.9930000305175781,3.000004529953003
1.5549999475479126,0.9910001158714294,2.999999523162842
1.2560001611709595,0.9960000514984131,2.9999966621398926
1.1089999675750732,0.9920000433921814,3.0000054836273193
1.1579999923706055,0.9890000224113464,3.0000064373016357
1.3429999351501465,0.9880000352859497,2.999999523162842
1.6669999361038208,0.9820000529289246,2.999998092651367
1.2389999628067017,0.9879999756813049,3.000001907348633
1.1360000371932983,0.9930000901222229,3.0000057220458984
1.2690000534057617,0.9900000095367432,2.9999935626983643
1.3559999465942383,0.9860000014305115,3.0000054836273193
1.350000023841858,0.9880000352859497,3.0000040531158447
1.0699999332427979,0.9950000643730164,3.0000057220458984
1.1010000705718994,0.9930000901222229,2.999997138977051
1.0519999265670776,0.9950000643730164,3.0000054836273193
1.3860000371932983,0.9779999256134033,2.999992609024048
1.069000005722046,0.9940000772476196,3.0000057220458984
1.097000002861023,0.9900000691413879,3.000005006790161
1.071000099182129,0.9900000095367432,3.000005006790161
1.0719999074935913,0.9920000433921814,3.0000059604644775
1.1140000820159912,0.9950000643730164,3.0000011920928955
1.1339999437332153,0.9930000305175781,2.9999969005584717
1.9339998960494995,0.9820000529289246,2.9999923706054688
1.062000036239624,0.9950000643730164,3.0000061988830566
1.059000015258789,0.9950000643730164,3.0000057220458984
2.2009999752044678,0.9780000448226929,2.9999942779541016
1.318000078201294,0.9910001158714294,2.999999523162842
1.2480000257492065,0.9920001029968262,2.999999761581421
1.2790000438690186,0.9830000400543213,3.0000059604644775
1.1169999837875366,0.9890000820159912,3.0000054836273193
1.0649999380111694,0.9920001029968262,3.0000054836273193
1.149999976158142,0.9910000562667847,3.0000014305114746
1.2740000486373901,0.98499995470047,3.0000059604644775
1.3370000123977661,0.9910001158714294,2.9999988079071045
1.0550000667572021,0.9950000643730164,3.000005006790161
1.225000023841858,0.9890000224113464,2.9999966621398926
1.091999888420105,0.9940000772476196,3.000002145767212
1.5720001459121704,0.9869999885559082,3.00000262260437
1.1209999322891235,0.9900000095367432,3.0000054836273193
1.1540000438690186,0.987000048160553,3.0000014305114746
1.065999984741211,0.9930000901222229,3.000004768371582
1.1200000047683716,0.9960000514984131,2.999997138977051
1.346000075340271,0.9900000095367432,2.9999938011169434
1.1039999723434448,0.9910000562667847,3.0000007152557373
1.08899986743927,0.9940000772476196,3.0000054836273193
1.815999984741211,0.9850000143051147,3.00000262260437
1.4509999752044678,0.984000027179718,3.0000052452087402
1.3090001344680786,0.9880000352859497,2.9999923706054688
1.1400001049041748,0.9910000562667847,3.0000059604644775
1.128000020980835,0.9900000095367432,3.0000059604644775
1.3000000715255737,0.9799999594688416,3.000001907348633
1.1770000457763672,0.9900000095367432,3.0000016689300537
1.0720000267028809,0.9950000643730164,3.0000064373016357
1.0379998683929443,0.9940000772476196,3.0000054836273193
1.0989999771118164,0.9930000901222229,3.0000059604644775
1.1750000715255737,0.9920001029968262,2.99999737739563
1.1809998750686646,0.9900000691413879,2.999992847442627
1.2050000429153442,0.9890000820159912,2.99999737739563
1.1160000562667847,0.9869999289512634,3.0000054836273193
1.2200000286102295,0.9960000514984131,2.999998092651367
1.11899995803833,0.9930000305175781,3.0000052452087402
1.1230000257492065,0.9950000643730164,3.0000057220458984
1.1050000190734863,0.9940000772476196,2.9999966621398926
1.034000039100647,0.9950000643730164,3.000004768371582
1.128999948501587,0.9920001029968262,3.000004768371582
1.1480001211166382,0.98499995470047,3.0000057220458984
1.0780000686645508,0.9930000901222229,3.0000011920928955
1.0379998683929443,0.9950000643730164,3.000005006790161
1.1260000467300415,0.9940000772476196,3.0000054836273193
1.2000000476837158,0.9879999756813049,3.0000052452087402
1.1260000467300415,0.9960000514984131,2.9999969005584717
1.1440001726150513,0.9890000224113464,3.0000052452087402
1.1510000228881836,0.9920001029968262,2.999997138977051
1.0790001153945923,0.9950000643730164,3.0000052452087402
1.3040000200271606,0.9869999289512634,2.9999964237213135
1.0649999380111694,0.9960000514984131,3.0000057220458984
1.053999900817871,0.9940000772476196,3.0000057220458984
1.1959999799728394,0.9900001287460327,3.0000052452087402
1.1460000276565552,0.9920000433921814,3.0000054836273193
1.2039999961853027,0.9950000643730164,2.999998092651367
1.1069999933242798,0.9910000562667847,2.999997138977051
1.1690000295639038,0.9930000901222229,2.999995231628418
1.0540000200271606,0.9950000643730164,3.0000057220458984
1.11899995803833,0.9910000562667847,3.0000057220458984
1.1769999265670776,0.9920001029968262,3.0000016689300537
1.4010001420974731,0.9829999804496765,2.999997854232788
1.0429999828338623,0.9960000514984131,3.0000052452087402
1.178999900817871,0.9910000562667847,2.999995231628418
1.1970000267028809,0.9910001158714294,3.0000009536743164
1.1319999694824219,0.9910000562667847,3.0000054836273193
1.1390000581741333,0.9920001029968262,2.999997138977051
1.13100004196167,0.9890000820159912,2.999997138977051
1.277999997138977,0.9840000867843628,2.9999966621398926
1.306999921798706,0.9890000224113464,2.999998092651367
1.187000036239624,0.9850000739097595,3.000005006790161
1.1059999465942383,0.9900000691413879,3.0000054836273193
1.0859999656677246,0.9930000901222229,3.0000061988830566
1.152999997138977,0.9890000224113464,3.000005006790161
1.222000002861023,0.9900000691413879,3.0000057220458984
1.0720000267028809,0.9940000772476196,3.0000061988830566
1.1419999599456787,0.9920000433921814,2.9999964237213135
1.13100004196167,0.9950000643730164,3.0000059604644775
1.1099998950958252,0.9950000643730164,3.0000016689300537
1.0880000591278076,0.9930000901222229,3.0000054836273193
1.093000054359436,0.9900000691413879,3.0000057220458984
1.0509999990463257,0.9940000772476196,3.000004768371582
1.1190000772476196,0.9930000901222229,2.999997138977051
1.0929999351501465,0.9930000901222229,3.0000059604644775
1.2289999723434448,0.9879999756813049,2.999992609024048
1.2519999742507935,0.9870001077651978,2.9999992847442627
1.1170001029968262,0.9900000691413879,2.9999969005584717
1.055999994277954,0.9950000643730164,3.0000057220458984
1.1460000276565552,0.9880000352859497,2.9999969005584717
1.090999960899353,0.9950000643730164,3.0000057220458984
1.1660000085830688,0.9890000820159912,3.0000014305114746
1.3160001039505005,0.9900001287460327,3.000000476837158
1.0460000038146973,0.9960000514984131,3.000004768371582
1.1009999513626099,0.9889999628067017,3.0000052452087402
1.151999831199646,0.9890000820159912,3.0000059604644775
1.1610000133514404,0.9890000224113464,3.0000059604644775
1.0809999704360962,0.9930000901222229,3.0000054836273193
1.0860000848770142,0.9910001158714294,3.0000057220458984
1.0839998722076416,0.9930000901222229,3.0000059604644775
1.0899999141693115,0.9930000901222229,3.0000061988830566
1.1119999885559082,0.9940000772476196,3.0000057220458984
1.059999942779541,0.9940000772476196,3.0000059604644775
1.0559998750686646,0.9940000772476196,3.000005006790161
1.1990000009536743,0.9890000820159912,3.0000059604644775
1.0489999055862427,0.9940000772476196,3.000005006790161
1.1890000104904175,0.9900001287460327,2.9999966621398926
1.1980000734329224,0.9880000948905945,3.0000009536743164
1.0729999542236328,0.9930000305175781,3.000005006790161
1.0719999074935913,0.9940000772476196,3.0000011920928955
1.1190000772476196,0.9900000691413879,3.0000054836273193
1.0929999351501465,0.9950000643730164,2.999999523162842
1.1150000095367432,0.9910000562667847,3.0000057220458984
1.062999963760376,0.9950000643730164,3.0000057220458984
1.0619999170303345,0.9950000643730164,3.0000054836273193
1.0759999752044678,0.9890000820159912,3.0000052452087402
1.1080000400543213,0.9900001287460327,3.0000052452087402
1.061000108718872,0.9950000643730164,3.0000054836273193
1.0839999914169312,0.9900001287460327,3.000004768371582
1.0870000123977661,0.9890000224113464,3.0000052452087402
1.1419999599456787,0.9900000691413879,3.000005006790161
1.0609999895095825,0.9960000514984131,3.000005006790161
1.1379998922348022,0.9940000772476196,3.0000054836273193
1.0969998836517334,0.9890000224113464,3.0000057220458984
1.0320000648498535,0.9950000643730164,3.0000052452087402
1.028999924659729,0.9940000772476196,3.0000052452087402
1.0830000638961792,0.9940000772476196,3.0000054836273193
1.071000099182129,0.9950000643730164,3.000005006790161
1.218999981880188,0.9950000643730164,2.99999737739563
1.0379999876022339,0.9950000643730164,3.0000057220458984
1.03600013256073,0.9950000643730164,3.000004768371582
1.1359999179840088,0.9869999885559082,3.0000059604644775
1.0149999856948853,0.9960000514984131,3.0000052452087402
1.0609999895095825,0.9920001029968262,3.000000238418579
1.0440001487731934,0.9920000433921814,3.000004768371582
