461
134
206
256
342
433
438
280
332
285
54
407
526
477
207
143
133
365
417
189
372
226
46
362
451
326
119
503
148
513
192
257
343
174
243
300
373
252
191
71
264
153
527
470
289
22
253
27
194
158
282
504
0
274
80
146
345
82
448
177
496
336
452
268
449
295
459
105
309
265
167
190
474
210
440
411
147
500
469
66
37
471
56
447
106
33
302
330
48
3
26
315
393
136
275
286
123
464
385
338
57
423
516
361
404
304
306
130
203
205
341
224
215
301
225
242
351
186
488
223
109
422
524
200
7
349
340
67
86
180
154
320
229
95
69
322
457
113
357
291
509
131
379
166
431
437
388
413
255
161
492
366
283
68
63
522
507
163
141
410
214
505
35
52
23
245
60
270
515
395
521
491
311
50
151
446
374
439
165
396
13
176
316
103
159
64
443
15
102
512
490
346
83
70
156
100
421
376
107
442
61
520
472
519
287
436
44
390
487
175
195
510
432
380
135
479
263
481
231
74
430
169
392
29
84
273
347
290
278
429
101
401
62
412
266
230
181
17
424
160
465
90
317
292
116
354
462
20
288
14
482
402
219
378
355
501
31
494
254
400
202
126
419
284
198
249
323
96
511
183
363
425
360
441
197
334
375
384
434
125
333
350
9
478
199
137
94
377
139
335
403
32
389
305
40
93
24
172
244
386
312
272
307
115
525
508
485
92
222
475
235
359
480
212
55
132
518
213
339
91
499
506
344
299
466
38
188
88
171
258
99
155
187
112
178
397
476
122
248
128
196
30
65
294
260
104
387
493
405
81
324
406
89
49
381
358
8
369
78
18
42
368
514
420
314
296
138
193
152
445
261
220
34
140
185
234
348
473
269
211
297
276
21
227
251
114
409
28
460
51
77
2
319
415
108
303
