1.0870000123977661,0.9890000820159912,1.128000259399414
1.0679998397827148,0.9940000772476196,1.128000020980835
1.2269999980926514,0.9950000643730164,1.1279996633529663
1.125,0.9910001158714294,1.1280001401901245
1.0320000648498535,0.9950000643730164,1.128000020980835
1.0790001153945923,0.9950000643730164,1.1280001401901245
1.0700000524520874,0.9950000643730164,1.1279999017715454
1.1440000534057617,0.9910000562667847,1.1280001401901245
1.3869999647140503,0.987000048160553,1.1280001401901245
1.0880000591278076,0.9950000643730164,1.1279995441436768
1.445000171661377,0.9890000820159912,1.1279997825622559
1.2670000791549683,0.9900000691413879,1.1279997825622559
1.2600001096725464,0.9900001287460327,1.128000020980835
1.059000015258789,0.9950000643730164,1.1279997825622559
1.0489999055862427,0.9950000643730164,1.1279997825622559
1.1080001592636108,0.9900000095367432,1.1280001401901245
1.0490001440048218,0.9950000643730164,1.1279997825622559
1.0460001230239868,0.9950000643730164,1.128000259399414
1.084999918937683,0.9950000643730164,1.1279999017715454
1.0540000200271606,0.9950000643730164,1.128000020980835
1.0579999685287476,0.9950000643730164,1.128000259399414
1.062999963760376,0.9940000772476196,1.128000020980835
1.051999807357788,0.9950000643730164,1.128000020980835
1.0519999265670776,0.9950000643730164,1.128000259399414
1.0550000667572021,0.9910000562667847,1.1279999017715454
1.0269999504089355,0.9950000643730164,1.1279999017715454
1.0419999361038208,0.9900001287460327,1.128000020980835
1.0399999618530273,0.9950000643730164,1.128000020980835
1.03000009059906,0.9950000643730164,1.1279997825622559
1.0470000505447388,0.9910001158714294,1.1279997825622559
1.027000069618225,0.9950000643730164,1.1279997825622559
1.0280001163482666,0.9950000643730164,1.1279997825622559
