1.099000096321106,0.9910001158714294,3.0000052452087402
1.1920000314712524,0.9910001158714294,2.9999923706054688
2.069000005722046,0.9769999980926514,2.9999914169311523
1.2549998760223389,0.9930000901222229,3.0000016689300537
1.222999930381775,0.9920001029968262,2.999995470046997
1.1999999284744263,0.9900000095367432,3.0000057220458984
1.1489999294281006,0.9900000691413879,2.99999737739563
1.150999903678894,0.9920000433921814,3.0000057220458984
1.2429999113082886,0.9900000095367432,3.0000057220458984
1.2720000743865967,0.9860000610351562,3.0000033378601074
1.1139999628067017,0.9879999756813049,3.0000059604644775
1.2670000791549683,0.9900001287460327,3.0000009536743164
1.4569998979568481,0.9900001287460327,3.00000262260437
1.305999994277954,0.984000027179718,3.0000061988830566
1.378999948501587,0.984000027179718,2.9999969005584717
5.755000114440918,0.9340000152587891,3.000002861022949
1.3969999551773071,0.9910000562667847,3.000002384185791
1.0790001153945923,0.9940000772476196,3.0000064373016357
1.275999903678894,0.9880000352859497,3.0000014305114746
1.059000015258789,0.9950000643730164,3.0000057220458984
1.087999939918518,0.9950000643730164,3.0000057220458984
1.099000096321106,0.9950000643730164,3.0000057220458984
1.1610000133514404,0.9930000901222229,3.0000011920928955
1.2300001382827759,0.9950000643730164,2.999997138977051
1.0839998722076416,0.9940000772476196,3.0000052452087402
2.8500003814697266,0.9679999351501465,3.000002861022949
1.2269999980926514,0.987000048160553,3.000002384185791
1.24399995803833,0.987000048160553,3.0000014305114746
1.3259999752044678,0.9910000562667847,2.9999961853027344
1.4739999771118164,0.9839999675750732,3.0000014305114746
1.0820000171661377,0.9930000901222229,3.0000052452087402
1.5350000858306885,0.9900000691413879,2.999998092651367
1.5219999551773071,0.9850000739097595,2.9999969005584717
3.2300000190734863,0.9649999737739563,2.9999942779541016
1.6660000085830688,0.9859999418258667,2.999990940093994
1.9800001382827759,0.9809999465942383,3.0
2.6540000438690186,0.9709999561309814,2.9999983310699463
1.1970001459121704,0.9900001287460327,3.0000054836273193
1.2390000820159912,0.9900001287460327,3.0000014305114746
2.2060000896453857,0.965999960899353,2.9999990463256836
2.1530001163482666,0.9729999303817749,2.9999914169311523
1.2119998931884766,0.9890000224113464,3.0000011920928955
2.370000123977661,0.9760000109672546,2.999995470046997
1.2180001735687256,0.9900000095367432,3.0000057220458984
1.2389999628067017,0.9890000820159912,2.9999969005584717
4.6519999504089355,0.9420000314712524,3.0000011920928955
1.190000057220459,0.9900001287460327,3.0000054836273193
1.1899999380111694,0.9930000901222229,3.0000057220458984
1.244999885559082,0.9920001029968262,2.999988079071045
1.3489999771118164,0.9829999804496765,2.9999966621398926
1.096000075340271,0.9950000643730164,3.0000059604644775
1.065000057220459,0.9930000305175781,3.0000059604644775
2.0199999809265137,0.968999981880188,3.0000030994415283
1.2300000190734863,0.9869999885559082,3.0000054836273193
1.3329999446868896,0.9860000610351562,2.9999969005584717
1.3640000820159912,0.987000048160553,3.0000038146972656
1.2059999704360962,0.9920000433921814,3.000005006790161
1.0889999866485596,0.9940000772476196,3.0000059604644775
1.3230000734329224,0.9880000352859497,3.000004291534424
1.0299999713897705,0.9950000643730164,3.000004768371582
1.318000078201294,0.9850000143051147,3.0000009536743164
1.724000096321106,0.9850000143051147,2.9999966621398926
1.3310000896453857,0.987000048160553,2.9999969005584717
1.2609999179840088,0.9930000901222229,3.0000040531158447
1.3179999589920044,0.9839999675750732,3.0000054836273193
1.2059999704360962,0.9940000772476196,2.999992847442627
1.152999997138977,0.9940000772476196,3.0000014305114746
1.9240000247955322,0.9850000143051147,2.9999969005584717
1.3580000400543213,0.9900000095367432,3.0000014305114746
1.0879998207092285,0.9950000643730164,3.0000061988830566
1.0540000200271606,0.9950000643730164,3.0000052452087402
1.194000005722046,0.9950000643730164,2.999990701675415
1.2310000658035278,0.9869999885559082,3.0000059604644775
1.253000020980835,0.9860000610351562,3.0000009536743164
1.185999870300293,0.9930000305175781,3.00000262260437
1.2380000352859497,0.9930000901222229,2.999988079071045
1.7350000143051147,0.984000027179718,2.9999988079071045
1.1389999389648438,0.9880000352859497,2.9999969005584717
1.0870000123977661,0.9940000772476196,2.9999966621398926
1.3010001182556152,0.9930000305175781,2.999999523162842
1.3380001783370972,0.9900001287460327,2.999997138977051
1.1640000343322754,0.9950000643730164,3.0000052452087402
1.1380000114440918,0.9930000901222229,3.0000057220458984
1.2059999704360962,0.9950000643730164,2.999992609024048
1.3140000104904175,0.9839999675750732,3.0000014305114746
2.1000001430511475,0.9750000238418579,2.999988079071045
1.0980000495910645,0.9950000643730164,3.0000059604644775
1.34499990940094,0.9900000095367432,3.0000011920928955
1.1880000829696655,0.9950000643730164,3.0000038146972656
1.1019998788833618,0.9950000643730164,3.0000059604644775
1.277000069618225,0.9910000562667847,3.000004291534424
1.1429998874664307,0.9920000433921814,3.0000064373016357
1.096000075340271,0.9950000643730164,3.0000061988830566
1.0319998264312744,0.9950000643730164,3.0000052452087402
1.2999999523162842,0.9900000691413879,2.9999969005584717
1.2289999723434448,0.9910001158714294,2.999992609024048
1.1109999418258667,0.9950000643730164,3.0000052452087402
1.152999997138977,0.9920000433921814,3.0000061988830566
1.2200000286102295,0.9880000352859497,3.0000061988830566
1.0519999265670776,0.9950000643730164,3.0000057220458984
1.2230000495910645,0.9839999675750732,3.0000057220458984
1.2170000076293945,0.9869999885559082,3.0000057220458984
1.3560000658035278,0.9829999208450317,2.9999969005584717
1.5989999771118164,0.9779999852180481,2.999992609024048
1.1449998617172241,0.9900001287460327,3.0000054836273193
1.4980000257492065,0.9799999594688416,2.999992847442627
4.1020002365112305,0.9740000367164612,2.9999966621398926
1.787000060081482,0.9750000238418579,3.000002145767212
1.1380000114440918,0.9910001158714294,3.0000054836273193
1.3919999599456787,0.9890000224113464,2.999999761581421
1.2880001068115234,0.9930000901222229,3.000002145767212
1.0700000524520874,0.9940000772476196,3.0000016689300537
1.2190001010894775,0.9900000095367432,3.0000014305114746
1.253000020980835,0.9880000352859497,2.9999992847442627
1.125,0.9920001029968262,3.0000059604644775
1.156999945640564,0.9930000901222229,3.0000059604644775
1.2619999647140503,0.9890000820159912,3.0000040531158447
1.5850000381469727,0.9839999079704285,2.999997615814209
1.6070001125335693,0.9839999079704285,2.999997138977051
1.0980000495910645,0.9950000643730164,3.0000054836273193
1.3609999418258667,0.9900000691413879,3.0000038146972656
1.3220001459121704,0.9840000867843628,2.999995708465576
1.4830000400543213,0.9810000658035278,2.999999761581421
1.13100004196167,0.9920001029968262,3.000005006790161
1.9530000686645508,0.9709999561309814,2.9999921321868896
1.3859999179840088,0.9850000143051147,3.000005006790161
1.373000144958496,0.9940000772476196,2.999995231628418
2.359999895095825,0.9839999079704285,2.9999969005584717
2.365999937057495,0.981999933719635,2.999990940093994
1.1359999179840088,0.9950000643730164,2.9999969005584717
1.1579999923706055,0.9920001029968262,3.0000009536743164
1.5540001392364502,0.984000027179718,2.999997138977051
1.6720000505447388,0.9860000014305115,2.9999935626983643
2.5980002880096436,0.9700000286102295,2.999988079071045
1.2630000114440918,0.9869999885559082,2.9999966621398926
1.196000099182129,0.987000048160553,3.0000057220458984
1.7289999723434448,0.9760000109672546,3.0000054836273193
1.277000069618225,0.9910000562667847,2.999992847442627
1.350000023841858,0.9829999804496765,3.0000014305114746
1.3420000076293945,0.9849998950958252,3.0000014305114746
1.3550000190734863,0.9849998950958252,3.0000011920928955
1.193000078201294,0.9950000643730164,3.0000057220458984
1.386000156402588,0.9900000095367432,3.0000009536743164
1.5130000114440918,0.9930000901222229,2.999995470046997
1.3839999437332153,0.9820000529289246,3.000002384185791
1.5130000114440918,0.9859999418258667,3.000004529953003
1.3190001249313354,0.987000048160553,3.0000057220458984
1.0870000123977661,0.9930000901222229,3.0000054836273193
1.587999939918518,0.9819999933242798,2.9999959468841553
1.1439998149871826,0.9930000901222229,3.0000057220458984
1.2620000839233398,0.9900000691413879,3.000004291534424
1.2910000085830688,0.9910001158714294,3.0000040531158447
1.1149998903274536,0.9950000643730164,3.0000052452087402
1.3440001010894775,0.9950000643730164,2.999988555908203
1.3509998321533203,0.987000048160553,3.0000059604644775
1.1419999599456787,0.9920000433921814,3.0000057220458984
1.1109999418258667,0.9930000901222229,3.0000054836273193
1.1349999904632568,0.9940000772476196,3.000005006790161
1.2139999866485596,0.9860000014305115,3.0000014305114746
1.2130000591278076,0.9850000143051147,3.0000057220458984
1.377000093460083,0.981999933719635,3.0000014305114746
1.537000060081482,0.9790000319480896,2.999999523162842
1.272999882698059,0.9850000143051147,2.9999966621398926
1.180999994277954,0.9880000948905945,2.999997138977051
1.1610000133514404,0.9880000352859497,3.0000054836273193
1.4670000076293945,0.9789999723434448,3.0000016689300537
1.5820000171661377,0.9809999465942383,3.000002861022949
1.4000002145767212,0.9799999594688416,3.0000009536743164
1.38100004196167,0.9900000691413879,2.999992609024048
1.4120001792907715,0.9829999804496765,2.999992609024048
1.102000117301941,0.9930000305175781,3.0000061988830566
1.0780000686645508,0.9950000643730164,3.0000057220458984
1.1449999809265137,0.9940000772476196,2.999997615814209
1.1750000715255737,0.9930000901222229,3.0000059604644775
1.1470000743865967,0.9920001029968262,3.0000059604644775
1.412000060081482,0.9819999933242798,3.0
1.2760000228881836,0.9890000224113464,3.0000040531158447
1.2259999513626099,0.9829999804496765,3.0000059604644775
1.3290001153945923,0.9799999594688416,3.000001907348633
1.0920000076293945,0.9950000643730164,3.0000061988830566
1.443000078201294,0.9900000691413879,2.9999983310699463
1.068000078201294,0.9950000643730164,3.0000057220458984
1.0700000524520874,0.9920001029968262,3.0000054836273193
1.1480000019073486,0.9890000224113464,3.0000009536743164
1.2120000123977661,0.9880000352859497,3.000000476837158
1.7790000438690186,0.9829999804496765,3.000002861022949
1.0820001363754272,0.9909999966621399,3.0000052452087402
1.157999873161316,0.9920001029968262,3.0000057220458984
1.215000033378601,0.9860000014305115,3.0000057220458984
1.4800000190734863,0.9830000400543213,3.0000054836273193
1.2260000705718994,0.9930000305175781,3.0000009536743164
1.9690001010894775,0.9749999642372131,3.0000040531158447
1.127000093460083,0.9930000901222229,3.0000059604644775
1.6410000324249268,0.9790000319480896,2.9999921321868896
1.1500000953674316,0.9940000772476196,3.0000014305114746
1.1339999437332153,0.9950000643730164,2.9999969005584717
1.6469999551773071,0.9779999256134033,3.00000262260437
1.1220000982284546,0.9920001029968262,3.0000057220458984
1.5550000667572021,0.9859999418258667,3.0000038146972656
1.687999963760376,0.9849998950958252,3.000004529953003
1.8270000219345093,0.9859999418258667,3.000000476837158
1.221000075340271,0.984000027179718,3.0000059604644775
1.4900001287460327,0.9799999594688416,3.0000040531158447
1.4219999313354492,0.9769999980926514,3.0000052452087402
1.0959999561309814,0.9910000562667847,3.0000057220458984
1.277000069618225,0.9940000772476196,2.9999921321868896
1.1760001182556152,0.9920000433921814,3.0000059604644775
1.059999942779541,0.9940000772476196,3.000005006790161
1.0659998655319214,0.9950000643730164,3.0000059604644775
2.938000202178955,0.972000002861023,2.999995708465576
2.390000104904175,0.9849998950958252,2.9999992847442627
1.1080000400543213,0.9930000901222229,2.9999966621398926
1.3070000410079956,0.9839999675750732,3.0000054836273193
1.1050000190734863,0.9900001287460327,3.0000057220458984
1.1699999570846558,0.9910000562667847,3.0000057220458984
1.496999979019165,0.9709999561309814,3.0000059604644775
1.1340000629425049,0.9910000562667847,3.0000057220458984
1.3420000076293945,0.9910000562667847,2.999992609024048
1.3339998722076416,0.9829999804496765,2.999987840652466
1.3760000467300415,0.9930000901222229,2.9999964237213135
1.1980000734329224,0.9900000691413879,3.0000054836273193
1.2120001316070557,0.9920000433921814,3.0000014305114746
1.1130001544952393,0.9910001158714294,3.0000057220458984
1.3890000581741333,0.9869999885559082,2.9999969005584717
1.441999912261963,0.9799999594688416,2.9999921321868896
1.1820001602172852,0.9890000224113464,3.0000052452087402
1.1820000410079956,0.9870001077651978,3.0000059604644775
1.156000018119812,0.9930000901222229,3.0000057220458984
1.1390000581741333,0.9900000095367432,3.0000054836273193
1.2560001611709595,0.9860000014305115,3.0000016689300537
1.1790001392364502,0.9900000691413879,2.9999966621398926
1.102000117301941,0.9950000643730164,3.0000057220458984
1.2309999465942383,0.9860000610351562,3.0000059604644775
1.2739999294281006,0.9859999418258667,3.0000057220458984
1.5740000009536743,0.9879999756813049,2.99999737739563
1.3329999446868896,0.9880000352859497,2.9999985694885254
2.202000141143799,0.9819999933242798,2.999997138977051
1.1069999933242798,0.9930000901222229,3.0000054836273193
1.1059999465942383,0.9890000820159912,3.0000064373016357
1.2030000686645508,0.9839999079704285,3.0000014305114746
1.4670000076293945,0.9869999885559082,3.000002861022949
1.437000036239624,0.9910001158714294,2.9999988079071045
1.339999794960022,0.9920001029968262,2.9999938011169434
1.0870000123977661,0.9920001029968262,3.0000054836273193
1.0740001201629639,0.9930000305175781,3.0000057220458984
1.0499999523162842,0.9940000772476196,3.000005006790161
1.1560001373291016,0.9860000014305115,3.000005006790161
1.4610000848770142,0.9800000190734863,3.0000011920928955
1.0899999141693115,0.9880000352859497,3.000004768371582
1.190000057220459,0.9890000224113464,3.0000064373016357
1.0889999866485596,0.9909999966621399,3.0000052452087402
1.1160000562667847,0.9910000562667847,3.0000061988830566
1.467000126838684,0.9739999771118164,3.0000009536743164
1.1050000190734863,0.9920001029968262,3.0000059604644775
1.283000111579895,0.9860000014305115,2.9999966621398926
1.3410000801086426,0.9880000948905945,2.9999969005584717
1.3639999628067017,0.9850000739097595,2.9999959468841553
1.2090001106262207,0.9900001287460327,2.999997138977051
1.1699999570846558,0.9839999675750732,3.0000052452087402
1.1079999208450317,0.9940000772476196,3.0000014305114746
1.1399999856948853,0.9870001077651978,3.000005006790161
1.1059999465942383,0.9910000562667847,3.0000057220458984
1.2339999675750732,0.9950000643730164,2.9999990463256836
1.5000001192092896,0.9860000014305115,2.9999988079071045
1.3709999322891235,0.9840000867843628,2.999998092651367
1.2260000705718994,0.9910001158714294,2.999992609024048
1.093000054359436,0.9940000772476196,3.0000059604644775
1.1050001382827759,0.9930000901222229,3.0000057220458984
1.1140000820159912,0.9950000643730164,2.9999988079071045
1.2880001068115234,0.9880000352859497,3.0000038146972656
1.2960001230239868,0.9920000433921814,3.0
1.4210000038146973,0.9810000061988831,3.0000016689300537
1.1740000247955322,0.9900000095367432,3.0000064373016357
1.9749999046325684,0.968999981880188,2.999999761581421
1.1260000467300415,0.9920000433921814,3.0000057220458984
1.0420000553131104,0.9950000643730164,3.0000059604644775
1.1340000629425049,0.9940000772476196,3.0000059604644775
1.1480000019073486,0.9930000305175781,3.0000057220458984
1.3909999132156372,0.9829999804496765,3.000002145767212
2.24399995803833,0.9679999947547913,2.999995470046997
1.3599998950958252,0.9930000901222229,3.0000040531158447
1.180999994277954,0.9930000901222229,3.0000038146972656
1.1800000667572021,0.9920001029968262,3.0000061988830566
1.5989999771118164,0.9789999723434448,2.9999942779541016
1.3650000095367432,0.9869999885559082,3.000004291534424
1.1159999370574951,0.9950000643730164,3.0000016689300537
1.0999997854232788,0.9950000643730164,3.0000061988830566
1.6069999933242798,0.9739999771118164,3.000005006790161
1.1859999895095825,0.9909999966621399,3.0000052452087402
1.2860000133514404,0.9900000691413879,3.0000011920928955
1.2589999437332153,0.9860000014305115,3.0000064373016357
1.496000051498413,0.984000027179718,2.999999523162842
1.3930001258850098,0.9800000786781311,2.999997138977051
1.558000087738037,0.9759999513626099,3.0000057220458984
1.0830000638961792,0.9940000772476196,3.0000052452087402
1.1959999799728394,0.9890000224113464,3.0000011920928955
1.0780000686645508,0.9910001158714294,3.0000052452087402
1.1319999694824219,0.9930000901222229,2.99999737739563
1.4199999570846558,0.9869999289512634,2.9999945163726807
2.0340001583099365,0.966999888420105,2.9999964237213135
1.6530001163482666,0.9799999594688416,2.999999523162842
1.373000144958496,0.9789999723434448,2.9999966621398926
1.287000060081482,0.9940000772476196,3.0
1.2179999351501465,0.9900000691413879,3.0000054836273193
1.2400000095367432,0.9860000610351562,2.999997138977051
1.181999921798706,0.9920001029968262,3.0000009536743164
1.2430000305175781,0.9859999418258667,3.0000057220458984
1.280999779701233,0.9890000224113464,2.9999983310699463
1.3849998712539673,0.9800000190734863,3.000002861022949
1.3420000076293945,0.9880000352859497,3.0000054836273193
1.350000023841858,0.9850000143051147,2.999992847442627
1.408000111579895,0.9829999208450317,2.9999969005584717
1.5560001134872437,0.9780000448226929,3.0000035762786865
1.2500001192092896,0.9869999885559082,2.999992609024048
1.2929999828338623,0.9900000095367432,3.0000014305114746
1.433000087738037,0.9860000014305115,2.9999938011169434
1.0510001182556152,0.9950000643730164,3.0000057220458984
1.3689998388290405,0.9799999594688416,2.999992609024048
1.1530001163482666,0.9900000691413879,3.0000059604644775
1.100000023841858,0.9940000772476196,3.000001907348633
1.4160000085830688,0.9880000352859497,3.0000011920928955
1.252000093460083,0.9910000562667847,2.999988079071045
1.1139999628067017,0.9920001029968262,3.0000054836273193
1.2630000114440918,0.9880000352859497,3.0000054836273193
1.125,0.9900000691413879,3.0000009536743164
1.1369999647140503,0.9930000901222229,3.0000064373016357
1.1700000762939453,0.9920001029968262,3.0000057220458984
1.2360000610351562,0.9880000352859497,3.0000052452087402
1.1320000886917114,0.9930000901222229,3.0000057220458984
1.4089999198913574,0.9890000820159912,3.0000014305114746
1.073000192642212,0.9950000643730164,3.0000011920928955
1.0959999561309814,0.9950000643730164,3.0000059604644775
1.1410001516342163,0.9930000901222229,3.0000057220458984
1.2910000085830688,0.9849998950958252,3.0000057220458984
1.0890001058578491,0.9940000772476196,3.0000057220458984
1.2400000095367432,0.9940000772476196,2.999987840652466
1.1800000667572021,0.9940000772476196,3.0000011920928955
1.227000117301941,0.9850000143051147,3.0000057220458984
1.0619999170303345,0.9950000643730164,3.0000054836273193
1.1100000143051147,0.9940000772476196,2.9999992847442627
1.1290000677108765,0.9940000772476196,2.9999969005584717
1.0740000009536743,0.9950000643730164,3.0000061988830566
1.0689998865127563,0.9930000305175781,3.000004529953003
1.5549999475479126,0.9900000691413879,2.999999523162842
1.3430001735687256,0.9950000643730164,2.999995470046997
1.1080000400543213,0.9920000433921814,3.0000057220458984
1.1629999876022339,0.9880000352859497,3.0000064373016357
1.3370000123977661,0.9880000352859497,2.999999523162842
1.6669999361038208,0.9820000529289246,2.999998092651367
1.2599998712539673,0.9869999885559082,3.000001907348633
1.1360000371932983,0.9930000901222229,3.0000057220458984
1.3620001077651978,0.9890000224113464,2.9999938011169434
1.3559999465942383,0.9860000014305115,3.0000054836273193
1.3389999866485596,0.9880000352859497,3.0000040531158447
1.069000005722046,0.9950000643730164,3.0000057220458984
1.1010000705718994,0.9930000901222229,2.999997138977051
1.0509998798370361,0.9950000643730164,3.0000052452087402
1.399999976158142,0.9759999513626099,2.999992609024048
1.065000057220459,0.9940000772476196,3.0000057220458984
1.1230000257492065,0.9880000352859497,3.000005006790161
1.0880000591278076,0.9880000352859497,3.000005006790161
1.093999981880188,0.9900000095367432,3.0000059604644775
1.1140000820159912,0.9950000643730164,3.0000011920928955
1.1339999437332153,0.9930000305175781,2.9999969005584717
1.9139999151229858,0.9820000529289246,2.999995470046997
1.062000036239624,0.9950000643730164,3.0000061988830566
1.055999994277954,0.9950000643730164,3.0000054836273193
2.1670000553131104,0.9780000448226929,2.9999940395355225
1.3790000677108765,0.9900001287460327,2.999999523162842
1.3619999885559082,0.9900001287460327,2.999999523162842
1.2780001163482666,0.9830000400543213,3.0000059604644775
1.1119999885559082,0.9890000820159912,3.0000054836273193
1.0649999380111694,0.9920001029968262,3.0000054836273193
1.1489999294281006,0.9910000562667847,3.0000014305114746
1.287000060081482,0.9839999675750732,3.0000059604644775
1.3320000171661377,0.9910001158714294,2.9999988079071045
1.0530000925064087,0.9950000643730164,3.000005006790161
1.2319999933242798,0.9880000352859497,2.9999966621398926
1.0909998416900635,0.9940000772476196,3.000002145767212
1.5660001039505005,0.9869999885559082,3.000002384185791
1.1239999532699585,0.9890000224113464,3.0000057220458984
1.225000023841858,0.9850000143051147,3.0000014305114746
1.0789999961853027,0.9920001029968262,3.000004768371582
1.149999976158142,0.9950000643730164,2.9999969005584717
1.371999979019165,0.9890000224113464,2.9999938011169434
1.152999997138977,0.9880000352859497,3.0000007152557373
1.08899986743927,0.9940000772476196,3.0000054836273193
1.972000002861023,0.9829999804496765,3.000002384185791
1.4429999589920044,0.9819999933242798,3.0000009536743164
1.3030000925064087,0.9880000352859497,2.9999923706054688
1.15500009059906,0.9890000224113464,3.0000059604644775
1.1399999856948853,0.9890000224113464,3.0000057220458984
1.2990000247955322,0.9799999594688416,3.000001907348633
1.1829999685287476,0.9890000224113464,3.000001907348633
1.0720000267028809,0.9950000643730164,3.0000064373016357
1.0689998865127563,0.9930000901222229,3.0000054836273193
1.1100000143051147,0.9920001029968262,3.0000059604644775
1.1790000200271606,0.9910001158714294,2.999997138977051
1.1779999732971191,0.9900000691413879,2.999992609024048
1.2290000915527344,0.9880000948905945,2.99999737739563
1.1160000562667847,0.9869999289512634,3.0000054836273193
1.2670000791549683,0.9950000643730164,2.9999983310699463
1.11899995803833,0.9930000305175781,3.0000052452087402
1.1230000257492065,0.9950000643730164,3.0000057220458984
1.1039999723434448,0.9940000772476196,2.9999966621398926
1.0329999923706055,0.9950000643730164,3.000004768371582
1.1279999017715454,0.9920001029968262,3.000005006790161
1.1480001211166382,0.98499995470047,3.0000057220458984
1.0850000381469727,0.9920001029968262,3.0000011920928955
1.0379998683929443,0.9950000643730164,3.000005006790161
1.1239999532699585,0.9940000772476196,3.0000054836273193
1.1979999542236328,0.9879999756813049,3.0000052452087402
1.1450001001358032,0.9950000643730164,2.9999969005584717
1.1440001726150513,0.9890000224113464,3.0000052452087402
1.149999976158142,0.9920001029968262,2.99999737739563
1.0780000686645508,0.9950000643730164,3.0000052452087402
1.337999939918518,0.9849998950958252,2.9999964237213135
1.087999939918518,0.9950000643730164,3.0000057220458984
1.0589998960494995,0.9930000901222229,3.0000054836273193
1.1959999799728394,0.9900001287460327,3.0000052452087402
1.1460000276565552,0.9920000433921814,3.0000054836273193
1.2039999961853027,0.9950000643730164,2.999998092651367
1.128000020980835,0.9890000820159912,2.999997138977051
1.1670000553131104,0.9930000901222229,2.999995470046997
1.0600000619888306,0.9940000772476196,3.0000057220458984
1.1269999742507935,0.9900000691413879,3.0000057220458984
1.1939998865127563,0.9900001287460327,3.0000016689300537
1.40500009059906,0.9819999933242798,2.999997854232788
1.062000036239624,0.9950000643730164,3.0000052452087402
1.1729998588562012,0.9900000095367432,2.999999761581421
1.196000099182129,0.9910001158714294,3.0000009536743164
1.153999924659729,0.9890000224113464,3.0000054836273193
1.2080000638961792,0.9900000691413879,2.99999737739563
1.13100004196167,0.9890000820159912,2.999997138977051
1.274999976158142,0.9840000867843628,2.9999969005584717
1.3329999446868896,0.9880000352859497,2.9999983310699463
1.1740000247955322,0.9850000739097595,3.0000052452087402
1.1150000095367432,0.9890000224113464,3.0000054836273193
1.090999960899353,0.9920001029968262,3.0000061988830566
1.184000015258789,0.9869999885559082,3.000005006790161
1.2200000286102295,0.9900000691413879,3.0000057220458984
1.0890001058578491,0.9930000901222229,3.0000061988830566
1.1410000324249268,0.9920000433921814,2.9999961853027344
1.1269999742507935,0.9950000643730164,3.0000057220458984
1.1089999675750732,0.9950000643730164,3.0000014305114746
1.0880000591278076,0.9930000901222229,3.0000054836273193
1.090999960899353,0.9900000691413879,3.0000057220458984
1.0509999990463257,0.9940000772476196,3.000004768371582
1.1190000772476196,0.9930000901222229,2.999997138977051
1.1069999933242798,0.9920001029968262,3.0000059604644775
1.2249999046325684,0.9879999756813049,2.999992609024048
1.2799999713897705,0.9850000739097595,3.0000016689300537
1.1160001754760742,0.9900000691413879,2.9999966621398926
1.055999994277954,0.9950000643730164,3.0000057220458984
1.1540000438690186,0.987000048160553,2.9999969005584717
1.1109999418258667,0.9940000772476196,3.0000059604644775
1.1660000085830688,0.9890000820159912,3.0000014305114746
1.3450000286102295,0.9890000820159912,3.0000030994415283
1.069000005722046,0.9950000643730164,3.000004768371582
1.0999999046325684,0.9889999628067017,3.000005006790161
1.1599998474121094,0.9880000352859497,3.0000059604644775
1.1669999361038208,0.9879999756813049,3.0000059604644775
1.1390000581741333,0.9910000562667847,3.0000054836273193
1.0850000381469727,0.9910001158714294,3.0000057220458984
1.0819998979568481,0.9930000901222229,3.0000057220458984
1.1079999208450317,0.9920000433921814,3.0000061988830566
1.1119999885559082,0.9940000772476196,3.0000057220458984
1.059999942779541,0.9940000772476196,3.0000059604644775
1.0929999351501465,0.9930000901222229,3.000005006790161
1.2120000123977661,0.9880000352859497,3.0000059604644775
1.0479999780654907,0.9940000772476196,3.000005006790161
1.187000036239624,0.9900001287460327,2.9999966621398926
1.2020000219345093,0.987000048160553,3.0000009536743164
1.0870000123977661,0.9920000433921814,3.000005006790161
1.0769999027252197,0.9930000901222229,3.0000011920928955
1.1190000772476196,0.9900000691413879,3.0000054836273193
1.0929999351501465,0.9950000643730164,2.999999523162842
1.1139999628067017,0.9910000562667847,3.0000057220458984
1.087999939918518,0.9940000772476196,3.0000057220458984
1.0619999170303345,0.9950000643730164,3.0000054836273193
1.0750000476837158,0.9890000820159912,3.0000052452087402
1.1069999933242798,0.9900001287460327,3.0000052452087402
1.0600000619888306,0.9950000643730164,3.0000057220458984
1.0820000171661377,0.9900001287460327,3.000004768371582
1.093000054359436,0.9880000352859497,3.0000052452087402
1.1549999713897705,0.9880000352859497,3.000005006790161
1.065999984741211,0.9950000643730164,3.000005006790161
1.1419998407363892,0.9930000901222229,3.0000054836273193
1.1089999675750732,0.9880000352859497,3.0000057220458984
1.0700000524520874,0.9930000901222229,3.0000052452087402
1.028999924659729,0.9940000772476196,3.0000052452087402
1.0910000801086426,0.9930000901222229,3.0000054836273193
1.071000099182129,0.9950000643730164,3.000005006790161
1.218999981880188,0.9950000643730164,2.99999737739563
1.0379999876022339,0.9950000643730164,3.0000057220458984
1.03600013256073,0.9950000643730164,3.000004768371582
1.1309999227523804,0.9869999885559082,3.0000059604644775
1.0570000410079956,0.9940000772476196,3.0000052452087402
1.0819998979568481,0.9910001158714294,3.000000238418579
1.0480000972747803,0.9909999966621399,3.000004768371582
