434
723
855
942
921
415
1006
679
32
164
25
170
407
925
867
92
276
62
761
672
930
323
566
985
946
893
216
754
574
316
17
507
770
277
579
875
100
325
500
519
751
95
670
26
692
159
451
450
158
496
143
1047
21
230
871
955
1049
1
156
718
2
205
522
90
810
231
675
792
127
610
585
979
706
141
307
738
830
995
493
547
580
699
568
917
656
976
762
804
109
721
631
499
497
495
749
964
1021
1038
335
517
889
1077
972
776
175
665
322
250
690
797
279
443
431
172
912
577
505
452
1058
39
116
523
697
620
968
144
97
868
445
643
969
304
301
1027
475
273
570
369
242
506
89
195
157
781
878
359
219
645
939
483
1010
538
447
687
128
843
47
709
79
391
1009
