233
186
162
808
54
530
915
124
165
319
899
140
618
1004
232
522
268
892
212
512
32
929
889
710
245
488
920
367
927
730
24
699
625
943
594
901
757
90
891
656
1041
391
1012
560
423
686
279
75
827
61
590
517
641
437
48
968
695
28
184
479
661
698
143
95
1075
154
534
66
897
866
252
79
638
601
478
311
103
408
706
631
923
278
263
888
995
861
464
266
1001
788
649
11
539
261
1061
172
567
1057
389
1017
243
27
514
168
804
687
616
1015
401
720
799
863
832
493
134
573
407
280
369
462
890
235
1045
772
570
262
455
150
492
581
336
603
171
872
805
953
1050
78
342
952
113
222
821
248
420
673
848
300
218
524
137
105
742
816
852
39
284
467
289
865
257
183
628
605
287
572
748
160
818
543
724
108
476
688
483
500
64
370
626
404
403
254
993
904
331
541
630
1000
886
565
68
274
965
758
474
523
313
553
966
100
151
481
390
669
635
725
175
704
299
213
92
509
16
532
4
136
761
394
101
911
272
40
841
440
145
771
128
181
1051
497
691
9
320
89
310
982
7
585
446
294
234
195
1016
602
846
913
1044
622
713
879
785
545
326
793
1003
111
1047
399
242
887
740
161
859
642
639
393
83
926
972
34
480
896
285
864
1052
1064
562
795
91
1021
451
460
296
589
949
94
338
221
158
787
663
584
26
843
990
1042
187
362
144
934
833
894
174
316
1006
148
921
50
129
510
528
797
452
607
448
674
575
548
29
228
759
190
756
189
237
701
540
20
941
780
550
597
678
322
321
658
85
627
1071
506
1
1031
599
813
84
676
392
777
14
955
51
347
1072
533
419
395
430
936
246
983
295
855
12
193
680
273
332
762
722
552
845
1036
754
997
433
260
910
883
290
587
224
739
824
851
1030
30
881
37
790
356
197
265
755
270
860
119
1076
502
490
954
964
142
135
302
726
561
1020
444
569
456
1053
328
1013
351
208
862
255
976
1077
1032
411
277
958
429
216
988
743
454
283
612
264
179
600
931
683
337
44
969
191
554
640
918
751
8
1011
206
1025
121
898
1037
519
499
974
716
692
117
792
104
623
1026
773
783
505
442
583
443
459
36
207
366
948
62
527
422
811
412
617
381
525
908
1024
989
352
568
341
961
357
291
847
962
127
956
323
421
247
125
782
970
1035
979
157
47
960
188
236
281
240
723
471
643
340
353
63
1023
178
789
546
185
729
596
667
712
349
86
925
895
935
115
810
919
681
80
98
1070
634
659
664
220
696
