430
109
241
320
101
276
443
332
186
481
104
387
243
256
404
234
400
17
25
437
275
51
365
81
211
300
16
129
353
302
121
348
507
221
138
45
517
79
298
357
427
508
233
393
447
107
95
200
496
238
361
34
313
163
336
240
358
305
380
58
314
519
286
392
44
319
173
395
381
516
482
84
48
68
421
160
301
460
317
205
454
459
359
525
114
72
103
391
420
491
495
408
149
196
321
271
475
11
18
91
522
26
485
63
249
27
451
289
464
369
77
505
116
15
375
21
236
70
390
309
402
419
146
198
433
49
410
418
499
416
512
165
147
4
40
195
326
473
97
12
255
156
422
415
364
490
213
274
293
93
150
182
164
469
201
478
492
283
463
178
111
483
1
74
231
112
310
441
90
374
159
371
170
303
494
212
477
180
386
89
125
153
486
350
30
467
43
266
342
520
440
474
184
340
6
92
351
288
439
52
80
502
259
455
329
82
47
39
254
143
324
167
151
442
2
225
372
383
230
19
438
176
62
434
406
32
279
66
191
269
154
96
214
220
426
468
155
169
362
501
235
87
281
142
285
13
28
161
429
521
64
98
488
413
337
497
370
207
290
394
53
479
94
500
