196
524
7
152
21
1
181
281
485
27
140
322
39
387
447
20
421
316
501
415
432
303
287
199
465
442
258
481
478
401
286
384
403
198
81
87
243
336
264
133
54
156
497
280
284
441
356
301
375
97
203
444
382
95
239
224
311
241
175
265
511
299
9
44
452
101
400
379
466
192
11
92
215
225
398
423
98
186
352
513
467
410
234
46
358
470
408
52
72
350
162
221
506
112
246
418
58
318
107
434
276
338
367
455
353
380
503
274
161
521
430
65
282
3
363
134
82
226
131
238
42
462
74
157
385
179
185
468
121
193
99
188
173
267
43
515
36
122
204
209
223
232
414
378
292
60
45
324
94
139
177
129
41
507
218
393
159
84
