1.1089999675750732,0.9890000820159912,1.128000259399414
1.0779999494552612,0.9940000772476196,1.1280001401901245
1.2410000562667847,0.9950000643730164,1.1279995441436768
1.128000020980835,0.9910001158714294,1.1280001401901245
1.0360000133514404,0.9950000643730164,1.1279999017715454
1.0870001316070557,0.9950000643730164,1.1280001401901245
1.0740001201629639,0.9950000643730164,1.1279999017715454
1.1690000295639038,0.9910000562667847,1.1280001401901245
1.4670000076293945,0.987000048160553,1.1279999017715454
1.092000126838684,0.9950000643730164,1.1279995441436768
1.476000189781189,0.9890000820159912,1.1279999017715454
1.2940001487731934,0.9900000691413879,1.128000020980835
1.2820000648498535,0.9900001287460327,1.128000020980835
1.0709999799728394,0.9950000643730164,1.1279997825622559
1.0549999475479126,0.9950000643730164,1.1279997825622559
1.1120001077651978,0.9900000095367432,1.1280001401901245
1.0570001602172852,0.9950000643730164,1.1279997825622559
1.065000057220459,0.9950000643730164,1.128000259399414
1.1019999980926514,0.9950000643730164,1.1279999017715454
1.0570000410079956,0.9950000643730164,1.128000020980835
1.0619999170303345,0.9950000643730164,1.1280001401901245
1.093999981880188,0.9940000772476196,1.1279999017715454
1.0629998445510864,0.9950000643730164,1.128000020980835
1.0559998750686646,0.9950000643730164,1.128000259399414
1.059000015258789,0.9910000562667847,1.1279999017715454
1.0260000228881836,0.9950000643730164,1.1279999017715454
1.0549999475479126,0.9900001287460327,1.128000020980835
1.0500000715255737,0.9950000643730164,1.128000020980835
1.031000018119812,0.9950000643730164,1.1279997825622559
1.0540000200271606,0.9910001158714294,1.1279997825622559
1.034000039100647,0.9950000643730164,1.1279997825622559
1.031000018119812,0.9950000643730164,1.1279997825622559
