199
208
742
733
492
312
999
860
856
35
84
607
468
1006
852
587
359
439
255
221
786
1015
83
197
306
229
711
245
166
769
29
593
600
611
1010
826
38
164
703
702
505
551
463
691
67
543
986
1012
14
118
972
120
73
574
394
134
687
69
670
1055
511
408
87
121
688
310
738
343
803
61
596
1039
976
963
1017
346
171
294
681
222
214
143
639
195
376
138
633
207
634
515
709
74
578
92
445
672
481
522
1024
815
360
307
140
631
378
745
655
809
1037
755
951
787
296
412
45
28
237
33
1042
548
234
64
239
241
9
890
832
969
558
925
469
429
228
271
213
334
906
506
448
107
806
857
128
623
380
151
102
324
926
712
169
570
176
1041
647
624
897
458
244
765
1002
