1.0354737043380737,0.9550000429153442,1.1197220087051392
1.0354737043380737,0.9550000429153442,1.121332049369812
1.0504411458969116,0.8849999904632568,3.253741979598999
1.0320017337799072,0.9650000333786011,1.2630419731140137
1.0306593179702759,0.9600000381469727,1.5696420669555664
1.035479187965393,0.9500000476837158,1.182002067565918
1.036550760269165,0.9500000476837158,1.1883519887924194
1.0303244590759277,0.9600000381469727,1.6266820430755615
1.0356268882751465,0.9500000476837158,1.2212419509887695
1.0433400869369507,0.9300000667572021,1.396422028541565
1.0463407039642334,0.940000057220459,1.155582070350647
1.0409424304962158,0.9500000476837158,1.3146119117736816
1.0409424304962158,0.9500000476837158,1.3146119117736816
1.0489892959594727,0.9200000762939453,1.8587219715118408
1.046647548675537,0.9200000762939453,2.028101921081543
1.1298264265060425,0.6700000166893005,4.167841911315918
1.0304821729660034,0.9550000429153442,1.600472092628479
1.0279462337493896,0.9700000286102295,1.1041219234466553
1.033941626548767,0.940000057220459,1.5593420267105103
1.024999976158142,0.9750000238418579,1.0413320064544678
1.024999976158142,0.9750000238418579,1.0659719705581665
1.024999976158142,0.9750000238418579,1.0997320413589478
1.0294445753097534,0.9650000333786011,1.1859420537948608
1.024999976158142,0.9750000238418579,1.1543018817901611
1.0262531042099,0.9700000286102295,1.21697199344635
1.0524396896362305,0.8399999737739563,2.49973201751709
1.0468658208847046,0.9350000619888306,1.5990519523620605
1.0422945022583008,0.9350000619888306,1.672632098197937
1.029827356338501,0.9550000429153442,2.1319422721862793
1.0498478412628174,0.9200000762939453,1.797192096710205
1.027621865272522,0.9650000333786011,1.0937219858169556
1.0359108448028564,0.9500000476837158,1.422361969947815
1.0452005863189697,0.9250000715255737,2.024912118911743
1.0901466608047485,0.824999988079071,2.948122262954712
1.0463868379592896,0.9300000667572021,1.5934420824050903
1.0528273582458496,0.9050000309944153,1.7061721086502075
1.0680947303771973,0.8550000190734863,2.4155218601226807
1.0459868907928467,0.9500000476837158,1.2370820045471191
1.0459868907928467,0.9500000476837158,1.2370820045471191
1.0598899126052856,0.8299999833106995,2.79181170463562
1.0511386394500732,0.8650000095367432,2.6692020893096924
1.0339734554290771,0.9450000524520874,1.5063620805740356
1.050097107887268,0.8800000548362732,3.6707918643951416
1.0340237617492676,0.9500000476837158,2.0512919425964355
1.0426945686340332,0.9450000524520874,1.1832820177078247
1.1169250011444092,0.7099999785423279,3.9987823963165283
1.0401568412780762,0.9500000476837158,1.2082020044326782
1.0302294492721558,0.9650000333786011,1.0745019912719727
1.029052495956421,0.9600000381469727,1.2459421157836914
1.0470465421676636,0.9150000810623169,1.6794320344924927
1.024999976158142,0.9750000238418579,1.1318719387054443
1.0278098583221436,0.9650000333786011,1.263152003288269
1.065178632736206,0.8450000286102295,2.545841932296753
1.0447278022766113,0.9350000619888306,1.8347519636154175
1.044801115989685,0.9300000667572021,1.86873197555542
1.040585994720459,0.9350000619888306,1.4623620510101318
1.0292145013809204,0.9600000381469727,1.146691918373108
1.0267120599746704,0.9700000286102295,1.1269619464874268
1.0396654605865479,0.940000057220459,1.581581950187683
1.024999976158142,0.9750000238418579,1.0285218954086304
1.0447332859039307,0.9250000715255737,1.8853520154953003
1.0459026098251343,0.9250000715255737,1.792441964149475
1.0450222492218018,0.9350000619888306,1.2508219480514526
1.029881477355957,0.9650000333786011,1.2462819814682007
1.04865562915802,0.9200000762939453,1.88030207157135
1.0267326831817627,0.9700000286102295,1.1553819179534912
1.0258257389068604,0.9700000286102295,1.1242320537567139
1.0416260957717896,0.9250000715255737,2.1860320568084717
1.0320204496383667,0.9500000476837158,1.422422170639038
1.024999976158142,0.9750000238418579,1.076781988143921
1.024999976158142,0.9750000238418579,1.0349719524383545
1.024999976158142,0.9750000238418579,1.1315821409225464
1.0426751375198364,0.9350000619888306,1.3324919939041138
1.0510551929473877,0.9300000667572021,1.7464721202850342
1.0282279253005981,0.9650000333786011,1.1218520402908325
1.0268950462341309,0.9650000333786011,1.2239819765090942
1.037121295928955,0.9200000762939453,1.8917820453643799
1.0372868776321411,0.940000057220459,1.355172038078308
1.0269733667373657,0.9700000286102295,1.1204220056533813
1.0288136005401611,0.9650000333786011,1.2095320224761963
1.045559048652649,0.9500000476837158,1.1964820623397827
1.024999976158142,0.9750000238418579,1.1465119123458862
1.027871012687683,0.9650000333786011,1.2036319971084595
1.024999976158142,0.9750000238418579,1.2425919771194458
1.0420112609863281,0.9200000762939453,2.0512619018554688
1.0565797090530396,0.8750001192092896,2.587132215499878
1.024999976158142,0.9750000238418579,1.1242119073867798
1.0385432243347168,0.9500000476837158,1.2476319074630737
1.024999976158142,0.9750000238418579,1.1447620391845703
1.024999976158142,0.9750000238418579,1.0583720207214355
1.038497805595398,0.9550000429153442,1.31685209274292
1.03242027759552,0.9600000381469727,1.4133919477462769
1.024999976158142,0.9750000238418579,1.0817320346832275
1.024999976158142,0.9750000238418579,1.041152000427246
1.0424069166183472,0.9500000476837158,1.3680020570755005
1.0403878688812256,0.9550000429153442,1.2181919813156128
1.024999976158142,0.9750000238418579,1.0683420896530151
1.0288050174713135,0.9600000381469727,1.20182204246521
1.0437442064285278,0.940000057220459,1.249582052230835
1.024999976158142,0.9750000238418579,1.0449119806289673
1.0458943843841553,0.9200000762939453,1.2824820280075073
1.0443397760391235,0.9350000619888306,1.256201982498169
1.0536664724349976,0.9150000810623169,1.294821858406067
1.050057053565979,0.8900001049041748,2.158721923828125
1.0407402515411377,0.9500000476837158,1.1534619331359863
1.0419788360595703,0.9000000357627869,2.630892038345337
1.0544284582138062,0.8700001239776611,2.7544522285461426
1.068511724472046,0.8750001192092896,2.754812002182007
1.0372689962387085,0.9550000429153442,1.256932020187378
1.0337001085281372,0.9450000524520874,1.655761957168579
1.0279041528701782,0.9650000333786011,1.2409520149230957
1.0295226573944092,0.9700000286102295,1.0650520324707031
1.0317108631134033,0.9500000476837158,1.3884220123291016
1.037773609161377,0.940000057220459,1.2526520490646362
1.029350996017456,0.9600000381469727,1.1459720134735107
1.0280461311340332,0.9650000333786011,1.142881989479065
1.0367873907089233,0.9450000524520874,1.477842092514038
1.0658214092254639,0.9200000762939453,1.3041919469833374
1.0659244060516357,0.9200000762939453,1.3041919469833374
1.024999976158142,0.9750000238418579,1.0667119026184082
1.0350844860076904,0.9500000476837158,1.6413719654083252
1.0411425828933716,0.9200000762939453,1.5609019994735718
1.0514905452728271,0.9050000309944153,1.552672028541565
1.0331794023513794,0.9600000381469727,1.2435319423675537
1.0699704885482788,0.8550000190734863,1.851322054862976
1.0449490547180176,0.9250000715255737,1.6163020133972168
1.0258005857467651,0.9700000286102295,1.2476320266723633
1.0597760677337646,0.9200000762939453,2.326322078704834
1.065066933631897,0.9100000858306885,2.407181978225708
1.024999976158142,0.9750000238418579,1.1268919706344604
1.028000831604004,0.9600000381469727,1.155452013015747
1.0504467487335205,0.9200000762939453,1.9351820945739746
1.0445622205734253,0.9300000667572021,1.9663420915603638
1.0735499858856201,0.8500000834465027,2.286221981048584
1.0370904207229614,0.9350000619888306,1.2362319231033325
1.040381908416748,0.9350000619888306,1.5731619596481323
1.0585078001022339,0.8800000548362732,2.202012062072754
1.0323069095611572,0.9550000429153442,1.4103021621704102
1.0469893217086792,0.9150000810623169,1.8088819980621338
1.0697376728057861,0.9250000715255737,1.278812050819397
1.0693459510803223,0.9250000715255737,1.278812050819397
1.024999976158142,0.9750000238418579,1.1165721416473389
1.0308470726013184,0.9500000476837158,1.695841908454895
1.0283501148223877,0.9650000333786011,1.1860820055007935
1.0537641048431396,0.9100000858306885,1.548211932182312
1.0367939472198486,0.9300000667572021,2.064771890640259
1.0365251302719116,0.9350000619888306,2.0156919956207275
1.028579831123352,0.9650000333786011,1.1253520250320435
1.0389233827590942,0.9100000858306885,1.9275721311569214
1.0273590087890625,0.9650000333786011,1.345452070236206
1.04231858253479,0.9500000476837158,1.3336219787597656
1.0289044380187988,0.9550000429153442,2.140291929244995
1.024999976158142,0.9750000238418579,1.0722819566726685
1.024999976158142,0.9750000238418579,1.1935820579528809
1.0449016094207764,0.9350000619888306,1.6059420108795166
1.030849575996399,0.9600000381469727,1.4116820096969604
1.03166663646698,0.9650000333786011,1.168321967124939
1.0261309146881104,0.9700000286102295,1.1959519386291504
1.0501147508621216,0.9300000667572021,1.514402151107788
1.0521023273468018,0.9250000715255737,1.468851923942566
1.0659911632537842,0.9100000858306885,1.6022820472717285
1.0693727731704712,0.8950001001358032,1.8266820907592773
1.052259087562561,0.9250000715255737,1.4055520296096802
1.0460221767425537,0.940000057220459,1.389841914176941
1.0428709983825684,0.940000057220459,1.4976320266723633
1.0626685619354248,0.8950001001358032,1.8198120594024658
1.0631555318832397,0.9050000309944153,2.1481220722198486
1.0646270513534546,0.9000000953674316,1.9705619812011719
1.0322657823562622,0.9500000476837158,1.3229420185089111
1.0485230684280396,0.9150000810623169,1.8240419626235962
1.0273786783218384,0.9650000333786011,1.2502319812774658
1.024999976158142,0.9750000238418579,1.0983020067214966
1.0266697406768799,0.9700000286102295,1.2214620113372803
1.0298489332199097,0.9650000333786011,1.1617519855499268
1.031793475151062,0.9600000381469727,1.2783820629119873
1.0523991584777832,0.9100000858306885,1.3945419788360596
1.0387989282608032,0.9450000524520874,1.298192024230957
1.0585455894470215,0.9150000810623169,1.322741985321045
1.0666842460632324,0.9000000953674316,1.3474019765853882
1.024999976158142,0.9750000238418579,1.0600019693374634
1.0346505641937256,0.9500000476837158,1.7863620519638062
1.024999976158142,0.9750000238418579,1.053961992263794
1.0288786888122559,0.9600000381469727,1.3591721057891846
1.0359936952590942,0.9450000524520874,1.361232042312622
1.0413728952407837,0.940000057220459,1.6714820861816406
1.0431578159332275,0.9150000810623169,1.8303120136260986
1.036287784576416,0.9550000429153442,1.316131830215454
1.0309044122695923,0.9600000381469727,1.5964319705963135
1.0435155630111694,0.9300000667572021,1.333601951599121
1.047605037689209,0.9150000810623169,1.9349720478057861
1.0254119634628296,0.9650000333786011,1.1938819885253906
1.0605281591415405,0.8750000596046448,2.6772818565368652
1.0288760662078857,0.9650000333786011,1.2801918983459473
1.0487781763076782,0.8950001001358032,2.440171957015991
1.0270150899887085,0.9700000286102295,1.2342718839645386
1.024999976158142,0.9750000238418579,1.1083219051361084
1.0605485439300537,0.8899999856948853,2.572812080383301
1.0314017534255981,0.9600000381469727,1.1765719652175903
1.0580586194992065,0.9300000667572021,1.5252519845962524
1.0589337348937988,0.9250000715255737,1.524001955986023
1.0535311698913574,0.9300000667572021,1.5744520425796509
1.0415678024291992,0.9200000762939453,1.5268620252609253
1.0530840158462524,0.9000000953674316,1.9002820253372192
1.064950704574585,0.8850001096725464,1.8602620363235474
1.032104730606079,0.9550000429153442,1.2051019668579102
1.0272271633148193,0.9700000286102295,1.239691972732544
1.029183030128479,0.9600000381469727,1.4894318580627441
1.0264633893966675,0.9700000286102295,1.0926220417022705
1.024999976158142,0.9750000238418579,1.046072006225586
1.0805741548538208,0.8600000739097595,3.391892194747925
1.0567214488983154,0.9250000715255737,2.482842206954956
1.0296224355697632,0.9650000333786011,1.1248821020126343
1.0515280961990356,0.9200000762939453,1.5352219343185425
1.0378612279891968,0.9500000476837158,1.1557120084762573
1.031561255455017,0.9550000429153442,1.5514421463012695
1.0765087604522705,0.8550000190734863,1.7360719442367554
1.0315743684768677,0.9550000429153442,1.5277119874954224
1.0307095050811768,0.9550000429153442,1.2940219640731812
1.0461647510528564,0.9150000810623169,1.5807420015335083
1.0284191370010376,0.9650000333786011,1.5580120086669922
1.0335372686386108,0.9500000476837158,1.7486319541931152
1.0305006504058838,0.9600000381469727,1.356462001800537
1.0370899438858032,0.9550000429153442,1.1709719896316528
1.040804147720337,0.9350000619888306,1.6377520561218262
1.054015874862671,0.9000000953674316,1.9940820932388306
1.0383350849151611,0.9450000524520874,1.2458620071411133
1.0375773906707764,0.9350000619888306,1.6644021272659302
1.0302261114120483,0.9650000333786011,1.1106820106506348
1.034584879875183,0.9500000476837158,1.1282819509506226
1.0403348207473755,0.9300000667572021,1.3715620040893555
1.0326155424118042,0.9500000476837158,1.517111897468567
1.024999976158142,0.9750000238418579,1.0866320133209229
1.0509073734283447,0.9300000667572021,1.597551941871643
1.0475949048995972,0.9300000667572021,1.5233519077301025
1.0417513847351074,0.940000057220459,1.6284619569778442
1.0370761156082153,0.940000057220459,1.562582015991211
1.0454797744750977,0.9100000858306885,2.7811920642852783
1.0295954942703247,0.9650000333786011,1.1280421018600464
1.0385558605194092,0.9450000524520874,1.292012095451355
1.0477098226547241,0.9200000762939453,1.5442219972610474
1.0433661937713623,0.9350000619888306,1.8587220907211304
1.0326108932495117,0.9550000429153442,1.3200221061706543
1.0307153463363647,0.9600000381469727,1.3910720348358154
1.0318173170089722,0.9600000381469727,1.5306320190429688
1.0304977893829346,0.9650000333786011,1.1699920892715454
1.0262991189956665,0.9700000286102295,1.0900119543075562
1.050199031829834,0.9300000667572021,1.497431993484497
1.057024598121643,0.9000000953674316,1.6661919355392456
1.0412776470184326,0.940000057220459,1.187641978263855
1.0379384756088257,0.9450000524520874,1.3405519723892212
1.0280767679214478,0.9550000429153442,1.2167218923568726
1.0349329710006714,0.9550000429153442,1.089851975440979
1.057407021522522,0.8700000643730164,2.5678019523620605
1.0312057733535767,0.9600000381469727,1.218031883239746
1.039247989654541,0.9300000667572021,1.2287620306015015
1.0411467552185059,0.940000057220459,1.4972419738769531
1.0420455932617188,0.925000011920929,2.0521419048309326
1.0458498001098633,0.9500000476837158,1.170651912689209
1.0508863925933838,0.9200000762939453,1.447901964187622
1.0255439281463623,0.9700000286102295,1.082792043685913
1.0429664850234985,0.9350000619888306,1.5053919553756714
1.0332469940185547,0.9550000429153442,1.2964218854904175
1.024999976158142,0.9750000238418579,1.2159221172332764
1.0494831800460815,0.9300000667572021,1.7016019821166992
1.0422544479370117,0.9200000762939453,1.742251992225647
1.043086051940918,0.9550000429153442,1.2899420261383057
1.0287688970565796,0.9700000286102295,1.0929820537567139
1.029881238937378,0.9650000333786011,1.1238219738006592
1.024999976158142,0.9750000238418579,1.1062120199203491
1.0420483350753784,0.940000057220459,1.1820420026779175
1.0289684534072876,0.9600000381469727,1.457232117652893
1.0547536611557007,0.9050000309944153,2.092132091522217
1.037892460823059,0.9500000476837158,1.189531922340393
1.0653414726257324,0.8449999690055847,2.5789120197296143
1.0320464372634888,0.9600000381469727,1.1513220071792603
1.024999976158142,0.9750000238418579,1.0383520126342773
1.0271350145339966,0.9700000286102295,1.156201958656311
1.0281982421875,0.9650000333786011,1.0933821201324463
1.0391771793365479,0.9150000810623169,2.172502040863037
1.070579171180725,0.8400000333786011,2.7137420177459717
1.027097463607788,0.9650000333786011,1.429832100868225
1.0273807048797607,0.9650000333786011,1.3151220083236694
1.0272852182388306,0.9600000381469727,1.2978219985961914
1.0620473623275757,0.8950001001358032,1.5755119323730469
1.0464236736297607,0.9350000619888306,1.5405219793319702
1.024999976158142,0.9750000238418579,1.1399319171905518
1.024999976158142,0.9750000238418579,1.0879520177841187
1.060646414756775,0.8700000643730164,1.7703020572662354
1.0311955213546753,0.9550000429153442,1.1890320777893066
1.0325191020965576,0.9500000476837158,1.3877719640731812
1.044441819190979,0.9300000071525574,1.75314199924469
1.0544102191925049,0.9200000762939453,2.3256821632385254
1.0608822107315063,0.9000000953674316,2.19267201423645
1.0638304948806763,0.8800000548362732,2.6249520778656006
1.0264291763305664,0.9700000286102295,1.1174919605255127
1.0370512008666992,0.9450000524520874,1.4143619537353516
1.028117060661316,0.9550000429153442,1.6310420036315918
1.0280859470367432,0.9650000333786011,1.1730118989944458
1.0419654846191406,0.9350000619888306,2.0203921794891357
1.0744158029556274,0.8349999189376831,3.272792100906372
1.059598445892334,0.9000000953674316,1.881592035293579
1.053534746170044,0.8950001001358032,2.0367820262908936
1.0273569822311401,0.9700000286102295,1.3362820148468018
1.03773832321167,0.9500000476837158,1.3407520055770874
1.044680118560791,0.9300000667572021,1.9522820711135864
1.0328505039215088,0.9600000381469727,1.2487620115280151
1.0441783666610718,0.9300000667572021,1.6135821342468262
1.0343924760818481,0.9450000524520874,1.4936518669128418
1.05978524684906,0.9000000953674316,2.0103020668029785
1.0423970222473145,0.940000057220459,1.4212020635604858
1.0503350496292114,0.9250000715255737,1.6316519975662231
1.0506945848464966,0.9150000810623169,1.6996920108795166
1.0549942255020142,0.8900001049041748,2.0021820068359375
1.0439908504486084,0.9350000619888306,1.6054620742797852
1.0379292964935303,0.9500000476837158,1.2596920728683472
1.045790672302246,0.9300000667572021,2.3771719932556152
1.024999976158142,0.9750000238418579,1.0829620361328125
1.0540053844451904,0.9000000357627869,2.644991874694824
1.037589192390442,0.9500000476837158,1.4997118711471558
1.0272473096847534,0.9700000286102295,1.0742419958114624
1.0436221361160278,0.940000057220459,1.6475318670272827
1.0308672189712524,0.9550000429153442,1.680251955986023
1.0343523025512695,0.9600000381469727,1.1849919557571411
1.0325103998184204,0.940000057220459,1.6297521591186523
1.0324265956878662,0.9500000476837158,1.2478219270706177
1.0285416841506958,0.9650000333786011,1.4270319938659668
1.0303572416305542,0.9600000381469727,1.2621920108795166
1.034916639328003,0.940000057220459,1.9839119911193848
1.0299253463745117,0.9650000333786011,1.2411720752716064
1.0443295240402222,0.9450000524520874,1.1813219785690308
1.024999976158142,0.9750000238418579,1.0489518642425537
1.024999976158142,0.9750000238418579,1.1332120895385742
1.0283234119415283,0.9650000333786011,1.1306320428848267
1.0681356191635132,0.9250000715255737,1.278812050819397
1.0288269519805908,0.9700000286102295,1.0649019479751587
1.0263335704803467,0.9700000286102295,1.524562120437622
1.0288269519805908,0.9700000286102295,1.1690020561218262
1.0452179908752441,0.925000011920929,2.0486721992492676
1.024999976158142,0.9750000238418579,1.0634219646453857
1.0265971422195435,0.9700000286102295,1.1690820455551147
1.027503252029419,0.9700000286102295,1.3219521045684814
1.024999976158142,0.9750000238418579,1.0362119674682617
1.0281903743743896,0.9650000333786011,1.2624319791793823
1.0400358438491821,0.9500000476837158,1.3181819915771484
1.024999976158142,0.9750000238418579,1.1714619398117065
1.0308711528778076,0.9600000381469727,1.2887719869613647
1.036325454711914,0.940000057220459,1.6383520364761353
1.0370452404022217,0.940000057220459,1.40473210811615
1.0479563474655151,0.9100000858306885,1.7166520357131958
1.0400044918060303,0.9350000619888306,1.2625720500946045
1.02968430519104,0.9650000333786011,1.148352026939392
1.0341461896896362,0.9450000524520874,1.7712019681930542
1.046872854232788,0.9300000667572021,1.55390202999115
1.0407130718231201,0.940000057220459,1.4197419881820679
1.024999976158142,0.9750000238418579,1.0770220756530762
1.0331497192382812,0.9650000333786011,1.1478720903396606
1.024999976158142,0.9750000238418579,1.0503419637680054
1.0637222528457642,0.8800000548362732,2.3386619091033936
1.0257107019424438,0.9700000286102295,1.0770219564437866
1.03557288646698,0.940000057220459,1.1976219415664673
1.0396939516067505,0.940000057220459,1.2182918787002563
1.0375641584396362,0.9500000476837158,1.1158020496368408
1.024999976158142,0.9750000238418579,1.0664018392562866
1.0273377895355225,0.9650000333786011,1.102362036705017
1.0460704565048218,0.9100000858306885,2.8484721183776855
1.024999976158142,0.9750000238418579,1.0521520376205444
1.024999976158142,0.9750000238418579,1.0526219606399536
1.0610827207565308,0.8900001049041748,2.537071943283081
1.0481826066970825,0.9500000476837158,1.2177320718765259
1.0481826066970825,0.9500000476837158,1.2177320718765259
1.0496593713760376,0.9150000810623169,1.505012035369873
1.039793848991394,0.9450000524520874,1.1620019674301147
1.032111406326294,0.9600000381469727,1.1565420627593994
1.0324697494506836,0.9550000429153442,1.2113620042800903
1.0397987365722656,0.9200000762939453,1.6689919233322144
1.0384854078292847,0.9550000429153442,1.3157819509506226
1.024999976158142,0.9750000238418579,1.057602047920227
1.0436409711837769,0.940000057220459,1.526252031326294
1.0259761810302734,0.9700000286102295,1.1873419284820557
1.044532299041748,0.9350000619888306,1.6670019626617432
1.039009690284729,0.9450000524520874,1.1690219640731812
1.0462168455123901,0.9250000715255737,1.3737720251083374
1.0292742252349854,0.9600000381469727,1.34335196018219
1.024999976158142,0.9750000238418579,1.2215319871902466
1.0370571613311768,0.9450000524520874,2.1334521770477295
1.0361828804016113,0.940000057220459,1.3534519672393799
1.0269951820373535,0.9700000286102295,1.5336320400238037
1.054025650024414,0.9150000810623169,2.6419219970703125
1.0416274070739746,0.9100000858306885,2.247771978378296
1.0359762907028198,0.940000057220459,1.4164519309997559
1.039772629737854,0.9450000524520874,1.1347419023513794
1.039945125579834,0.9450000524520874,1.4534419775009155
1.0598541498184204,0.9000000357627869,2.0256619453430176
1.0360089540481567,0.9450000524520874,1.7098820209503174
1.024999976158142,0.9750000238418579,1.0588719844818115
1.027373194694519,0.9650000333786011,1.1199920177459717
1.0309697389602661,0.9600000381469727,1.12102210521698
1.043086051940918,0.9550000429153442,1.2922519445419312
1.0327894687652588,0.9500000476837158,1.505162000656128
1.0374568700790405,0.940000057220459,1.2867519855499268
1.0425077676773071,0.9350000619888306,1.3755221366882324
1.024999976158142,0.9750000238418579,1.2045921087265015
1.0292675495147705,0.9650000333786011,1.3444019556045532
1.024999976158142,0.9750000238418579,1.1306219100952148
1.0264906883239746,0.9700000286102295,1.1635719537734985
1.024999976158142,0.9750000238418579,1.0506318807601929
1.0355453491210938,0.9600000381469727,1.238021969795227
1.053540825843811,0.9250000715255737,1.545091986656189
1.0324406623840332,0.9600000381469727,1.0682220458984375
1.024999976158142,0.9750000238418579,1.0343918800354004
1.0263456106185913,0.9700000286102295,1.2766820192337036
1.0376005172729492,0.940000057220459,1.3571720123291016
1.024999976158142,0.9750000238418579,1.1390620470046997
1.0416767597198486,0.9450000524520874,1.4703220129013062
1.0308042764663696,0.9600000381469727,1.2427819967269897
1.024999976158142,0.9750000238418579,1.0615220069885254
1.0591892004013062,0.9250000715255737,1.3027520179748535
1.024999976158142,0.9750000238418579,1.0648220777511597
1.0279276371002197,0.9650000333786011,1.1174319982528687
1.045559048652649,0.9500000476837158,1.1964820623397827
1.031572699546814,0.9600000381469727,1.133512020111084
1.024999976158142,0.9750000238418579,1.2385019063949585
1.0405353307724,0.9450000524520874,1.3362220525741577
1.0272669792175293,0.9650000333786011,1.0823919773101807
1.0272221565246582,0.9700000286102295,1.0705620050430298
1.035363793373108,0.9500000476837158,1.1986020803451538
1.0414390563964844,0.9500000476837158,1.3248621225357056
1.0543594360351562,0.9100000858306885,1.8870818614959717
1.024999976158142,0.9750000238418579,1.0370118618011475
1.0337480306625366,0.9500000476837158,1.4088220596313477
1.0369278192520142,0.9550000429153442,1.4164619445800781
1.0302032232284546,0.9450000524520874,1.2336920499801636
1.0359036922454834,0.9500000476837158,1.467682123184204
1.0443261861801147,0.9450000524520874,1.3765019178390503
1.0467299222946167,0.9200000166893005,1.9782720804214478
1.0371648073196411,0.940000057220459,2.019512176513672
1.0472661256790161,0.925000011920929,2.3645219802856445
1.0354398488998413,0.9450000524520874,1.1249120235443115
1.0341784954071045,0.9600000381469727,1.041401982307434
1.0415242910385132,0.9350000619888306,1.9565820693969727
1.0393589735031128,0.9500000476837158,1.3239719867706299
1.028273344039917,0.9650000333786011,1.1195518970489502
1.027267336845398,0.9600000381469727,1.3036420345306396
1.024999976158142,0.9750000238418579,1.0617220401763916
1.024999976158142,0.9750000238418579,1.0781419277191162
1.0314439535140991,0.9650000333786011,1.1286919116973877
1.0356271266937256,0.9500000476837158,1.2815120220184326
1.0272786617279053,0.9700000286102295,1.11640202999115
1.0307151079177856,0.9650000333786011,1.1911920309066772
1.0304062366485596,0.9600000381469727,1.2956818342208862
1.0416827201843262,0.940000057220459,1.6381021738052368
1.0524263381958008,0.9250000715255737,1.5978419780731201
1.0339314937591553,0.9500000476837158,1.371101975440979
1.024999976158142,0.9750000238418579,1.069201946258545
1.045114278793335,0.9350000619888306,1.2291419506072998
1.0262563228607178,0.9700000286102295,1.1086320877075195
1.0404316186904907,0.9450000524520874,1.1905020475387573
1.0428708791732788,0.9450000524520874,1.1813219785690308
1.024999976158142,0.9750000238418579,1.0879420042037964
1.042976975440979,0.9450000524520874,1.1378520727157593
1.0474424362182617,0.940000057220459,1.2720320224761963
1.0416202545166016,0.940000057220459,1.5692920684814453
1.0296186208724976,0.9550000429153442,1.1903020143508911
1.0380712747573853,0.9550000429153442,1.2208319902420044
1.0276004076004028,0.9650000333786011,1.1458120346069336
1.0283207893371582,0.9600000381469727,1.0979119539260864
1.0266666412353516,0.9700000286102295,1.1590219736099243
1.0273622274398804,0.9700000286102295,1.0643318891525269
1.027206540107727,0.9650000333786011,1.1481620073318481
1.0378875732421875,0.940000057220459,1.3704020977020264
1.0285354852676392,0.9700000286102295,1.0644819736480713
1.0458498001098633,0.9500000476837158,1.170651912689209
1.0420047044754028,0.9350000619888306,1.5649120807647705
1.0309314727783203,0.9600000381469727,1.2181020975112915
1.02984619140625,0.9650000333786011,1.1975520849227905
1.0341073274612427,0.9500000476837158,1.3367918729782104
1.024999976158142,0.9750000238418579,1.0924819707870483
1.0353773832321167,0.9550000429153442,1.3941419124603271
1.0269542932510376,0.9700000286102295,1.117121934890747
1.024999976158142,0.9750000238418579,1.1061519384384155
1.0416895151138306,0.9450000524520874,1.1730118989944458
1.0421983003616333,0.9500000476837158,1.098781943321228
1.024999976158142,0.9750000238418579,1.028182029724121
1.0421983003616333,0.9500000476837158,1.098781943321228
1.0407757759094238,0.940000057220459,1.2883219718933105
1.037621259689331,0.940000057220459,1.7484619617462158
1.024999976158142,0.9750000238418579,1.1124719381332397
1.0270594358444214,0.9650000333786011,1.2899119853973389
1.044329285621643,0.940000057220459,1.378242015838623
1.030131220817566,0.9650000333786011,1.0386121273040771
1.0271437168121338,0.9700000286102295,1.0304419994354248
1.0284841060638428,0.9650000333786011,1.150712013244629
1.024999976158142,0.9750000238418579,1.0675619840621948
1.024999976158142,0.9750000238418579,1.1515320539474487
1.024999976158142,0.9750000238418579,1.0539920330047607
1.024999976158142,0.9750000238418579,1.0368919372558594
1.0510897636413574,0.9350000619888306,1.257972002029419
1.0283968448638916,0.9700000286102295,1.0564121007919312
1.0320446491241455,0.9550000429153442,1.2985020875930786
1.0369304418563843,0.9550000429153442,1.0937221050262451
