149
61
28
301
137
328
144
302
462
398
154
463
22
330
226
250
258
75
146
43
52
78
3
293
351
414
426
6
200
148
456
407
305
436
492
9
163
318
221
499
473
145
339
87
218
489
173
458
274
261
317
77
153
86
437
329
40
308
341
281
111
26
270
147
322
312
230
365
55
361
212
73
476
287
104
160
452
242
354
116
475
11
253
352
362
204
397
335
162
279
228
453
141
53
134
481
443
497
181
401
333
0
375
176
34
97
238
427
297
88
188
424
263
237
410
49
101
247
303
396
66
18
416
307
371
450
411
478
299
45
133
32
394
418
123
434
169
187
23
491
186
498
331
44
190
99
289
370
195
368
