1.0430306196212769,0.9450000524520874,1.1335958242416382
1.0270800590515137,0.9700000286102295,1.0773457288742065
1.024999976158142,0.9750000238418579,1.1598458290100098
1.0313308238983154,0.9600000381469727,1.0735957622528076
1.024999976158142,0.9750000238418579,1.033126950263977
1.024999976158142,0.9750000238418579,1.0467208623886108
1.0199999809265137,0.9800000190734863,1.0309393405914307
1.0375635623931885,0.9550000429153442,1.2337520122528076
1.0342494249343872,0.9450000524520874,1.8067207336425781
1.0199999809265137,0.9800000190734863,1.0687519311904907
1.0406477451324463,0.9500000476837158,1.6550019979476929
1.0424572229385376,0.9500000476837158,1.6348457336425781
1.0337507724761963,0.9500000476837158,1.4093769788742065
1.024999976158142,0.9750000238418579,1.0459394454956055
1.024999976158142,0.9750000238418579,1.0450019836425781
1.0422639846801758,0.9500000476837158,1.2251582145690918
1.0199999809265137,0.9800000190734863,1.0242207050323486
1.0199999809265137,0.9800000190734863,1.0292208194732666
1.024999976158142,0.9750000238418579,1.057814359664917
1.024999976158142,0.9750000238418579,1.0392206907272339
1.0199999809265137,0.9800000190734863,1.0350018739700317
1.0271220207214355,0.9700000286102295,1.113752007484436
1.0199999809265137,0.9800000190734863,1.0265644788742065
1.024999976158142,0.9750000238418579,1.0459394454956055
1.0354321002960205,0.9550000429153442,1.1653144359588623
1.0199999809265137,0.9800000190734863,1.0259395837783813
1.0409085750579834,0.9500000476837158,1.0814082622528076
1.024999976158142,0.9750000238418579,1.030470848083496
1.024999976158142,0.9750000238418579,1.0276581048965454
1.0313308238983154,0.9600000381469727,1.0735957622528076
1.024999976158142,0.9750000238418579,1.043439507484436
1.024999976158142,0.9750000238418579,1.0142207145690918
