6030
10232
5395
3026
3408
5216
4339
7965
3647
6001
5082
2518
8165
3803
3977
333
412
7281
8872
4876
419
7185
5953
5684
248
9570
2416
9635
8844
4933
6130
4874
1372
8790
1928
7733
4273
9521
10539
575
3124
3570
4997
1397
5444
4929
3397
4716
155
621
8575
9902
1872
5093
6255
5372
7161
8935
8497
6854
6193
3177
3301
7387
569
10008
252
8181
9401
8640
7569
3312
2755
4032
7008
7154
9161
6720
3863
1108
6984
6650
6345
5662
1603
1402
4654
1949
7162
4425
9797
3247
3403
3507
7081
6144
9344
10093
10082
8950
6171
6016
8405
4068
4113
7264
819
4852
5406
8160
3497
8858
9231
10402
5800
9262
665
1003
5056
354
6997
9496
395
2797
9280
988
9568
4322
4072
9790
6530
1094
2206
9770
7633
9041
8656
3118
4794
1972
1788
4240
3869
4946
2711
8054
9897
225
3711
2217
8217
952
2347
9131
2487
10046
1639
3941
9927
9634
8333
7470
2441
9212
2344
4490
2214
1513
22
6469
6109
8644
5519
9492
6049
6487
2288
1104
3896
4384
2668
1239
6269
493
5638
2210
7588
2002
3186
2130
2824
1868
5290
5174
8543
2103
9238
8408
7140
5100
3858
9948
9851
6705
6664
9614
1115
9651
878
1031
4646
4350
4307
28
9132
6029
3545
4238
8407
6541
8299
3252
462
3831
10401
3213
7410
1783
299
2864
4786
4662
7898
8898
2453
8509
6200
7305
3300
4430
1196
7543
4149
5506
6072
7945
5495
4126
5111
347
3630
9742
1194
3728
7024
8102
10481
4655
7117
2148
3691
8593
10344
326
4691
8658
8947
9666
8352
8708
9850
1172
5859
1206
8245
2216
267
5754
6549
6298
476
457
9111
8555
1044
8496
3255
5088
1733
2089
1638
528
613
4044
7366
256
2321
10244
10091
5819
4139
8989
4778
6921
2636
5788
3274
6724
3542
198
62
7091
1453
793
818
3317
1831
6942
8368
1283
3435
8744
603
6067
5330
3682
3836
10058
10419
10027
2702
7423
7267
2313
9613
8788
5399
5649
5109
1750
6060
10123
1806
2126
10031
3923
4720
2135
8292
7393
1188
8633
4777
1632
5502
6011
773
7760
2645
9630
5884
5828
10307
10248
5407
7145
6073
8995
3665
7096
2420
4851
4335
7400
8678
792
3008
5383
8290
7194
732
9106
7325
10613
1576
1563
3890
6827
3688
9072
4706
1497
3830
1637
3038
5083
9328
10219
9188
2356
3609
6222
259
4051
1419
2294
4838
3297
9532
567
4266
6094
7694
594
8899
4657
2767
6116
2698
3743
719
360
1311
9561
4203
4726
2673
3234
4414
7612
6665
6867
3683
99
5219
4846
5552
6086
7189
7970
1062
8251
6468
8798
1715
6311
4802
10064
7753
524
417
9167
9970
1769
6975
4294
6153
4729
6731
8856
2362
3740
1477
885
7881
8322
7615
8265
9383
9823
10474
5561
6431
9781
9679
9144
1524
9338
3521
2437
8556
9594
1604
2950
6752
2736
6221
7494
9032
2463
763
1083
5710
4223
3517
9755
6053
357
9279
6670
7939
9323
277
3077
2601
7007
2346
6954
5898
6414
7034
8424
8387
4442
852
8835
203
7641
7139
9599
2723
2798
5814
3589
4983
3954
10571
9457
3056
7746
1702
8101
1019
5149
9840
2844
7532
3782
6474
5962
3123
5206
7764
4572
3693
8461
6788
7421
4095
7823
9079
5630
8277
2694
8923
1351
1985
7322
4440
4856
8426
734
10271
1399
6713
8963
1858
8679
5657
8308
5053
6354
187
1930
6655
5683
7078
2924
9861
1703
3824
3905
7872
7730
7011
7846
994
8971
8547
4917
9646
5085
7130
7219
8566
4842
1441
8834
10503
8702
8712
4380
7916
2405
9638
6851
3380
6532
6634
3267
7082
2090
7772
1802
10282
1257
3
4768
3904
7635
8918
5878
3845
1700
498
1010
9617
8060
3899
7534
477
4054
8469
1489
2548
1941
8627
6496
4669
3753
1786
8317
4029
9915
1440
8587
6692
8517
5700
3687
4996
1899
6738
5960
7948
9403
3430
9237
5353
1326
4957
7221
6938
9158
1101
1895
7245
10542
1147
2913
2030
1560
9051
7035
3351
541
2390
2545
835
4198
2169
3288
4402
9731
1529
9320
3407
6148
9175
9054
9110
2307
9650
8000
2514
8022
5159
576
6838
10223
9313
4568
3519
4817
5762
2399
6612
7748
5333
6856
1312
10296
5224
6900
7723
5721
5716
5229
9808
2445
7262
9543
10142
7310
1117
1004
10479
10449
4371
3822
7843
4166
8887
9973
8998
3978
3833
3520
9157
2201
2478
7340
8992
110
1059
6685
8089
8687
7190
6013
2252
9522
854
2122
7841
717
8936
10022
2513
928
4995
8957
3686
1936
4069
6618
8906
3970
8885
1022
8994
5481
5253
7621
1655
1853
7338
9882
7184
6511
1829
4399
1141
5900
2136
1045
1154
4674
5375
6551
5949
355
4202
3981
2896
9802
8723
3231
8782
3281
8175
6456
3801
92
439
10167
4062
10162
6189
1455
6440
9119
10140
7298
8050
5256
10129
1373
1588
6920
8626
7682
5941
4897
570
8743
3704
6548
10053
7232
4547
5867
5642
5339
6419
1124
3656
9619
5578
5418
9593
6917
9135
711
4724
2182
4404
4702
4659
6367
1952
8987
2587
4722
10270
2081
1968
5958
942
10278
8682
2211
115
4904
1948
9774
8750
1867
8386
8618
7224
4249
4668
801
1800
6505
3350
8158
8180
106
459
904
10389
10288
5139
5482
7016
8797
8757
6951
9690
1187
3456
9476
7855
8964
10101
9147
1841
7702
5681
1918
10487
8
3371
10460
8215
8943
6196
7554
4304
7029
9769
9221
540
5725
8984
9903
9431
9643
4267
10461
3980
8866
1037
5783
6633
2808
7666
4554
2102
7897
5105
6673
7525
5557
7847
2149
1116
7286
6017
516
8785
1426
9152
8173
7942
9500
7716
1235
4201
5789
8198
9206
6890
8572
6710
7377
1744
5701
7493
3265
9958
771
2165
3588
2479
8696
9038
9689
8349
9265
5848
6010
6258
10289
2401
2986
2782
5441
1149
6800
7352
9798
4227
473
4790
8852
2566
9363
1825
4275
8049
9713
224
8928
1838
3183
5513
30
9807
7870
5916
2706
7335
9865
350
8396
9130
96
720
6857
7246
1532
657
7891
7949
3642
8953
9712
117
545
9311
2048
4117
4694
1457
5009
6978
8107
7466
5707
7985
9554
1589
4690
9778
6201
8891
8163
3384
1299
7678
658
8954
9233
10235
3590
9633
6157
3149
6226
8320
7080
5194
1511
7810
10070
7420
9469
9558
3768
8305
6205
10451
1482
8097
4471
1510
6454
10250
2098
4880
3098
9218
9444
4073
4326
1678
9584
753
3182
1944
2178
3079
1125
6693
8241
10606
6910
5892
914
3612
6925
1198
4231
5965
10130
8773
7252
7660
8427
10112
4637
8141
7536
9263
6050
5862
2407
8725
5422
3036
4862
2748
9103
7806
8090
1711
9591
4234
4807
701
2142
2872
7560
10584
4085
8620
6732
7677
2631
6614
6028
8621
9659
5507
9743
3596
4563
428
535
195
3505
1077
8754
6286
10623
8560
2620
7798
10493
9547
7105
7465
1146
9724
5842
6989
4656
10026
46
8202
6491
7982
3960
4905
3639
10314
3423
3166
8822
10597
1232
9467
4454
10066
4544
2071
10188
1011
6815
676
6676
6682
7817
10084
3930
1810
1279
2028
4938
6485
8986
9996
3804
5857
370
1522
10594
14
9598
2461
5443
1668
8291
2449
1586
7854
3065
8264
3962
10354
405
5665
7902
10432
6394
182
2816
1435
6316
8206
3078
7911
8668
9331
8228
3167
2515
7781
5816
7918
6284
2398
10370
6671
4937
8961
9609
10044
5686
7026
7468
10159
6090
752
9853
10005
7861
8221
7436
2250
4542
1564
6234
10017
10325
10238
10603
6839
705
331
4496
2590
4693
8187
107
481
7903
327
174
4925
6369
6576
6638
6279
7141
9759
7222
6411
5114
6982
7794
7558
4289
1849
9527
3886
6758
5904
2114
9123
8652
8709
6289
8086
5757
1630
8473
4367
2579
9858
5897
6681
2639
6322
7235
7439
7573
6754
8931
9314
1175
7033
8156
667
232
10379
3999
816
9468
3730
8810
6593
3603
3180
2988
3528
5988
4840
5576
709
6735
6097
4512
3874
7610
7010
8132
6646
5490
3236
1833
7917
1454
1971
2850
5448
3779
10334
737
2104
683
10531
6389
8864
4686
2327
4530
2907
4981
3279
7919
1467
5195
6319
7816
4676
8979
6939
9702
9133
9447
3617
264
3939
4698
9243
8024
4019
3229
10025
3353
9059
362
8814
1498
4157
10548
3335
7577
6563
8680
10000
7900
2063
3475
600
3623
2027
2496
8272
2692
9669
3909
4634
4283
4523
1581
2278
3029
10158
5522
5129
9183
2502
1185
8737
9136
10194
258
1760
6128
5832
7613
4036
1877
8104
4292
69
6667
3778
6818
2746
7038
7318
7683
8996
3241
3151
10353
3220
9815
6625
9826
6556
1128
9691
5417
5675
5466
4699
4208
8803
8008
2962
2750
1688
3922
2693
9762
5499
9905
9745
7720
5815
1015
3125
9811
2779
10485
9334
8734
2080
1160
9880
8726
5780
4534
6413
4599
6410
1896
7545
5915
8376
10128
9974
2291
1318
181
9917
9644
9929
2818
6801
246
10212
8092
9109
5611
4931
527
4701
8585
9567
6154
2921
1956
2004
6806
436
9174
1176
5581
9425
6871
6552
10505
283
10441
2434
429
889
4631
703
7735
2371
5240
8416
1531
8624
3912
4819
4394
982
10568
8503
3104
7884
536
5770
2916
3945
4091
9406
171
2262
4875
548
4739
8377
3014
9436
5963
5533
144
2322
10033
6463
1919
1811
6426
5984
10388
9257
7575
10480
5173
2093
581
750
3385
5619
2221
7886
6805
599
3671
10382
6069
5584
10428
5951
9715
149
8323
1539
1989
2237
5118
6775
6562
10438
3434
8449
5906
124
6707
6598
8229
2781
8770
602
5386
8475
2378
5411
1408
1204
6472
2757
4746
9117
9734
5235
2857
4684
1898
3398
5797
1646
4535
3326
1229
5722
3510
7689
3057
2101
10516
4450
8561
1398
7273
2622
128
3697
2833
3563
4162
884
1789
7188
3266
7015
6373
9831
7983
2660
2904
6215
5188
7986
9021
6387
104
9847
2551
1959
1820
7229
4066
4018
400
2471
4155
5792
4092
211
2901
2773
4187
8342
4398
3492
3076
6529
5573
6944
6653
8949
5013
7176
6657
1238
2026
7930
2491
4489
499
640
962
2780
7934
7541
10572
6051
3669
4773
10436
9062
7389
8480
2842
8477
4465
8727
5696
34
5944
3324
1526
5755
4403
175
3586
5773
5775
8302
6569
637
7869
376
4959
7153
6841
6438
5003
7654
8367
10308
2820
2203
10230
9872
9003
8610
4558
3080
10458
5299
5902
6430
1722
814
8660
6690
2810
486
3807
9711
8568
7799
864
1341
8237
1106
341
8676
5346
7691
6404
2157
9193
10564
2162
4176
6015
7614
220
5371
3950
2421
9814
7941
5603
6243
9578
7437
7709
2897
4779
4315
3717
9081
9172
8244
7051
10626
933
9326
10444
1873
6237
2238
9400
6033
7656
6963
5981
6003
2529
2377
7650
9090
9213
8990
3092
6603
2400
100
3867
2656
10398
5280
1237
10576
10215
9129
8642
1246
8784
9852
2480
7887
1303
4017
8499
5822
8343
7648
3725
10592
4891
4566
10039
6400
5106
6760
9799
1839
6479
8356
1027
8026
9391
7957
9682
5379
2506
8150
401
9398
2565
6390
1241
611
1414
3051
974
9491
5180
210
4954
5917
934
6666
9100
2062
8441
9435
2427
6009
5356
2582
8067
9227
4969
3286
7506
5131
1197
7003
559
1814
3323
4972
6023
10602
8921
2129
7771
5104
5458
6475
7355
7790
6792
5090
2805
9701
3947
3491
4678
1221
5881
5743
888
4116
329
7833
4389
9565
6932
5830
10236
3263
965
1617
9465
4039
55
1070
9071
10312
8605
9310
9005
7270
8091
8369
5750
8214
9197
1150
287
6344
6360
1268
2057
1713
10113
4816
5961
6808
8021
7445
3777
9573
9700
353
6774
5956
7997
10292
9820
7849
4086
9793
7925
4485
7805
131
4439
2488
3225
53
10299
9860
8493
2852
9074
3372
979
4635
741
5071
4470
8122
3868
2910
8924
4700
4899
5887
886
9322
5327
7412
7446
1542
4853
3147
5077
35
5135
5600
3871
2308
3847
3849
8597
1797
2280
8538
8288
1494
7778
4125
2220
5475
2187
636
4055
9832
7567
9252
4123
4505
7645
794
8970
8110
9736
8484
3716
9687
6403
892
6441
335
3853
2869
5351
3139
9908
2271
4820
2853
6326
9139
9622
8137
1342
3472
4597
2318
440
4049
9399
447
8886
4134
1565
10331
5136
2760
5926
2050
6483
9179
2001
2475
9960
138
6946
4087
8792
5807
2889
4507
6385
4413
8590
5409
8223
10496
54
1334
8537
4487
10204
5064
4318
5593
9920
9215
7415
8739
9846
1368
7050
7211
3971
3967
10507
5614
8845
9264
2697
9270
6377
3611
9490
5905
4110
5255
4024
2761
10105
4900
2354
6899
10081
6111
6259
6272
9649
5099
5405
495
5270
2705
8027
4387
6642
2181
2507
1753
5429
3556
2922
3420
8501
891
5028
330
1292
4150
10368
1263
2456
8613
263
4482
586
9298
1067
2989
2929
217
9975
3640
3117
6547
9141
1029
4323
5613
9720
6585
9629
5328
7158
1432
9935
1300
887
10342
8632
4926
7476
8176
4658
4334
6610
8083
3192
3629
3339
4821
3165
2212
532
7174
1166
5199
1082
7447
7156
6935
9878
7022
4868
3624
1879
4947
2021
3928
1095
4
1799
580
7711
777
6118
10339
2458
7938
4426
2455
10527
4903
209
4342
6034
5691
3838
10029
152
95
1693
1155
1625
7431
4140
4586
5281
6061
6662
10090
2497
4303
1215
7505
728
3690
10108
1683
1281
8398
4441
1520
8169
4053
4463
1664
5424
8389
7171
5623
118
4064
381
4760
7255
9350
5895
4415
444
8608
2108
2055
8968
3418
3127
8380
6204
7852
3825
5401
4034
2941
6516
5546
3758
5606
3877
2809
6238
4297
10309
3820
1863
2643
1132
949
7166
85
7276
1471
8603
5995
3555
3162
4825
7844
9292
7083
6461
3245
8761
160
7380
1652
5820
6163
9285
3759
10181
390
1779
8606
4060
2185
4279
5876
3569
478
3047
5531
5287
1537
9673
6155
4707
7789
4089
3004
10575
5241
8592
2446
2345
4206
4488
4989
9407
461
8063
9999
9116
2923
3924
5776
7110
7113
1208
6129
5202
4537
534
7671
987
7218
8982
4320
4666
5812
3846
192
1673
2640
2758
4383
8811
7215
9870
7681
9962
6797
7381
10439
970
9241
10569
4753
820
10102
1623
8476
1284
10456
10595
1359
3390
7012
5091
5271
8664
9541
2676
8414
2510
7244
1957
7427
2868
8874
2397
3808
10502
836
5727
2364
2593
9077
103
4604
10577
5734
2937
5656
9744
9741
1425
456
1410
1297
6372
3239
8861
7754
5189
628
4617
2140
6054
8208
5679
7285
598
4620
5237
3916
783
1007
9695
1492
61
10617
7741
1225
7546
6245
3394
8146
2970
1845
1699
638
10179
5787
3458
2370
9819
9627
4808
9621
5712
6894
9879
7337
8402
10380
7226
7921
7409
4607
7263
10277
1421
1006
1627
5464
9034
8710
79
4520
4211
3601
3009
1913
2164
8766
4061
8649
3953
2944
4832
1249
3949
10030
3467
5176
4160
9828
618
2516
8422
7362
10525
6285
6968
1961
9226
1880
1008
9057
8806
2263
4152
5222
3554
3310
4438
10447
6560
7004
6586
10497
6533
4011
1086
7622
8756
2607
7608
2935
5467
7928
5154
2189
626
4769
7489
8691
8719
650
674
9556
3636
9055
2995
797
2613
6995
358
5348
8917
8219
7321
845
1034
6742
2815
3429
5825
1161
9209
2655
8981
3888
3680
7736
4798
8443
1329
4885
6005
1393
5889
472
9460
2848
3318
9261
4137
10553
5763
1370
508
8375
5817
5597
3468
404
2701
4812
6071
6402
6622
3696
6619
1052
9352
595
2862
6500
2145
5268
1388
10483
6038
4204
10074
7122
9545
4567
1180
4301
951
6858
7990
1551
8053
679
10316
10350
9247
1178
7782
2120
3655
7644
1244
4625
3091
8821
6262
3829
3883
10284
2173
3480
1218
5022
1736
8324
2043
2980
3260
290
7981
5342
2111
9794
1190
5063
7893
3269
6035
7821
9028
9214
10261
8418
6981
6420
9045
7707
4368
239
7947
4217
5366
6381
8224
9536
1573
10034
2659
1040
10570
1078
4943
6739
3837
2285
7769
3437
10533
7424
2382
7971
8436
4239
10506
6108
3349
3277
10185
882
5672
1618
2855
973
3661
4964
6467
3742
10281
2949
5525
6976
10386
1813
6684
4890
185
1521
7616
5978
3185
1890
3993
4255
1775
4008
8337
5692
1265
4679
3856
6101
9964
10373
1126
2826
1168
352
9990
368
6700
8611
1835
7172
321
5205
4078
275
6886
2726
10202
1577
1030
9652
408
9087
4128
4730
2133
5296
9095
9395
776
9105
1546
10524
2943
8285
6160
3936
10103
7261
8902
2163
5676
606
4770
2717
8559
3331
7253
3834
3364
1026
3141
3315
9065
5799
410
6877
2614
8801
2483
9699
298
6422
1778
9610
83
9893
2753
7149
6297
1000
775
10376
5695
1951
3681
5993
87
5152
4475
4667
1020
577
8977
1772
8940
3897
8722
10268
6405
5168
6342
7578
2160
6996
1488
1183
2290
6452
3240
9315
2096
6639
6561
5667
2954
9137
9240
6528
8546
10579
7182
2583
5044
7220
4295
7813
3426
7611
4405
8612
2402
7593
9891
8112
1978
9367
847
957
3070
7913
10116
10257
140
8332
4400
1854
9512
1491
2683
7931
483
8456
5430
6626
5103
4170
6327
9895
3594
5412
7452
5508
7239
6831
2602
5847
2424
5659
3907
579
1468
4481
6749
9342
1667
9073
8889
6429
4260
5148
6874
8609
10274
3187
3614
151
1990
5564
7067
3421
6882
2361
1096
8602
1380
8512
10393
3379
4349
4886
10347
265
9612
2385
5928
739
10547
10118
6915
3799
8565
186
68
2942
4813
8489
6436
9698
506
9930
1910
6875
2261
5080
7659
5855
8650
4962
7710
113
6973
6645
10225
2909
3783
10110
8941
5852
4000
1997
9817
3319
6378
7142
5158
4004
7969
5426
8313
9484
8226
5102
1665
5486
5301
9913
789
8012
6265
6257
6165
7910
5294
5377
5724
9502
6729
3604
3502
3443
5352
4627
6145
9349
4361
9821
7165
6898
597
6114
9042
8842
9678
8840
6750
805
2878
8007
4014
19
4052
9160
1469
2152
10472
5238
441
8126
8195
2059
5247
7914
4633
6300
6554
821
4952
8289
430
6252
6141
10055
10148
3788
5218
1887
6728
345
4683
10413
10561
5633
6803
6767
868
3800
3142
3463
2568
10059
5132
4347
9205
10073
10146
1718
1676
8976
10491
7280
2472
4608
9210
1681
8695
4374
10555
10381
10065
6546
311
70
9272
6776
9303
9995
6455
8463
8758
2914
3285
4193
3721
9940
409
8117
9719
8740
2998
8492
5027
806
9779
8030
1824
2865
9506
6361
5098
7397
1209
5759
853
643
6132
3668
2804
3393
6397
9784
8033
6031
6087
8684
4710
2248
5986
64
9967
6691
4010
3146
999
2584
2234
1444
4755
3723
2115
9466
1697
3262
1060
1862
3386
862
1591
7959
6078
1081
4756
2404
3099
10077
702
681
7674
7458
3375
8813
7385
7200
5079
10141
6451
4222
5191
3207
723
5901
9615
8967
4609
10273
7664
8818
8274
6247
7422
2594
1658
9656
3593
3289
5177
4337
9046
5112
3574
6550
9688
7936
2384
7586
3454
8548
2343
7042
5955
3646
6207
8878
4175
7131
2325
1728
8749
2054
6350
5601
666
7277
8293
829
2110
8186
2204
2235
1767
6770
10394
2523
1406
4915
7727
4422
1486
5809
7073
3628
3273
10391
7700
2451
1476
1509
7107
7076
3720
3050
4375
7968
3482
10437
1462
1578
7152
8925
4881
6308
1619
5421
2215
4121
7071
9986
4703
2936
1290
3817
7478
2682
8729
824
8884
736
5983
1533
1796
6124
3946
5325
1110
7675
7023
5207
9993
10523
5066
3171
9202
178
4860
6795
3882
1479
4332
7236
3811
9462
2768
4602
7308
2539
3431
5777
9228
3786
4452
2270
8653
8827
6305
3022
6459
5460
1199
5540
1205
173
3544
3359
4147
4527
954
1361
10097
7935
4968
3551
917
1366
2175
5081
8106
6096
4207
8791
2268
5945
3516
3111
5574
6785
721
4982
2078
6477
109
9012
3566
2000
3476
6904
5365
2930
134
3157
634
7773
2812
744
6446
1505
5303
10171
9353
9458
8261
7418
1415
2024
7180
9921
7481
4338
3710
5795
9560
4948
4525
23
10616
3442
10409
832
1152
363
10242
303
1764
4863
2391
7953
4594
7159
6843
8210
5690
10306
8171
2
183
3140
1765
8934
2274
6416
6380
4026
7580
205
7268
9824
5446
10079
3415
6125
8359
1438
1201
3450
4629
9187
165
9508
2707
1407
7479
6930
4932
9419
8832
5567
3592
8545
5059
325
6494
5837
3979
673
2199
5846
8192
7761
5122
3576
915
10007
1293
5634
3067
7365
1381
9337
8378
9989
8699
9319
4741
2912
4735
6095
2254
8314
2249
5850
8335
754
1075
10585
1970
6868
7581
452
4417
9459
7797
4259
740
9474
9624
9886
4956
8011
4574
7759
8419
223
10252
3514
8641
5821
8955
4919
1349
3033
10098
825
2653
7602
5137
5989
1253
5324
2429
8039
7524
1330
2920
5316
7039
2025
5246
5050
4711
2843
9162
3253
4913
7882
2663
3607
213
2499
7952
1550
5596
8004
5440
7284
6987
1756
9127
6702
6878
3296
4550
3416
6766
8442
8347
7498
6520
10397
5134
5713
7963
1301
1033
3732
9266
2570
10557
5089
9368
7721
2415
8309
1731
1071
3150
8802
5092
2651
2618
694
3000
3547
6135
432
156
1296
9520
8079
1354
3865
7257
8109
7865
3572
2477
6823
7119
5947
9910
4670
2703
1727
2633
453
9538
9803
5952
4369
10088
5343
2423
6179
9966
8120
240
8093
7306
114
10267
810
6966
6208
2474
8937
1374
546
4379
2834
4495
10010
1556
1307
4392
2696
9493
8794
3048
5473
6432
7047
8771
6186
2158
9256
4965
9706
4460
537
9164
4907
5121
10255
268
6184
7170
3533
3679
8199
7376
3011
9361
2883
3021
8382
1073
3538
8732
10468
3879
2408
5663
4298
1515
1540
6557
4510
3988
6573
4099
10621
10538
7457
10197
4791
4626
7827
8018
5547
2116
6783
1650
7333
3738
1705
2159
4354
3445
1982
2008
4401
90
5997
10295
996
3303
6518
2699
6659
9456
6103
6565
3692
8038
2886
9936
10406
4067
3163
8765
3790
5367
7955
7511
9602
9998
8904
6545
10593
1450
6062
7164
7672
2403
596
10122
4268
5528
47
7688
4257
9518
2317
1837
9844
2538
2928
236
9748
6158
8319
7074
9267
10343
2394
2710
10234
7027
7987
781
5248
708
10210
6423
945
4940
5509
9223
6945
5920
2908
3302
7929
2099
9115
2634
3562
3989
8926
4873
316
3249
8542
159
1844
8648
6386
1343
4357
1025
4075
7687
9402
3244
3620
2991
8531
5249
6425
10560
9639
8645
3087
6260
2134
1742
2292
2388
8231
7951
4015
2121
10454
2554
2738
10540
3474
7179
6248
383
4751
10231
348
1915
1420
1579
10488
5196
5854
8673
10222
1057
9234
4936
4219
4122
7814
5505
6817
4743
5267
9866
9992
7724
8836
2747
6621
6136
3130
5457
1903
2481
7167
6102
3237
6104
1089
2517
3884
5991
9377
231
8433
2793
10198
5793
3726
7370
2086
9275
7482
4058
1478
10544
1064
8174
3184
8598
7808
3058
7926
7737
5171
2457
501
6210
8172
998
5293
8318
10062
10510
8399
5781
2863
1186
2877
2807
9894
7345
8583
9239
10246
190
3045
5885
5019
5935
906
3399
4419
5728
4296
7889
5645
9481
2188
9235
1883
2688
2948
3391
8738
6092
5731
380
1882
4246
5560
1404
2600
10297
856
4569
815
5476
1255
88
8133
2269
9251
8216
5929
550
3580
2299
5447
2765
8688
9069
2766
2433
10605
6962
3583
9008
2426
2940
3226
4748
1691
9548
9428
10240
6822
2376
8978
10068
3880
7559
4474
5678
7186
7529
7312
3088
9478
10124
266
609
6764
8471
7462
7892
3814
4308
72
4183
7679
4341
9732
1165
2303
7639
8341
56
5201
5504
3887
7028
5492
2273
2413
7995
5037
3652
3964
5909
424
10040
7890
9163
1694
4235
3751
8521
1816
4205
6309
1148
3994
3392
4546
9411
7391
1704
6715
5864
5661
3974
8487
2854
3666
9806
10412
2856
6747
2332
12
10348
2546
1138
7878
7850
6055
2994
1819
6409
4705
8567
2687
5818
3772
2020
3959
1917
2672
2630
10001
1500
1337
1055
5326
5998
6929
6844
7557
10164
323
6524
6138
4105
2406
5572
6089
8392
4457
4918
9772
6706
4879
6473
8718
9763
6224
2512
10127
8534
2087
9489
698
2243
1791
3587
9552
5403
3944
6695
7530
4731
1443
1770
7487
2348
3736
6352
1385
3776
6331
3383
3595
509
6578
10320
4967
4144
4651
6790
2242
1629
9284
3378
6194
10060
7647
9944
6457
8667
2459
8115
7195
8959
5095
944
6470
8440
961
664
1900
9777
696
3532
735
8752
9385
10301
1784
8819
361
9697
4673
1222
10390
6359
1675
8191
4757
833
4745
8190
7932
9448
9740
8048
6955
2534
9726
3024
398
3294
6751
785
5404
947
9288
1466
1304
1535
2306
3670
4336
8938
10467
1517
4552
1002
5329
4181
7315
125
5635
1503
4038
1463
1142
3584
8116
1746
5258
2366
5520
5432
4237
4363
1574
668
9551
1085
4942
8631
3709
3427
5043
9329
3206
5459
8350
7401
7043
3164
5708
5588
7840
9523
9200
8213
5362
7994
10582
8131
8239
5982
2836
8549
5874
804
1561
2213
8327
5682
10052
2143
226
9324
1852
49
7069
6936
3602
9321
3031
8281
3913
71
3919
645
8816
4598
1607
8571
3578
1575
2605
8013
1940
366
9485
10622
8087
8661
4016
9075
2007
9833
1644
2829
2298
5231
7504
4142
9758
91
9424
9994
1977
4727
7121
9306
2533
5209
1934
6236
6846
4477
1751
8462
5156
2010
2960
7207
1566
10448
8854
3794
7568
5108
7178
2244
6544
3764
5829
7151
4161
9883
10137
1716
7825
7413
10426
10336
1264
8073
4869
7851
3280
9083
10330
9421
3344
1251
2658
3387
6121
4561
1935
1856
4839
7059
5756
6197
1306
4265
8439
803
5390
9104
10125
3052
9274
1360
7480
464
2893
4478
8016
9271
9088
8636
3433
4129
3264
292
622
7044
4331
9890
2357
3002
6249
5233
4360
9189
2623
6912
4057
3657
5185
4914
5937
2716
2489
2892
9792
8614
3358
2200
10048
9931
3859
2190
3299
5538
8483
7163
7133
8262
2466
3174
377
3347
4098
8420
5167
6536
8960
3018
1777
7527
2685
4549
2796
139
7294
8108
5015
2827
3417
6570
8478
3201
5651
4785
10517
10567
6267
4766
7513
6490
5503
8395
2951
7555
6065
10072
6162
5582
278
6251
9509
1815
1365
5488
2504
5766
4041
2578
10133
6392
6572
1169
3257
3068
6173
1708
5772
3748
2974
3927
3500
4027
677
6592
9721
111
6106
1216
4555
9039
921
639
4282
8381
9577
1907
2060
6629
2168
5841
5845
8735
8634
9765
8700
163
4719
5266
8670
3016
6913
2123
6990
6070
2637
1983
403
2067
7717
1748
3754
4775
9140
1937
4750
6514
8510
9809
4966
4494
6444
6584
758
2884
3121
3885
10477
1319
4178
8663
8800
2731
7738
9787
663
7075
4498
4887
1633
257
496
6699
4103
8518
8693
3490
2041
3341
7001
8932
9597
7749
2785
10287
2305
7646
5076
9297
9575
7629
9671
8023
2762
6531
7943
2987
304
1897
10563
5392
9676
4189
324
8203
6733
549
6607
7471
7201
5654
116
8617
391
2561
4288
1690
8969
4628
3664
4590
6312
3196
3852
7187
7496
4396
1276
5831
700
2428
2069
10384
143
3809
8760
7923
2511
5553
5453
1353
1344
7998
6527
8638
959
4841
7197
5337
9058
931
691
3749
859
10508
5882
10404
1395
10375
6902
5779
4006
3644
2971
3506
950
1834
6791
6018
3539
521
9670
9535
3706
9024
2051
5318
10076
5142
4782
4352
7756
4418
9078
4281
7066
6076
6351
8916
9093
1963
10177
6427
568
9007
8111
2180
9366
7909
9145
7915
8817
8070
956
9254
8625
8119
2501
6813
9937
6510
8591
8781
7302
582
6417
9340
841
6589
8939
5853
10566
6349
3915
939
2092
9747
2300
924
9156
1338
6044
9887
8795
6714
8437
6383
1720
177
6301
6542
4023
276
7428
2247
1534
6004
9273
4141
8558
10476
7708
5094
6744
318
1541
8544
1993
9143
7018
8339
1113
10206
1545
4192
3035
6842
5839
10221
7097
4447
2524
6453
6703
5957
9665
796
10574
9304
13
6512
1922
3188
7566
1914
237
9195
7747
9857
7079
8240
5456
10085
10550
8452
9603
6993
8211
3096
2137
4836
4616
2803
2258
7885
8259
1331
9392
233
2044
7803
7173
227
10420
1662
1038
3613
8254
7755
9052
3850
5827
8580
7118
5002
4660
10285
1391
10266
7150
4432
7531
2695
119
3815
1828
2360
4070
208
851
7228
3694
10047
8271
2155
8677
8927
6927
1580
5496
9601
9359
7698
1321
1567
8713
1595
9628
2861
4614
6508
699
812
8965
5933
7762
3684
9177
7500
6187
8406
7040
7589
1035
10355
2138
3522
3061
3466
9437
4050
4641
5433
649
760
5571
6503
4796
895
9641
2454
9277
340
6219
2170
5985
5749
5315
9060
2297
985
786
8630
3518
3955
8256
3894
7146
7408
3254
9442
4536
6807
6771
9393
9016
4528
4359
8728
5151
9978
2311
6663
3816
291
5014
9061
1759
4311
2232
2572
7098
8028
1072
5381
6339
2999
1377
1568
5223
2032
8084
3873
10366
8140
6849
3250
9126
3940
420
2588
2231
334
8525
2537
588
8657
4486
288
6448
9877
800
7642
8706
8589
823
7950
2802
9717
5888
32
9050
3769
641
6497
9813
1460
4381
9519
1261
7989
4163
6870
1348
9408
5438
8068
5396
2763
5184
6492
7685
2772
9677
313
8428
8774
7019
10067
5215
4689
7475
3100
9440
7435
689
8911
7324
3525
4020
6021
5232
7692
396
243
8786
8295
9464
442
450
1058
9723
2638
7972
3889
538
6950
7032
4330
5512
5813
2789
4752
8139
2955
4079
660
8900
129
2286
3367
2209
7405
5107
7705
9954
4950
1508
6999
1593
2945
2338
1382
6217
2847
5046
2335
2770
17
4171
9945
6271
6885
9636
5668
5349
7507
2624
8134
132
3987
7265
9345
359
7005
9217
10208
2141
2448
1530
3969
4810
1103
1901
10518
9107
10193
307
5621
6185
1271
10080
3203
2339
9979
5358
8672
9356
1371
10526
5826
2846
10036
10321
5011
1258
4382
6926
1504
6233
8604
3069
2560
9768
7407
10598
9260
1635
10551
4911
9201
7883
9704
644
1739
490
7873
8594
995
6587
8055
6757
2616
2983
7064
7548
1832
5530
463
2990
488
2597
3819
9413
6679
4522
4224
10357
8287
2284
3963
6235
8170
6636
51
7225
3462
3452
5026
2821
3789
1552
8065
7601
5689
3498
2230
2053
4896
514
9276
1960
1974
5996
4459
883
6146
8066
8863
6398
2019
2540
7734
6784
4971
6364
2240
3755
2646
7874
1227
3677
5306
522
3049
1195
5113
289
7049
1378
2627
7070
10341
1850
6131
3075
41
8154
6287
5911
9091
6288
1947
8059
3573
2724
9373
9600
1099
1661
10620
6501
2016
9579
3934
8711
5278
5536
2473
8920
9461
6323
9097
438
1098
5717
993
305
3986
6152
37
8297
6687
5227
1028
8303
9486
1352
6353
7396
5970
7533
10422
94
10157
4190
3606
5607
6498
3425
2439
877
9063
1998
8124
5632
8355
6893
5179
6977
10345
7860
1470
7
5284
2979
8280
9080
8536
5175
2858
6964
1242
2132
206
8815
8432
4945
9355
2277
5940
6600
9503
7304
2470
10318
10628
9707
733
8010
10362
6628
8838
557
10214
167
7313
8552
9409
5485
262
7958
5969
8103
10265
7933
7045
1649
6434
2065
6190
6343
3298
5065
8853
6399
6063
10475
1610
3313
9362
4286
4538
492
5870
1356
1654
4612
8201
3958
9122
2034
9855
8307
7363
3352
8890
9477
7784
2661
5436
2526
6654
2729
3112
5523
9339
7137
5535
7316
9443
10259
655
1642
5000
9236
3329
6080
8275
423
2194
7576
3839
6281
7134
9108
525
7320
2632
7430
3441
5666
7572
10012
10558
2395
3484
137
2629
241
385
1069
