5338
2046
5719
1315
10184
8516
8165
3035
6932
4611
3486
10436
2556
10608
4194
9075
3967
8872
194
2576
4285
8161
6482
9213
10215
4235
9349
6304
8661
9628
2647
9142
8011
2102
805
2323
9693
1757
6565
7177
1805
9984
2601
10524
33
3728
6836
8079
2241
2360
683
5940
4503
10356
6347
5687
6973
2444
1713
3992
4779
5098
5515
6449
4122
8851
5708
1400
4830
6149
3556
4567
5163
7676
7365
9330
9424
3854
7894
3920
9110
7791
8868
6817
955
5422
2474
10262
6294
5511
7526
9540
6552
8985
2695
760
5950
664
8897
5508
4591
653
9848
10590
7272
5324
7777
8870
2954
6858
3532
9498
9496
1854
7369
1492
1322
9410
8960
2009
10042
2034
9280
1086
2784
7065
6185
6676
2508
5564
1108
3685
4097
10597
3188
1590
9246
6208
8398
3470
8802
2566
10095
10280
9679
8245
7534
2340
1708
5090
6217
7036
2385
5714
4013
5669
5626
7339
1030
9771
3955
3257
3103
4890
10001
7973
6444
9948
9194
1497
3947
8651
7
8671
7519
2963
10166
5809
6118
9592
5679
3839
1323
2631
4126
4749
1617
3164
6558
2479
8500
5312
3991
8677
10110
1403
4965
3982
7543
9408
2160
7908
7620
798
3233
2757
3158
2071
7300
5613
5591
6662
10119
6947
618
5281
10127
4970
831
7929
7237
4135
1535
6537
10419
10173
5456
5567
6533
4271
627
3694
6729
3007
4738
4959
2525
1234
7535
6258
8541
7490
6137
9953
5429
10458
4044
4291
7035
2488
4475
3548
6437
4349
7984
1159
1475
1428
4647
3667
2898
2051
7361
2074
7092
2993
2942
9978
9900
10061
5882
9678
4850
8937
7014
424
6424
604
6852
7147
9027
9695
5694
9524
4041
8736
8608
3150
7746
65
6743
4543
5307
3142
8693
2806
1345
7801
2808
1163
2839
8124
9317
2837
707
9428
8532
1181
5646
703
7112
3126
6157
172
7421
6937
4403
10147
1396
7333
6356
5275
5062
2079
6193
5088
4963
3102
3444
496
4462
275
9227
1155
8221
969
4905
1099
7556
6040
4672
1521
2420
7387
7915
6473
4010
2587
9917
9944
7060
10076
2636
9298
8098
3467
9147
3787
1319
3161
814
878
2164
9431
8642
2976
2658
211
9481
2309
9740
5656
4195
2128
5419
5858
8485
8584
6305
8290
358
9072
8218
7463
6799
2890
5682
3263
9878
4604
9095
4430
4589
7988
5736
3283
6966
7413
3398
8518
4420
8399
9400
2388
153
1666
3870
9962
9950
8466
5425
5152
8238
7262
911
2121
1903
6654
4888
5907
3151
7318
7107
4701
6173
6633
1338
4404
6991
4460
1990
4133
6112
1339
438
9836
5320
2891
10245
9596
2810
6672
3999
2086
4077
7871
1897
421
7224
6905
72
8307
10303
4883
7388
3927
3227
5095
5545
5800
7563
10187
5593
139
2137
8925
7080
5132
9158
2545
8658
10395
8587
10412
904
10159
3215
9646
893
7977
8148
7491
8048
3648
3766
619
8130
5969
4949
2148
1238
9567
1433
8688
5004
9001
9664
4559
5173
9872
5001
1987
2538
670
9912
9409
9359
428
4350
9334
1313
8793
6762
1021
5587
3027
10424
3530
8830
3859
7795
1871
1645
7071
2473
4733
4894
5022
645
7786
4417
10131
10012
4947
3265
3708
9339
160
1045
3139
7459
7836
8600
2746
6451
265
8356
79
3863
1157
7965
1350
1565
7286
7950
1439
9247
2591
3021
9732
7613
10484
9307
3877
6687
4859
914
8666
4098
3311
7353
6888
4182
15
8378
766
8973
8051
8451
8952
4909
3252
4045
10328
6806
7530
9050
3552
4602
8112
248
2090
5394
7057
10336
3739
3637
7769
2210
6309
6032
8253
6071
4334
8884
8950
4203
9741
7796
4442
7430
8524
8611
9273
1515
8420
2943
8343
4868
3222
1754
2860
10320
4523
10079
4256
5076
9977
717
5396
3849
7426
8149
543
4943
4070
9448
8540
2814
45
1176
4703
5512
2510
6851
9780
1793
2730
9885
5561
3322
773
2838
6108
7309
9575
6689
7331
6632
5136
9368
5279
820
6517
2317
5958
9469
4139
2424
6419
8080
5963
6266
3922
1297
7384
10220
8391
2232
6649
8944
6295
329
46
8613
8418
10062
4326
7759
4250
6732
4006
103
858
2502
5662
272
5878
1269
4506
6963
4681
6620
4699
7702
8806
8926
1292
569
6773
4125
4806
9549
4190
5157
2781
9831
10101
617
1945
5865
1118
8770
5538
502
10242
2432
7955
10598
4052
3630
3315
5727
3217
1442
9259
1561
5680
5099
7245
4636
5974
6228
1252
8735
4993
4263
9932
8908
3565
5639
2256
2300
2178
5762
2437
3625
9445
7474
585
2739
1327
6222
2387
3148
8575
8571
3184
4068
8174
10618
2056
6994
6635
9766
10536
4193
328
4386
1928
4901
5339
8347
2822
5197
53
10190
4534
1658
8085
9426
7305
5068
3269
9940
1513
10233
3769
9663
31
4158
2553
1841
4343
5043
926
935
365
10047
584
6641
7261
8845
3681
17
3019
8535
434
2001
1736
5911
6855
2661
751
7475
7301
3572
8727
9065
1452
4183
6098
3855
3248
5101
6003
5877
6655
6897
5631
2404
2431
1472
10574
259
2899
8110
10137
2264
6667
5765
1911
5874
6006
5817
3807
390
1722
5657
4865
7471
9640
5276
551
5730
8385
4713
1760
2865
3891
9710
9379
941
2979
5031
1231
8743
1490
7313
4984
1727
9512
7492
5640
274
10271
509
9580
3503
124
10059
307
815
4274
6387
3984
2961
10473
6789
10093
5092
4437
7067
3571
6551
4689
321
10198
4620
6706
695
8829
8252
5260
4318
9894
1991
919
4090
6502
626
7602
9529
4379
3488
4445
1932
9737
7511
10567
8891
8804
2685
9416
5932
6401
5413
5102
5401
720
108
6490
6841
8781
10427
1929
8929
3816
6995
10591
221
1418
8310
5838
1998
6943
5985
2950
9200
6974
9335
1144
5205
520
3729
2
4474
6583
9236
3804
8196
10321
7268
4382
411
6491
4754
119
7655
6109
6715
3427
2278
6134
6064
8593
9238
1087
5970
7049
5292
6471
9313
9094
9561
7145
5534
5213
3128
3061
10475
1918
71
8194
10471
7026
1372
441
3673
4196
9502
1562
4854
6832
2275
2092
8602
10362
7467
7132
10070
5325
2157
856
1357
1248
3890
3584
6316
2226
8713
5181
2790
4945
9282
4459
7891
7752
10308
7612
4118
3201
348
5042
7419
8901
7691
1947
3755
5774
7292
5489
9331
6776
774
1613
6960
5415
5983
8774
1158
5432
1285
4101
3898
8634
5011
4008
10143
8561
4185
3029
9559
10317
6417
4207
1380
6512
6127
1066
6668
4026
7821
7058
4538
5368
4369
4907
10439
6984
420
2738
7134
5641
6648
2709
10557
2330
9828
9521
4718
3957
2365
8433
6160
232
1876
5035
2245
3008
6867
5116
8720
7566
2871
646
3
3494
9605
4473
94
4143
3420
7859
7196
4860
2084
89
4879
6037
4236
5434
6821
10386
7053
3359
2169
5440
9053
8346
7356
704
8325
5018
3085
3675
2417
3210
8127
2756
5705
1787
7306
5230
1116
56
2349
10606
5061
10457
3170
466
6231
3291
4637
9672
2097
331
4775
780
3358
8440
665
7156
2604
4131
7903
782
429
10134
1416
3293
6244
7382
3631
3093
6845
6830
8197
4015
3308
8672
6842
2536
1489
9025
672
863
9768
5190
4259
2425
6247
8323
1838
4028
7852
1283
2671
7160
5039
3944
4383
7597
1366
3718
8226
2966
3576
8293
8025
828
3959
8228
6069
7319
8560
37
7625
7138
8319
4774
7002
709
3687
6606
2521
8332
3136
9507
9135
1310
2390
524
7578
7493
8860
1304
7106
8502
6296
9386
8259
973
10160
4412
370
6828
8489
8297
2573
3171
308
4483
8390
7592
1143
5317
649
2072
667
10583
1479
7020
9656
7754
5505
5601
7775
391
10081
7809
7116
10398
3335
723
7687
7273
4477
3725
1391
4164
5297
4881
2614
5803
8853
1851
3299
722
6202
9637
6819
8371
6733
4531
7677
1862
9365
2394
9005
6461
9172
3185
4072
10282
178
4950
8722
7203
2066
2512
6192
8242
688
7011
3989
2734
669
8240
7606
6333
5866
2719
7325
10529
3069
600
9361
5517
10022
6626
3945
6891
9366
1360
2156
2876
8053
3998
2449
5577
3053
18
8681
928
2572
3101
4188
3523
6261
217
7380
2530
5150
1448
356
713
9562
3562
9261
6731
8508
8865
10403
1445
128
5143
887
2354
10103
10239
7720
3182
4560
6630
9223
5540
1644
10319
2788
1281
5500
9643
4550
813
3867
918
69
3026
1044
7469
84
9356
1663
2598
9302
3733
7046
6682
8424
266
7772
10522
10141
8903
8740
6155
327
7987
2595
2897
6342
3905
7445
3758
8815
8526
5912
1476
8955
6009
3810
2457
4751
2423
7865
8775
9434
5122
7487
3352
7831
7779
8949
514
4112
10359
10032
2048
10515
603
2352
5864
8633
6757
6366
499
4800
3722
5083
8175
2577
9998
8679
4360
6508
1997
3954
109
8457
78
10531
7704
9992
9754
7466
8116
2862
2033
10616
252
9916
889
2078
9707
2650
4305
8234
10279
5056
1032
305
8261
2362
7336
2284
9389
1038
5256
7706
82
5810
1693
5021
6457
1560
4100
7442
7343
4197
10357
7341
6241
6382
300
1807
1097
3145
9645
9002
5231
10519
5240
10503
10504
3055
885
7201
5960
5367
8509
2772
4941
9278
2415
1700
6495
255
3235
2428
9328
4873
10485
7440
7371
4985
5526
1113
9913
2460
4994
1421
3796
5771
7856
9898
1242
5588
6513
9739
8035
3328
5336
9103
1752
6212
8008
1600
7538
498
8222
9835
4686
8673
1545
132
9527
8910
3437
10013
2960
4329
10431
9860
5253
10193
6636
5400
7632
451
5274
6833
1758
