1.096000075340271,0.9910001158714294,3.0000052452087402
1.1899999380111694,0.9910001158714294,2.999988079071045
2.052999973297119,0.9769999980926514,2.9999914169311523
1.253999948501587,0.9930000901222229,3.0000016689300537
1.2170000076293945,0.9920001029968262,2.999995231628418
1.1959999799728394,0.9900000095367432,3.0000057220458984
1.1489999294281006,0.9900000691413879,3.0000016689300537
1.1529998779296875,0.9920000433921814,3.0000057220458984
1.2409999370574951,0.9900000095367432,3.0000059604644775
1.2730000019073486,0.9860000610351562,3.0000033378601074
1.1149998903274536,0.9879999756813049,3.0000059604644775
1.2540000677108765,0.9900001287460327,3.0000009536743164
1.441999912261963,0.9900001287460327,3.000002861022949
1.2919999361038208,0.984000027179718,3.0000061988830566
1.3639999628067017,0.984000027179718,2.9999969005584717
5.321000099182129,0.9340000152587891,3.000002384185791
1.3869999647140503,0.9910000562667847,3.000002384185791
1.0770001411437988,0.9940000772476196,3.0000061988830566
1.2730000019073486,0.9880000352859497,2.999997138977051
1.059000015258789,0.9950000643730164,3.0000057220458984
1.0870000123977661,0.9950000643730164,3.0000057220458984
1.0980000495910645,0.9950000643730164,3.0000057220458984
1.15500009059906,0.9930000901222229,3.0000014305114746
1.2280000448226929,0.9950000643730164,2.99999737739563
1.0839998722076416,0.9940000772476196,3.0000052452087402
2.7790002822875977,0.9679999351501465,3.000002861022949
1.2289999723434448,0.987000048160553,3.000002384185791
1.2389999628067017,0.987000048160553,3.0000014305114746
1.318000078201294,0.9910000562667847,2.9999964237213135
1.4670000076293945,0.9839999675750732,3.0000011920928955
1.0820000171661377,0.9930000901222229,3.0000052452087402
1.531000018119812,0.9900000691413879,2.9999983310699463
1.4889999628067017,0.9850000739097595,2.999997138977051
3.074000120162964,0.9649999737739563,2.9999940395355225
1.6610000133514404,0.9859999418258667,2.999990940093994
1.9680001735687256,0.9809999465942383,3.0
2.6490001678466797,0.9709999561309814,2.9999969005584717
1.1940001249313354,0.9900001287460327,3.0000054836273193
1.2380000352859497,0.9900001287460327,3.0000014305114746
2.1670000553131104,0.965999960899353,2.9999988079071045
2.118000030517578,0.9729999303817749,2.9999911785125732
1.2069998979568481,0.9890000224113464,2.9999969005584717
2.2300000190734863,0.9760000109672546,2.999995470046997
1.2160000801086426,0.9900000095367432,3.0000057220458984
1.2349998950958252,0.9890000820159912,2.9999969005584717
4.4589996337890625,0.9420000314712524,3.0000030994415283
1.180999994277954,0.9900001287460327,3.0000054836273193
1.1920000314712524,0.9930000901222229,3.0000057220458984
1.2389999628067017,0.9920001029968262,2.999988317489624
1.3339999914169312,0.9829999804496765,2.9999969005584717
1.096000075340271,0.9950000643730164,3.0000059604644775
1.065000057220459,0.9930000305175781,3.0000059604644775
2.004999876022339,0.968999981880188,3.0000030994415283
1.2300000190734863,0.9869999885559082,3.0000057220458984
1.3289999961853027,0.9860000610351562,2.9999966621398926
1.3560000658035278,0.987000048160553,3.0000040531158447
1.2049999237060547,0.9920000433921814,3.000005006790161
1.087999939918518,0.9940000772476196,3.0000059604644775
1.3220001459121704,0.9880000352859497,3.000004291534424
1.028999924659729,0.9950000643730164,3.000004768371582
1.314000129699707,0.9850000143051147,3.0000011920928955
1.7190001010894775,0.9850000143051147,2.9999969005584717
1.314000129699707,0.987000048160553,2.9999966621398926
1.2599999904632568,0.9930000901222229,3.0000040531158447
1.3199999332427979,0.9839999675750732,3.0000057220458984
1.184999942779541,0.9940000772476196,2.9999969005584717
1.156000018119812,0.9940000772476196,3.0000011920928955
1.9149999618530273,0.9850000143051147,2.9999966621398926
1.340000033378601,0.9900000095367432,2.999997138977051
1.086999773979187,0.9950000643730164,3.0000064373016357
1.0540000200271606,0.9950000643730164,3.0000052452087402
1.1949999332427979,0.9950000643730164,2.999990701675415
1.2300000190734863,0.9869999885559082,3.0000057220458984
1.2480000257492065,0.9860000610351562,3.0000011920928955
1.1839998960494995,0.9930000305175781,3.00000262260437
1.2359999418258667,0.9930000901222229,2.999988317489624
1.722999930381775,0.984000027179718,2.9999988079071045
1.1359999179840088,0.9880000352859497,2.9999969005584717
1.0860000848770142,0.9940000772476196,2.9999966621398926
1.2780001163482666,0.9930000305175781,2.9999992847442627
1.3330000638961792,0.9900001287460327,2.999997138977051
1.1640000343322754,0.9950000643730164,3.0000052452087402
1.1380000114440918,0.9930000901222229,3.0000057220458984
1.2050000429153442,0.9950000643730164,2.999992609024048
1.3149999380111694,0.9839999675750732,3.0000014305114746
2.058000087738037,0.9750000238418579,2.999987840652466
1.093000054359436,0.9950000643730164,3.0000061988830566
1.33899986743927,0.9900000095367432,3.0000009536743164
1.1859999895095825,0.9950000643730164,3.0000038146972656
1.0969998836517334,0.9950000643730164,3.0000057220458984
1.2510000467300415,0.9910000562667847,3.0000038146972656
1.1419999599456787,0.9920000433921814,3.0000064373016357
1.093000054359436,0.9950000643730164,3.0000059604644775
1.030999779701233,0.9950000643730164,3.0000052452087402
1.3009999990463257,0.9900000691413879,2.999997138977051
1.2280000448226929,0.9910001158714294,2.999992847442627
1.1039999723434448,0.9950000643730164,3.0000054836273193
1.1490000486373901,0.9920000433921814,3.0000061988830566
1.1890000104904175,0.9880000352859497,3.0000059604644775
1.0519999265670776,0.9950000643730164,3.0000057220458984
1.224000096321106,0.9839999675750732,3.0000057220458984
1.2120000123977661,0.9869999885559082,3.0000057220458984
1.3450000286102295,0.9829999208450317,2.999997138977051
1.5759999752044678,0.9779999852180481,2.9999923706054688
1.1419999599456787,0.9900001287460327,3.0000054836273193
1.4880000352859497,0.9799999594688416,2.999992847442627
4.031000137329102,0.9740000367164612,2.9999966621398926
1.7350000143051147,0.9750000238418579,3.0000035762786865
1.1359999179840088,0.9910001158714294,3.0000052452087402
1.3849999904632568,0.9890000224113464,2.999999761581421
1.2700001001358032,0.9930000901222229,3.000001907348633
1.0700000524520874,0.9940000772476196,3.0000016689300537
1.2190001010894775,0.9900000095367432,3.0000014305114746
1.2760000228881836,0.9880000352859497,2.9999992847442627
1.122999906539917,0.9920001029968262,3.0000059604644775
1.149999976158142,0.9930000901222229,3.0000057220458984
1.2289999723434448,0.9890000820159912,3.0000040531158447
1.5490000247955322,0.9839999079704285,2.99999737739563
1.5780001878738403,0.9839999079704285,2.9999969005584717
1.0940001010894775,0.9950000643730164,3.0000057220458984
1.3559999465942383,0.9900000691413879,3.0000040531158447
1.2950000762939453,0.9840000867843628,2.999995470046997
1.4800000190734863,0.9810000658035278,2.999999761581421
1.1320000886917114,0.9920001029968262,3.000004768371582
1.8930000066757202,0.9709999561309814,2.9999921321868896
1.3830000162124634,0.9850000143051147,3.000005006790161
1.3720002174377441,0.9940000772476196,2.999990940093994
2.325000047683716,0.9839999079704285,2.999997138977051
2.325000047683716,0.981999933719635,2.999990701675415
1.1359999179840088,0.9950000643730164,2.9999969005584717
1.1589999198913574,0.9920001029968262,3.0000009536743164
1.5430001020431519,0.984000027179718,2.9999966621398926
1.6660001277923584,0.9860000014305115,2.9999935626983643
2.579000234603882,0.9700000286102295,2.999987840652466
1.2580000162124634,0.9869999885559082,2.9999969005584717
1.194000005722046,0.987000048160553,3.0000057220458984
1.7100000381469727,0.9760000109672546,3.0000057220458984
1.2710000276565552,0.9910000562667847,2.999992609024048
1.3320000171661377,0.9829999804496765,3.0000014305114746
1.3380000591278076,0.9849998950958252,3.0000014305114746
1.3530000448226929,0.9849998950958252,3.0000011920928955
1.1890000104904175,0.9950000643730164,3.0000054836273193
1.383000135421753,0.9900000095367432,3.0000007152557373
1.4890000820159912,0.9930000901222229,2.999995231628418
1.3819999694824219,0.9820000529289246,3.000002384185791
1.5010000467300415,0.9859999418258667,3.000004529953003
1.317000150680542,0.987000048160553,3.0000059604644775
1.0830000638961792,0.9930000901222229,3.0000054836273193
1.5729999542236328,0.9819999933242798,2.9999959468841553
1.1389998197555542,0.9930000901222229,3.0000057220458984
1.2599999904632568,0.9900000691413879,3.0000040531158447
1.284000039100647,0.9910001158714294,3.0000040531158447
1.1119998693466187,0.9950000643730164,3.0000052452087402
1.3380000591278076,0.9950000643730164,2.999988317489624
1.345999836921692,0.987000048160553,3.0000059604644775
1.1419999599456787,0.9920000433921814,3.0000057220458984
1.1089999675750732,0.9930000901222229,3.0000059604644775
1.1349999904632568,0.9940000772476196,3.000005006790161
1.215000033378601,0.9860000014305115,3.0000011920928955
1.2110000848770142,0.9850000143051147,3.0000059604644775
1.3669999837875366,0.981999933719635,3.0000014305114746
1.5280001163482666,0.9790000319480896,2.999999523162842
1.282999873161316,0.9850000143051147,2.9999964237213135
1.1829999685287476,0.9880000948905945,2.999997138977051
1.150999903678894,0.9880000352859497,3.0000054836273193
1.4700000286102295,0.9789999723434448,3.0000016689300537
1.5789999961853027,0.9809999465942383,3.000004291534424
1.3910001516342163,0.9799999594688416,3.0000009536743164
1.3760000467300415,0.9900000691413879,2.999992847442627
1.3900001049041748,0.9829999804496765,2.999992609024048
1.101000189781189,0.9930000305175781,3.0000059604644775
1.0770000219345093,0.9950000643730164,3.0000057220458984
1.1439999341964722,0.9940000772476196,2.999997615814209
1.1660000085830688,0.9930000901222229,3.0000059604644775
1.1470000743865967,0.9920001029968262,3.0000059604644775
1.409000039100647,0.9819999933242798,2.999999523162842
1.2740000486373901,0.9890000224113464,3.000004291534424
1.2239999771118164,0.9829999804496765,3.0000059604644775
1.3200000524520874,0.9799999594688416,3.0000016689300537
1.0920000076293945,0.9950000643730164,3.0000061988830566
1.4420000314712524,0.9900000691413879,2.9999983310699463
1.0670000314712524,0.9950000643730164,3.0000054836273193
1.065000057220459,0.9920001029968262,3.0000054836273193
1.1460000276565552,0.9890000224113464,3.0000007152557373
1.2089999914169312,0.9880000352859497,3.000000476837158
1.7690000534057617,0.9829999804496765,3.000002861022949
1.0810000896453857,0.9909999966621399,3.0000057220458984
1.1589999198913574,0.9920001029968262,3.0000057220458984
1.2130000591278076,0.9860000014305115,3.0000057220458984
1.4870001077651978,0.9830000400543213,3.0000054836273193
1.218000054359436,0.9930000305175781,3.0000009536743164
1.9630000591278076,0.9749999642372131,3.0000040531158447
1.1180001497268677,0.9930000901222229,3.0000057220458984
1.6209999322891235,0.9790000319480896,2.9999923706054688
1.1460000276565552,0.9940000772476196,3.0000014305114746
1.1330000162124634,0.9950000643730164,2.9999969005584717
1.5699999332427979,0.9779999256134033,3.000004529953003
1.1150000095367432,0.9920001029968262,3.0000057220458984
1.5530000925064087,0.9859999418258667,3.0000040531158447
1.684000015258789,0.9849998950958252,3.000004529953003
1.8270000219345093,0.9859999418258667,3.000000476837158
1.2160000801086426,0.984000027179718,3.0000061988830566
1.4540001153945923,0.9799999594688416,3.0000040531158447
1.4179999828338623,0.9769999980926514,3.0000054836273193
1.093999981880188,0.9910000562667847,3.0000057220458984
1.2740000486373901,0.9940000772476196,2.999987840652466
1.1660001277923584,0.9920000433921814,3.0000059604644775
1.059999942779541,0.9940000772476196,3.000005006790161
1.066999912261963,0.9950000643730164,3.0000057220458984
2.868000030517578,0.972000002861023,2.9999959468841553
2.370000123977661,0.9849998950958252,2.999999523162842
1.1069999933242798,0.9930000901222229,2.9999966621398926
1.305999994277954,0.9839999675750732,3.0000054836273193
1.1009999513626099,0.9900001287460327,3.0000057220458984
1.1710000038146973,0.9910000562667847,3.0000057220458984
1.4950000047683716,0.9709999561309814,3.0000057220458984
1.1340000629425049,0.9910000562667847,3.0000057220458984
1.3140000104904175,0.9910000562667847,2.999992609024048
1.3319998979568481,0.9829999804496765,2.999988079071045
1.3670001029968262,0.9930000901222229,2.9999964237213135
1.192000150680542,0.9900000691413879,3.0000057220458984
1.1820000410079956,0.9920000433921814,3.0000057220458984
1.1130001544952393,0.9910001158714294,3.0000057220458984
1.3669999837875366,0.9869999885559082,2.9999966621398926
1.4329999685287476,0.9799999594688416,2.9999923706054688
1.1820001602172852,0.9890000224113464,3.0000052452087402
1.1780000925064087,0.9870001077651978,3.0000061988830566
1.152000069618225,0.9930000901222229,3.0000059604644775
1.1360000371932983,0.9900000095367432,3.0000054836273193
1.2400001287460327,0.9860000014305115,3.000001907348633
1.1750001907348633,0.9900000691413879,2.9999969005584717
1.1010000705718994,0.9950000643730164,3.0000054836273193
1.2309999465942383,0.9860000610351562,3.0000059604644775
1.2749998569488525,0.9859999418258667,3.0000057220458984
1.5720000267028809,0.9879999756813049,2.999997138977051
1.3199999332427979,0.9880000352859497,3.0000033378601074
2.2180001735687256,0.9819999933242798,2.999997138977051
1.1039999723434448,0.9930000901222229,3.0000054836273193
1.1030000448226929,0.9890000820159912,3.0000061988830566
1.2000000476837158,0.9839999079704285,3.0000014305114746
1.4539999961853027,0.9869999885559082,3.00000262260437
1.437000036239624,0.9910001158714294,2.9999985694885254
1.3339998722076416,0.9920001029968262,2.9999938011169434
1.087999939918518,0.9920001029968262,3.0000054836273193
1.0740001201629639,0.9930000305175781,3.0000057220458984
1.0489999055862427,0.9940000772476196,3.000005006790161
1.1560001373291016,0.9860000014305115,3.000005006790161
1.4580000638961792,0.9800000190734863,3.0000011920928955
1.0829999446868896,0.9880000352859497,3.000004768371582
1.1859999895095825,0.9890000224113464,3.0000064373016357
1.093000054359436,0.9909999966621399,3.0000052452087402
1.1130000352859497,0.9910000562667847,3.0000061988830566
1.465000033378601,0.9739999771118164,3.0000009536743164
1.1010000705718994,0.9920001029968262,3.0000059604644775
1.28000009059906,0.9860000014305115,2.9999969005584717
1.3330000638961792,0.9880000948905945,2.9999969005584717
1.3589999675750732,0.9850000739097595,2.9999961853027344
1.2070001363754272,0.9900001287460327,2.999997138977051
1.1679999828338623,0.9839999675750732,3.000005006790161
1.0929999351501465,0.9940000772476196,3.0000061988830566
1.1410000324249268,0.9870001077651978,3.000005006790161
1.1069998741149902,0.9910000562667847,3.0000059604644775
1.2319999933242798,0.9950000643730164,2.9999990463256836
1.5000001192092896,0.9860000014305115,2.9999988079071045
1.3420000076293945,0.9840000867843628,2.999998092651367
1.224000096321106,0.9910001158714294,2.999992609024048
1.090000033378601,0.9940000772476196,3.0000061988830566
1.102000117301941,0.9930000901222229,3.0000059604644775
1.1140000820159912,0.9950000643730164,2.9999988079071045
1.2730001211166382,0.9880000352859497,3.0000040531158447
1.2950000762939453,0.9920000433921814,3.0
1.4200000762939453,0.9810000061988831,3.0000014305114746
1.1689999103546143,0.9900000095367432,3.0000061988830566
1.965999960899353,0.968999981880188,3.0
1.124000072479248,0.9920000433921814,3.0000059604644775
1.0410000085830688,0.9950000643730164,3.0000059604644775
1.130000114440918,0.9940000772476196,3.0000059604644775
1.1360000371932983,0.9930000305175781,3.0000057220458984
1.3909999132156372,0.9829999804496765,3.000002145767212
2.2300000190734863,0.9679999947547913,2.999995708465576
1.3539999723434448,0.9930000901222229,3.0000040531158447
1.1779999732971191,0.9930000901222229,3.0000035762786865
1.1740000247955322,0.9920001029968262,3.0000059604644775
1.5720000267028809,0.9789999723434448,2.9999940395355225
1.3630000352859497,0.9869999885559082,3.000004291534424
1.1139999628067017,0.9950000643730164,3.0000016689300537
1.1039998531341553,0.9950000643730164,3.0000059604644775
1.5950000286102295,0.9739999771118164,3.0000052452087402
1.1719999313354492,0.9909999966621399,3.0000052452087402
1.2580000162124634,0.9900000691413879,3.0000014305114746
1.253000020980835,0.9860000014305115,3.0000064373016357
1.4850001335144043,0.984000027179718,2.999999761581421
1.38100004196167,0.9800000786781311,2.999997138977051
1.5470001697540283,0.9759999513626099,3.0000059604644775
1.0810000896453857,0.9940000772476196,3.0000052452087402
1.190999984741211,0.9890000224113464,3.0000011920928955
1.0759999752044678,0.9910001158714294,3.0000052452087402
1.1129999160766602,0.9930000901222229,3.0000016689300537
1.4219999313354492,0.9869999289512634,2.9999945163726807
2.003999948501587,0.966999888420105,2.9999964237213135
1.6250001192092896,0.9799999594688416,2.999999761581421
1.3550001382827759,0.9789999723434448,2.9999964237213135
1.2700001001358032,0.9940000772476196,3.000002861022949
1.2109999656677246,0.9900000691413879,3.0000057220458984
1.2440000772476196,0.9860000610351562,2.999997615814209
1.1749999523162842,0.9920001029968262,3.0000009536743164
1.2350000143051147,0.9859999418258667,3.0000057220458984
1.270999789237976,0.9890000224113464,2.999995708465576
1.376999855041504,0.9800000190734863,3.0000030994415283
1.3309999704360962,0.9880000352859497,3.0000057220458984
1.3359999656677246,0.9850000143051147,2.999992609024048
1.3940000534057617,0.9829999208450317,2.9999966621398926
1.5520001649856567,0.9780000448226929,3.0000038146972656
1.249000072479248,0.9869999885559082,2.9999923706054688
1.2910000085830688,0.9900000095367432,3.0000011920928955
1.4359999895095825,0.9860000014305115,2.9999940395355225
1.0490001440048218,0.9950000643730164,3.0000057220458984
1.3679999113082886,0.9799999594688416,2.999992609024048
1.1490000486373901,0.9900000691413879,3.0000059604644775
1.1009999513626099,0.9940000772476196,3.000001907348633
1.4100000858306885,0.9880000352859497,3.0000011920928955
1.2540000677108765,0.9910000562667847,2.999988317489624
1.1129999160766602,0.9920001029968262,3.0000057220458984
1.2450000047683716,0.9880000352859497,3.0000054836273193
1.1209999322891235,0.9900000691413879,3.0000007152557373
1.1399999856948853,0.9930000901222229,3.0000061988830566
1.1700000762939453,0.9920001029968262,3.0000057220458984
1.2320001125335693,0.9880000352859497,3.0000052452087402
1.1320000886917114,0.9930000901222229,3.0000057220458984
1.3919999599456787,0.9890000820159912,3.0000040531158447
1.0720001459121704,0.9950000643730164,3.0000011920928955
1.09499990940094,0.9950000643730164,3.0000059604644775
1.1410001516342163,0.9930000901222229,3.0000054836273193
1.2910000085830688,0.9849998950958252,3.0000057220458984
1.0860000848770142,0.9940000772476196,3.0000059604644775
1.2410000562667847,0.9940000772476196,2.999988079071045
1.1760001182556152,0.9940000772476196,3.0000011920928955
1.2260000705718994,0.9850000143051147,3.0000057220458984
1.059999942779541,0.9950000643730164,3.0000054836273193
1.1100000143051147,0.9940000772476196,2.9999992847442627
1.1280001401901245,0.9940000772476196,2.9999966621398926
1.0779999494552612,0.9950000643730164,3.0000061988830566
1.0679998397827148,0.9930000305175781,3.000004529953003
1.5429999828338623,0.9900000691413879,2.999999761581421
1.345000147819519,0.9950000643730164,2.9999964237213135
1.1050000190734863,0.9920000433921814,3.0000054836273193
1.1640000343322754,0.9880000352859497,3.0000064373016357
1.3320000171661377,0.9880000352859497,2.999999761581421
1.6519999504089355,0.9820000529289246,2.999997854232788
1.246999979019165,0.9869999885559082,3.0000016689300537
1.1170001029968262,0.9930000901222229,3.0000057220458984
1.3620001077651978,0.9890000224113464,2.9999935626983643
1.3499999046325684,0.9860000014305115,3.0000054836273193
1.3229999542236328,0.9880000352859497,3.0000038146972656
1.0699999332427979,0.9950000643730164,3.0000057220458984
1.100000023841858,0.9930000901222229,2.99999737739563
1.0509998798370361,0.9950000643730164,3.0000052452087402
1.3899999856948853,0.9759999513626099,2.999992609024048
1.0640000104904175,0.9940000772476196,3.0000057220458984
1.1160000562667847,0.9880000352859497,3.0000052452087402
1.0880000591278076,0.9880000352859497,3.000005006790161
1.0929999351501465,0.9900000095367432,3.0000061988830566
1.1119999885559082,0.9950000643730164,3.0000011920928955
1.1169999837875366,0.9930000305175781,3.0000016689300537
1.8219999074935913,0.9820000529289246,2.9999923706054688
1.061000108718872,0.9950000643730164,3.0000059604644775
1.0570000410079956,0.9950000643730164,3.0000057220458984
2.0889999866485596,0.9780000448226929,2.9999942779541016
1.3389999866485596,0.9900001287460327,2.999999523162842
1.3530000448226929,0.9900001287460327,2.999999761581421
1.277000069618225,0.9830000400543213,3.0000059604644775
1.1089999675750732,0.9890000820159912,3.0000054836273193
1.0619999170303345,0.9920001029968262,3.0000054836273193
1.1480000019073486,0.9910000562667847,3.0000014305114746
1.277000069618225,0.9839999675750732,3.0000057220458984
1.318000078201294,0.9910001158714294,2.9999988079071045
1.0530000925064087,0.9950000643730164,3.000005006790161
1.2259999513626099,0.9880000352859497,2.9999966621398926
1.091999888420105,0.9940000772476196,3.000002145767212
1.535000205039978,0.9869999885559082,3.0000011920928955
1.122999906539917,0.9890000224113464,3.0000057220458984
1.2050000429153442,0.9850000143051147,3.0000014305114746
1.0770000219345093,0.9920001029968262,3.000004768371582
1.1510000228881836,0.9950000643730164,2.999997138977051
1.3220000267028809,0.9890000224113464,2.9999938011169434
1.1410000324249268,0.9880000352859497,2.9999964237213135
1.0869998931884766,0.9940000772476196,3.0000054836273193
1.9380000829696655,0.9829999804496765,3.00000262260437
1.444000005722046,0.9819999933242798,3.0000052452087402
1.2950000762939453,0.9880000352859497,2.999992609024048
1.1530001163482666,0.9890000224113464,3.0000059604644775
1.1390000581741333,0.9890000224113464,3.0000059604644775
1.290000081062317,0.9799999594688416,3.000001907348633
1.1820000410079956,0.9890000224113464,3.000001907348633
1.0699999332427979,0.9950000643730164,3.0000061988830566
1.065999984741211,0.9930000901222229,3.0000052452087402
1.1080000400543213,0.9920001029968262,3.0000059604644775
1.1759999990463257,0.9910001158714294,2.99999737739563
1.1799999475479126,0.9900000691413879,2.999992609024048
1.2230000495910645,0.9880000948905945,2.999997138977051
1.1150000095367432,0.9869999289512634,3.0000054836273193
1.2660000324249268,0.9950000643730164,2.999998092651367
1.1179999113082886,0.9930000305175781,3.0000052452087402
1.121999979019165,0.9950000643730164,3.0000057220458984
1.1009999513626099,0.9940000772476196,2.9999966621398926
1.034000039100647,0.9950000643730164,3.000004768371582
1.1249998807907104,0.9920001029968262,3.000005006790161
1.1480001211166382,0.98499995470047,3.0000057220458984
1.0839999914169312,0.9920001029968262,3.0000014305114746
1.0369999408721924,0.9950000643730164,3.000005006790161
1.1139999628067017,0.9940000772476196,3.0000054836273193
1.1890000104904175,0.9879999756813049,3.0000052452087402
1.1420000791549683,0.9950000643730164,2.9999966621398926
1.1410001516342163,0.9890000224113464,3.0000052452087402
1.149999976158142,0.9920001029968262,2.99999737739563
1.071000099182129,0.9950000643730164,3.0000052452087402
1.3209999799728394,0.9849998950958252,2.9999964237213135
1.087999939918518,0.9950000643730164,3.0000057220458984
1.060999870300293,0.9930000901222229,3.0000054836273193
1.191999912261963,0.9900001287460327,3.0000054836273193
1.1420000791549683,0.9920000433921814,3.0000052452087402
1.2009999752044678,0.9950000643730164,2.999998092651367
1.125,0.9890000820159912,2.99999737739563
1.162000060081482,0.9930000901222229,2.999995470046997
1.0550000667572021,0.9940000772476196,3.0000057220458984
1.121999979019165,0.9900000691413879,3.0000057220458984
1.191999912261963,0.9900001287460327,3.0000016689300537
1.40500009059906,0.9819999933242798,2.999997854232788
1.0570000410079956,0.9950000643730164,3.0000052452087402
1.182999849319458,0.9900000095367432,2.999995231628418
1.193000078201294,0.9910001158714294,3.0000038146972656
1.1559998989105225,0.9890000224113464,3.0000057220458984
1.2170000076293945,0.9900000691413879,2.999997138977051
1.13100004196167,0.9890000820159912,2.999997138977051
1.2710000276565552,0.9840000867843628,2.9999966621398926
1.3259999752044678,0.9880000352859497,2.999998092651367
1.1829999685287476,0.9850000739097595,3.0000052452087402
1.1050000190734863,0.9890000224113464,3.0000052452087402
1.090999960899353,0.9920001029968262,3.0000061988830566
1.181999921798706,0.9869999885559082,3.000005006790161
1.218999981880188,0.9900000691413879,3.0000057220458984
1.0870000123977661,0.9930000901222229,3.0000061988830566
1.1390000581741333,0.9920000433921814,2.9999964237213135
1.1260000467300415,0.9950000643730164,3.0000059604644775
1.1079999208450317,0.9950000643730164,3.0000014305114746
1.0830000638961792,0.9930000901222229,3.0000054836273193
1.090999960899353,0.9900000691413879,3.0000057220458984
1.0490000247955322,0.9940000772476196,3.000004768371582
1.1169999837875366,0.9930000901222229,2.999997138977051
1.1030000448226929,0.9920001029968262,3.0000059604644775
1.2259999513626099,0.9879999756813049,2.999992609024048
1.281999945640564,0.9850000739097595,2.9999992847442627
1.1160001754760742,0.9900000691413879,2.9999969005584717
1.0549999475479126,0.9950000643730164,3.0000057220458984
1.152000069618225,0.987000048160553,2.9999969005584717
1.1100000143051147,0.9940000772476196,3.0000059604644775
1.1579999923706055,0.9890000820159912,3.0000011920928955
1.349000096321106,0.9890000820159912,3.000000476837158
1.0679999589920044,0.9950000643730164,3.000004768371582
1.09499990940094,0.9889999628067017,3.000005006790161
1.1429998874664307,0.9880000352859497,3.0000059604644775
1.1660000085830688,0.9879999756813049,3.0000059604644775
1.1230000257492065,0.9910000562667847,3.0000054836273193
1.0850000381469727,0.9910001158714294,3.0000057220458984
1.0759998559951782,0.9930000901222229,3.0000057220458984
1.1019998788833618,0.9920000433921814,3.0000061988830566
1.1100000143051147,0.9940000772476196,3.0000057220458984
1.0570000410079956,0.9940000772476196,3.0000059604644775
1.0899999141693115,0.9930000901222229,3.000005006790161
1.2050000429153442,0.9880000352859497,3.0000059604644775
1.0469999313354492,0.9940000772476196,3.000005006790161
1.183000087738037,0.9900001287460327,2.9999969005584717
1.1890000104904175,0.987000048160553,2.9999966621398926
1.084999918937683,0.9920000433921814,3.000005006790161
1.0769999027252197,0.9930000901222229,3.0000011920928955
1.1120001077651978,0.9900000691413879,3.0000054836273193
1.091999888420105,0.9950000643730164,2.999999523162842
1.1139999628067017,0.9910000562667847,3.0000057220458984
1.0789999961853027,0.9940000772476196,3.0000057220458984
1.0619999170303345,0.9950000643730164,3.0000054836273193
1.0750000476837158,0.9890000820159912,3.0000052452087402
1.1030000448226929,0.9900001287460327,3.0000052452087402
1.059000015258789,0.9950000643730164,3.0000052452087402
1.0809999704360962,0.9900001287460327,3.000005006790161
1.0859999656677246,0.9880000352859497,3.0000052452087402
1.149999976158142,0.9880000352859497,3.0000052452087402
1.065999984741211,0.9950000643730164,3.000005006790161
1.1379998922348022,0.9930000901222229,3.0000057220458984
1.1059999465942383,0.9880000352859497,3.0000054836273193
1.0660001039505005,0.9930000901222229,3.0000052452087402
1.028999924659729,0.9940000772476196,3.0000052452087402
1.0830000638961792,0.9930000901222229,3.0000057220458984
1.068000078201294,0.9950000643730164,3.000005006790161
1.2089999914169312,0.9950000643730164,2.999997138977051
1.037000060081482,0.9950000643730164,3.0000057220458984
1.033000111579895,0.9950000643730164,3.000004768371582
1.122999906539917,0.9869999885559082,3.0000059604644775
1.0410000085830688,0.9940000772476196,3.0000052452087402
1.0809999704360962,0.9910001158714294,3.000000238418579
1.0480000972747803,0.9909999966621399,3.000004768371582
