1.0354737043380737,0.9550000429153442,1.1184020042419434
1.0354737043380737,0.9550000429153442,1.1211220026016235
1.0503484010696411,0.8849999904632568,3.234882116317749
1.0320017337799072,0.9650000333786011,1.2625619173049927
1.0306593179702759,0.9600000381469727,1.5655920505523682
1.0364112854003906,0.9500000476837158,1.1867719888687134
1.036550760269165,0.9500000476837158,1.1865019798278809
1.0303244590759277,0.9600000381469727,1.622081995010376
1.0367180109024048,0.9500000476837158,1.2176419496536255
1.042521357536316,0.9300000667572021,1.3967620134353638
1.0463407039642334,0.940000057220459,1.155642032623291
1.0412012338638306,0.9500000476837158,1.3267920017242432
1.0412012338638306,0.9500000476837158,1.3267920017242432
1.0494258403778076,0.9200000762939453,1.9519519805908203
1.0495939254760742,0.9200000762939453,2.156722068786621
1.1316404342651367,0.6700000166893005,4.272531986236572
1.0306930541992188,0.9550000429153442,1.591662049293518
1.0279462337493896,0.9700000286102295,1.1025419235229492
1.034100890159607,0.940000057220459,1.5646220445632935
1.024999976158142,0.9750000238418579,1.0416319370269775
1.024999976158142,0.9750000238418579,1.072991967201233
1.024999976158142,0.9750000238418579,1.0984820127487183
1.0294445753097534,0.9650000333786011,1.1767420768737793
1.024999976158142,0.9750000238418579,1.1537419557571411
1.0262531042099,0.9700000286102295,1.2167320251464844
1.0526847839355469,0.8399999737739563,2.462682008743286
1.0468658208847046,0.9350000619888306,1.6003919839859009
1.0427873134613037,0.9350000619888306,1.6635221242904663
1.0292638540267944,0.9550000429153442,2.1169421672821045
1.0490264892578125,0.9200000762939453,1.7927221059799194
1.0278844833374023,0.9650000333786011,1.1521419286727905
1.0356959104537964,0.9500000476837158,1.4306919574737549
1.0453755855560303,0.9250000715255737,2.0246620178222656
1.0910255908966064,0.824999988079071,2.986072063446045
1.0468212366104126,0.9300000667572021,1.5912220478057861
1.0532617568969727,0.9050000309944153,1.7039520740509033
1.0687906742095947,0.8550000190734863,2.4530019760131836
1.0460796356201172,0.9500000476837158,1.2351820468902588
1.0460796356201172,0.9500000476837158,1.2351820468902588
1.0608506202697754,0.8299999833106995,2.7498717308044434
1.050423264503479,0.8650000095367432,2.644912004470825
1.0341026782989502,0.9450000524520874,1.4944020509719849
1.0490193367004395,0.8800000548362732,3.643631935119629
1.0340237617492676,0.9500000476837158,2.0450220108032227
1.0436681509017944,0.9450000524520874,1.182692050933838
1.123399257659912,0.7099999785423279,4.070072174072266
1.0418787002563477,0.9500000476837158,1.2228120565414429
1.031211018562317,0.9650000333786011,1.0746020078659058
1.0289982557296753,0.9600000381469727,1.2383320331573486
1.0470836162567139,0.9150000810623169,1.6938620805740356
1.024999976158142,0.9750000238418579,1.1311919689178467
1.0278098583221436,0.9650000333786011,1.2617520093917847
1.065639853477478,0.8450000286102295,2.5201120376586914
1.0447278022766113,0.9350000619888306,1.8324519395828247
1.044801115989685,0.9300000667572021,1.87106192111969
1.0404572486877441,0.9350000619888306,1.4571421146392822
1.0292145013809204,0.9600000381469727,1.146691918373108
1.0267120599746704,0.9700000286102295,1.1285820007324219
1.0396654605865479,0.940000057220459,1.576841950416565
1.024999976158142,0.9750000238418579,1.0263218879699707
1.0450061559677124,0.9250000715255737,1.8841520547866821
1.0471725463867188,0.9250000715255737,1.783221960067749
1.0461632013320923,0.9350000619888306,1.265071988105774
1.029881477355957,0.9650000333786011,1.2443920373916626
1.0481096506118774,0.9200000762939453,1.877872109413147
1.0267326831817627,0.9700000286102295,1.1540319919586182
1.0258257389068604,0.9700000286102295,1.1382420063018799
1.041398525238037,0.9250000715255737,2.205522060394287
1.0317845344543457,0.9500000476837158,1.4576221704483032
1.024999976158142,0.9750000238418579,1.0766619443893433
1.024999976158142,0.9750000238418579,1.0349619388580322
1.024999976158142,0.9750000238418579,1.1311421394348145
1.042907476425171,0.9350000619888306,1.3478119373321533
1.0505878925323486,0.9300000667572021,1.7469820976257324
1.028578281402588,0.9650000333786011,1.1404820680618286
1.0268950462341309,0.9650000333786011,1.225131869316101
1.036880373954773,0.9200000762939453,1.8892320394515991
1.038590908050537,0.940000057220459,1.353432059288025
1.0269733667373657,0.9700000286102295,1.1209120750427246
1.0288136005401611,0.9650000333786011,1.2120020389556885
1.0464085340499878,0.9500000476837158,1.1949020624160767
1.024999976158142,0.9750000238418579,1.1445319652557373
1.027871012687683,0.9650000333786011,1.203152060508728
1.024999976158142,0.9750000238418579,1.2386319637298584
1.0446404218673706,0.9200000762939453,2.02645206451416
1.0572556257247925,0.8750001192092896,2.541982412338257
1.024999976158142,0.9750000238418579,1.1235219240188599
1.0385432243347168,0.9500000476837158,1.2437119483947754
1.024999976158142,0.9750000238418579,1.1439119577407837
1.024999976158142,0.9750000238418579,1.0588520765304565
1.0385085344314575,0.9550000429153442,1.3153020143508911
1.03242027759552,0.9600000381469727,1.4093519449234009
1.024999976158142,0.9750000238418579,1.0818920135498047
1.024999976158142,0.9750000238418579,1.0418720245361328
1.0440360307693481,0.9500000476837158,1.3663920164108276
1.0420169830322266,0.9550000429153442,1.21658194065094
1.024999976158142,0.9750000238418579,1.070162057876587
1.028406023979187,0.9600000381469727,1.215932011604309
1.0434870719909668,0.940000057220459,1.2528620958328247
1.024999976158142,0.9750000238418579,1.044901967048645
1.0457035303115845,0.9200000762939453,1.2840420007705688
1.04404878616333,0.9350000619888306,1.2579320669174194
1.0526703596115112,0.9150000810623169,1.3064519166946411
1.0522637367248535,0.8900001049041748,2.1721019744873047
1.041713833808899,0.9500000476837158,1.1528719663619995
1.0427429676055908,0.9000000357627869,2.61299204826355
1.052056908607483,0.8700001239776611,2.7392022609710693
1.0706394910812378,0.8750001192092896,2.9370720386505127
1.0373382568359375,0.9550000429153442,1.2582321166992188
1.03445565700531,0.9450000524520874,1.7096519470214844
1.0275232791900635,0.9650000333786011,1.2351620197296143
1.0295226573944092,0.9700000286102295,1.0625720024108887
1.0313820838928223,0.9500000476837158,1.3954919576644897
1.0394574403762817,0.940000057220459,1.2699520587921143
1.029350996017456,0.9600000381469727,1.1461119651794434
1.0280768871307373,0.9650000333786011,1.1560319662094116
1.0360772609710693,0.9450000524520874,1.4684520959854126
1.0681883096694946,0.9200000762939453,1.3295619487762451
1.0681047439575195,0.9200000762939453,1.3295619487762451
1.024999976158142,0.9750000238418579,1.0686019659042358
1.036252737045288,0.9500000476837158,1.6545720100402832
1.0417249202728271,0.9200000762939453,1.5436019897460938
1.052465796470642,0.9050000309944153,1.5556720495224
1.0334930419921875,0.9600000381469727,1.24019193649292
1.074220061302185,0.8550000190734863,1.8856620788574219
1.04507315158844,0.9250000715255737,1.624061942100525
1.0258005857467651,0.9700000286102295,1.246142029762268
1.0606402158737183,0.9200000762939453,2.3737618923187256
1.0657838582992554,0.9100000858306885,2.4546217918395996
1.024999976158142,0.9750000238418579,1.127102017402649
1.0295683145523071,0.9600000381469727,1.1630420684814453
1.0504467487335205,0.9200000762939453,1.926501989364624
1.0445622205734253,0.9300000667572021,1.9607820510864258
1.0763108730316162,0.8500000834465027,2.2818119525909424
1.0387967824935913,0.9350000619888306,1.2369918823242188
1.040381908416748,0.9350000619888306,1.5710220336914062
1.0646425485610962,0.8800000548362732,2.2205419540405273
1.0325663089752197,0.9550000429153442,1.467872142791748
1.0470874309539795,0.9150000810623169,1.8368619680404663
1.0705904960632324,0.9250000715255737,1.2803120613098145
1.0707889795303345,0.9250000715255737,1.2803120613098145
1.024999976158142,0.9750000238418579,1.1159721612930298
1.0308470726013184,0.9500000476837158,1.6798019409179688
1.0281931161880493,0.9650000333786011,1.18477201461792
1.0543313026428223,0.9100000858306885,1.548341989517212
1.0376240015029907,0.9300000667572021,2.148952007293701
1.0364705324172974,0.9350000619888306,2.0122218132019043
1.0312224626541138,0.9650000333786011,1.123811960220337
1.0387409925460815,0.9100000858306885,1.919472098350525
1.0271042585372925,0.9650000333786011,1.3937920331954956
1.0423293113708496,0.9500000476837158,1.3320719003677368
1.02912175655365,0.9550000429153442,2.1357920169830322
1.024999976158142,0.9750000238418579,1.0746618509292603
1.024999976158142,0.9750000238418579,1.1906520128250122
1.0449016094207764,0.9350000619888306,1.613211989402771
1.0310484170913696,0.9600000381469727,1.4112720489501953
1.0320225954055786,0.9650000333786011,1.1655619144439697
1.0261309146881104,0.9700000286102295,1.1977119445800781
1.0501147508621216,0.9300000667572021,1.5135420560836792
1.0521023273468018,0.9250000715255737,1.4675019979476929
1.0680506229400635,0.9100000858306885,1.5899720191955566
1.0687031745910645,0.8950001001358032,1.8185020685195923
1.0534766912460327,0.9250000715255737,1.3983420133590698
1.0457990169525146,0.940000057220459,1.3908419609069824
1.0430150032043457,0.940000057220459,1.4884819984436035
1.0658189058303833,0.8950001001358032,1.7963520288467407
1.0655735731124878,0.9050000309944153,2.1320319175720215
1.0654985904693604,0.9000000953674316,1.9565320014953613
1.031785011291504,0.9500000476837158,1.3395920991897583
1.0493005514144897,0.9150000810623169,1.8917920589447021
1.0273786783218384,0.9650000333786011,1.248792052268982
1.024999976158142,0.9750000238418579,1.100492000579834
1.0266697406768799,0.9700000286102295,1.2209919691085815
1.0298489332199097,0.9650000333786011,1.1771820783615112
1.031793475151062,0.9600000381469727,1.279952049255371
1.0522003173828125,0.9100000858306885,1.3905320167541504
1.0387989282608032,0.9450000524520874,1.2946420907974243
1.0601747035980225,0.9150000810623169,1.3155620098114014
1.0681447982788086,0.9000000953674316,1.345911979675293
1.024999976158142,0.9750000238418579,1.0598119497299194
1.0346505641937256,0.9500000476837158,1.7844120264053345
1.024999976158142,0.9750000238418579,1.0541620254516602
1.0288161039352417,0.9600000381469727,1.361462116241455
1.0359936952590942,0.9450000524520874,1.359861969947815
1.0406805276870728,0.940000057220459,1.6686921119689941
1.043502688407898,0.9150000810623169,1.8217620849609375
1.036287784576416,0.9550000429153442,1.3117319345474243
1.0309044122695923,0.9600000381469727,1.5963119268417358
1.0435280799865723,0.9300000667572021,1.3335919380187988
1.0478038787841797,0.9150000810623169,1.933582067489624
1.0262376070022583,0.9650000333786011,1.2767119407653809
1.061445713043213,0.8750000596046448,2.6114118099212646
1.0288760662078857,0.9650000333786011,1.285301923751831
1.0491502285003662,0.8950001001358032,2.4181020259857178
1.0270150899887085,0.9700000286102295,1.236341953277588
1.024999976158142,0.9750000238418579,1.1062219142913818
1.0606136322021484,0.8899999856948853,2.5595619678497314
1.0310866832733154,0.9600000381469727,1.1937419176101685
1.058481216430664,0.9300000667572021,1.5250920057296753
1.0595040321350098,0.9250000715255737,1.5268019437789917
1.0535311698913574,0.9300000667572021,1.5743720531463623
1.042413353919983,0.9200000762939453,1.5139819383621216
1.054078221321106,0.9000000953674316,1.8683420419692993
1.0643402338027954,0.8850001096725464,1.8633320331573486
1.0321186780929565,0.9550000429153442,1.203711986541748
1.0272271633148193,0.9700000286102295,1.2368719577789307
1.029183030128479,0.9600000381469727,1.4855318069458008
1.0264633893966675,0.9700000286102295,1.0922421216964722
1.024999976158142,0.9750000238418579,1.0522520542144775
1.0815365314483643,0.8600000739097595,3.3371522426605225
1.0576609373092651,0.9250000715255737,2.44759202003479
1.0296224355697632,0.9650000333786011,1.1238120794296265
1.0515766143798828,0.9200000762939453,1.5300519466400146
1.0394903421401978,0.9500000476837158,1.1555119752883911
1.031561255455017,0.9550000429153442,1.545362114906311
1.0781176090240479,0.8550000190734863,1.730881929397583
1.0315743684768677,0.9550000429153442,1.527042031288147
1.0316628217697144,0.9550000429153442,1.293012022972107
1.0461647510528564,0.9150000810623169,1.5799120664596558
1.0284191370010376,0.9650000333786011,1.558251976966858
1.0332947969436646,0.9500000476837158,1.7378720045089722
1.029959797859192,0.9600000381469727,1.3676719665527344
1.0370899438858032,0.9550000429153442,1.168071985244751
1.0409810543060303,0.9350000619888306,1.6321419477462769
1.0547972917556763,0.9000000953674316,1.9680320024490356
1.0389525890350342,0.9450000524520874,1.2510319948196411
1.0368850231170654,0.9350000619888306,1.6616120338439941
1.0302261114120483,0.9650000333786011,1.110342025756836
1.0350152254104614,0.9500000476837158,1.1460520029067993
1.0402911901474,0.9300000667572021,1.4088419675827026
1.0326155424118042,0.9500000476837158,1.5163218975067139
1.024999976158142,0.9750000238418579,1.087772011756897
1.0509073734283447,0.9300000667572021,1.5966919660568237
1.0475414991378784,0.9300000667572021,1.5191318988800049
1.0427740812301636,0.940000057220459,1.6202620267868042
1.036696195602417,0.940000057220459,1.5592319965362549
1.0461602210998535,0.9100000858306885,2.8132121562957764
1.0312864780426025,0.9650000333786011,1.128242015838623
1.0391077995300293,0.9450000524520874,1.2928121089935303
1.048447608947754,0.9200000762939453,1.5231620073318481
1.0434811115264893,0.9350000619888306,1.8572120666503906
1.032412052154541,0.9550000429153442,1.3156920671463013
1.0312625169754028,0.9600000381469727,1.3839219808578491
1.032494306564331,0.9600000381469727,1.5234119892120361
1.0304977893829346,0.9650000333786011,1.1697421073913574
1.0266330242156982,0.9700000286102295,1.0917619466781616
1.050199031829834,0.9300000667572021,1.4966319799423218
1.0570731163024902,0.9000000953674316,1.6610219478607178
1.040960669517517,0.940000057220459,1.191491961479187
1.0386327505111694,0.9450000524520874,1.3492419719696045
1.0288838148117065,0.9550000429153442,1.2125118970870972
1.0349329710006714,0.9550000429153442,1.0891519784927368
1.0580614805221558,0.8700000643730164,2.5457918643951416
1.0329359769821167,0.9600000381469727,1.2161118984222412
1.0427727699279785,0.9300000667572021,1.2220120429992676
1.0414806604385376,0.940000057220459,1.494372010231018
1.0415517091751099,0.925000011920929,2.0386719703674316
1.0465123653411865,0.9500000476837158,1.1747519969940186
1.0528559684753418,0.9200000762939453,1.4427119493484497
1.0260369777679443,0.9700000286102295,1.1024020910263062
1.042832612991333,0.9350000619888306,1.4913619756698608
1.0332469940185547,0.9550000429153442,1.299621820449829
1.024999976158142,0.9750000238418579,1.2156320810317993
1.0494831800460815,0.9300000667572021,1.6974220275878906
1.043786644935608,0.9200000762939453,1.7461220026016235
1.0427734851837158,0.9550000429153442,1.28383207321167
1.0287688970565796,0.9700000286102295,1.0921519994735718
1.029881238937378,0.9650000333786011,1.1222419738769531
1.024999976158142,0.9750000238418579,1.1069920063018799
1.0443365573883057,0.940000057220459,1.1923919916152954
1.0296213626861572,0.9600000381469727,1.46300208568573
1.054207682609558,0.9050000309944153,2.0879321098327637
1.037892460823059,0.9500000476837158,1.1899019479751587
1.0658345222473145,0.8449999690055847,2.562201976776123
1.0320464372634888,0.9600000381469727,1.151252031326294
1.024999976158142,0.9750000238418579,1.0386719703674316
1.0271350145339966,0.9700000286102295,1.1613719463348389
1.0294997692108154,0.9650000333786011,1.1331920623779297
1.0391771793365479,0.9150000810623169,2.1701719760894775
1.0708398818969727,0.8400000333786011,2.6798219680786133
1.027097463607788,0.9650000333786011,1.4318320751190186
1.0273807048797607,0.9650000333786011,1.3150320053100586
1.028903841972351,0.9600000381469727,1.2908719778060913
1.0621137619018555,0.8950001001358032,1.5777620077133179
1.0485109090805054,0.9350000619888306,1.5545920133590698
1.024999976158142,0.9750000238418579,1.134112000465393
1.024999976158142,0.9750000238418579,1.0909819602966309
1.0617676973342896,0.8700000643730164,1.7577719688415527
1.0304455757141113,0.9550000429153442,1.2025821208953857
1.032039761543274,0.9500000476837158,1.434141993522644
1.043817162513733,0.9300000071525574,1.7467520236968994
1.054456353187561,0.9200000762939453,2.3159120082855225
1.060247540473938,0.9000000953674316,2.171842098236084
1.0652538537979126,0.8800000548362732,2.6177620887756348
1.0264291763305664,0.9700000286102295,1.1168220043182373
1.0368090867996216,0.9450000524520874,1.409201979637146
1.0281641483306885,0.9550000429153442,1.6255520582199097
1.0285356044769287,0.9650000333786011,1.1848719120025635
1.0419654846191406,0.9350000619888306,2.0182321071624756
1.076166033744812,0.8349999189376831,3.2418620586395264
1.0589498281478882,0.9000000953674316,1.851952075958252
1.0534611940383911,0.8950001001358032,2.023132085800171
1.0273569822311401,0.9700000286102295,1.3238919973373413
1.0380367040634155,0.9500000476837158,1.3470820188522339
1.044680118560791,0.9300000667572021,1.950592041015625
1.0328505039215088,0.9600000381469727,1.2474219799041748
1.0442538261413574,0.9300000667572021,1.6142120361328125
1.0345317125320435,0.9450000524520874,1.4919419288635254
1.0589473247528076,0.9000000953674316,2.0052521228790283
1.042526364326477,0.940000057220459,1.43572199344635
1.0495936870574951,0.9250000715255737,1.6358619928359985
1.0499244928359985,0.9150000810623169,1.6783419847488403
1.0545341968536377,0.8900001049041748,1.9919321537017822
1.0440266132354736,0.9350000619888306,1.5864120721817017
1.0382753610610962,0.9500000476837158,1.2848620414733887
1.0466679334640503,0.9300000667572021,2.365262031555176
1.024999976158142,0.9750000238418579,1.0818819999694824
1.055720567703247,0.9000000357627869,2.6243019104003906
1.0381256341934204,0.9500000476837158,1.5189518928527832
1.0282288789749146,0.9700000286102295,1.0748220682144165
1.0431803464889526,0.940000057220459,1.6352618932724
1.0308672189712524,0.9550000429153442,1.6807219982147217
1.0343523025512695,0.9600000381469727,1.1850719451904297
1.0332884788513184,0.940000057220459,1.616862177848816
1.033331036567688,0.9500000476837158,1.2901519536972046
1.0285416841506958,0.9650000333786011,1.4241620302200317
1.0303572416305542,0.9600000381469727,1.2525620460510254
1.0347017049789429,0.940000057220459,1.9790420532226562
1.0299253463745117,0.9650000333786011,1.2381620407104492
1.0480209589004517,0.9450000524520874,1.181462049484253
1.024999976158142,0.9750000238418579,1.0493218898773193
1.024999976158142,0.9750000238418579,1.1332820653915405
1.0283234119415283,0.9650000333786011,1.1348119974136353
1.0692157745361328,0.9250000715255737,1.2803120613098145
1.0287415981292725,0.9700000286102295,1.073241949081421
1.0263335704803467,0.9700000286102295,1.5231820344924927
1.0287415981292725,0.9700000286102295,1.1737821102142334
1.0457444190979004,0.925000011920929,2.0415220260620117
1.024999976158142,0.9750000238418579,1.0660319328308105
1.0265971422195435,0.9700000286102295,1.1689220666885376
1.027503252029419,0.9700000286102295,1.3221321105957031
1.024999976158142,0.9750000238418579,1.0381519794464111
1.0281903743743896,0.9650000333786011,1.2624419927597046
1.0404573678970337,0.9500000476837158,1.337541937828064
1.024999976158142,0.9750000238418579,1.1776319742202759
1.0308711528778076,0.9600000381469727,1.2951120138168335
1.0370001792907715,0.940000057220459,1.62637197971344
1.0375349521636963,0.940000057220459,1.4495021104812622
1.047667145729065,0.9100000858306885,1.7233619689941406
1.0425983667373657,0.9350000619888306,1.2756719589233398
1.0295555591583252,0.9650000333786011,1.1573920249938965
1.0341461896896362,0.9450000524520874,1.7668720483779907
1.046557068824768,0.9300000667572021,1.5502921342849731
1.0408134460449219,0.940000057220459,1.4124019145965576
1.024999976158142,0.9750000238418579,1.0772420167922974
1.0331497192382812,0.9650000333786011,1.1475720405578613
1.024999976158142,0.9750000238418579,1.053671956062317
1.0634386539459229,0.8800000548362732,2.3335418701171875
1.0272612571716309,0.9700000286102295,1.1068320274353027
1.0351139307022095,0.940000057220459,1.2130320072174072
1.0391628742218018,0.940000057220459,1.218431830406189
1.037967562675476,0.9500000476837158,1.12227201461792
1.024999976158142,0.9750000238418579,1.0664218664169312
1.0269622802734375,0.9650000333786011,1.1134120225906372
1.0525023937225342,0.9100000858306885,2.850292205810547
1.024999976158142,0.9750000238418579,1.0520920753479004
1.024999976158142,0.9750000238418579,1.053462028503418
1.0642588138580322,0.8900001049041748,2.699821949005127
1.0493892431259155,0.9500000476837158,1.2390620708465576
1.0493892431259155,0.9500000476837158,1.2390620708465576
1.0496593713760376,0.9150000810623169,1.5045421123504639
1.0399600267410278,0.9450000524520874,1.1606119871139526
1.032111406326294,0.9600000381469727,1.1588120460510254
1.0327446460723877,0.9550000429153442,1.247081995010376
1.040805697441101,0.9200000762939453,1.6582019329071045
1.0392357110977173,0.9550000429153442,1.3324819803237915
1.024999976158142,0.9750000238418579,1.057042121887207
1.043078899383545,0.940000057220459,1.5252519845962524
1.0259761810302734,0.9700000286102295,1.186951994895935
1.0440667867660522,0.9350000619888306,1.6634619235992432
1.0391758680343628,0.9450000524520874,1.1649119853973389
1.0466892719268799,0.9250000715255737,1.3927520513534546
1.0292742252349854,0.9600000381469727,1.340142011642456
1.024999976158142,0.9750000238418579,1.2197420597076416
1.036041259765625,0.9450000524520874,2.105452060699463
1.0370070934295654,0.940000057220459,1.3403719663619995
1.0269951820373535,0.9700000286102295,1.5332120656967163
1.054619312286377,0.9150000810623169,2.6019721031188965
1.042913794517517,0.9100000858306885,2.2120020389556885
1.0375250577926636,0.940000057220459,1.459921956062317
1.0409384965896606,0.9450000524520874,1.1800318956375122
1.039945125579834,0.9450000524520874,1.4457019567489624
1.0615655183792114,0.9000000357627869,2.0129120349884033
1.0363538265228271,0.9450000524520874,1.698531985282898
1.024999976158142,0.9750000238418579,1.0598520040512085
1.0279524326324463,0.9650000333786011,1.134342074394226
1.0317373275756836,0.9600000381469727,1.12158203125
1.0427734851837158,0.9550000429153442,1.2861419916152954
1.03273606300354,0.9500000476837158,1.5030421018600464
1.0386019945144653,0.940000057220459,1.31085205078125
1.0425077676773071,0.9350000619888306,1.3744020462036133
1.024999976158142,0.9750000238418579,1.2200120687484741
1.0292675495147705,0.9650000333786011,1.3444219827651978
1.024999976158142,0.9750000238418579,1.132051944732666
1.0264906883239746,0.9700000286102295,1.1647619009017944
1.024999976158142,0.9750000238418579,1.051021933555603
1.0355453491210938,0.9600000381469727,1.2326719760894775
1.051857352256775,0.9250000715255737,1.5458619594573975
1.0333993434906006,0.9600000381469727,1.083791971206665
1.024999976158142,0.9750000238418579,1.0360819101333618
1.0263456106185913,0.9700000286102295,1.2756119966506958
1.0389151573181152,0.940000057220459,1.3565819263458252
1.024999976158142,0.9750000238418579,1.1367120742797852
1.0410521030426025,0.9450000524520874,1.4647719860076904
1.0308042764663696,0.9600000381469727,1.2400219440460205
1.024999976158142,0.9750000238418579,1.0637719631195068
1.0604966878890991,0.9250000715255737,1.3072519302368164
1.024999976158142,0.9750000238418579,1.0647120475769043
1.029388189315796,0.9650000333786011,1.1193920373916626
1.0464085340499878,0.9500000476837158,1.1949020624160767
1.0315377712249756,0.9600000381469727,1.1583819389343262
1.024999976158142,0.9750000238418579,1.2368218898773193
1.0404002666473389,0.9450000524520874,1.3358919620513916
1.0280739068984985,0.9650000333786011,1.0873819589614868
1.0272361040115356,0.9700000286102295,1.0694119930267334
1.0369781255722046,0.9500000476837158,1.2233320474624634
1.0411232709884644,0.9500000476837158,1.3221321105957031
1.0543594360351562,0.9100000858306885,1.886151909828186
1.024999976158142,0.9750000238418579,1.0374919176101685
1.0336765050888062,0.9500000476837158,1.4079620838165283
1.0369278192520142,0.9550000429153442,1.4063118696212769
1.031934380531311,0.9450000524520874,1.254971981048584
1.0361875295639038,0.9500000476837158,1.4583220481872559
1.0441030263900757,0.9450000524520874,1.3775019645690918
1.0473960638046265,0.9200000166893005,2.0019519329071045
1.0372705459594727,0.940000057220459,1.9936020374298096
1.0475797653198242,0.925000011920929,2.359261989593506
1.0374630689620972,0.9450000524520874,1.132881999015808
1.0341784954071045,0.9600000381469727,1.0415220260620117
1.045334815979004,0.9350000619888306,1.9547820091247559
1.0397555828094482,0.9500000476837158,1.3686120510101318
1.0294902324676514,0.9650000333786011,1.1521118879318237
1.027267336845398,0.9600000381469727,1.3026320934295654
1.024999976158142,0.9750000238418579,1.0629520416259766
1.024999976158142,0.9750000238418579,1.0817519426345825
1.0314439535140991,0.9650000333786011,1.1301718950271606
1.0366023778915405,0.9500000476837158,1.2765920162200928
1.0272786617279053,0.9700000286102295,1.117292046546936
1.0307151079177856,0.9650000333786011,1.1899421215057373
1.0306925773620605,0.9600000381469727,1.2920818328857422
1.0428966283798218,0.940000057220459,1.6285921335220337
1.0528278350830078,0.9250000715255737,1.5803419351577759
1.0339314937591553,0.9500000476837158,1.370792031288147
1.024999976158142,0.9750000238418579,1.0689918994903564
1.045114278793335,0.9350000619888306,1.2290819883346558
1.0262563228607178,0.9700000286102295,1.1051520109176636
1.042719841003418,0.9450000524520874,1.2008520364761353
1.0476958751678467,0.9450000524520874,1.181462049484253
1.024999976158142,0.9750000238418579,1.086251974105835
1.042976975440979,0.9450000524520874,1.1377520561218262
1.0474247932434082,0.940000057220459,1.267982006072998
1.0419732332229614,0.940000057220459,1.5629820823669434
1.0295575857162476,0.9550000429153442,1.1971220970153809
1.0380712747573853,0.9550000429153442,1.2160420417785645
1.0281225442886353,0.9650000333786011,1.16690194606781
1.0290045738220215,0.9600000381469727,1.127531886100769
1.0270226001739502,0.9700000286102295,1.1569019556045532
1.0276261568069458,0.9700000286102295,1.0807218551635742
1.0270614624023438,0.9650000333786011,1.160372018814087
1.0380845069885254,0.940000057220459,1.3798120021820068
1.0285354852676392,0.9700000286102295,1.0663620233535767
1.0465123653411865,0.9500000476837158,1.1747519969940186
1.0434484481811523,0.9350000619888306,1.5600320100784302
1.0309314727783203,0.9600000381469727,1.216792106628418
1.02984619140625,0.9650000333786011,1.198822021484375
1.0358375310897827,0.9500000476837158,1.3349318504333496
1.024999976158142,0.9750000238418579,1.093121886253357
1.0353773832321167,0.9550000429153442,1.3918319940567017
1.0269542932510376,0.9700000286102295,1.1171120405197144
1.024999976158142,0.9750000238418579,1.1062818765640259
1.0416895151138306,0.9450000524520874,1.171191930770874
1.042320728302002,0.9500000476837158,1.0971819162368774
1.024999976158142,0.9750000238418579,1.0280120372772217
1.042320728302002,0.9500000476837158,1.0971819162368774
1.0410780906677246,0.940000057220459,1.3084620237350464
1.037904977798462,0.940000057220459,1.73665189743042
1.024999976158142,0.9750000238418579,1.1118918657302856
1.0271203517913818,0.9650000333786011,1.2851519584655762
1.0453855991363525,0.940000057220459,1.376121997833252
1.0317498445510864,0.9650000333786011,1.0495421886444092
1.0271437168121338,0.9700000286102295,1.0303319692611694
1.0286613702774048,0.9650000333786011,1.1484919786453247
1.024999976158142,0.9750000238418579,1.0735119581222534
1.024999976158142,0.9750000238418579,1.1540520191192627
1.024999976158142,0.9750000238418579,1.0544121265411377
1.024999976158142,0.9750000238418579,1.0384119749069214
1.0525671243667603,0.9350000619888306,1.2546319961547852
1.0277272462844849,0.9700000286102295,1.0661320686340332
1.032189965248108,0.9550000429153442,1.2923420667648315
1.0366551876068115,0.9550000429153442,1.1001920700073242
