1.040769338607788,0.9500000476837158,1.1262520551681519
1.0220800638198853,0.9750000238418579,1.0679707527160645
1.0199999809265137,0.9800000190734863,1.1689083576202393
1.0363308191299438,0.9550000429153442,1.074845790863037
1.024999976158142,0.9750000238418579,1.0323456525802612
1.0199999809265137,0.9800000190734863,1.0378146171569824
1.024999976158142,0.9750000238418579,1.0325019359588623
1.0375635623931885,0.9550000429153442,1.2298457622528076
1.041567325592041,0.9350000619888306,1.745002031326294
1.024999976158142,0.9750000238418579,1.0698456764221191
1.0456477403640747,0.9450000524520874,1.5639082193374634
1.0374572277069092,0.9550000429153442,1.6550019979476929
1.0287507772445679,0.9550000429153442,1.398908257484436
1.024999976158142,0.9750000238418579,1.048595666885376
1.0199999809265137,0.9800000190734863,1.0320332050323486
1.0422639846801758,0.9500000476837158,1.2246894836425781
1.024999976158142,0.9750000238418579,1.023751974105835
1.024999976158142,0.9750000238418579,1.0375020503997803
1.0199999809265137,0.9800000190734863,1.0520331859588623
1.024999976158142,0.9750000238418579,1.0396894216537476
1.0199999809265137,0.9800000190734863,1.0350018739700317
1.0271220207214355,0.9700000286102295,1.1015645265579224
1.024999976158142,0.9750000238418579,1.0234395265579224
1.0199999809265137,0.9800000190734863,1.0476582050323486
1.0354321002960205,0.9550000429153442,1.165783166885376
1.024999976158142,0.9750000238418579,1.024845838546753
1.0409085750579834,0.9500000476837158,1.0673457384109497
1.0199999809265137,0.9800000190734863,1.034064531326294
1.024999976158142,0.9750000238418579,1.0276581048965454
1.0313308238983154,0.9600000381469727,1.0735957622528076
1.024999976158142,0.9750000238418579,1.0431269407272339
1.024999976158142,0.9750000238418579,1.0143769979476929
