592
229
733
107
637
95
995
124
721
731
20
1043
284
1020
27
723
1063
1012
557
686
266
105
900
883
413
69
86
222
971
73
386
377
672
675
814
330
713
1014
887
756
677
250
853
64
200
934
1069
1015
510
54
824
740
297
313
712
350
384
103
478
71
151
541
1051
642
1023
426
466
101
201
894
292
957
554
249
724
867
241
831
504
759
1032
771
850
767
448
810
855
765
904
1004
127
228
157
134
562
12
531
430
450
379
815
865
925
517
372
833
580
774
290
596
550
890
613
972
122
405
8
104
547
768
1050
955
813
385
477
30
847
1044
527
884
544
653
288
464
140
463
424
275
1029
471
6
692
680
353
734
532
614
337
237
41
343
160
398
1054
725
811
674
111
155
823
285
991
451
2
629
16
737
987
1021
52
595
505
641
559
581
556
920
800
704
355
225
1049
84
145
90
728
296
382
915
39
914
764
654
947
146
368
679
294
866
63
390
209
885
569
336
841
662
244
1022
174
305
762
659
785
593
722
389
984
1077
780
930
797
280
142
1071
260
626
610
334
59
339
319
188
1009
44
647
671
291
927
892
540
357
928
354
789
638
909
1062
512
665
715
293
571
769
433
207
609
840
233
1047
24
193
50
807
990
981
36
941
511
301
253
775
993
286
603
520
189
480
545
324
417
186
432
661
483
560
295
419
55
323
605
944
117
327
568
467
49
648
370
975
267
299
169
318
599
690
570
348
5
108
748
668
303
9
832
453
57
845
745
473
277
742
954
123
709
22
247
905
684
429
879
846
437
456
1008
114
1046
148
604
17
482
1037
1061
183
962
537
133
307
287
498
997
782
539
75
945
739
425
790
663
499
726
219
951
43
427
29
698
634
746
902
667
45
503
804
779
79
208
184
801
259
1003
264
965
1076
714
501
423
187
598
70
479
650
435
719
970
1002
281
754
616
587
431
394
1026
217
566
42
912
781
743
317
787
969
119
438
28
538
494
399
282
231
699
147
62
574
109
410
279
1048
163
681
173
617
796
519
252
315
878
309
156
1052
835
735
495
950
7
645
812
484
131
869
96
870
235
1072
958
443
749
615
730
40
234
226
509
738
799
860
179
881
407
278
349
199
938
130
534
644
112
959
552
302
773
10
149
694
351
515
58
798
631
752
856
676
960
102
907
87
816
406
344
508
825
227
391
535
757
500
666
403
15
113
718
215
989
170
194
25
65
1027
923
949
375
529
72
165
14
395
1
964
618
575
60
751
1025
274
952
32
619
213
555
577
901
837
772
1070
251
310
794
985
409
177
338
695
600
1006
420
48
434
361
99
206
1019
150
864
854
778
612
362
472
859
992
931
533
906
141
685
1000
276
871
763
51
918
272
31
223
753
822
741
311
817
729
326
421
564
400
137
345
502
366
404
245
465
627
998
933
256
525
939
565
516
328
913
651
203
1013
461
392
129
411
857
536
33
776
657
325
446
34
371
4
77
1039
367
839
968
744
488
455
863
363
820
691
942
827
195
948
273
458
624
359
440
221
579
218
158
452
135
543
153
777
523
893
1058
1042
238
702
646
761
1040
396
697
196
205
873
643
1064
94
683
166
963
625
144
35
441
1010
518
717
929
1075
736
243
601
1016
125
967
61
1074
486
383
138
851
492
436
658
880
620
171
116
401
262
257
416
496
224
1018
506
444
376
630
978
573
192
716
602
268
397
26
897
611
493
352
321
582
1005
701
946
120
121
289
312
240
542
1031
56
211
106
940
481
660
838
524
161
828
255
988
304
1033
381
270
521
185
162
924
633
487
888
727
588
181
1066
239
191
996
300
93
514
966
447
216
21
635
314
705
919
0
3
986
792
365
572
378
678
92
457
388
265
74
999
590
623
306
849
711
439
526
333
489
81
83
408
