213
393
345
423
362
230
303
449
395
338
453
40
457
224
408
178
18
387
365
4
78
455
438
214
164
312
461
219
45
254
272
196
465
339
122
36
371
163
221
247
406
376
154
291
205
7
152
499
356
193
432
398
231
106
242
319
210
100
10
399
6
496
275
421
110
129
240
292
229
372
348
397
498
491
206
74
198
401
28
442
59
180
301
246
259
77
149
451
334
227
34
241
107
113
332
104
494
422
477
320
473
105
336
182
293
191
314
373
452
368
131
262
133
263
167
146
177
26
13
497
162
266
290
255
135
103
220
302
416
382
16
463
156
261
70
158
367
316
257
1
137
127
168
439
360
30
23
85
29
252
217
490
121
394
484
273
159
150
271
44
24
33
441
440
52
250
54
93
115
344
139
370
420
192
134
459
299
173
179
268
374
311
143
354
444
300
98
331
144
61
470
175
132
27
283
431
116
117
493
48
402
88
86
306
430
482
101
267
202
126
215
128
418
38
125
17
358
166
123
488
448
330
260
385
108
232
347
486
75
153
212
258
171
445
308
485
37
194
322
341
409
304
405
35
243
55
396
71
25
361
