308
82
621
602
1006
365
510
184
894
1067
169
259
984
715
281
275
797
946
575
1055
1032
97
258
152
319
567
838
992
135
884
707
1065
235
933
499
784
157
827
252
213
901
487
52
693
626
1063
197
867
609
882
47
999
753
772
418
33
663
630
789
8
523
353
724
417
227
65
437
764
747
432
690
392
241
537
202
61
67
168
831
701
448
411
13
89
195
962
399
1050
989
185
182
333
883
372
769
982
649
581
508
485
186
955
953
222
136
132
559
176
638
529
746
1036
165
706
145
842
264
438
551
825
978
599
711
774
34
688
586
414
925
655
1071
114
778
998
988
371
723
755
1018
648
343
1010
629
442
952
664
650
406
534
671
430
133
300
208
767
1029
470
316
292
717
376
885
75
938
366
1033
734
200
585
452
501
1051
904
572
866
109
92
496
554
226
149
128
539
484
1061
917
460
64
847
383
116
49
674
90
402
780
203
163
587
488
751
603
108
483
595
314
380
233
46
1030
70
781
72
447
963
862
912
302
854
612
1039
84
524
38
140
775
878
1048
557
908
795
1069
473
127
94
646
670
250
394
644
968
709
99
596
433
990
249
216
541
887
1038
530
351
939
43
826
1040
686
761
578
640
117
102
806
458
721
326
1045
627
24
522
175
961
676
922
740
828
807
361
620
558
378
505
55
518
248
475
18
247
785
35
1047
5
328
527
408
549
464
763
271
949
325
268
286
441
143
752
158
415
546
16
193
373
339
125
412
1009
502
773
855
497
369
545
756
910
1042
215
449
911
915
642
812
945
1017
407
191
124
384
835
304
334
610
174
727
777
1074
360
80
1049
726
274
225
564
313
397
684
282
141
608
971
101
162
636
1037
863
1021
653
613
872
771
877
323
110
255
526
515
907
930
347
865
126
533
291
1026
511
614
660
85
525
11
926
270
121
315
809
19
918
1022
624
553
788
719
563
720
363
164
42
687
631
837
214
814
320
466
240
832
875
269
364
532
86
374
657
622
327
232
482
593
531
843
375
768
219
980
813
312
859
53
902
58
474
936
138
267
170
703
298
728
192
598
550
204
787
716
973
1062
390
404
739
666
93
562
749
461
1066
547
574
1014
605
262
568
967
580
959
935
848
669
856
833
770
1075
490
467
453
56
799
928
555
119
514
810
391
1068
944
779
565
356
639
1027
1044
422
841
576
307
420
59
265
346
254
231
131
9
146
869
410
927
266
122
725
976
81
870
732
321
148
273
762
1052
1015
494
695
154
656
512
318
853
588
196
468
