110
39
479
2
427
417
251
70
471
327
80
332
454
51
446
135
322
38
245
324
211
96
155
326
288
45
209
141
426
62
397
220
154
226
83
311
174
342
82
182
301
112
13
381
163
118
362
206
78
266
279
276
50
161
4
40
98
429
489
1
229
8
467
418
385
137
350
93
374
207
422
162
343
0
459
124
151
164
401
111
335
317
363
106
423
340
208
21
24
373
188
52
22
428
47
274
121
7
256
130
272
66
434
249
149
129
280
499
293
474
420
89
415
439
246
367
481
58
68
398
126
341
88
453
287
72
108
119
127
331
262
170
457
90
433
444
228
392
157
259
81
231
491
147
213
218
463
116
140
412
