59
340
112
290
218
150
78
381
115
313
447
289
383
429
40
419
157
142
97
268
90
95
98
123
36
317
9
186
498
12
372
288
145
148
405
246
235
143
482
392
434
442
360
147
470
122
304
406
1
80
219
58
25
220
352
293
323
209
121
46
262
396
110
227
244
113
449
216
5
212
278
267
102
10
320
94
401
131
208
236
259
17
89
395
472
494
225
342
54
367
350
303
450
479
282
158
26
226
312
435
179
273
264
318
311
343
146
266
230
464
245
335
126
348
127
281
30
305
250
390
204
137
421
257
379
124
37
16
247
364
84
79
248
172
42
359
144
469
83
243
163
86
173
64
484
187
134
492
162
454
