9634
4377
203
1123
471
6763
3405
2086
5457
5772
6684
2469
2632
520
3518
4732
8181
213
9007
4484
8558
8596
3876
1603
2942
8439
486
2249
8081
7301
8826
1363
7588
5827
10008
7374
222
1088
1608
6003
7073
927
518
8646
8050
4960
8141
6782
4886
8723
5085
4064
3625
1549
4102
8481
1848
7895
403
7647
9614
3106
2088
5652
4177
8954
8884
6219
6557
6388
329
5998
4174
3344
4340
9551
2574
8520
1705
2143
5054
1843
2092
9
976
10307
7971
9698
626
9143
7307
3442
4086
3096
4835
7620
7008
9067
4842
5607
1988
9132
6918
712
7824
1910
6177
8474
5167
601
1706
6071
6308
3440
2159
2908
7380
1484
2893
8035
3714
8391
4804
10616
4227
2697
2031
2379
2213
10354
5209
8908
3554
7218
10379
3635
9711
7905
7334
887
1080
8815
5342
9828
9005
4276
1940
5373
2625
9211
1651
872
1690
4669
3870
4636
6744
782
1820
1630
5680
1672
3291
4949
5971
379
7089
4807
2305
5369
5682
4461
9523
6915
481
10393
1207
5643
2097
9183
2725
7637
1041
503
4333
640
596
2244
8798
1764
8261
3835
1040
442
10130
4767
4692
2386
3068
9821
6539
2179
1158
10078
9903
9327
3240
8443
1383
3136
3127
4009
5656
5120
2275
3396
3292
3757
366
10059
10194
3222
727
6329
9968
5370
305
1017
874
10288
9733
6321
10383
9877
9565
6769
2525
8940
629
7835
7384
3436
1221
2091
8322
3689
2486
7531
1354
1446
10175
734
6303
8984
9228
9926
4800
4905
5836
2460
4162
3619
4229
4014
9883
1237
3951
7900
4761
4662
328
384
131
5050
4037
3433
10351
882
2483
5415
10486
7679
6738
3260
418
6257
1757
885
6336
1617
10294
10519
3900
7507
5304
4992
10425
835
5353
7943
9919
9221
5156
7296
2537
5129
10570
9341
8228
8330
5928
9304
4285
7328
5689
4544
10591
4956
5387
1716
6587
5604
5349
1525
8828
6632
3959
4338
5027
5101
1838
9266
6373
7381
2715
432
5626
9681
6163
4492
5820
5108
4582
8519
5732
5450
6262
2434
5552
6896
9140
9522
7616
2120
5537
2785
1685
3942
6846
7004
6957
5880
7546
3808
3228
2087
1455
2898
3787
3633
3092
6644
5385
8052
6489
7983
824
1535
1855
5392
9269
3834
817
3890
6190
2847
8991
5273
3741
4508
3242
8409
1012
8885
205
454
3094
5122
1859
5806
7934
3509
1627
4598
2896
2251
5675
7618
6537
4413
7379
9087
7170
8972
2282
7441
6359
10293
3707
7629
1797
2711
10162
10408
10471
265
1931
8444
8402
3479
10272
1720
7885
6809
3306
7724
9468
295
9142
964
4148
3273
9455
4648
6591
6386
3745
1852
8319
10583
7827
6617
1851
4212
3742
10306
2314
10349
9081
8613
10291
4974
3863
4382
9507
8688
4076
1574
7099
7333
9496
10386
7105
3520
1785
7317
5666
5853
7994
8393
3850
10122
10080
2570
3912
7539
10157
692
4952
8232
6137
6550
7813
8989
6941
5110
8216
6921
8152
7097
9590
5452
6549
9543
1159
8079
5728
7491
939
3387
8339
378
5013
19
7829
9271
7753
7255
3681
5336
9808
4465
6634
708
8849
27
5665
2096
1958
6399
984
