100
270
125
392
18
235
456
255
27
154
160
468
59
216
141
471
173
370
413
128
75
344
174
404
48
390
472
485
188
452
389
358
220
96
420
454
129
117
101
345
403
113
45
317
393
53
284
148
3
499
17
446
494
440
408
87
93
308
202
144
98
275
353
165
354
351
6
312
197
123
427
106
108
445
231
414
321
247
418
199
316
65
127
107
257
254
368
7
68
84
214
32
347
465
219
13
376
104
175
212
341
489
360
192
364
79
478
343
134
497
365
300
226
213
281
164
464
369
307
319
119
421
415
315
406
430
2
77
386
467
339
492
124
400
249
1
288
54
168
373
357
449
36
320
186
396
251
177
298
283
162
473
146
463
375
297
71
459
222
195
143
322
398
114
412
5
385
482
218
145
474
153
488
437
179
331
293
147
367
260
0
56
340
149
350
118
487
469
484
332
496
243
159
258
39
416
150
491
311
248
476
411
372
309
475
301
384
359
239
256
200
204
426
72
486
397
60
304
325
377
37
289
352
326
379
130
74
336
303
466
330
110
265
424
122
409
194
30
443
250
163
361
268
43
142
290
187
313
70
131
136
232
432
138
76
52
26
480
327
483
435
292
241
102
306
15
245
89
166
38
477
105
120
225
49
434
493
178
20
246
191
346
442
252
451
58
259
433
209
282
9
206
80
460
280
439
207
185
380
97
366
66
10
287
16
31
172
285
217
381
338
135
457
229
221
176
263
103
291
405
42
395
156
95
276
109
362
211
388
242
78
35
429
169
140
126
295
349
151
294
61
57
329
215
189
438
363
279
374
223
342
458
314
444
28
230
431
50
461
234
428
4
203
94
198
253
299
448
167
244
190
73
274
132
24
