308
303
499
319
294
525
478
191
166
55
380
493
411
61
259
160
502
179
300
225
92
247
414
466
453
388
248
63
62
374
338
57
327
126
163
514
371
120
423
79
249
161
28
331
148
127
58
96
14
239
52
150
284
213
0
194
495
136
391
417
19
237
416
296
29
452
64
86
368
20
41
375
505
94
78
195
147
370
112
486
35
311
109
442
298
235
283
34
383
484
489
286
409
123
234
356
158
255
455
230
100
395
293
33
5
313
358
217
13
421
468
16
73
223
511
488
317
292
206
500
408
39
142
524
437
117
404
389
84
426
399
51
398
309
227
474
162
180
457
212
40
390
9
465
172
321
17
287
4
364
440
482
492
477
460
106
273
10
304
472
69
366
197
365
164
60
157
7
186
422
199
26
516
438
341
470
105
141
138
200
190
450
270
214
53
342
11
204
122
407
207
523
520
347
322
343
280
310
245
240
461
140
384
202
67
295
50
83
290
143
269
32
184
215
315
355
369
277
261
456
135
451
169
507
44
459
145
27
193
335
297
42
74
420
276
367
485
54
241
444
305
397
56
77
82
198
101
208
497
278
38
480
272
443
81
519
167
203
6
187
357
242
178
349
