2942
1107
9427
6133
543
3916
8979
3838
5711
18
4156
4234
6130
7149
8739
1563
8896
3326
4731
2285
112
6911
10197
10615
5441
2653
5539
2015
6074
1524
6257
8546
1472
2006
2277
8400
1474
3950
207
9819
9564
3422
127
663
4441
8556
4921
10396
480
5148
6340
308
5609
6475
2902
7736
8112
4709
7811
1648
4039
3687
2590
9209
5705
9108
4665
2926
2290
3272
612
6639
995
1071
9610
9181
3788
6960
1114
9487
8394
4766
5831
9416
8917
5625
4706
1477
9574
6436
6426
2207
4447
8701
1253
5342
1269
9444
6242
979
1696
10587
3869
3987
7938
5171
4109
771
4371
1611
7715
5530
5111
3460
4553
10388
6147
4116
10104
1902
2649
6310
5633
6605
9410
903
4819
6056
4905
5602
7026
2042
6482
8733
8359
5761
4005
7697
5527
2744
7992
6051
10209
6277
8635
5723
3316
805
6360
7379
4339
3471
4390
3763
4208
9265
1752
1821
9288
2098
10001
4734
9247
4290
3200
3562
8265
9597
6910
1423
8108
5739
7095
689
9405
2583
3571
6593
6437
7624
828
9062
4252
5009
7975
8761
1658
1808
8653
2097
5797
648
8658
6448
10549
9738
8301
5582
6120
3684
4694
3989
1058
4182
6638
9813
7330
8003
7382
968
4325
4439
9531
5764
6494
3531
2203
1597
8778
658
29
5892
1986
10136
625
4761
6384
5079
4739
5230
10476
9449
3368
10486
523
10444
416
5781
866
9683
902
448
7560
6752
10322
1354
6711
10332
10011
7017
5228
10548
5493
9873
6053
3310
2228
10211
2594
5990
1425
6137
8271
9779
9527
10207
7338
8205
235
9945
644
4202
9742
2517
9704
9274
9022
3735
4471
7834
1830
1215
906
7264
4341
1727
824
966
1591
1621
1738
3050
8104
6627
3935
6004
8223
2345
5137
3278
700
6810
6177
5083
5222
10023
7912
9836
767
7558
5460
9789
5340
5308
6352
8077
246
4316
260
7607
1713
8180
8728
8893
2707
2544
6314
10603
8182
6400
2877
831
3357
3393
2531
4685
5899
2082
4380
8038
9897
10071
2925
10089
10537
1329
561
6755
2341
3113
5914
4363
7908
2146
8567
6969
6151
5715
1982
9339
8956
3921
9502
5025
8299
500
1078
8854
9736
8664
10562
4646
10627
2779
511
9376
1214
5984
5775
7914
1783
291
10213
8059
9798
6328
9973
2972
6444
8362
4519
1665
8392
1672
5565
1410
1188
3037
8715
10016
4064
7930
4510
7049
2946
5738
843
10217
5099
4920
3963
10524
404
1265
1288
5250
338
4131
1175
6190
7491
8257
2577
1525
6206
3761
8338
4634
187
8642
7350
6852
6551
425
10621
1470
7138
4396
9222
3702
245
8384
2096
8490
3518
790
3891
9349
8699
5414
10078
7937
325
6470
375
9654
5827
10204
6233
7531
3063
3809
9996
6030
8598
6937
6744
8920
3842
3892
6208
1998
9692
1195
3242
8615
8919
2820
6712
3611
7294
5560
3904
8138
7094
9313
737
7199
9768
9653
108
7601
1127
7313
96
1514
8151
3629
9333
8454
8649
1422
9389
7871
611
4191
5974
7767
8606
6171
10096
6391
2137
8462
3282
10165
5097
4753
4266
5488
9095
5285
6272
1502
4569
2057
2466
9711
7090
6186
2151
185
3400
9919
3803
8888
10613
9775
4902
70
8802
2106
1661
4781
3918
709
5496
4022
7034
1167
5087
7619
9651
1303
9302
9634
4433
608
5452
7039
1390
8317
10285
5177
440
5729
3185
1007
9594
9275
5891
7449
3672
9278
757
9666
4788
1686
3306
188
741
6860
5394
2944
2598
2036
661
5263
534
3744
8021
10111
5146
5771
497
4675
2659
1997
9352
7875
4779
7835
1072
7793
2380
9341
1911
8006
3586
6259
2908
5409
6632
3260
6803
8463
850
6413
3343
5783
6027
8015
6661
4624
4435
5571
2468
9879
10140
149
4853
7615
6927
4198
6219
942
7399
393
7644
7134
9805
9913
2399
2720
8050
4498
10102
361
5092
9145
8974
5603
1358
5242
4424
6324
6484
1010
7605
587
8242
6783
1861
7677
731
3678
6425
7284
409
628
2116
4521
4275
10351
10168
2790
3605
2439
8629
3279
8162
8311
4764
8764
1485
6200
2337
8217
1596
810
57
5776
5901
2357
4614
6557
3301
5586
314
7924
1904
8212
6721
275
936
746
3296
4474
3686
6032
9292
10218
6063
1493
4566
4513
2010
10328
5462
8907
8609
3019
4059
9529
1989
5980
9777
3012
7214
6156
6109
7653
10570
5743
7175
3946
9004
6580
5654
7518
6880
2370
2018
4558
6404
3094
1962
3375
4767
8074
6269
5945
5127
4096
7009
351
303
9648
7946
9997
6781
9258
9513
6262
2003
7599
6466
5857
9089
6428
8814
8863
7728
266
6853
7892
6066
889
6560
2217
9851
8071
2133
5476
496
2984
6511
2938
678
6930
2870
6668
3867
10461
9041
4984
1039
7403
1019
6968
631
8148
3190
1855
1464
7773
7902
2059
4568
7389
10539
10225
8731
6086
2075
6018
6908
7913
8736
86
2937
7797
763
3713
9031
10515
5065
10393
9685
9206
7788
3064
6013
3022
6604
5503
3300
1221
5853
2852
10037
1729
10196
3981
725
817
5440
6351
3128
6629
5898
9194
3197
553
9213
4195
5504
6183
4606
5467
1649
209
8102
749
6442
4415
847
1449
4169
4648
1240
5459
4886
6008
7494
2971
4785
1126
707
6164
4805
8730
9799
9833
8492
10070
3073
476
1921
5251
5050
90
8152
3410
4220
722
2606
7520
10355
6080
10556
9283
6896
2681
1191
5185
10546
10480
8475
8343
7546
7446
9693
5350
4236
8144
6687
4673
5375
7541
1547
5852
7532
624
3574
5021
2532
4972
871
1031
446
9595
4374
10242
1876
692
3970
1669
5160
7779
5490
1162
7862
7328
4373
5246
5362
7967
9221
3715
8986
5260
5022
4523
2258
4194
1926
6486
10575
874
4913
6015
5730
7183
829
2561
6670
107
8078
1858
4463
3209
7215
7861
2029
4466
7371
9952
9686
7046
3274
77
9717
4048
2587
230
9619
7184
857
5612
9829
4961
1247
8685
510
4212
259
5392
66
6104
5667
2186
5696
4188
8815
9786
10429
3630
8673
578
1819
1940
6848
6405
10551
2526
7239
8741
7408
6492
9906
219
6108
604
3233
8196
9320
4036
10542
9670
5337
8838
5443
7555
10301
2796
9582
2240
8313
2064
7327
2844
9162
10047
104
4310
3689
7752
9290
7622
8096
220
5056
5033
5346
10457
9047
10384
9604
9532
6419
10048
6329
244
9202
9953
3817
1211
8269
6923
4493
9802
398
1455
4683
10463
9935
2498
7358
6490
10449
2810
10271
5721
8451
2220
6472
4263
6338
9316
1934
10116
6972
10239
5655
524
8264
3682
9390
9105
1393
895
796
2869
3303
7333
10287
545
1142
5598
2471
10076
3567
3669
10367
3635
10221
374
933
9338
7434
1958
5458
2518
9073
939
8079
570
7381
3099
8499
6047
7153
10363
8363
8879
2907
8809
9519
1539
4467
9657
9010
3864
9968
9705
8776
6555
9098
6941
4862
4749
7960
2333
3730
1922
7980
1414
10510
863
1886
7461
6589
5174
7711
9270
7055
365
4185
482
169
4066
5741
597
7045
1228
3408
5451
2441
1838
1605
1081
3643
1324
9659
5668
1488
2685
4714
1769
4286
5248
5147
826
4196
823
2923
3851
6330
3482
10106
8000
9694
10049
6625
6367
3976
2643
492
7895
3850
7322
7859
3637
9555
7769
9981
2307
3640
4974
1022
3431
5632
10099
2809
3881
276
5858
5061
1546
1456
3984
2848
5151
270
3463
9164
4317
3638
6533
4034
8817
5300
2406
6965
3100
6816
3833
6962
3823
10417
10479
3898
2785
2184
160
5154
7947
549
10430
271
10431
5787
886
6794
6747
3369
6111
129
908
992
10622
4514
7898
583
1090
2749
9259
5916
1681
716
8803
277
10415
5181
4060
3289
5421
371
1912
9901
4786
5063
8957
3683
8588
9579
10324
2570
10046
1068
7747
10032
3288
8828
2436
2784
1279
9983
8678
10311
1152
10356
5236
6999
564
10425
7749
72
8488
2467
832
9859
7709
3801
3293
5630
536
7989
10294
9719
3425
8544
6461
120
3097
7407
210
8793
4620
6663
3352
3324
233
7462
8633
5812
8693
10199
2392
8720
6513
3760
327
5233
1946
5732
4950
9883
4681
4831
8909
5686
5873
2658
227
3897
656
2696
7630
6820
3122
1836
1304
7693
9462
5030
9335
1682
2385
849
1020
5948
6037
6410
6274
8086
3335
7308
758
3648
2568
7102
5959
8350
7953
7420
6656
9165
4718
5756
8091
9645
5113
8624
4879
3409
8536
474
3504
6046
7982
3773
907
9509
7392
4991
360
9180
4860
9219
2066
3206
734
6657
10097
7554
6152
3294
7290
3829
2623
5938
1014
3769
10075
6594
1822
4432
5908
3949
10059
1689
6305
9299
1244
9925
255
9301
8754
6915
10146
3930
5118
279
9695
9608
9543
879
9070
8636
9979
8024
10167
2032
7877
7934
8640
2699
2628
6146
10220
7663
595
1298
7238
8118
3624
9006
1814
3277
9788
9688
6386
1402
3871
5680
8167
1454
5606
574
65
4827
3681
3908
3215
3118
5211
8563
4409
1249
5400
6136
3818
9216
2760
6905
5100
9314
4292
4283
4563
967
7867
3371
3178
98
2248
5725
10450
2666
3827
6368
825
4366
2028
9256
8721
8782
1860
1564
1394
3627
9453
1646
3027
8751
8827
2182
5848
5925
6176
6835
8342
2045
6637
6571
1070
6477
2823
8511
447
7526
3654
7931
2564
2418
7761
7851
1220
6299
9456
2086
3395
4801
9926
6302
7464
10180
1310
6353
4870
726
7
3660
10298
6780
7675
9845
4294
1710
4597
8222
3885
3831
8044
10493
3295
8053
1585
4175
10584
6874
8251
4581
5746
4484
1725
4668
7119
2903
4420
7107
8036
1097
9280
9043
935
6841
6349
8381
10408
9699
4455
2085
135
3131
6717
840
3464
4258
7858
196
342
2214
9369
5975
4963
6019
2540
60
5922
3275
7108
7111
150
6347
6092
1540
10591
4327
3468
2276
1765
9988
3167
9414
4979
5319
2604
7683
8554
637
10198
6887
9309
1746
9236
5751
5637
8403
8547
322
7460
6029
8703
4387
7198
7091
3508
9442
6336
1133
6574
9903
8837
3248
5457
7163
9429
3807
7228
5131
9117
9469
6725
3944
3383
5910
8771
5360
5066
9176
2169
4932
7852
9811
5188
9304
8415
7830
1932
3695
6653
855
6306
3584
804
163
3971
10090
10129
5590
4995
10387
885
2731
1155
9459
7578
2668
3153
1361
8088
4296
5351
3875
7816
3505
7447
6648
9079
1785
5182
6379
6141
4887
7397
9498
4933
4792
1408
4727
4803
7559
2328
4528
7164
5088
762
7155
4763
6939
7412
1199
3844
9908
80
1465
3156
10506
2956
4952
691
9077
2132
348
4394
8760
10173
8660
3933
8582
176
7178
5245
10423
7853
956
9891
8398
7185
2906
4866
6843
2315
7115
5397
3956
981
323
6342
1707
2675
2798
2687
2139
9701
4611
9271
8821
4555
10171
10125
7431
6170
3628
5352
1027
5701
9437
6122
7473
1829
6936
9942
3402
4823
3762
1297
1419
4209
8441
2262
8062
4522
8448
6741
2889
5627
4643
10364
9941
1832
5382
10251
4662
6614
3679
7585
7901
9071
6439
387
2414
10596
3317
5757
9534
10550
3519
9441
4988
8877
1604
7121
4811
2113
7343
1202
729
6079
386
9268
9261
4750
892
2234
6042
4690
1589
9167
5747
4511
5393
2255
1570
5207
1811
9902
5357
9287
9377
5169
6438
6760
2210
1075
7818
8040
1043
449
4626
1332
9423
2834
10439
10382
2641
452
1915
8676
1353
4287
883
4468
5650
1295
1479
9640
6610
4783
6698
6951
8376
4426
7582
5274
1869
7419
1758
5301
9362
9188
7567
9391
9239
3677
1319
6115
8136
2586
439
4978
6388
8839
9545
3591
1900
4804
1960
3177
4078
5372
9785
4505
1623
2485
2718
9034
7110
6526
9310
535
10331
5007
8109
2142
10608
3569
9876
5593
2287
7061
6785
10541
2041
2039
9869
10175
7010
239
2219
4616
202
9138
870
6322
396
10134
7590
5314
7894
6549
6970
6266
5795
8984
6652
7900
6641
117
6952
7511
6776
208
6418
9977
8231
5368
1448
8599
1517
8272
7866
3412
1490
4973
5366
4909
9727
9315
9601
5281
3652
1506
85
3096
6378
3271
2090
7939
5976
8472
1749
7691
109
6715
9570
2283
3698
155
8028
69
2595
7671
2597
501
2365
772
4177
3069
4550
4845
1578
54
2596
662
3583
1959
5712
582
3952
5355
7701
10379
5520
2322
10103
2664
6995
6804
6558
4627
6467
6313
6301
6954
5168
3597
9142
5887
9803
4478
896
2621
3286
3539
7887
4812
5348
5209
6621
165
7267
9212
320
3802
7995
8455
2379
10206
9092
10327
1628
9863
5270
7490
7812
289
947
1877
6153
1779
6830
1256
5907
6291
8785
10482
7837
5596
4159
8694
8385
5720
8244
8292
8512
7362
2807
815
671
9076
10279
4092
3585
6909
2381
9279
10065
7999
3016
1756
1024
2640
8700
9643
5453
6565
1631
8570
7572
5483
8801
3826
1374
704
9781
5385
8248
7565
2607
2194
2329
4386
6644
5836
7495
7252
10369
7177
5614
3102
326
8883
1050
4073
6480
1894
4651
5863
10214
9435
6127
7125
1047
3639
6699
9827
8656
2115
3181
10112
3198
4244
6609
9055
6607
10172
8245
1322
5041
9910
8409
9848
8574
9235
2401
1336
7625
8515
6885
4682
1206
6595
2325
1919
9424
8468
5249
5356
8983
7698
8099
7780
10436
4798
2690
5875
6236
6822
4050
7401
4770
7679
9890
5550
945
4346
81
2167
2585
1551
1897
4702
1521
7005
2960
2939
4190
2933
2750
459
9950
5173
3804
7304
4331
8289
3133
5940
2836
1916
3434
8533
1261
3047
1064
110
10577
1293
5888
7972
3313
2425
10159
3994
8702
988
4277
2591
8654
577
584
5728
3499
10163
4029
2409
7265
2415
2049
2821
9075
4436
1929
1373
8399
782
2879
3298
9384
2748
7651
2427
8216
6355
1140
10281
3734
2857
3928
1645
3810
3176
7040
5165
4515
336
6465
6036
8902
7950
2846
3281
59
8786
8161
4589
10507
8259
8650
3002
9656
5664
7306
7840
5564
9388
36
1158
9074
1325
2966
5084
7428
384
1176
8987
10460
8938
401
312
1048
2743
5991
5208
6650
8433
3978
1026
6771
2269
7886
4600
695
9794
9562
4559
6446
10080
550
2339
4630
2331
6188
9774
9740
9596
8645
4570
9809
3589
10475
3366
74
2548
8613
7496
504
10381
529
7093
6390
5288
9661
1204
8407
609
10305
960
1800
3779
6128
9698
4253
2185
1864
9547
7062
8806
2111
10149
1287
8928
2831
4240
1673
8994
9655
2423
1153
9497
479
8195
8094
5645
2033
1494
7588
961
4227
2252
7802
2301
8001
10151
8416
4133
3416
9243
9739
1151
7189
1719
5574
3495
7096
6497
10236
2126
7489
8414
7429
3481
9132
5618
8689
9480
5481
6907
7287
1797
4011
10443
5038
9240
5150
9
16
6408
2619
4020
9033
3872
6443
8759
9494
10202
789
7217
7658
10592
5802
7959
9647
7139
3974
4542
2159
10365
4740
5810
9611
10154
6523
9472
4725
1128
5398
9938
3204
63
6735
3055
4946
7499
2734
8976
919
1871
3606
1433
9915
6358
9486
5813
1739
1555
1103
5295
1453
5402
8373
8310
6678
528
9019
6476
2199
475
3213
2601
121
1069
6478
7236
5804
1312
9748
3828
3144
8619
7253
250
7234
6992
8254
4671
181
9741
9329
6361
6359
7147
5713
9992
1327
5297
2358
8790
9770
3025
6459
9561
5542
9455
8308
8450
3588
1208
8915
4810
4345
8691
4890
6925
5515
4448
2212
1559
9237
952
1037
42
5219
2483
6684
4102
2730
6690
9252
4802
6867
128
5890
52
655
6034
4183
9976
3456
7126
2083
4353
3665
7233
438
8796
8525
10178
1730
4440
8007
10085
7030
5077
775
6934
6903
4948
9114
10553
7053
10573
9710
8948
10586
5011
8100
4100
1607
7643
8631
4780
1609
8364
4255
1377
2004
1430
5915
5184
7377
9166
4179
1087
10334
8630
3110
1060
2717
7224
1702
2040
10055
8797
204
533
3312
633
2428
1254
7509
6588
630
1890
10026
835
9300
7899
2304
1519
8460
1032
1993
498
5616
10234
7439
6569
6500
1891
3477
7813
2503
1059
3649
5313
5529
9036
10210
8497
6879
8321
1328
6125
5259
10385
9438
5198
2198
1735
1699
2129
1427
4721
926
7476
451
6734
8137
10529
8328
9956
7516
3556
6660
4547
8705
8089
4243
162
9538
3926
3947
6303
5528
551
1447
8274
2890
6288
3853
6537
9961
1457
5395
8706
4603
4279
9772
5963
6731
766
2297
6228
5454
6812
5225
6878
1896
2224
6409
7269
7935
7685
6682
727
10500
2557
5519
10124
3997
3837
7733
3351
10200
3108
5659
4738
1409
6248
9533
10426
10614
62
2188
1187
5611
2578
1652
1209
2987
7347
5367
8157
2722
4695
9844
4615
10034
4910
4114
9712
8404
5904
6043
2885
2868
9432
9591
5718
4565
8010
6050
5020
3752
8132
5328
830
9470
5966
3414
9331
4684
8158
667
1955
7879
9858
635
7731
848
1802
4592
1813
2746
8610
4669
10602
10513
9201
8726
3887
5480
3135
141
3145
1382
6955
6798
9065
3419
8997
3447
594
8150
5889
8421
4867
977
7047
7376
5554
6085
7174
1227
4344
1309
3192
2375
1690
8949
3347
9297
7666
9947
6556
6089
3973
6669
197
1794
10273
4348
6263
5941
9667
9881
8846
9489
8696
2239
834
10259
2551
3150
5269
2367
3646
893
605
10535
1925
5905
987
8153
6608
6601
2127
2917
924
2843
7820
1137
9327
1341
8395
5561
2457
5273
4176
7745
5359
8595
2299
9966
5497
5921
6071
1581
2259
6719
2974
8075
105
2955
7002
1854
5296
3171
4687
4383
4352
1365
4851
2764
7710
7966
3230
563
1371
8681
590
8874
4778
5624
10620
5067
6784
10595
705
1709
4278
8412
845
9625
1311
7066
1499
10222
9100
6612
8800
1255
6028
8963
7720
10308
1318
5096
4284
4954
5842
5095
3142
2355
3836
5766
9127
2008
9228
6579
3776
3322
657
10289
3754
6377
10390
750
6468
417
8638
1850
8495
4
6762
1700
10597
8332
2772
8234
4304
3263
1317
5152
4174
7307
10343
7097
5416
6463
1630
2910
6528
7444
6134
3653
10335
4385
888
1038
2642
10567
7991
6102
2507
5880
4724
8037
8508
10502
3314
7568
4482
4543
1943
4416
7218
2060
359
2089
4496
724
3790
6106
7869
8464
5037
2656
1887
8
9129
765
4430
8337
8942
6897
6211
8286
8357
1480
2771
5871
7848
9064
5107
2317
4009
4815
8327
3051
9808
3183
10410
3590
2871
10041
5344
5702
8528
7271
7394
9872
878
4006
8413
5427
1522
2965
9403
7297
9614
5049
4453
4840
8240
9894
1843
9214
1557
6011
9433
2736
7349
9182
5479
8500
229
8005
10557
7751
6935
8521
5436
6112
10123
3039
5700
10534
10248
2388
8426
10108
6756
5800
9842
1804
8434
4205
1602
10243
4901
1538
6977
1224
10309
6121
7326
7515
7400
469
2410
7943
4971
10094
2876
10566
8724
9161
9687
6521
1418
5309
5415
1936
6362
7849
5406
5672
615
3668
7259
579
9662
1863
2216
4118
6797
6738
7814
7735
10079
2295
7204
2475
2742
1285
1561
1500
3962
910
1351
5472
4375
8504
9072
6311
6536
4256
8260
7603
278
10353
6493
7352
