3743
9787
1062
5602
2202
8115
1609
8111
7205
2472
1651
7973
4149
6217
5674
8212
10531
3670
8837
5723
6624
2597
5751
4605
1819
2748
878
9340
7178
1696
1366
9313
8385
10436
809
4313
9518
3442
8641
1493
6544
712
10105
3223
669
4685
10238
3115
10072
8050
3188
2253
6677
9237
2867
4514
9690
93
7231
4673
1324
6999
5562
10322
3656
4159
10617
8040
4929
3002
6973
5199
8749
6998
2306
4013
5070
6926
245
5498
6900
3274
9983
10125
10346
10545
6541
3262
9571
2815
9489
2220
10352
9659
3819
8139
2983
703
1873
1121
2820
2776
7504
2301
1917
4105
4986
752
5294
7793
1128
9015
4943
7371
6721
3522
4906
9974
1420
3469
6143
7284
10126
7254
7165
2070
2268
10026
7911
3471
5716
764
2754
4787
6033
1274
815
5238
7523
10314
10315
6367
174
5082
4265
7335
8884
5546
3892
1148
7391
3611
9169
4689
575
1033
1921
4662
8051
6167
568
7556
4188
3197
8767
4653
9962
2723
2578
9387
49
5116
701
1530
163
842
3898
9572
6910
1933
5610
8586
7390
8961
7123
4948
5777
5561
5394
4469
10039
5332
7619
1171
3986
9414
8148
4248
7164
6263
8930
6734
8674
5055
7681
8295
6769
5569
1647
1153
2381
3481
98
5202
185
3182
439
6953
10358
3591
10226
10241
2980
7223
5903
172
8720
9046
760
8016
9846
2012
5712
2250
9353
8584
9503
2426
4240
4269
6579
4628
3059
7099
2569
2151
1716
3321
3571
6039
2451
8132
3805
6366
8754
3705
3702
2812
5998
5754
5306
10172
5840
2360
8341
8084
1409
4054
1824
3851
10229
1521
9833
8241
6470
8056
8201
7546
6871
8563
344
2788
4965
3243
4941
5580
3539
7893
2238
3880
10262
7041
9730
6552
5717
881
918
4210
642
2197
7701
10201
957
6175
7617
6256
7694
4745
10013
861
7886
2703
1092
3350
505
3655
3829
405
9300
5228
1192
9699
2659
6694
4065
10568
9007
9855
10319
6617
9023
7244
6814
5648
730
5378
1267
9335
5377
8274
10428
3549
3827
7954
8881
2267
8160
9909
8692
5635
589
8381
6903
4989
2605
5702
10601
4114
7592
9543
3613
9774
6156
2697
467
9864
7162
10265
8481
2117
6126
425
2368
4459
9026
2590
1462
9186
10145
4528
4800
5515
3092
4699
4150
1855
9398
7105
6545
1232
5559
424
7494
6803
81
3635
5586
5446
5912
1478
8909
4901
5622
9466
4516
1910
4416
2650
8197
2663
1820
1653
5389
6977
3700
10045
5790
10103
1245
5411
7212
7307
4207
3239
9022
9981
1528
1959
8096
2055
1355
3557
7324
9449
2688
8926
10107
6555
1902
10598
1117
8895
3327
9898
4442
3101
3706
10444
2593
10029
8911
5272
4394
5049
3235
2652
2047
8572
8054
2726
2571
749
6893
7783
4333
2644
6428
10154
6779
8365
5814
8719
8057
1405
2413
5571
240
9578
3456
39
3422
4786
7016
9018
1853
9894
3278
5613
7140
4173
532
6767
6069
7569
8179
1748
5535
714
7857
4506
5419
8688
5526
1110
487
5190
2409
9256
1293
493
3001
7526
3532
974
718
5653
3069
5301
7977
10549
8536
5192
252
6687
8758
5889
2992
5747
7412
5773
1568
