506
545
78
495
747
686
360
180
137
962
281
413
304
632
8
891
611
344
485
677
22
1006
702
635
802
691
801
933
537
995
225
127
361
1016
665
1070
481
370
42
812
960
715
906
683
369
607
905
378
405
934
1065
477
231
538
161
353
998
306
40
503
1032
1018
250
497
959
704
821
347
359
832
492
326
899
77
851
1050
871
200
340
464
539
282
896
567
88
487
276
855
317
656
280
785
1043
564
205
1000
491
595
97
35
253
1036
365
20
615
463
406
954
585
541
626
560
695
674
1024
354
614
713
685
445
100
553
543
211
334
39
387
170
827
630
752
681
234
668
144
438
177
777
829
500
760
810
448
524
1001
167
49
179
1003
182
391
320
1031
707
350
654
296
24
814
869
181
