3098
2937
1506
6269
4691
10417
10123
7147
2356
10368
8292
2678
6759
2802
4856
2455
9586
3818
3525
8448
5818
8539
641
2633
7159
2755
4422
7059
10323
3714
5201
901
9744
1201
1524
7400
1061
4007
5765
6618
1942
3955
3278
7139
6825
2576
6662
8009
10465
2061
215
2370
3313
5541
1828
8840
4174
6849
10255
1007
9316
3845
524
2427
509
8652
3222
8049
4194
10280
10099
3347
6363
3001
206
827
4206
9283
6806
1076
3044
2096
5296
6134
10566
9697
5037
9441
63
2757
5115
2023
8335
6050
2391
8577
6960
6457
7044
10383
10608
5194
10605
4031
1156
4266
2342
7962
3576
1128
8519
8334
7804
8986
5191
10453
10228
5161
526
7331
2575
5141
1409
1454
5774
8467
3295
4054
3594
10080
10391
10306
8239
1754
4097
7913
8303
4112
2287
4694
10185
1089
1133
6300
8240
4933
553
1798
4330
9644
4420
208
799
1725
3807
5867
1559
9691
7464
352
10384
996
7691
7026
1447
3250
9806
7285
1264
9364
939
2785
9261
7315
5996
5524
4069
9985
10315
3831
878
3583
8315
1055
9448
4658
8760
7803
2626
1978
5377
544
1179
2384
3503
9526
1324
9847
7713
9582
2486
3111
378
4207
706
10088
2997
8830
5013
8245
5260
6186
9060
4934
3490
6200
7439
5669
10102
4732
5435
7939
3407
64
6391
2026
3787
6675
10516
2162
4586
3500
5035
8085
4640
9771
7149
6154
7348
7134
5075
6240
8542
1561
10430
3382
5536
6407
3025
9971
6625
6743
3171
10254
6752
10488
2450
4370
4613
1293
377
9332
7480
2877
0
3241
7277
7310
6227
4026
633
10390
8477
3951
7875
8820
1972
7499
9331
466
10359
1268
5984
8004
5706
4964
10555
6361
3481
9643
2385
6402
664
6609
3028
6250
5598
3710
293
5776
6100
1277
6145
9188
1340
6389
866
3958
1496
4168
8814
647
955
2281
9920
1839
6716
5630
6721
7809
5746
6667
6813
6650
5959
3565
406
8439
10125
7514
1695
5683
3613
1700
2918
8806
7138
4573
2049
978
5685
2453
4799
2542
4636
9850
8185
3673
685
4289
6470
7573
7773
10495
1629
4011
4525
601
3283
4736
6144
5239
3402
548
7129
9375
5608
4452
2867
9389
2717
3074
76
3169
8392
4945
2700
3328
4358
1138
5962
10160
5981
8854
7339
9666
4386
8726
10528
1924
4591
7519
1872
8717
1073
3874
8758
7022
2736
6576
5508
3235
6526
754
9182
28
1357
2407
4364
8664
4598
9039
3664
419
5065
957
8076
2832
2510
1572
10581
7798
2273
6299
4669
9798
4133
461
4877
6405
4394
3907
8947
6512
1557
4108
10261
6209
5489
3963
5663
3618
6107
1302
3779
7678
3182
5438
4938
7144
23
1366
9164
5389
1333
2210
3428
9384
1778
9776
3757
3510
5521
1025
3935
640
6779
9516
1760
5980
5349
287
7379
7533
7442
6983
1637
7518
10435
8372
9363
6103
5029
6710
10041
1082
3649
4100
10396
4553
49
10363
7424
5905
1175
3484
6572
3381
4644
917
9390
10107
241
2332
1205
4409
9105
8619
7241
4128
4307
849
1276
2668
3977
5356
6761
4955
10452
5899
6424
7973
5876
5802
3037
9270
5577
1326
2151
4052
4338
