10331
3053
9558
3163
5415
3677
7699
7345
1296
6084
806
4552
10438
9089
802
12
2239
9596
6744
4689
4642
6965
9110
37
9347
6769
8995
2569
840
1165
8087
4766
4557
214
7786
131
9653
2466
6222
2442
1069
8357
9662
3551
10406
7929
4455
8157
9964
5635
7603
3939
5634
2141
4776
4934
8830
790
1331
2400
2486
8572
405
10131
260
1872
7650
6055
5448
9759
5793
6107
9926
5686
5147
7246
5425
4172
9604
8125
3191
2434
1251
5060
2053
10129
9697
2624
5846
2733
2779
1831
9266
6700
7175
2026
5915
5177
8394
9715
9018
5270
4152
7265
590
7726
189
3929
3113
2607
7989
1236
7664
6300
1716
8243
10179
3915
755
9139
7865
1663
8050
4761
8997
8894
1773
9510
7369
3133
4351
7724
3999
1745
5700
7780
9020
2362
8423
5495
8356
6862
2241
866
7695
9170
7455
9775
3469
9667
2661
2503
10009
8715
5786
5111
1338
3722
7040
823
2839
4404
8734
3078
3115
669
8710
4259
9317
4991
7183
9832
263
4910
3785
8172
4712
3200
4857
8925
1086
5963
4853
3697
10567
7805
9713
8556
9379
8067
4871
5964
2948
3091
9455
5816
2390
2128
6692
4611
9027
10573
5868
3214
6919
3064
7848
4083
10468
8262
9579
1753
7880
2537
5937
1279
4472
6025
9448
4823
6823
1943
7149
5727
247
5805
4055
281
7632
10080
5233
8485
7862
949
1877
2619
4171
4606
5089
2313
8071
8859
9188
3396
2094
1170
8596
7027
8014
1010
199
2522
4911
6814
8414
4707
3682
4773
9808
8823
3788
9957
3430
7208
8561
1560
3834
1703
8774
4678
1828
1712
2479
9504
7181
5777
787
1449
10101
9211
4285
2417
10280
2402
2312
2491
3129
9553
7970
3813
1102
6586
1803
5136
6844
9382
10324
4327
10018
3218
2394
10284
2005
10420
1707
542
6613
5820
10393
8550
1605
10285
9889
3680
8497
1858
358
10220
4118
6620
3070
3595
5752
10440
6124
8860
8051
5716
1870
9025
1772
3418
6547
1367
7919
1636
7330
175
2895
7109
4774
1829
4775
1930
7026
9189
1117
4239
9967
5540
6934
8866
4583
4385
6760
6683
6622
4721
8282
422
8597
7759
4032
474
7244
694
5592
5401
1421
4418
9797
1327
2207
10003
4476
6293
10023
8108
9473
6846
5454
3491
6957
5552
3275
7438
7065
867
7357
3086
5154
6453
7921
5476
4571
10248
3982
3156
4720
3890
8055
5057
5771
1025
725
9688
7850
4747
2793
8261
5331
6438
1740
463
2521
2103
6297
7546
1543
801
3933
446
4350
5283
5035
5507
2219
220
1732
9215
6010
1617
6981
4439
3475
706
2401
2186
3027
10549
5015
1430
8377
9368
7022
3489
7689
4598
8468
920
4125
9998
5665
4687
2716
8304
903
7340
8650
3170
2579
6380
3920
5742
10119
8984
9986
1096
5712
5197
5641
8636
6220
2422
8143
9082
5520
6929
9534
8402
7648
520
7298
543
3872
7477
7834
10252
19
2284
5789
1530
5565
5313
1302
8579
6051
5469
9413
8435
4909
7168
2427
9958
4243
2405
7937
7255
7586
2885
8486
6978
7682
6988
6456
4442
1730
2432
5080
7353
6872
4353
8137
1832
4566
1999
6226
8906
7346
393
4366
6418
7426
10328
3535
3343
2155
2683
3519
1526
4151
9451
3993
5885
4958
9155
7993
508
7628
4341
6305
3110
5237
3634
5333
172
5478
3429
8993
5033
6123
6276
3330
9863
6958
10353
2010
7513
2213
9809
9526
6097
1695
3928
4619
9748
9982
1821
4770
4258
8867
1536
7406
6780
8150
854
10206
7021
5636
6317
10537
9811
3072
7197
2870
9792
7146
2139
9679
681
8203
2759
9293
4659
2151
2803
4699
9319
6080
10082
2371
1311
3509
1231
2052
3262
5009
4685
8603
10536
8227
8714
9731
1523
8001
5702
6243
5125
120
379
2108
7675
8210
5434
3561
4348
7512
1249
8581
2960
4490
40
1998
938
16
8123
7859
623
55
95
8398
7445
2656
6764
8743
1789
6519
9578
8075
4113
2495
2979
4324
1840
5439
1691
108
4586
9050
1815
9717
6819
10580
1952
4548
6859
7367
8383
700
6204
5994
3600
3882
7947
5913
6420
4985
5637
6426
7440
7371
6873
1733
8759
9077
7289
5990
6535
3285
9830
1158
2311
2814
7604
4370
8241
9929
9156
6503
10162
1770
9183
9457
1936
9028
2283
7481
2969
8648
7441
3440
3398
7905
10516
388
8228
888
8955
9643
7033
3707
2083
1054
8671
5852
6813
6912
7649
5631
648
8488
7079
5373
6439
3892
1660
6368
890
2290
3867
2045
954
5745
4578
4457
919
9236
6827
8515
1197
1956
2436
6177
9358
4843
10097
6442
5079
5195
8321
4729
7172
5427
354
8351
6833
10218
5931
8275
1387
9985
9244
3764
6079
2606
8107
4998
4621
5740
8640
1044
3708
7809
7062
1986
1149
710
3760
8811
8454
1817
3601
9478
8295
372
4928
9659
4950
516
9955
1989
7279
3921
2227
3983
1088
3031
8149
1881
9047
9159
2735
1562
6611
2403
276
6905
7220
2046
1614
4481
1280
5258
1320
2109
7285
9179
4019
848
9349
10487
4917
6085
5131
1702
8367
3952
3039
5077
9501
4127
1051
734
7110
1101
302
9888
4989
9049
1100
1
528
10347
8776
9377
884
9287
6058
6128
7581
2816
9484
1415
8289
39
615
10135
395
5253
10279
2082
10322
7200
1209
5140
797
9620
6688
9087
2901
7277
8554
7161
5213
10379
4926
1800
5341
8771
1218
85
7100
7470
8577
9304
35
2727
1294
7962
1591
7482
4276
8628
7492
4067
8267
627
5402
4425
6030
1812
6832
6206
5601
6599
533
9881
9043
5884
5201
10348
7611
5647
1452
667
2279
3441
525
8624
5806
5317
1061
3781
4652
3449
9853
635
4972
228
3908
6211
3134
10615
10533
1883
4394
8608
2506
6567
9580
813
1440
7663
1974
8492
2196
609
9772
2825
6052
9629
278
5623
9019
4498
915
4756
3886
5420
4640
6248
7182
7641
1985
6968
5176
270
4979
154
3087
7070
7769
2592
9022
7280
2791
7217
5086
5182
1850
9598
2376
664
8939
290
6292
2594
4219
7528
10486
6790
3122
10523
889
6952
9480
2205
9369
2225
3775
5950
10482
739
10563
4832
7651
6508
4389
6042
2944
6311
5876
2173
279
6616
798
4946
4620
7822
4669
7111
1992
8082
9423
3055
8355
8138
9703
334
3280
8110
2840
7456
116
5875
146
4006
8192
5419
7718
4536
3860
8388
3629
1983
2
5118
7858
1024
1085
9941
4388
9083
10551
8673
10454
7153
3347
8769
5196
6513
1615
643
10471
3770
4681
2456
4133
4666
8837
9940
9531
7296
7602
7247
1899
8696
1893
6283
3594
5421
2278
7248
4096
529
3444
8575
8900
3787
6807
1230
5163
10293
8301
3501
4179
34
7212
1804
6507
8328
8858
9968
1597
4767
8201
8529
6315
3657
8854
4343
1334
10221
9694
10223
4658
1958
8244
3201
10170
7321
9130
10182
1902
6781
7674
7612
10437
9523
3996
3061
5319
5977
3970
8717
5858
8792
4028
1997
3619
9066
9136
541
3567
2065
1507
1571
8748
7317
4463
3615
10289
3729
6132
1012
2254
4662
3485
3212
3284
906
5053
287
8501
2567
10494
3931
9868
5426
6291
9956
5124
10414
8745
8806
8222
978
7193
1775
9801
494
2603
7089
3783
10547
4516
659
9855
3213
3773
9856
4847
9641
3525
2980
1380
9693
10050
2724
1073
8878
4280
7332
1950
697
6642
2983
7559
4741
5032
3042
1016
9515
9315
2617
8364
2089
1272
7710
3150
5930
1330
8208
2140
9683
4409
2242
6032
588
711
3955
5338
258
550
9252
8406
1478
507
6550
5600
4859
5481
444
1886
4063
4584
111
892
2774
369
9603
5411
5902
1257
6331
5382
5504
504
10517
1529
4161
6623
4900
4964
9466
9864
3592
8259
9872
2852
10545
3543
658
2593
4075
6831
1199
3633
1686
8056
7717
412
5715
9718
5097
36
8195
3136
1277
732
6750
6751
5276
3223
2768
9338
4873
10178
3165
2218
98
5186
1509
5252
1395
2872
5169
5767
9079
3015
3174
5092
5369
8635
10515
9274
6571
9822
8600
1822
3898
9639
2382
7844
624
535
4875
397
5456
2762
7234
6703
2682
2335
4723
205
9542
10161
1635
2080
2713
3062
716
6531
8024
2531
3471
9835
4937
380
6638
628
5245
4289
4446
7355
6926
10462
5296
7484
1510
8489
814
2899
6066
1307
2928
544
6925
6189
7521
1972
10073
5435
5809
6589
9623
838
4981
2043
5042
6137
10313
2781
1988
4523
5262
6510
2776
181
6536
9939
9388
1654
6485
3877
7075
9283
4432
360
9477
10081
4228
8079
10555
8699
5851
7985
3611
6655
4956
0
4011
2245
1403
2660
10037
6016
984
736
2586
3350
1784
1167
4424
10370
8132
8105
7123
3820
3207
7101
8789
8980
10365
9228
1779
475
3179
5359
1945
8697
5030
4038
6100
10102
8342
7494
8511
9611
722
5350
1658
1923
816
10579
2730
1710
4622
5926
2742
2000
9933
967
7720
8582
4109
3085
3961
2964
5697
6483
9433
10198
4398
5211
9549
3114
3604
1766
4758
7240
256
6989
10602
3374
6209
2673
6280
10090
5248
7863
10477
7897
4682
3365
3954
2752
8034
1868
845
3193
772
1120
1665
6911
5881
8915
3272
1903
3215
10200
1546
103
824
2337
7712
9194
2552
4790
484
1681
5519
8179
6783
9376
1124
4718
8969
5208
4760
5467
7679
2971
773
8952
8457
10363
8264
8187
4434
1672
9458
6947
2880
10505
6419
8845
1095
6173
10611
9432
1066
7337
6543
9265
8
1275
5286
66
8280
321
5688
878
262
6155
10296
207
6475
7782
8733
10072
8422
6087
8028
7812
5480
7501
2501
6979
2882
1389
9279
7811
9773
10136
2149
3483
6403
7627
8090
8393
8410
5418
1895
6572
5897
2939
908
8165
5602
337
9876
10232
10450
9128
8643
7395
1906
96
8864
6134
4812
6216
6640
2468
2380
10128
10381
6223
3803
5087
3824
1068
6443
3233
8527
3704
2277
6804
1313
3095
9624
5447
2686
8277
9812
3140
2156
7531
3384
6130
1734
10282
5741
6214
2699
9409
8347
7403
3083
3841
1235
8523
9208
3341
7297
2330
5965
8602
10508
3998
4274
493
3263
8178
10202
4579
5142
6002
7366
206
6394
3904
6465
10096
1787
6747
3692
2379
5493
7960
8209
6397
10048
1511
6210
8216
1205
10589
3368
2741
1567
9091
1765
5024
1193
5265
1271
5497
152
8957
1462
1531
1504
3545
7638
8126
9133
4001
7561
9589
10435
2286
5452
6452
7806
2739
4912
1004
8760
604
2712
7864
6473
383
3335
7201
9326
5137
6324
4769
2907
6756
7174
6628
9798
7242
2314
4465
1785
4763
7270
1036
5753
2905
2866
5893
8688
1105
4899
7656
991
9559
7853
88
8060
7851
8757
4654
5219
5570
3730
6181
7436
10623
6502
1884
5794
947
5576
6464
3422
9261
24
9363
3336
7701
3597
5407
6031
6193
8300
5530
4438
119
3002
4962
3930
222
1928
6358
3517
5906
3399
3880
3780
2013
10089
1461
8676
1875
2830
6893
10455
3364
2260
5680
7157
317
5732
2194
2833
1793
6576
1652
3248
3457
2869
9921
426
10588
5989
9344
7241
6447
10094
8647
1741
7420
6462
367
844
5259
10539
9333
8929
9165
4784
1687
9977
4107
9860
8913
4321
9735
5508
2091
5724
2530
4175
5849
6772
9720
5705
5954
1297
3392
282
2664
6992
4801
3353
6190
7509
7256
1408
1368
1737
1000
5396
6062
6349
4188
2048
6180
1692
3484
8396
2809
3876
3621
1020
7837
6555
6341
7737
6240
9721
8539
9943
8062
5895
6424
6786
7584
6467
4440
5496
7491
9094
6500
3020
2748
3896
8764
3630
2559
10426
8068
9981
3664
9161
5925
5229
3814
8025
6159
7191
3798
7764
964
9788
6560
4607
4556
264
2930
8897
5112
941
294
2164
4644
1527
8588
9421
8247
3968
7314
649
8749
578
6162
4168
370
1333
6492
7537
4532
8638
2174
5785
1435
6241
3710
7739
5314
634
2452
8442
4238
9527
9012
8072
5006
6584
3267
4279
4252
2697
8862
8399
6680
1643
5927
8093
2891
7309
3391
835
10552
10027
10112
8794
693
910
2210
7625
3851
4073
2864
9670
5604
1932
8914
1593
10590
9700
7575
5940
5008
2782
9230
3435
4406
9819
9698
9467
1574
1285
7135
6711
9918
792
9240
2292
6983
3524
8502
32
10301
7566
2031
571
1890
9210
10619
322
2677
3486
7677
9753
3624
7700
9437
6258
592
3823
1970
3947
2500
7252
2121
9551
7010
1223
1159
5764
5646
7797
8361
10342
8590
6389
2588
2526
10078
149
961
4018
9907
10207
5416
3375
6266
227
4531
5271
704
31
10548
5222
8124
5110
9403
1146
7623
3348
4792
4207
3563
6999
8783
9177
3771
3631
7935
10409
4178
6932
1142
1042
9316
9755
7134
9090
6321
7105
6105
7585
7732
10201
469
6304
1604
7992
8536
7235
76
9711
105
6422
6621
10584
5919
10215
9206
6746
3300
10541
1190
4772
6228
4311
7390
3914
549
9321
8526
2425
6476
83
9708
5444
4050
5796
5463
6294
2571
10117
8163
5305
3443
9232
6195
6287
9618
5470
5236
3893
5904
3878
3125
6556
5855
7012
8427
1729
6985
6275
3237
8672
6440
5675
8666
339
3172
9046
5034
4474
8447
6021
3404
4885
1524
730
4797
1537
3354
8498
8881
2680
5847
8100
1476
8729
10075
3767
4918
1541
1708
6101
3963
7106
7254
4785
1013
2409
3171
7802
3746
4358
7553
4487
3141
4208
223
5550
5064
4808
5736
10441
9002
567
2967
1905
4071
3869
582
8627
836
7147
8950
6959
3286
5826
1550
6160
1406
2669
6360
9896
551
10157
6712
1329
939
325
195
7849
9035
9573
2547
9577
869
1515
2916
7882
8389
5512
9989
7790
3686
4594
8803
10385
7432
1846
622
7231
4748
5263
7829
8237
10231
522
4496
1971
10525
6810
4408
4275
5388
9576
2395
6221
6540
2171
2675
5869
5190
7361
3667
962
6197
8659
6719
7795
601
3830
4841
5363
718
7160
9440
3409
9962
5837
9902
4242
2935
10239
4966
300
10127
137
6307
2807
7356
5997
9339
8346
6666
7122
686
9129
6065
7152
2639
9124
6404
1281
6396
7166
5074
8675
6627
1892
8951
10209
1924
9602
4373
5661
8770
7222
607
9571
6235
673
6569
640
6337
4072
5353
6112
6486
10418
2136
2054
9374
5046
9599
9195
3236
1711
8019
3296
5952
2887
9674
8692
8637
4376
1323
1001
9655
10028
8707
5613
524
9496
3071
10448
5139
8386
6658
3950
5534
5907
489
3639
8903
289
3331
3328
319
3243
8023
6451
6050
9241
2513
843
3307
6624
2720
3562
4387
10275
3706
8752
6359
5513
4479
4037
10120
3884
3098
1609
9844
4123
129
1915
4196
4266
5458
6176
2123
3181
1310
3277
6568
194
4660
7955
8063
9280
901
248
7320
4608
8066
1820
5489
811
9059
3606
418
5967
6517
5862
8338
4973
804
9886
238
5028
7365
894
162
2620
4273
2854
2560
3548
402
10326
8521
10172
3474
2007
1200
7516
1532
2462
2332
4858
9681
7415
69
4138
6281
6184
10005
8416
7555
2250
10134
8456
8200
8890
6459
1492
5981
2357
3808
7784
5191
856
5773
7558
7114
5059
4317
842
9122
10337
6217
8932
7597
9250
10034
4225
10138
1002
2582
3850
438
9707
9511
3866
6056
208
7382
1070
9764
8849
8370
8462
3514
3861
6565
8250
4248
8381
8580
6461
7913
7034
2902
2505
6313
10622
10174
9288
5571
10463
4292
5916
1017
701
10116
2813
9871
4960
6812
10062
6114
5143
2360
7708
1196
7103
8528
23
1364
5699
6035
6290
4283
1419
3566
9787
6436
5250
2718
5389
3316
3927
6731
3269
4057
8184
1396
5194
4002
10570
10350
425
10177
9885
946
4670
9931
4904
9233
5284
7130
1469
7963
2275
7358
10332
3304
756
9166
3776
3672
8336
4000
5970
9906
7539
10295
729
2640
202
1072
9690
6704
6856
875
5790
347
1203
7148
1501
9765
201
8631
6885
3320
795
4849
4740
7207
4048
8441
8546
3337
8181
5370
4648
9117
2972
917
8118
2755
8605
9555
5692
6725
3966
4676
2973
4430
4839
5561
6129
5078
5598
8553
1534
7178
4375
830
10122
2079
1023
4392
7981
7662
3807
5653
7777
7381
171
1286
424
6357
9402
6351
2001
2920
4229
6061
5116
4688
7237
9067
2493
6940
6843
4553
4462
1160
6378
5892
8739
8303
2117
8332
6157
8465
2232
7518
7522
10361
7693
9544
9147
10510
434
781
8076
7288
4574
1754
1981
4310
10100
10132
1366
2860
715
3135
5595
2903
5568
1690
562
4845
6059
4743
2293
1645
4339
4889
4105
6356
5036
10299
1215
7991
863
7544
7965
4162
5645
4968
8494
8973
5523
3359
6773
8177
7666
5810
8780
785
4484
9505
1035
1341
4706
8822
6212
1198
7463
9506
7029
10015
7028
924
4925
6354
2945
1756
8814
6573
3778
4354
564
6734
6561
9838
421
9649
7459
9834
1182
3789
777
572
5506
250
3598
5122
5428
10210
8116
6867
6715
3584
7460
3299
10444
3638
9103
7954
2317
10153
9911
7867
9123
4042
9375
25
6496
1060
10621
3197
7046
1556
10257
847
3249
7595
1522
3857
8477
4959
5758
6785
9243
2172
10493
10260
2975
6665
9108
834
2246
3685
4233
3650
6671
999
10192
3533
9044
9449
1177
5814
8058
6830
3628
5380
8724
3276
1879
8773
6127
820
4115
7282
4701
5255
9769
3734
7614
8568
7331
6792
2978
8401
1075
5049
4939
6662
9585
9689
10587
5278
113
2623
2616
2463
2180
4223
1966
7203
1580
10108
7221
8273
6060
2326
8592
1862
5586
4726
3176
5670
7422
7116
4522
4739
4780
456
3151
1467
3408
9548
10429
6146
4209
1969
6043
976
629
9530
1360
3464
9401
7211
6902
2528
6363
1764
10109
1735
9675
5145
9767
7727
6458
1549
8566
7064
10562
8623
7179
7747
7383
5400
5165
8426
9408
4460
8641
3564
8288
7840
8479
9869
4894
2259
9164
8870
3576
4907
6008
8472
4695
5238
8689
2692
5823
7956
4363
6644
168
3994
2447
4992
249
6702
2122
7013
3818
935
655
860
9340
1659
5468
4261
499
523
3139
2564
3259
5180
9887
1968
7857
8694
4046
8961
9306
5694
1739
10431
335
1416
10554
4129
2481
9405
9763
8392
4291
4954
7480
1225
4059
6247
1942
6046
10113
4570
5204
8807
5860
5430
8265
6330
2416
7202
4948
9627
3897
7093
4024
8727
3542
7274
4298
4205
4955
10026
237
4395
4547
7599
8963
4813
4030
8763
8788
7821
6849
8064
7392
2838
8029
10167
9093
652
3701
6102
987
3705
9890
7219
4882
1979
30
9327
2541
2931
10488
8097
5999
2220
1420
487
5490
2270
621
3185
4307
6596
7308
5838
4649
399
4932
10219
10079
887
9257
9719
6454
10030
6073
2206
5878
2496
8286
2703
2049
1224
902
3254
6194
9153
7660
6767
5606
5722
9850
10502
7127
3295
3456
8018
7983
8218
783
4149
2635
9158
6082
9535
3749
980
6533
5813
5300
4272
5560
7995
1973
3029
4189
2572
6689
4704
3222
6891
9874
9220
5472
6654
6364
9065
1486
9498
8618
5173
7095
10156
6151
462
3202
3709
7261
7927
6732
1411
2970
5987
6701
6388
2097
3425
9637
1630
3461
5343
5791
4352
4288
8052
9055
8415
1055
10185
2042
5150
9825
4938
963
4144
4459
4861
6811
4580
6253
2392
9481
8391
7096
6677
5843
10609
4076
3846
7738
9297
5841
2984
7549
3962
8145
6098
3076
8443
3186
1584
712
9502
3871
254
8283
9936
7011
2460
8302
6233
6972
2377
7325
7781
9771
4511
7005
7803
5949
2655
10092
8408
1018
786
3529
10286
3246
340
6553
7425
4856
6721
9294
7138
8458
9584
7430
269
7215
8344
8958
9539
1646
8461
6076
1937
9493
5188
1830
7387
10
8800
6299
7723
6820
8335
4326
4423
8836
7690
126
2192
4213
9168
10389
501
7715
1685
7562
1189
1344
9394
1980
6053
5299
10613
3434
10364
1551
4237
9898
7192
4965
5004
3427
8315
8744
7204
1127
7729
6998
833
2016
4626
6407
9258
6164
8907
5085
4629
765
1129
8934
7730
406
4512
6086
6037
8245
4065
8646
3923
1700
6818
8922
2375
1456
3659
6371
5609
368
10093
2929
1648
617
8430
9324
5231
3189
1204
4837
3938
3754
8242
6303
5167
3203
3239
1326
387
7210
2709
9793
8533
8129
6497
1345
10086
10352
2100
467
2116
10369
1990
10390
8938
7001
6385
10568
3836
3500
7338
1031
7532
7025
2189
1169
1961
4232
332
5200
2538
9171
2102
8263
8630
4495
4976
3000
2203
203
132
692
3270
4309
1535
4534
10484
1375
5198
3426
5685
91
2187
4752
5342
458
6270
10382
9239
4520
10620
5339
3941
10143
6036
3541
7171
3279
610
1351
1131
1810
2578
7141
8470
7785
9453
5666
3047
4251
8574
10237
8573
3054
1933
911
1179
9848
10453
6423
5017
7557
213
1843
7162
8360
760
7744
7347
4892
3932
4361
8362
1714
3875
8669
10329
8083
2738
5114
8530
7014
2874
8855
3741
8824
9430
2132
3121
7311
7593
1043
8992
2566
6631
428
2641
54
5739
8409
9687
6301
1912
5352
5117
6017
3985
1087
6075
10473
9465
10624
8898
8664
7986
9621
3044
10020
4661
1045
5409
4415
5027
10294
6268
6230
9390
5714
1433
4754
864
1889
9435
9952
7590
8000
1554
4164
9634
10425
2060
125
9460
5877
4097
10083
8235
3712
4378
7461
4128
10084
2323
3413
7514
6044
4945
10499
7819
766
3199
2598
1759
1125
9990
8231
8151
6215
3588
5413
9320
9916
4347
4372
6350
6309
8795
7266
506
4110
2036
2488
3614
8765
7306
5502
2702
1130
4
9282
7657
3092
4290
6387
3610
8959
4664
9419
8313
5529
7429
8665
983
6594
1960
9076
3342
8341
151
3967
4191
1993
1871
2722
3101
4581
7824
5206
3587
5005
2437
5911
2426
7978
2511
6526
4143
538
9734
1786
4199
8173
9768
5984
7974
6414
4305
90
3645
1842
4731
1062
8691
4744
2798
5393
4078
3209
7634
2947
2300
5569
3693
4190
3377
2597
2439
5040
1680
2630
8911
1098
4368
674
3297
6006
7910
3448
7931
448
8446
6278
6081
2873
9582
8298
10287
1362
439
7091
5168
3944
2176
1309
7228
9492
9774
4148
5945
4855
3079
4546
9097
6141
10495
60
7564
812
1898
4159
265
9318
9119
8293
7213
8750
460
8975
4632
3683
8977
9476
9154
10144
5872
4883
928
5706
6272
2306
8350
4920
5395
10278
3442
4466
9152
4870
8840
4555
10044
5832
1632
2440
2038
8810
3946
288
9806
3035
2544
130
9442
2950
4284
8417
6960
193
7113
3837
169
6250
2574
1216
5648
10367
3779
8164
38
1407
2297
3119
3108
2504
9965
3318
8372
4140
9086
1011
9728
3673
8746
3389
8875
9351
6574
8885
1092
5891
3081
3623
2365
600
5615
9444
7187
8397
6761
9691
5410
3936
5183
2849
1477
10014
4456
2674
8542
6261
859
4092
3103
7946
7938
4819
56
2766
9459
7550
1206
6684
5134
3242
10561
496
900
2006
3643
8841
3358
5301
1491
5244
8253
10049
9586
9052
7902
3922
2298
3912
2178
1619
6994
4987
7410
9632
4210
5101
5542
8005
6984
2474
8979
9331
7388
2458
5351
5108
6163
115
5010
3198
1029
8681
4624
192
3774
5093
3011
9669
547
7416
4816
2966
8735
398
7655
427
6961
7144
4025
7953
1213
7505
7061
3986
3153
4902
4010
10354
5141
3278
1373
2050
4672
3698
560
3415
5938
5725
9036
839
9281
10098
5153
7787
4519
9264
240
3459
9909
2666
5526
8464
7839
1725
9031
4047
3845
5652
482
581
4835
8593
4194
3056
8916
123
4170
3655
7117
3607
868
1563
2657
4174
10400
4220
3603
9070
1412
9839
6286
2615
1290
1135
2805
4244
689
7119
8873
316
102
10168
2637
314
3679
5423
7370
1034
3437
2510
2693
3470
724
2850
10467
3154
8633
749
2168
855
1033
9101
2777
7363
1675
7016
7619
1155
10480
3385
2514
2632
5119
2932
7868
10618
1144
7646
6796
3832
9702
2525
7659
4651
10436
8877
6806
6697
573
4282
9464
6431
10358
5235
8120
9178
619
8008
7401
5859
8865
4983
6432
5708
9141
7218
9329
8482
10491
4362
780
2792
2647
7672
1388
47
10526
4728
4045
3439
8057
1187
883
1465
190
7439
6936
10496
9607
8327
6072
8012
1791
1305
1957
7043
3146
2461
6185
1428
5856
7323
5525
3724
1248
2191
2918
4054
473
2685
1287
6523
3305
8487
6489
1602
1350
4596
4443
853
9996
4700
6498
3992
1174
6743
7108
283
2764
1006
4862
10481
5264
1792
10492
9038
9200
8513
5109
3613
3504
7767
5549
8639
762
5874
479
10583
3382
6637
2301
2679
4613
576
7754
5483
2310
3821
7372
2924
1618
4897
10256
4727
2411
8445
9313
1314
6941
10188
8026
2318
2861
8106
4590
2095
9678
7949
104
3644
4390
1496
5848
7498
6089
8617
2556
7854
1450
8947
5290
4451
2262
3466
7050
3713
6883
3728
1243
3190
2167
48
10595
8147
2943
9525
7225
2721
3742
5969
1282
3436
2851
9468
10007
10430
9533
4102
1283
352
5980
10422
2998
6657
5762
10288
8373
2684
9605
8853
2160
8032
2492
3750
5442
6906
8928
3777
6361
4876
5746
6435
6067
5
252
6808
4304
457
10558
3454
1816
7250
577
7578
6954
1565
5865
7876
7936
2909
1824
3522
1728
2078
2162
4565
3063
3589
8519
5161
6335
5543
6374
5554
6918
5360
9474
1321
7752
5358
7535
2022
9984
3748
556
5484
10511
4227
8323
4715
7889
10140
4315
2315
3987
2575
10335
3253
9899
7661
8779
2613
8847
8439
3023
3329
3696
6570
2138
6529
4836
9727
3234
9770
9371
3793
3949
3192
6837
7606
650
2348
6870
4314
6011
4015
1731
3676
5072
9146
5067
8285
10457
4804
7039
3616
5069
8509
6479
8013
5280
3810
2423
1103
8249
8269
2832
2023
1964
231
2131
2626
5564
8380
4447
10506
353
3264
5580
6762
1854
8601
7761
4255
141
7772
6636
1616
2936
4684
8428
6735
4559
8683
4674
5355
7107
9878
1891
9900
676
10315
3948
6590
7832
3088
9222
9479
923
1238
8141
10006
3717
3051
6717
441
79
4126
4527
8291
63
1927
4182
9716
7120
1497
4414
6935
614
5362
4316
5612
3901
5761
1413
6768
882
5607
10181
10056
6024
7545
6670
253
5975
2148
3024
10355
8778
7618
2974
4036
4111
9843
1278
1228
1806
748
9227
6895
5510
8354
1151
3097
9914
3855
2912
3617
78
5781
953
5541
1009
5704
3229
10233
1080
4817
5649
6784
2329
3784
6119
6277
3646
1693
261
2408
4921
3794
7875
4717
3387
3021
9497
1222
708
3005
3490
7009
570
3145
6063
1443
8329
5787
7893
511
9392
7835
8555
2397
10569
1917
9816
6838
7468
8677
10227
5503
5378
4759
1669
6971
971
3093
10171
10607
9540
5684
4410
5328
2614
10036
1939
1544
10627
5223
2025
2316
7519
1444
4478
9706
4051
6695
5106
6990
1104
4371
7097
2229
7216
8196
10578
3066
9356
916
7911
6646
5818
4120
5687
9411
7728
7808
1797
10055
7756
6900
7968
376
1581
1634
2484
3308
7082
1304
8781
9904
2859
960
6639
2954
10359
5932
7030
1400
100
4393
8989
1676
3030
4471
233
1172
9253
1171
6908
10394
10183
7223
8490
420
1955
5103
2319
7917
1771
9470
1468
6004
8045
7262
10021
4137
61
7424
9742
1506
1424
225
1132
4090
4638
7680
10522
7136
7554
7977
6169
2548
7019
9518
1021
7667
4492
8089
4821
8990
1647
6083
6775
6231
4732
3791
7143
2701
5559
809
3540
5254
6236
2090
1841
3792
5031
8234
8711
6546
7074
7350
2216
1856
8122
3123
9308
246
8965
8565
7827
1049
660
6943
6757
4730
9202
6322
4818
3074
10604
7259
3687
8540
5438
2520
626
6777
5760
4690
72
6609
7374
4131
1755
3569
297
7057
8211
10263
9041
9345
7142
2698
7324
2009
534
3144
466
5152
2247
4650
3428
9999
719
8086
679
9441
6865
1694
8863
1118
9255
10166
4483
666
2004
8499
5850
2711
7031
5566
3935
6950
219
8359
2527
993
10241
874
6013
4573
6437
1039
10366
2415
7352
6208
10408
3670
4513
959
817
2190
1674
2096
2751
7058
6269
4612
6537
5703
7474
10489
10395
8935
3732
3981
3924
782
7348
10387
9193
2604
4499
5144
6898
10597
7341
7151
6504
3570
2509
9722
10371
5441
64
9905
7716
934
1762
4374
6956
5090
3666
6262
3544
9475
3546
3637
7196
10164
1688
4929
1259
5155
99
9292
4952
2406
9696
6875
2438
9490
1474
7823
2494
9190
3550
721
10228
476
5901
5974
10556
8271
4003
8832
10149
2545
2910
1261
8893
7783
2088
6057
8096
5934
5976
10330
6899
3379
9074
10111
8685
6673
7189
3205
4287
1019
10479
5002
1495
4165
645
4222
10226
8279
8189
127
4064
8476
5392
5575
7159
6714
5371
6903
1422
9803
2435
7300
3744
6229
9359
791
4860
58
3521
9350
6455
9434
5084
4023
1827
1625
5440
6224
4999
698
9517
1752
1083
1954
6740
2075
5889
6728
559
5515
299
9214
328
4318
2093
9213
2321
8956
3168
9786
10103
10582
8645
10396
6023
9665
7475
1982
5431
1914
2904
6737
10254
7932
702
9013
7379
8978
8747
7007
7639
8613
6267
2231
2177
9970
341
6794
8306
2731
1651
3512
800
8002
9893
3040
8146
5817
342
8985
3888
2988
1631
8312
9010
3321
6108
2953
3452
184
8318
8021
7982
527
5379
8215
5437
3386
7393
1164
10292
3913
10059
2175
5795
9003
7846
7748
7224
1668
2070
3106
4268
4421
988
5614
6182
2649
9145
8418
552
10225
1026
1849
6598
9418
7133
3001
5655
8238
6039
8982
5473
1987
2867
5853
4799
2517
2650
8844
2587
9238
490
2388
3050
3
2047
7343
4458
7457
9118
7060
7883
8782
4345
2744
1429
6342
4791
5804
8266
6103
8753
5408
6802
8516
46
7493
8481
7643
407
3997
5835
4489
9410
4521
575
4383
3160
1633
4572
4005
3467
5605
7997
565
1572
930
461
2784
2271
6821
9113
3903
285
7624
165
7344
10265
9180
2062
10244
7047
3547
9325
7214
7239
5273
9489
10214
8400
9486
7681
10012
185
5888
731
9007
986
2327
394
2865
898
5260
10314
4461
10240
5275
2923
4888
4914
9398
6944
9633
1582
8785
1258
365
8268
5788
442
147
2524
9754
8452
7616
4854
2519
1161
2084
2846
2654
1516
5287
6094
497
8889
6487
7609
776
8469
128
3822
7691
9149
6969
29
44
226
1611
4530
2073
2157
2118
1063
3665
8099
7044
7444
7874
3702
7407
1622
6191
10421
6201
2188
579
4967
6681
5449
274
3641
7653
7053
7687
3166
9827
5500
7303
2067
4764
10039
3753
1628
7877
7437
5156
9677
5232
9425
5246
7294
6001
8653
5096
5505
7951
2658
5070
10445
5037
713
5659
2963
6649
9814
2044
3917
968
6996
808
2921
6896
5537
4278
1355
4550
9062
9341
9574
8548
5531
6048
9600
9910
3943
3043
4561
4453
6632
8682
1579
4269
2754
8475
6369
557
6417
7328
7132
4402
1713
4135
1503
3067
8821
1383
4834
8167
2230
1371
5312
6938
4719
3786
8171
465
1328
8953
4866
9008
8035
2115
481
2258
7654
9991
7351
10323
10074
71
3366
5020
9462
6924
1178
1417
2995
6448
858
4112
2386
6494
6205
5178
5390
468
6652
709
336
6663
8964
6549
2355
929
8421
10601
5900
3100
975
9877
9521
8182
5029
5693
8077
4692
4524
9818
2287
1110
3352
296
2166
612
6720
2347
8998
759
6183
6753
117
2147
7926
9456
886
9495
5212
8403
10154
8626
1153
8037
9499
9851
4017
9150
1071
9095
597
8339
157
8695
1704
5385
10259
2997
1967
7694
8921
3925
1757
9710
1484
3499
5297
7251
1489
4449
8604
5207
9004
3652
1867
7685
2844
1623
8081
4477
2359
3010
7329
4738
3719
7006
989
7063
2309
3261
361
3627
3266
8496
4777
2017
8948
1514
7435
3809
6170
286
9201
5721
6855
7640
1317
10503
3831
1627
6578
3458
2444
6742
6782
4787
