183
847
471
558
243
353
1009
796
810
123
585
506
90
933
865
969
508
257
643
760
264
694
754
362
258
794
974
355
437
518
452
609
751
965
563
489
908
701
439
199
757
889
707
994
310
745
114
725
841
952
410
601
521
135
700
989
97
502
118
262
15
654
252
561
293
840
607
564
371
20
299
305
852
134
806
822
800
1052
963
750
125
790
72
235
686
1058
200
225
198
556
78
1046
598
738
151
238
545
338
220
823
859
23
904
211
336
81
923
566
358
848
325
762
771
8
46
986
408
839
476
702
742
954
659
968
637
455
850
260
286
912
45
888
681
615
247
302
667
124
255
65
59
92
107
1061
540
628
1014
534
593
715
174
636
180
128
380
146
1065
48
1049
838
407
791
955
29
401
679
465
560
1030
309
331
1075
313
126
343
87
361
453
860
1034
188
422
981
874
60
670
364
323
808
793
120
571
207
328
388
156
192
996
360
1076
769
485
728
493
427
413
49
887
991
84
970
579
155
83
88
346
509
327
454
411
855
112
568
304
557
743
320
880
688
764
340
999
254
893
67
62
983
278
776
517
542
391
550
752
885
626
720
335
527
825
429
633
334
177
117
470
74
82
570
1027
237
1010
656
658
512
631
226
729
5
525
242
398
168
758
554
964
979
467
414
949
1006
835
18
1077
149
1074
504
553
714
111
947
966
779
490
706
144
91
985
1000
645
695
36
910
386
927
576
735
95
440
995
907
530
170
625
562
866
588
292
830
231
275
805
606
1062
710
166
53
115
449
80
31
173
551
395
50
459
248
285
157
618
920
1040
47
685
547
724
837
70
1002
283
1020
789
301
182
223
317
1017
539
646
973
767
817
811
759
1005
63
57
712
778
1016
668
381
879
222
788
990
1044
978
676
1069
809
446
804
89
384
66
1042
937
276
775
141
938
924
99
958
770
987
1051
535
797
333
610
921
273
861
632
868
1024
108
415
652
98
76
591
79
421
997
372
972
581
385
784
719
306
621
216
740
423
786
308
854
881
567
103
249
160
574
858
944
77
426
498
901
1012
228
137
665
590
194
807
109
803
1025
213
1028
43
503
438
766
899
661
1064
546
396
1068
730
582
703
982
678
603
940
1053
158
1054
1067
104
44
565
890
494
918
68
119
592
171
677
931
911
418
909
460
33
121
11
583
127
337
404
533
575
741
461
1011
998
507
842
378
538
943
484
430
844
1031
900
1043
214
351
267
834
925
329
269
307
218
175
22
892
474
916
755
417
402
54
56
143
662
9
274
814
409
161
531
196
392
608
106
463
595
32
176
642
102
660
599
820
544
332
629
519
941
862
971
153
132
208
872
781
195
723
492
246
172
1057
644
953
394
869
1004
580
291
370
221
1019
167
365
587
448
699
178
40
856
12
932
756
846
772
315
2
266
664
967
624
666
481
233
359
272
25
1033
942
864
524
1008
1038
726
945
191
201
722
611
432
379
435
419
693
251
496
698
375
882
849
363
244
434
536
403
477
150
352
13
96
136
818
436
469
152
298
914
26
959
163
17
956
761
35
913
683
548
442
297
511
514
52
443
748
425
227
832
616
206
926
886
473
641
184
638
1041
316
282
318
428
773
433
488
350
708
753
785
871
186
704
829
447
718
390
480
217
573
948
376
300
672
992
21
113
939
93
406
61
1035
71
713
369
162
747
602
1003
984
895
389
891
680
382
873
1047
1055
622
148
727
497
450
28
884
962
314
833
961
929
73
75
1007
197
705
930
94
634
733
532
1045
1023
105
203
232
483
526
270
1072
1039
10
559
749
1013
798
3
253
387
319
239
528
529
648
655
853
405
883
312
836
472
801
696
915
635
980
975
960
697
934
101
671
799
936
100
691
1029
229
792
851
876
1021
1001
734
1022
1071
268
303
383
397
