408
106
155
40
265
84
160
62
153
316
370
310
338
70
52
288
213
147
192
133
375
386
18
159
333
238
66
462
396
16
483
474
403
8
339
402
496
83
90
139
482
290
353
229
88
24
317
21
490
132
198
137
488
158
357
325
267
489
406
9
349
436
138
355
395
366
334
358
476
461
441
327
241
498
289
172
194
142
152
368
200
397
253
377
197
308
191
446
271
269
382
438
472
129
337
470
43
410
495
86
184
302
318
499
477
373
48
105
423
486
35
306
94
154
2
97
77
186
453
4
276
467
110
251
72
243
92
102
87
444
394
365
454
29
236
187
100
372
212
301
201
367
371
122
217
492
282
99
131
1
107
163
491
134
144
178
65
185
330
432
10
246
264
332
23
26
420
111
478
145
117
28
466
25
457
42
128
443
266
164
76
22
167
250
307
350
67
465
64
98
232
208
431
261
275
226
407
434
345
54
295
448
50
204
240
123
91
121
74
248
481
281
6
31
391
415
231
218
175
340
329
283
348
480
179
85
19
216
399
485
181
286
309
189
398
360
7
221
359
409
237
46
256
149
225
323
260
342
493
206
356
210
165
174
171
299
89
119
180
146
343
273
369
292
385
383
182
326
96
381
202
435
351
211
59
422
95
270
101
5
55
319
451
143
341
233
433
404
322
387
388
78
416
291
61
150
335
450
439
331
277
484
418
199
459
34
272
447
262
347
473
487
177
112
223
104
81
378
252
401
203
195
115
244
296
384
352
255
393
249
126
183
3
125
103
294
297
293
254
80
463
215
219
274
235
93
193
79
173
380
390
305
168
364
113
494
449
460
452
151
413
285
475
376
315
196
37
220
41
257
170
207
324
234
328
