1.0400102138519287,0.9450000524520874,1.0914082527160645
1.0270800590515137,0.9700000286102295,1.070783257484436
1.024999976158142,0.9750000238418579,1.1635957956314087
1.0363308191299438,0.9550000429153442,1.0725020170211792
1.024999976158142,0.9750000238418579,1.032970666885376
1.024999976158142,0.9750000238418579,1.0370333194732666
1.024999976158142,0.9750000238418579,1.0314081907272339
1.0375635623931885,0.9550000429153442,1.2257832288742065
1.040373682975769,0.9350000619888306,1.7553144693374634
1.024999976158142,0.9750000238418579,1.0693769454956055
1.0449838638305664,0.9450000524520874,1.5753144025802612
1.0424572229385376,0.9500000476837158,1.6317206621170044
1.0332210063934326,0.9500000476837158,1.390939474105835
1.024999976158142,0.9750000238418579,1.039533257484436
1.024999976158142,0.9750000238418579,1.0321894884109497
1.0422639846801758,0.9500000476837158,1.2254706621170044
1.024999976158142,0.9750000238418579,1.0220332145690918
1.024999976158142,0.9750000238418579,1.031877040863037
1.024999976158142,0.9750000238418579,1.0548455715179443
1.024999976158142,0.9750000238418579,1.0385956764221191
1.024999976158142,0.9750000238418579,1.0353143215179443
1.0252782106399536,0.9700000286102295,1.0723457336425781
1.024999976158142,0.9750000238418579,1.0242207050323486
1.024999976158142,0.9750000238418579,1.0457831621170044
1.0354321002960205,0.9550000429153442,1.1660956144332886
1.024999976158142,0.9750000238418579,1.0254708528518677
1.0397319793701172,0.9500000476837158,1.0657832622528076
1.024999976158142,0.9750000238418579,1.0300021171569824
1.024999976158142,0.9750000238418579,1.0268769264221191
1.0363308191299438,0.9550000429153442,1.0712519884109497
1.024999976158142,0.9750000238418579,1.0426582098007202
1.024999976158142,0.9750000238418579,1.0114082098007202
