1.0430306196212769,0.9450000524520874,1.0765645503997803
1.0270800590515137,0.9700000286102295,1.0779707431793213
1.024999976158142,0.9750000238418579,1.1532833576202393
1.0313308238983154,0.9600000381469727,1.0735957622528076
1.024999976158142,0.9750000238418579,1.0321894884109497
1.024999976158142,0.9750000238418579,1.044533371925354
1.0199999809265137,0.9800000190734863,1.0309393405914307
1.0375635623931885,0.9550000429153442,1.227033257484436
1.041567325592041,0.9350000619888306,1.7210956811904907
1.024999976158142,0.9750000238418579,1.0704706907272339
1.0456477403640747,0.9450000524520874,1.5470331907272339
1.0424572229385376,0.9500000476837158,1.6265645027160645
1.0337507724761963,0.9500000476837158,1.3720332384109497
1.0199999809265137,0.9800000190734863,1.0440644025802612
1.024999976158142,0.9750000238418579,1.0429706573486328
1.0422639846801758,0.9500000476837158,1.2250019311904907
1.024999976158142,0.9750000238418579,1.0234395265579224
1.024999976158142,0.9750000238418579,1.036564588546753
1.024999976158142,0.9750000238418579,1.0570331811904907
1.024999976158142,0.9750000238418579,1.0398457050323486
1.024999976158142,0.9750000238418579,1.0337518453598022
1.024999976158142,0.9750000238418579,1.1007832288742065
1.024999976158142,0.9750000238418579,1.0231269598007202
1.024999976158142,0.9750000238418579,1.0460957288742065
1.0354321002960205,0.9550000429153442,1.1654707193374634
1.0199999809265137,0.9800000190734863,1.0259395837783813
1.035908579826355,0.9550000429153442,1.070626974105835
1.024999976158142,0.9750000238418579,1.0295332670211792
1.024999976158142,0.9750000238418579,1.0273456573486328
1.0363308191299438,0.9550000429153442,1.0704708099365234
1.024999976158142,0.9750000238418579,1.0423457622528076
1.024999976158142,0.9750000238418579,1.0146894454956055
