1.1169999837875366,0.9890000820159912,1.128000259399414
1.0789998769760132,0.9940000772476196,1.1280001401901245
1.2400000095367432,0.9950000643730164,1.1279995441436768
1.1290000677108765,0.9910001158714294,1.1280001401901245
1.037000060081482,0.9950000643730164,1.1279999017715454
1.0890001058578491,0.9950000643730164,1.1280001401901245
1.0720000267028809,0.9950000643730164,1.1279999017715454
1.1770000457763672,0.9910000562667847,1.1280001401901245
1.4239999055862427,0.987000048160553,1.128000020980835
1.098000168800354,0.9950000643730164,1.1279996633529663
1.4610002040863037,0.9890000820159912,1.1279999017715454
1.289000153541565,0.9900000691413879,1.128000020980835
1.2650001049041748,0.9900001287460327,1.128000020980835
1.0779999494552612,0.9950000643730164,1.1279997825622559
1.063999891281128,0.9950000643730164,1.1279996633529663
1.1120001077651978,0.9900000095367432,1.1280001401901245
1.0560001134872437,0.9950000643730164,1.1279997825622559
1.0530000925064087,0.9950000643730164,1.128000259399414
1.1019999980926514,0.9950000643730164,1.1279999017715454
1.0570000410079956,0.9950000643730164,1.128000020980835
1.062999963760376,0.9950000643730164,1.1280001401901245
1.1480000019073486,0.9940000772476196,1.128000020980835
1.0659998655319214,0.9950000643730164,1.128000020980835
1.054999828338623,0.9950000643730164,1.128000259399414
1.0600000619888306,0.9910000562667847,1.1279999017715454
1.027999997138977,0.9950000643730164,1.1279999017715454
1.056999921798706,0.9900001287460327,1.128000020980835
1.0460000038146973,0.9950000643730164,1.128000020980835
1.03000009059906,0.9950000643730164,1.1279997825622559
1.0529999732971191,0.9910001158714294,1.1279997825622559
1.037000060081482,0.9950000643730164,1.1279997825622559
1.0320000648498535,0.9950000643730164,1.1279997825622559
