56
108
331
151
188
112
264
460
43
229
81
209
295
255
98
385
293
444
156
267
127
212
318
477
486
17
246
57
113
27
249
265
133
130
273
41
447
437
299
274
53
136
195
411
87
445
129
481
38
82
28
493
416
415
64
306
345
256
344
111
382
490
218
173
32
485
466
75
352
187
216
449
311
155
492
79
92
294
268
488
403
254
227
372
61
10
457
357
499
401
337
207
186
219
473
297
322
223
131
124
4
478
496
409
332
406
253
150
454
339
185
153
20
182
398
122
91
259
279
90
271
235
65
137
2
312
400
46
373
427
237
16
278
338
47
407
399
169
495
418
202
358
347
12
77
48
241
342
190
119
