1.0430306196212769,0.9450000524520874,1.1198457479476929
1.0270800590515137,0.9700000286102295,1.0782833099365234
1.024999976158142,0.9750000238418579,1.1535958051681519
1.0363308191299438,0.9550000429153442,1.074689507484436
1.024999976158142,0.9750000238418579,1.031564474105835
1.024999976158142,0.9750000238418579,1.0442209243774414
1.024999976158142,0.9750000238418579,1.032814383506775
1.0375635623931885,0.9550000429153442,1.2273457050323486
1.041567325592041,0.9350000619888306,1.7310956716537476
1.0199999809265137,0.9800000190734863,1.0687519311904907
1.0456477403640747,0.9450000524520874,1.5556269884109497
1.0374572277069092,0.9550000429153442,1.6550019979476929
1.0337507724761963,0.9500000476837158,1.3762520551681519
1.024999976158142,0.9750000238418579,1.0492206811904907
1.024999976158142,0.9750000238418579,1.0428143739700317
1.0422639846801758,0.9500000476837158,1.2250019311904907
1.024999976158142,0.9750000238418579,1.0240644216537476
1.024999976158142,0.9750000238418579,1.0362520217895508
1.024999976158142,0.9750000238418579,1.057970643043518
1.0199999809265137,0.9800000190734863,1.0365644693374634
1.0199999809265137,0.9800000190734863,1.0350018739700317
1.0221220254898071,0.9750000238418579,1.0570331811904907
1.024999976158142,0.9750000238418579,1.0235956907272339
1.024999976158142,0.9750000238418579,1.0456269979476929
1.0354321002960205,0.9550000429153442,1.1654707193374634
1.024999976158142,0.9750000238418579,1.0256270170211792
1.035908579826355,0.9550000429153442,1.0704706907272339
1.024999976158142,0.9750000238418579,1.030470848083496
1.024999976158142,0.9750000238418579,1.0271893739700317
1.0363308191299438,0.9550000429153442,1.0717207193374634
1.024999976158142,0.9750000238418579,1.0426582098007202
1.024999976158142,0.9750000238418579,1.0153144598007202
