2216
8914
10100
7621
472
2405
2341
3840
3064
2386
10366
6563
1486
6350
357
719
5217
1714
335
7470
1587
8321
9362
2095
3332
5417
6965
6355
5784
4834
5018
3774
8806
1710
9409
1111
7066
9945
6776
5666
6472
4695
579
4318
6559
1157
2163
6641
4777
3928
808
2102
2334
1768
8912
2817
7951
8107
8412
9388
6227
8766
9985
5425
4867
7049
4887
486
4376
2473
8334
6904
10623
2707
9559
6133
7761
9938
10457
905
6703
7921
4139
3358
6804
2141
594
6859
5976
1959
5614
4841
5985
2647
9662
5807
4053
1934
7762
2186
125
2237
815
9359
3863
9776
2600
8738
10305
5222
8197
1311
3821
7441
5543
8631
2550
9735
9478
2839
182
8279
5571
3237
1945
1986
1518
5238
3437
458
6040
62
1241
6883
5621
572
2429
10192
10371
4088
3349
5937
5432
10409
2987
2585
2607
4411
8039
846
1511
4467
6623
10052
4493
2109
2185
6238
1152
5470
566
3855
2190
5301
7310
3174
8941
7172
3547
332
972
10437
6351
7396
4874
5249
7127
6616
7945
9064
3047
1862
9365
2732
6469
2167
3785
8708
734
8915
6646
7545
2365
1485
1633
5505
9729
7130
10011
7153
2083
2424
5021
1695
2711
8468
7182
5836
3627
9832
1168
6707
5722
5710
6981
5552
8440
1333
9465
6208
504
9902
5627
8759
5848
8641
6436
533
4187
10134
3946
7475
2243
8024
9760
1059
9254
3498
4562
3986
140
7038
9574
10503
1291
8242
634
4662
8125
109
2735
10427
8868
5639
1321
9423
3831
9099
7860
3629
8677
8797
723
5655
607
1356
1050
2151
9114
4558
3365
3559
5592
3298
8924
2380
8504
2286
5189
6985
798
10543
6356
9590
3833
2082
1276
2008
1280
999
5404
4763
1517
3016
4760
2063
5794
7611
4860
8336
126
9692
5701
3191
4276
7109
3732
3439
835
3673
6588
9893
6818
5254
258
5030
1901
864
2098
10144
9859
4040
8461
4832
3464
1542
7824
10070
1504
7425
7506
3398
7265
611
5822
5779
1134
9190
34
84
10071
8450
1189
1212
8730
5239
6100
7829
5925
4885
10117
7798
5428
6004
1550
5966
8267
10598
2037
3023
5381
2702
10621
9132
3312
8865
7588
8624
9482
73
3412
7017
4924
6113
771
5920
7823
1288
7161
3027
8434
9918
6345
5340
4928
2639
3958
6430
10357
3511
5572
9213
1214
8348
1607
2198
9924
8875
9726
63
2598
2179
2920
7004
5359
9284
847
519
2978
3807
5802
2387
6540
9711
5866
6984
1408
5110
2248
8659
9799
8503
5218
10487
6391
3448
4394
5293
8849
8204
3518
5165
3716
1309
9104
235
7962
6318
7546
4943
3235
10216
10136
8154
7577
3020
8044
640
9485
679
5469
1043
1350
8099
1277
2573
6753
4099
66
2392
3088
1888
3424
2923
7163
1792
8269
8567
1579
4375
5995
7515
6910
10396
37
1971
8525
6974
2240
8164
228
6751
7461
3157
9845
5854
456
4672
1269
3850
95
5209
5473
1847
8552
656
6853
8285
8733
5351
8101
9594
4369
4712
336
5987
4465
690
2418
5671
4461
5152
8102
4453
5707
8596
1302
4906
6003
5633
3284
9785
9955
2247
8795
9810
6830
7019
5632
8018
8095
8886
6231
5352
9467
7897
4031
6408
8994
3921
4356
10178
2475
2597
5551
3542
6564
3060
7548
5447
4907
1872
5338
698
4486
1524
779
8276
10391
9569
9410
7292
6213
638
4762
1488
3989
5051
2767
202
31
8757
2335
47
7751
4029
1614
9506
10014
5562
1769
5277
4900
10497
874
5602
7252
8577
1964
8054
6709
1018
2812
5865
4307
353
663
5510
2845
10122
6755
290
3210
9475
2159
9353
3891
4468
4339
5933
7337
121
6993
10483
3031
3458
8860
1380
2696
7218
8625
467
10323
4547
6090
7793
4371
7847
9263
1548
4817
8853
4806
8791
2299
7785
552
4521
7935
8344
4334
9204
2624
10607
1621
5850
361
1935
9779
1393
2440
5303
5102
4752
1492
1036
3176
4699
10176
3947
8919
6288
3622
9899
5612
8234
2121
2400
8721
1323
60
773
6595
3139
10099
4523
7114
6611
8581
7103
2778
3280
3798
6130
481
6743
6856
3579
10383
8244
3839
5647
7701
4889
7913
6603
10436
108
9364
5626
8563
6815
9838
6893
1051
3019
9595
7173
6601
5778
1622
2450
3147
7082
1819
4722
4886
9550
1375
1830
4450
5798
5369
4594
4668
6024
6590
10018
6058
10468
3083
10426
9536
2675
2165
152
3953
1975
7390
1431
3238
6147
4918
9544
6831
3778
6297
6214
4168
7969
6572
5096
10420
4693
9070
10055
7594
2068
6177
3070
1090
7177
8848
2941
3641
10298
2511
3079
9294
3440
10375
2908
9038
9827
1894
9687
2053
3107
6346
2038
8385
7120
7322
4958
5408
5735
2656
5789
1069
7802
6020
10610
1242
5073
9285
10408
5940
8776
9290
8895
128
3788
4327
2045
6064
2229
5844
10147
7531
9706
9022
7929
8362
3782
6872
6326
9424
6248
1631
7985
2829
4880
2673
1639
7000
1220
8214
10615
4591
6028
1420
599
4488
9058
4391
9065
1629
5104
8157
248
5732
2859
5894
10558
8697
48
5577
3391
186
5677
1349
10490
2060
2989
3609
7541
2790
3879
4503
6312
9643
2092
6825
2532
3537
945
1713
7834
9433
826
8230
9002
9273
5268
10527
8780
6674
875
10339
1835
6610
269
7893
8773
5831
6708
100
5658
10034
4296
7015
7388
5657
7763
8220
8120
7866
2543
8431
2133
4222
1716
4000
418
8097
4305
3983
6655
6018
10613
4274
879
5852
895
7808
10397
1437
1278
1183
3252
5665
7684
3257
9987
9292
6181
924
2620
5944
3714
28
2253
551
3062
6491
1204
9668
3691
4018
4779
1651
5962
1200
8261
6151
2917
1119
5893
10419
178
3729
6544
3102
8702
10076
3435
6334
6991
6960
8217
1213
131
5464
3606
5057
4336
8656
2479
10208
8093
5194
7990
2784
6161
4873
4568
1133
4813
2350
4248
946
8258
867
7915
4953
8173
76
8710
7395
451
1146
9036
8542
6783
3583
6039
1625
7635
6247
2840
6367
1176
8925
4328
578
628
9644
7311
8682
8308
9027
4386
2169
9755
7989
5883
4875
2073
10500
6717
8642
8586
1414
8756
4768
7695
6059
6012
603
4351
7456
1928
3363
8281
5828
1627
8294
10250
4365
6086
26
7372
9610
9150
2865
8237
2217
2421
4035
9016
1387
8016
10191
3103
4596
2023
6968
8089
1774
4795
7885
7140
2251
3338
9403
10143
9995
3342
10030
4704
6764
10042
6567
7022
1283
3929
7404
3340
9804
8544
2633
8760
8229
1330
9708
643
2744
5462
9700
1933
8855
6285
4227
46
6094
4037
10452
5176
1455
2869
8942
4921
9714
15
7630
1962
10478
10215
7042
4100
6026
9678
1919
10228
4089
5489
7159
6104
8132
4191
5918
1722
4945
8162
2265
3943
9572
9152
4742
7380
6913
1450
4002
2969
1595
10576
6522
993
8638
10172
4065
323
6675
3381
5528
3445
8566
7167
9466
4180
1742
6145
7912
1704
1528
5139
3645
5276
9869
2434
7551
872
3299
2409
193
6246
2616
9571
10574
3496
10361
2477
7918
8251
7608
21
728
1317
975
6468
5818
5938
2698
104
2664
7562
4904
6473
6439
8753
2377
616
8252
709
4366
1206
2622
1978
4689
1940
9275
7734
5643
3730
9672
8752
277
157
749
3256
3263
801
9387
8017
5360
9862
3667
5256
8409
4556
1453
145
264
130
10463
5398
5251
6425
4500
5603
7386
2395
8718
8062
4026
7510
5379
5855
5059
8910
1022
6662
9740
7148
1653
8888
5586
7048
9341
8943
9394
239
1918
3683
9603
5160
2725
9039
3689
1927
7241
9083
9055
10244
1694
2605
4788
6057
79
7183
255
9419
1012
6397
3421
6011
10072
3757
6335
7796
7308
3938
3999
7930
2831
10614
6052
10264
5664
8235
4118
8821
5890
7681
4807
6199
6158
2631
9147
4549
1155
2900
5736
8211
6865
7142
1798
727
2211
7257
1615
488
805
5491
3004
6775
7807
4400
7315
3375
8637
8206
3884
3436
8769
7557
7952
9234
9319
9416
8913
9861
4878
1405
10210
4891
3734
10412
6642
4272
5561
538
7595
7445
6992
8989
3591
3648
9438
3800
6300
8498
1600
1887
7118
1049
7119
5864
8495
2531
1853
4581
7530
5237
8864
9153
7139
9526
2267
5952
6433
10327
272
8704
9164
6791
8889
9452
3671
2860
5619
3876
5265
3795
2582
7429
10154
4839
8790
8010
8740
990
6509
2394
2290
4396
5749
1257
3124
4756
7291
1373
8263
6794
4819
4021
1461
6437
10064
8669
8257
756
3184
6683
7883
9848
4093
6936
9828
1240
7978
9009
3779
9251
22
9308
7653
1430
9393
5234
2738
7756
6108
4473
1657
1447
374
2332
2867
10546
9836
3203
3483
5742
9967
2794
2697
7613
4737
677
1334
4502
9931
6873
1477
2132
2807
5307
8113
3074
5070
9718
750
6543
4516
10108
8126
10195
5474
1064
5258
2361
1752
2134
4275
5948
6196
2436
4855
7398
7420
7904
1849
5157
275
5975
3188
5569
9667
1191
7294
6463
4259
9175
401
420
2412
4152
6287
6940
4044
1637
9343
449
2937
327
9045
6609
1499
911
6581
3860
9498
1669
2294
3647
865
667
9528
4595
2136
2280
6811
9693
7086
7997
300
9239
2292
827
6017
5196
8064
8238
2676
7341
127
10223
230
3180
998
5825
8340
10594
4603
4969
10168
9459
4343
3742
3961
2980
7965
825
9723
6021
4072
214
9069
280
5001
9369
1957
3018
5756
8014
2665
201
1776
4439
2517
4294
688
2451
8793
1687
8216
9587
2524
2065
4896
7464
211
8289
8035
3110
824
6210
5401
10569
8438
10517
7211
5043
7471
1747
9335
1708
5000
9586
10534
4032
7894
9188
8404
6878
6633
1415
1972
10545
1797
2055
6366
4131
3061
6914
4911
2486
1836
9956
10115
7150
8674
2774
8161
5308
4038
8250
5546
3013
10308
6890
5842
1416
595
10541
7053
7027
4601
8376
6629
3372
6331
6170
5554
2195
6321
8815
3601
4625
9742
6352
9400
4971
8758
8804
7067
9642
6634
5380
4675
7767
8105
929
4455
8684
7529
3925
968
9733
8265
3746
9560
9235
2006
3328
4694
1025
7634
9933
3722
10386
8739
9753
529
352
647
7249
7688
5215
3236
2089
3636
10200
3167
1368
8022
581
1032
3643
5712
6602
8869
7944
9898
9250
6357
5022
5673
9915
2349
1729
7535
6124
6096
4801
9870
3066
4030
2320
2746
330
5555
2654
1237
5704
3093
384
1676
9635
3305
5980
5511
2766
1104
978
6134
3868
1951
5812
3842
142
1365
8392
3418
5158
1913
270
2853
8655
4066
8424
3731
124
3906
8191
8291
1677
8887
2692
3081
5346
4628
8968
5717
6340
8874
9508
10596
7888
1173
8030
1706
1222
1827
4640
7055
6875
1984
10316
1658
711
4370
6101
1751
9163
3377
1433
2856
8934
8449
199
10353
10447
2079
9260
10520
4715
19
7900
6029
4174
8029
7371
7436
2745
7596
8408
770
7708
5147
9323
614
9066
3851
10230
1686
10337
8621
5397
5433
3253
6521
3495
9548
10166
1616
6824
5824
6932
1052
2548
9113
1711
10163
3181
8184
9176
4136
1398
9821
1394
5713
5615
8514
10227
2929
1948
3912
9815
4767
817
2721
6687
7484
9783
6714
8735
7758
5106
4266
3701
706
7564
7449
7805
8313
10304
6451
6467
1163
1390
10243
1626
4111
4483
6083
4883
437
1457
2419
9617
4338
10199
9408
7540
816
6748
5416
7331
10255
3883
1442
9717
5264
1395
6916
7815
6756
5284
6842
155
8803
1764
2323
6741
4701
359
9511
3570
6160
4055
205
7176
10484
3185
5484
2348
3886
6518
5599
8038
5125
2700
1545
9381
1902
10217
7505
6019
4849
9578
6400
10430
3597
2557
9331
10435
3640
4154
3025
9826
10442
2864
3141
8096
3318
2087
7760
6460
8479
3087
8500
10456
1401
9199
2305
7892
1509
2204
7472
3529
440
936
1697
4747
2171
781
1097
236
9537
10135
9683
3369
7409
2310
4413
3205
4121
851
3533
8741
5358
1135
7881
2066
1092
6534
3713
6333
9775
2270
1994
4940
7476
9495
475
10020
1438
2258
925
7254
294
1384
4671
5553
4141
1336
3172
3871
7571
4127
7509
3994
8507
8008
6315
7640
4641
10336
2230
8870
4582
3212
7970
5427
966
8900
2752
639
8854
2373
5714
345
2575
2491
2888
1084
3790
9769
7739
2612
7298
4966
436
7459
7199
2315
7151
9390
7568
860
3538
167
6
5461
1879
8587
991
6434
6336
4378
6236
7339
2212
7030
6072
8891
8932
3933
8473
7317
9762
319
2032
3727
6681
5314
7097
10536
10229
2397
5472
9105
5281
2713
7403
8774
5813
6185
3010
5151
8496
5531
8155
2452
6840
273
7800
4235
1861
148
8650
940
5910
3395
3347
5199
1691
9186
8958
2043
7223
5219
7728
9570
9109
7585
5233
5958
8808
5322
9448
4362
2553
1002
7164
8202
208
7087
8186
3311
4976
4056
7434
2965
6583
192
3337
438
5348
5583
3658
5903
1816
4553
8584
4800
10434
6490
8337
1099
726
4146
9351
2192
2470
8574
2016
8737
5216
4711
3104
10283
536
1873
7068
10577
1619
9374
1826
7021
189
4646
4383
311
2830
917
8954
3232
880
932
2927
881
9962
9837
6388
6410
7963
2518
5867
7282
4968
1444
9803
7554
3949
1644
3050
10256
325
1807
6933
3123
9602
6010
1498
4
81
5881
8987
1319
560
7942
2027
6110
5902
9473
3411
8606
3799
2852
7141
10425
5508
6389
6358
2716
10368
2232
3927
2679
5174
110
6799
8189
6658
9183
778
10101
1775
8672
9402
6316
9908
8709
4175
5412
5942
7874
5882
112
5330
6230
2568
2587
5584
9514
333
2934
2227
166
238
3944
4436
3809
9612
8990
4575
6721
5105
2356
776
7819
8713
2426
9411
5907
2954
10309
3137
6299
5791
358
7244
5260
3401
8282
2437
10285
9895
7474
4001
4331
6701
7077
768
8414
1566
9200
9846
1733
8065
1859
3772
4058
1197
704
2403
7939
9462
6424
5830
5248
1106
1153
10150
1378
1121
1534
10083
6482
2367
6495
3733
982
10197
83
902
9645
544
4330
3878
7657
4403
3522
3248
3134
8679
4230
8531
10302
8952
10206
3215
4978
6252
4287
5092
6082
3449
3065
4051
3706
4293
8322
1535
2162
1048
4895
6207
1565
10403
9847
3265
2430
4025
3624
4579
5954
10591
7098
1755
7363
7352
1895
8945
1969
2554
8369
1108
4427
5328
3247
3334
5629
8772
4827
584
6805
5368
3652
9730
8824
637
8751
10335
8264
351
7242
7210
2537
1497
962
7325
6232
5989
10290
9689
1079
1599
8526
4540
4590
6154
6159
1404
5080
1063
8975
6765
427
7908
9354
4657
5514
6607
8785
870
2986
2428
6901
5536
4543
337
5731
6211
5386
9533
4109
9443
9315
328
1095
8210
6190
4443
1800
6168
203
1235
9721
7318
1544
5970
2897
8796
5291
9713
2449
1724
6448
6323
6556
3355
6604
4164
10074
9026
8829
1852
4039
150
5832
4218
3409
10013
507
10571
591
2139
5400
506
6665
5077
786
5605
8301
8984
10004
4278
2221
8406
7991
1522
1006
9802
7301
903
7578
2660
4425
6505
8675
3721
7722
10410
10531
9352
4106
7078
2850
660
9557
7891
7314
2755
7399
2589
7676
8511
1956
2866
2122
1265
3200
1472
5159
5362
9277
174
4626
3245
4706
2793
6649
9686
3881
5450
5861
10362
423
6097
2285
10578
4995
2943
4129
10259
6937
3520
3008
7414
3021
1780
1678
10127
8629
4122
9451
1989
4518
2919
6671
4016
747
5466
9067
5266
8106
1856
6167
4541
1021
7996
7454
6308
576
8225
8962
2765
7777
4821
4382
3564
10032
4539
1315
7683
4462
7938
5374
1080
5145
4075
6224
9905
1422
5681
331
2626
1605
2086
10472
9179
9624
7877
8153
5607
2604
3767
2892
2688
1958
3672
7351
3749
7284
9212
1239
6879
534
7641
8717
4643
2455
9017
8390
6770
4537
10515
5205
7071
7873
8805
2358
7144
3567
5992
9584
1833
2269
8080
6997
6036
6512
1922
3108
6418
550
6428
1771
2680
2838
4260
250
7300
6520
4312
6625
7933
8597
6909
10224
9173
7715
3754
3793
6545
8288
1987
2636
2170
5135
6691
4074
3892
10201
2742
3120
3761
3659
1754
4004
3523
2921
373
8553
3726
8907
1201
9582
2906
8156
4207
9972
8810
6535
9194
5886
9435
985
7528
8152
4831
6667
8129
9811
1217
6234
1089
1943
10506
6050
1083
1160
8331
10382
3780
5636
8353
4732
4423
7350
9909
859
2143
8222
4414
3963
5456
4988
10062
4606
8532
306
3756
6524
1435
7442
4459
106
938
6618
9543
9676
9258
9629
8743
1150
5741
2148
3765
10405
5198
7383
5781
9472
1960
9734
9697
2465
3764
3443
8551
4426
3231
2408
3269
1337
1207
1403
370
9496
3452
4006
649
9817
10565
9858
5452
2816
6929
6396
5535
6219
6349
3154
10595
891
68
5076
6635
8590
8501
3692
10518
2410
8055
8911
7110
4651
8100
6792
1874
3769
7586
8599
2947
3996
6513
191
1262
10170
561
7063
8878
8081
8246
6839
9854
2021
6906
5371
9983
9611
1236
3848
3784
3980
7704
8920
1514
6152
8349
2594
2827
9340
321
6995
4124
9469
5213
5116
1630
6265
8929
7458
9937
1208
5132
2762
7117
9939
3797
3484
2272
5772
3997
1481
2814
10528
494
10320
3431
1484
4871
1881
5004
1112
111
10586
5363
1316
7064
1475
4572
1101
8176
8715
8882
5604
3221
6242
7329
1185
1246
5983
9889
8333
2080
3364
4833
479
4315
2938
9350
3828
1324
6789
8549
4444
1446
5846
2959
1328
7501
1598
5648
6948
6874
811
8648
9935
1506
9033
4306
7274
8311
4956
9982
4485
4724
1468
8691
6508
10186
9900
7450
6696
7469
3406
2509
8614
9248
3552
4196
4169
974
7667
6462
3711
12
9053
9193
682
8382
7675
8083
5839
7335
398
6718
2402
226
9010
3073
1174
5885
210
577
926
5471
5946
7490
6561
8227
350
9377
8405
9240
1988
4046
9504
9057
2709
10105
4504
3687
5544
2493
2415
7955
2936
3220
5801
10249
5225
8419
6254
8441
7099
9078
2544
3634
6668
4618
10047
3590
5788
7746
8278
6303
10605
7433
5245
2571
10091
5688
5738
9413
1777
5723
5961
2823
4217
6880
2112
10238
1382
6892
2734
2498
1260
473
6153
6734
322
246
10106
4719
9267
2858
1680
7626
4273
5140
2538
3846
378
2404
5620
2955
3348
40
3399
5302
4309
3712
907
1863
6773
9965
5414
6193
267
9864
10161
6284
1655
2127
6800
6281
1846
6077
4552
8726
161
10179
8670
10395
10333
6218
7084
263
1346
9307
4215
9517
6738
7615
9379
10085
10350
86
4138
4580
6005
8896
4437
5255
10519
3239
1820
6919
3433
960
4172
4271
7957
495
408
260
165
9947
7744
3528
10476
8290
10561
7631
7326
1156
3255
8374
10340
2896
6118
10067
470
6129
1199
6464
9395
3628
185
2084
8148
3150
2967
5353
10266
9849
530
5834
2874
5117
257
5590
4864
1143
1169
5726
10104
170
6244
2672
4304
9160
1610
7046
10529
9000
2100
430
5708
9897
5705
7672
7656
4862
6862
4194
259
7733
397
7356
7467
10123
347
5624
7145
2252
9616
863
1386
4508
5616
3686
10338
77
5440
9663
2704
4003
2439
5637
10220
5138
703
2645
748
10252
955
5437
5782
3138
5718
44
4268
4955
6475
4409
9421
5320
876
2076
5285
5221
5325
567
1896
6844
8982
6066
589
2775
1091
2460
5365
691
6871
5724
457
7839
4344
6759
3931
10510
78
6275
7007
7328
3808
5093
1604
2904
6171
7603
6673
8639
6918
149
1229
2870
465
8280
6816
5767
446
9488
3277
7602
346
6931
2740
8185
10151
9991
5499
1673
144
107
8146
4738
7879
2643
1282
8687
5922
7917
4700
2861
6766
9120
1845
8661
7345
2321
2075
5863
622
9166
3909
2417
9914
6319
1870
9368
692
1731
3307
7518
3423
1140
970
10525
2226
4984
1908
1154
2362
10198
2150
4052
3009
9646
93
3113
1045
8696
9615
3653
8410
9649
3832
2883
6737
3502
6149
7590
6846
980
4399
4655
7344
10513
705
8488
7940
4611
1483
2036
1546
1068
752
1857
8917
3738
190
7629
8775
9445
2999
3569
7406
2593
4797
3890
1952
2288
1659
6591
6456
2684
6685
7837
2971
7039
10109
5921
814
5376
8572
8748
8075
3577
4171
1221
949
4585
5023
6710
4290
8387
13
4285
8965
7536
5526
9328
1596
796
775
4926
7844
1539
4951
6547
4150
2515
7302
6898
6785
3046
8330
4119
9271
7998
3535
7922
2617
6967
10153
2810
9371
101
942
6927
1037
9715
2836
9694
3974
3743
1844
8699
5618
10185
1312
1254
2462
3685
2259
5146
5188
597
8426
586
5169
1263
4479
4221
1719
9342
4721
7986
7260
303
899
9417
204
5211
2768
7663
795
3549
6752
5143
6455
8354
1009
1624
5740
9781
6808
8060
8591
9135
6073
2245
5195
5959
7850
6552
9436
8786
3745
224
9302
1400
2912
1699
9006
2547
7849
10272
1578
35
8051
774
4980
6044
9378
10588
6533
3156
10060
6416
1967
3368
7088
9450
514
3366
6980
4999
9073
3036
8179
1117
4627
3623
7204
3635
7638
5230
5072
103
3527
5292
2453
828
5335
7558
8166
2909
7514
9122
5356
2786
5814
5272
7841
9363
843
655
442
9486
9727
9180
4209
6712
6621
9752
2726
3170
7168
715
159
6725
735
731
8515
3915
4183
7573
5972
5939
2291
7936
9674
1397
2039
7812
9670
69
2863
9519
4845
469
1825
7878
7200
5287
1635
7773
10390
10321
5373
6471
3971
6614
4284
4798
1585
7480
4815
8602
10218
3596
2337
5947
1540
994
1778
3952
8380
3067
50
501
3394
9043
8673
6327
4765
5108
969
2378
5634
5908
1839
3294
10444
7342
6726
3393
3976
445
10301
7155
9998
6843
7636
6500
16
10551
8143
3035
3295
4244
1478
1664
868
7025
389
5926
9841
2284
1493
1748
1553
6632
8338
8318
10142
5315
502
2124
9476
6841
2939
1298
8523
4028
3506
4490
4771
10026
2393
7846
9575
1707
6826
8695
10505
1149
2085
670
252
3970
8618
2138
6399
3700
9876
7524
135
2706
9355
8208
7570
532
2496
4803
4786
3222
3690
6225
8937
4283
6593
884
7453
10370
3270
2727
2901
4190
1017
2796
6666
7059
1875
8415
7975
3960
2944
3753
6822
3274
7143
6450
2306
6957
5318
10232
6344
5423
3227
9262
9910
7971
8451
4367
1916
5693
3410
6373
4313
8457
8352
1743
3346
724
4198
6972
6109
3455
5481
3604
3356
2803
9182
8771
6103
1855
2254
6493
8272
687
641
2000
9739
2344
5504
9626
7542
2642
8012
3111
9457
3246
7742
8192
3490
4636
4173
8939
3758
1924
7729
7775
9831
5206
6868
4120
2844
1503
3903
8428
10274
8478
7814
6292
3775
7543
1456
1177
2256
6076
6001
892
8528
4828
2196
7392
33
3789
5875
5568
8884
3565
4536
1343
5274
10533
1203
7224
1258
9100
9428
575
6923
6560
1790
813
2973
2998
4082
4816
9605
2567
6441
7439
5406
7625
4197
2956
6998
5049
2278
1821
8483
5819
4707
6793
2757
5680
4634
9916
5349
5998
8396
2457
10345
4184
4852
10311
6790
7402
3861
9556
9474
265
4687
1013
1067
8399
7772
4083
2482
812
5201
6486
1536
4808
6302
4814
4159
7801
223
4923
8466
3419
7730
10573
2154
6301
8711
6489
797
6511
3249
7954
4062
976
291
1936
10479
5006
5550
8754
2963
8476
8666
2268
3867
6353
7011
5874
5596
406
9806
5240
7062
6127
9647
7485
648
428
7415
8540
6852
3056
9314
6342
4101
10618
1569
913
5111
9853
7580
4475
9632
7797
2674
8565
1581
6928
7806
510
4703
8722
9801
7202
4431
5810
7660
10521
4823
9330
6720
8550
4623
9790
4680
3630
2183
6953
4265
3408
4894
5029
4449
9596
1734
2105
6525
7916
1441
3748
6680
10131
3301
6095
2184
3786
6126
4741
5443
1325
8936
10268
9396
2191
6814
722
10090
8262
9049
4837
7831
10294
59
2368
8676
4555
7307
7716
8742
3482
2007
1267
4960
9372
2236
6941
8375
6523
6517
1286
1838
2119
7584
7234
8546
7184
10282
2388
702
5974
8203
9140
8607
10562
9491
9744
5321
289
2126
6959
6068
2785
4482
405
6847
2234
10385
629
10547
6378
9555
1611
8792
5548
5180
7724
1869
2223
592
8422
3374
6626
9334
6179
8959
1274
1963
2940
1073
944
2991
362
7517
4145
3759
7076
9807
5316
5033
6541
7209
6881
4167
8837
4745
645
6034
9427
2238
623
3820
7674
2432
9313
2342
9793
7191
9997
971
4589
7868
9911
4373
8569
4850
5475
4513
9015
4515
3271
5595
3
3286
871
8315
4340
7251
160
5725
7047
2049
1342
8323
6267
8845
914
1756
4868
4300
5042
5628
1266
4659
4098
527
9709
3621
444
7093
2683
162
8025
1977
1060
2520
7668
7736
8647
7113
10489
5734
8402
5495
416
6080
8316
172
4826
198
4829
3654
213
10616
4920
9880
3475
3193
8393
52
9497
2946
1044
10037
9458
5913
10214
10492
1858
4429
3607
2530
8199
6565
5377
3014
7582
7949
1110
1284
2878
2720
10544
6329
1804
10524
5509
7686
4935
7230
8951
8009
9484
6112
10174
3085
5013
10401
9794
716
9999
9310
6206
9121
5719
9719
7497
1370
2911
8384
1712
9773
3230
9568
9446
4252
55
5415
7968
713
8168
1996
7791
9912
9116
8490
3827
1320
3676
10094
5366
6371
7360
6088
7377
6407
5804
8140
10257
341
3447
9470
6035
5716
8268
8486
8325
1880
3219
6278
5280
1803
986
906
10462
9236
2339
3993
10474
1883
3306
6332
7592
8245
2273
3950
10590
7069
6944
9279
2235
1513
7368
9455
4156
2145
5720
1031
559
515
9392
2041
3504
1786
5675
2842
9540
3697
10239
5005
5774
3982
3379
3660
9704
4600
2695
283
5811
3822
2653
984
4157
4476
4621
4430
4355
1562
2703
8389
4102
2231
6414
7131
5402
7914
3413
2541
4709
6115
5730
3995
6320
5267
1053
2781
6251
9512
7522
9398
1647
386
6027
4181
9685
1427
2257
2188
10523
10575
3838
282
244
8472
7757
262
6361
7129
5635
1781
8175
4584
8765
7690
8881
1575
651
4398
2391
10039
5062
3461
9112
3705
6834
9178
4264
6699
3360
8520
4676
661
657
3296
5163
3524
4008
6947
6656
6747
9978
8904
3737
2634
2001
2464
6772
10450
5342
2988
10482
4005
5750
2583
7376
9389
10065
1247
5748
10027
3509
3638
2566
6381
4782
5015
7481
7717
3962
4884
861
5490
8846
2454
5968
7269
9652
7553
3149
5934
1750
7714
6119
8224
1824
7727
1893
4519
2287
7065
5094
1362
7309
6999
3012
10041
9696
3044
5996
3422
2407
8063
5204
2366
7740
1071
2533
7623
7321
3309
5228
2976
10212
1796
10231
234
7838
10356
4417
4545
521
9312
3096
7332
822
1840
1470
4764
791
4587
9787
6187
5534
9960
1603
7297
5906
4509
7057
1557
4319
7324
4091
6197
4665
6136
8819
10508
367
4902
2364
1882
6226
2512
2623
6855
9316
6705
6444
5378
4166
8725
8997
6584
7689
8137
8843
8480
7267
818
2756
310
2200
9005
708
9019
9225
3041
9040
2354
6132
721
7354
7115
9095
2641
4684
2787
2399
1671
10324
5558
9441
9761
9420
2935
417
4107
3273
8541
2792
7700
888
3339
2048
9247
3320
348
474
654
4280
8680
1576
1296
1216
8360
5766
4267
5751
3487
9529
3146
8015
4495
8361
4818
8421
2952
3142
5674
6502
7389
9857
4559
6141
3345
4263
2545
4301
5095
997
6055
243
266
10516
9964
729
733
5698
483
4247
6664
4713
8342
3626
10207
762
9489
4452
2193
6087
5986
5608
1142
5451
3856
324
2754
5040
7993
8879
4345
4881
434
6803
3763
3841
1867
5035
5357
3956
5367
7221
8266
685
1949
10431
3216
171
245
569
5691
8207
8802
3007
3323
2456
1586
10377
3616
8448
3453
8720
7111
1489
10493
525
5309
6305
7034
7994
188
5170
10394
8255
10187
67
4642
7898
7463
5932
3144
6165
8372
9089
8201
3941
6260
4697
8909
1812
7443
1367
2507
5990
953
958
8271
7243
372
608
6949
642
3669
9681
10399
4438
7233
8960
7499
5541
9589
5795
2255
6492
10180
2326
3492
7299
4176
9856
3959
10318
395
5496
5949
3546
1732
2522
6255
9722
2093
4577
7574
9866
10373
7348
6945
141
7783
9011
2782
3429
2219
2602
2932
890
2708
2712
9868
3766
7737
7652
490
2499
7972
8221
2146
10440
4934
10603
8908
176
2588
8593
10306
1057
4682
4666
3899
1690
5512
1939
2343
10384
959
8298
8719
751
72
8825
7491
6499
3400
2022
6553
6854
9304
9834
8838
5771
7538
9295
4647
7803
6239
7946
4043
4673
1795
7770
5860
9087
2748
1076
3438
10058
5566
10355
8972
1606
7488
857
2621
3140
2729
6497
9829
9091
4944
3919
5031
1529
7958
7412
5545
8070
2435
6173
3602
10001
7146
7705
7367
8432
9479
889
8171
6421
2266
8592
9218
5155
6266
1261
5696
1920
1428
447
120
1272
3942
4930
7745
4586
3486
454
5957
10448
7984
8502
5235
4042
6986
390
9444
908
2250
3792
1170
1000
4564
4212
9684
2487
10347
7248
1892
738
3125
6740
10043
4557
402
3762
3747
2316
3029
1231
9830
1494
1294
7680
3898
1161
5631
1507
1702
9922
6612
7462
7620
9751
1465
1253
8956
845
548
1897
4649
3614
9018
4412
2423
4481
6053
1190
7655
2968
2667
10253
8660
8830
3515
8916
6620
1551
3932
45
2030
1998
5858
466
5086
3459
3791
7752
5056
6447
3470
7628
4464
1672
6819
8946
3755
8002
2328
5185
10
7624
6322
1369
2052
10063
1806
253
3297
6723
3353
9161
5547
6188
6387
7160
6347
1828
7836
10331
3544
9976
8381
3468
7486
5039
1521
6148
784
7732
5067
8365
5178
6643
4775
6007
177
4869
1041
2611
4962
6233
4498
8892
2723
105
3704
1953
1085
6243
302
10349
286
4670
1332
4527
3773
4947
1512
2651
4506
1016
6613
9756
10498
3561
5179
7931
3715
2469
6761
2652
6354
537
1030
2982
5050
7987
7769
9216
1361
2131
10038
7707
2182
5283
7788
7610
6317
2333
9468
3951
9162
5252
8926
3190
513
2881
3666
241
7448
10388
7349
5413
5010
2413
3633
7013
9170
10012
8981
912
6832
8608
2669
6845
7147
8398
9780
9989
9266
5660
4967
4363
4554
7799
8110
304
7479
1508
349
9835
1921
3178
792
1471
7561
804
5304
3161
10325
2717
9356
1907
2483
1589
4428
3082
7465
4877
8983
8928
1593
6867
1741
5739
4298
4892
977
5455
8750
610
1426
10173
9265
2002
6235
6241
3160
5288
2014
5009
4329
5493
2521
7085
10116
2443
2834
9585
2468
10606
1640
1938
2977
2503
7056
3593
5574
5300
4435
4424
3467
9882
5429
6915
2059
9599
4049
866
7493
5869
1224
2957
9117
5597
9907
320
5055
1555
1543
9680
10202
2945
7749
8241
5435
7316
8938
2658
2461
580
1429
7171
4796
3030
4364
8948
421
3275
5383
1762
5061
3428
6817
5581
4401
3022
6969
5166
7976
5282
279
499
10005
9731
9609
3776
8794
10477
10495
6526
5439
2822
2304
683
2381
8770
3151
3069
3651
2899
3331
7288
10156
9146
1054
4238
1909
10604
7385
8084
20
4295
7768
4893
3584
2502
7186
7477
6966
7500
5148
10242
8484
4654
8314
8386
383
7937
6749
5703
9237
600
4489
8893
6186
7934
2025
8074
4103
3242
8783
921
8689
7809
3168
4933
2104
5036
8828
2891
2173
8371
2261
3481
3588
3680
7334
4277
4964
9155
5241
9306
1761
4254
6810
9189
10593
5465
4185
6174
9871
5326
621
9207
5950
671
9082
3128
4674
8183
2123
3233
2431
2949
3998
4460
9631
3966
90
10251
4380
1473
4802
5793
4178
2581
7277
10367
2519
787
918
4865
7136
1500
6912
539
4812
7709
3500
5821
2933
6908
5895
5702
8506
287
2239
114
399
3454
6413
9521
5630
5253
4219
6767
1462
468
2242
7451
8086
883
10234
299
10429
9630
6189
1353
9958
1563
5468
2135
6778
5099
7750
5746
9219
1632
9035
10292
3407
9128
7170
2591
9288
10056
6426
3957
3244
7446
2352
134
1884
3330
9532
5424
5582
2492
6519
6002
10073
8481
4170
3894
8167
1520
4769
4402
1681
505
9037
9229
7604
2355
8456
1056
3777
147
7437
2613
3359
6962
823
10204
2849
9518
3414
5796
4408
8784
1419
8640
7887
3099
1331
8616
8558
1010
8122
1467
2382
10188
2992
5339
9737
7646
4165
4354
2201
9860
8141
7240
2340
6884
6654
7207
3739
10096
3526
5498
4024
7651
5623
2069
8003
4269
5182
9139
4496
5120
4593
9782
493
2013
8529
3292
179
6987
7043
1728
8665
782
5557
839
6106
1046
4648
7776
1035
5395
70
1126
5598
2979
2970
6395
8253
2565
2158
5173
7397
4652
9701
6122
6440
6866
6807
7649
9168
2570
388
8069
8027
604
5931
6693
368
2960
4550
8328
4532
8788
6256
4932
7664
4910
10167
9805
2401
9996
4316
2885
9934
9268
8966
6550
1147
4613
5587
1322
862
4733
4914
9788
3662
9513
8103
6857
3478
7444
396
8133
9195
1808
6782
6307
3477
5183
225
2686
8040
2764
4531
8218
9187
4017
8497
4348
636
10411
8671
3872
3574
5506
9660
757
9639
832
6531
6557
9816
9515
8036
5127
5709
4663
2346
2862
9992
7037
53
8800
2540
7336
6515
9253
3984
4794
6758
8734
9565
2444
6466
8736
6501
7306
8041
4255
5978
4535
6289
5020
1592
6648
1023
4686
7821
5783
3560
32
3034
9299
4863
6314
10312
9523
3525
6264
555
841
1679
6976
4938
1132
6429
7599
7201
7911
7313
5845
9606
5800
6093
10459
407
8685
9094
6617
3503
5246
4882
3805
2034
7482
1226
873
3228
4903
6045
1124
7974
5066
1003
4320
8963
6630
4237
7703
9842
10118
2985
1868
8706
8127
933
9442
1094
9084
8445
2513
5388
3006
9664
3723
2376
5589
3724
10295
1758
2995
3603
10398
180
10330
5382
7494
5375
3835
7581
2925
9789
7213
4192
5888
943
5008
3594
3699
9855
2108
1905
5652
459
2241
10467
3875
6961
7890
5243
10629
3001
3926
2926
2088
8834
4542
7786
4448
6253
1983
4151
5576
276
9050
5687
8228
10181
6062
1366
7964
5250
8293
3171
6200
4617
2129
8145
4805
482
7405
9320
5263
7960
3281
571
3836
5327
4480
2615
3250
9493
4445
1348
9613
9291
1139
1421
288
2411
8178
8995
1463
3198
8109
2893
296
9666
2061
10036
88
5370
10369
9638
2603
2296
3517
4335
10124
9460
7607
6445
10617
380
10023
7713
9031
6628
8001
7754
115
376
9418
4041
1358
9926
9894
831
2951
1062
6558
4965
9986
8547
10611
6364
4778
1701
4084
3939
10407
5027
7052
43
6900
7861
3917
1340
7961
5279
8582
10471
4656
5827
9948
6067
9505
4913
7741
5184
4245
10265
6902
9888
3935
9042
8548
2741
7378
4076
4299
4727
8643
2033
1329
9177
4836
2819
169
2689
117
7870
6888
2798
9622
7534
5936
4236
1376
1718
2898
3130
1440
8190
9650
1946
4206
7028
6016
2319
426
5644
3885
1628
3519
5085
364
755
624
3148
5192
2442
4478
6510
1995
564
4224
10233
2501
1802
3116
4246
10246
4809
4597
5298
9906
2484
2508
2293
1947
7692
665
5733
4387
4678
8226
10609
1128
295
9971
8407
1165
4619
10184
10451
10556
9795
9296
4096
3491
10315
3543
7196
7132
1877
10000
2042
7487
2826
9885
9929
9522
2560
5929
3182
9228
5762
574
6955
1137
5343
7549
5694
5747
8416
1788
7795
10465
7416
6577
6688
1396
7229
3532
301
6760
10592
1490
4514
1950
3494
307
7003
9425
2996
9123
1040
4092
7188
10111
6911
7040
6958
3843
9546
3240
7226
293
678
8259
3675
5900
9963
5310
10454
4291
1837
8781
10226
1476
8471
853
8046
693
9197
2535
3823
9818
10141
2662
10379
7070
10138
10102
24
6403
2298
2835
7158
5785
1459
2795
7633
2694
6273
5107
4599
1116
7632
2635
4650
5924
10359
8604
4569
4774
5808
8079
3913
7024
1145
4134
4256
410
4972
6380
99
8111
3740
6744
8947
4743
1187
3902
9270
1460
4133
9943
2091
1115
173
4994
3462
2773
10258
2338
3456
133
1735
7576
3751
6221
8817
9345
1391
9096
8021
10554
6660
8492
10393
6600
8339
1086
9317
6310
1005
4970
9303
7014
5982
5069
3605
9767
3816
4010
5578
9651
9131
819
2128
6286
5951
9029
10044
460
6798
3226
2155
3343
7685
9637
4998
2072
4717
1770
5012
4090
10579
7508
119
2777
4205
5311
2222
3896
10203
9792
9625
3787
5588
10539
6457
7851
3541
5149
4253
1454
10009
435
1469
3387
9249
9412
10421
9145
3011
4484
3661
5851
3474
7312
132
8239
6063
2026
2308
5984
9797
7006
2737
920
4744
4440
5876
1765
10165
6870
5943
4770
893
10113
6797
8668
5997
4087
10010
2371
9671
9531
4660
2353
7899
9223
8117
2809
6309
785
3908
9562
5516
7375
8215
57
7166
9274
197
1556
8993
3084
229
8877
793
2130
369
5764
7266
2275
3698
7980
3195
2910
8979
5047
452
8623
9636
6209
500
931
8273
8379
5337
6730
3268
5651
3040
3254
6325
3677
5434
10092
4624
9567
4897
6198
2019
6135
5007
6645
9499
717
5519
4047
4645
7950
1228
58
5273
5609
10260
7008
9627
1720
4063
4393
2012
4434
4350
696
877
7781
5690
5646
6435
8609
3990
2618
8195
10054
2094
3048
6488
3992
6599
6938
9748
9238
2476
5121
780
2153
9217
6216
1993
6850
5945
1738
7694
8200
9825
7848
1510
1451
6732
1810
3655
6476
596
3159
7832
2374
3432
1997
478
2739
3973
6596
9953
5331
8636
4057
7133
6722
7521
10553
51
1172
10171
400
632
3781
3718
5670
10148
4592
7882
2101
2331
10626
10240
4454
9984
1158
3657
8436
3471
463
3293
8953
9927
10119
10248
1479
94
8626
4113
3617
8852
4996
1661
2058
6363
3530
9272
7502
1352
8147
462
5478
2815
6934
9716
8031
7293
9710
6293
8524
5699
4050
4407
8745
8006
7516
5100
195
7537
8302
2907
6222
7045
74
10003
4639
3493
6894
7826
1255
9822
7460
1682
9048
8052
4257
9720
8193
10499
5780
138
10509
7227
754
8283
4216
4635
6597
8165
9844
948
10475
3914
5877
3771
3581
852
9583
5611
10597
9765
1789
9812
9088
10016
10284
5389
5973
6343
9851
9202
1805
10486
3373
6014
9743
7263
5769
7320
7036
1917
3589
5625
1047
1182
961
1293
5650
1814
2609
3054
2791
9608
7539
6619
7394
6925
1558
5847
5497
8644
6809
10254
1876
9648
6677
7547
7072
8151
9581
5515
7489
9500
951
4505
531
8991
5549
2961
9741
901
2389
7845
5405
8935
2682
4114
5384
3665
1982
2225
8274
562
4879
3100
1248
9280
8635
7532
2011
9414
919
4982
8011
1418
2263
5262
4441
4326
4876
9597
5399
4377
1088
3288
9137
1008
2199
7189
3803
339
7943
9138
10466
3109
8429
2096
1347
1968
9661
7457
9329
9003
7597
4368
5988
1335
2372
7410
3095
5927
7353
2202
10334
1495
5087
5524
6128
9046
10329
8172
1730
6657
8516
4853
1011
10488
6951
2584
3049
4470
4736
10182
3497
6728
2710
3736
10263
3403
9201
915
3204
4023
8632
9093
7953
1038
7393
6828
7855
5912
9454
2209
10079
6745
9075
2137
4776
2693
9210
6365
3466
8866
1779
666
524
7073
1700
3390
3037
6769
7401
5935
5407
3179
10237
4471
5459
5706
4239
3954
7253
6905
2197
441
10095
8905
3259
5442
1127
8121
1148
403
4810
8142
4491
9346
217
2044
5081
5676
10045
6078
6571
5190
4310
8071
3302
2808
2632
6229
699
1834
2433
8417
2525
7817
3388
4214
2480
4466
8816
271
7822
7407
9946
10075
6735
7995
4060
5290
8681
3164
2872
516
4983
8310
6528
3741
3849
10120
7355
6446
9758
1871
512
7435
10040
9968
10157
3639
9224
2438
894
5891
7431
8841
7195
8798
5697
6123
5538
6178
9623
9361
4182
9032
6324
9492
10414
6733
4679
8755
8180
9520
9865
4349
8764
10555
4130
6481
6043
5202
5141
5364
5457
7840
4698
1773
725
8568
612
8897
5025
4723
7864
6861
9426
3321
9226
2312
6594
6182
2345
5897
8840
10344
7735
9357
6885
6713
8068
1314
2390
2650
7152
7162
2958
8862
8470
6098
710
6956
6994
6539
7009
3335
3457
558
10149
4071
6692
4750
10415
5503
6370
10175
6099
6438
5745
7137
4094
4420
7712
7503
2928
5728
1670
6276
9974
6851
6313
844
5668
5540
8373
3068
4909
5074
4422
9539
8304
1279
8513
7338
139
4563
9447
8205
1559
425
3678
5849
89
3384
9149
8885
8198
7156
8135
7928
10299
5479
526
760
9020
6164
3420
6950
4308
549
2015
1588
6971
8023
10193
672
8489
1355
5319
5131
10280
9181
3916
4352
2466
5678
923
8986
3276
8652
8159
6786
5186
9167
7134
3575
7060
745
7278
8970
6369
947
3709
2017
9695
8585
3003
5695
5758
6939
5244
1727
3094
222
2024
2760
8418
7468
10514
9653
7544
9086
9360
10288
8287
2569
6869
1841
3396
2668
8455
5418
3631
9503
10159
9969
7083
2463
887
9640
9192
8576
4739
3553
730
5967
615
3679
10378
9283
7920
6988
9211
1407
8534
7323
8324
1192
10017
9056
2516
5743
9607
4610
8976
5054
5119
10619
7125
3812
8594
7391
8557
1129
3585
6573
3405
2887
2579
4843
1572
3241
8807
392
2705
7519
8463
10126
9688
7346
10485
1341
7154
6412
8037
3725
3143
10624
3615
7275
5835
695
7591
5278
10196
1527
298
568
5411
2749
9322
308
2203
6576
9759
9886
4077
2490
4203
5312
3965
6653
7259
1726
3132
2599
10360
4835
5387
4359
3556
8768
4691
3750
5441
2659
10069
8243
8067
8355
9994
218
950
6562
3402
5294
2994
5024
4013
4912
4854
8971
6975
9749
2769
4012
3862
4991
7455
5467
1662
2264
8693
4160
4406
1070
1822
2857
129
2300
9551
7555
4392
6480
5313
630
5727
2047
4211
9430
7605
9768
7440
4653
8378
1602
620
1372
5853
8072
3905
2054
4790
9702
10089
4857
9564
7370
5177
5385
5128
987
5305
5355
7662
2176
3186
783
5914
10262
10496
1310
7901
7271
2505
1271
3964
8047
4780
9184
5341
2420
10363
8662
1636
8231
4346
2804
7612
7289
2271
9151
2375
10291
547
4223
8898
2539
3133
4015
453
4104
6379
9881
8000
4631
5817
7333
8980
17
7122
965
9134
9509
10314
3728
8707
9975
4551
9220
7187
7417
2873
8377
4418
5323
1113
5527
5137
2529
315
2187
49
7215
1818
3106
9942
9227
697
6823
8654
9796
6742
7645
9185
9545
10341
4927
2157
6899
7966
8836
6585
5889
2759
1898
9524
2467
9214
8112
8066
4533
7504
686
6763
5044
590
6296
3975
9823
274
366
3783
5661
9215
7647
4946
788
4616
3101
212
9682
1985
9745
1571
1740
7035
7359
5859
10241
2330
5685
9077
4607
6270
6796
7198
3441
4143
6258
4667
10460
3513
9921
3078
232
7771
10417
7430
9321
7698
4014
8329
1285
3473
7569
3208
4250
3045
9809
4512
8858
7023
6032
4954
2562
8603
2534
6686
9990
2536
916
4793
9380
707
8019
7256
5649
1634
2160
1125
772
740
5460
9080
6801
4384
1118
4664
3649
1244
4463
7811
9406
2833
3214
8749
5799
2813
4534
6143
2868
5744
8130
7725
6990
7208
5755
9326
7865
2207
5438
2422
1932
9206
4630
9764
2180
3313
5501
3873
6503
6392
10245
2494
9287
6049
7366
432
237
3507
10413
9172
9282
5715
2780
393
744
1723
3613
1198
5776
118
10277
9133
7871
7520
557
7279
1865
5884
9154
882
9507
10128
9293
7483
5953
553
3126
7813
1612
3646
6060
404
8663
413
8092
3272
5641
1783
10608
6989
7896
542
10130
9158
573
7181
9034
3889
2218
10406
9241
8403
8842
1549
2551
10453
1746
3972
6637
10310
8050
7283
1981
6636
988
9222
8746
8394
2040
1911
9333
8383
5892
6887
8782
5306
4730
3351
5270
1061
8649
1944
4097
363
6882
2627
5529
9600
1930
6788
10307
7169
10585
9429
5873
1501
4325
6586
6736
7032
6836
371
8475
3710
8053
2687
1122
1093
10422
1409
1491
4987
8731
6217
6175
4494
2029
8950
8388
3051
10559
9679
8232
5513
4186
9464
7673
4929
4566
5487
3039
4629
9980
598
6724
6081
10059
10132
9349
175
2736
6921
9301
8420
3187
2383
2966
8844
8927
8578
7666
7616
858
2208
2546
7924
4804
1371
3383
2384
4446
6983
9203
3857
5753
1055
1297
1327
652
2009
8762
10346
4602
6257
8327
3735
2644
3308
9941
3000
10458
609
9081
9490
6678
10082
9111
7863
6757
7400
7212
3934
9079
8747
2806
6390
1766
9598
6848
9230
8999
8087
4825
11
4633
9324
1668
7121
4989
4725
10572
5567
3977
7203
4961
554
9665
7782
10303
5150
6180
838
8527
200
9791
7579
8123
10566
10392
6779
2489
8554
7720
10275
10627
1538
2369
2114
8013
7779
10222
897
8521
7180
6459
8286
4297
5622
9839
6442
344
10502
8921
7343
6298
7618
5334
10046
7250
5038
5060
9875
5765
1215
9257
668
2586
9601
5227
6704
2719
4395
7642
9558
9231
3042
10087
5656
4705
9903
3329
4759
9063
1886
7827
3945
8686
3223
5483
3322
6820
3858
3224
7108
1042
3824
8335
10296
6368
520
9144
9944
5721
854
5079
3810
8091
7217
2313
9874
7804
2057
1991
7280
1096
10600
4661
10177
9784
9332
3907
2113
3796
4755
8160
4081
6631
10473
2322
5271
4432
765
4022
9071
8326
9940
2488
168
8859
5806
9242
6212
7029
4332
480
6393
8851
5220
3361
806
1854
7496
4546
2590
7643
4576
8
3720
4179
4975
5084
8545
6570
9318
2931
9471
3152
6290
8930
8446
7245
7959
535
8482
10491
10433
7026
8494
9422
545
2526
9732
2630
8724
256
4588
5981
1131
5058
1308
1980
6311
379
7327
7507
433
2149
1753
3098
8443
3571
540
6706
10098
3688
1
5136
1227
9573
7179
3924
381
3768
9628
8538
10480
2701
3063
1458
6282
4716
5520
753
7513
5899
7999
3874
8700
878
10400
7081
9840
6485
4908
2783
6419
10352
1351
7102
7116
2174
10271
3592
4622
305
5752
8589
7424
1164
2753
7948
3362
1801
10526
7193
6162
6952
6144
9311
2067
4915
6970
8628
227
10328
8634
2172
1299
6339
9327
1270
4718
9338
10455
6996
3218
7447
6542
4073
9309
2821
261
1966
3303
4242
10035
8564
8583
6074
2646
5570
9358
5193
5686
995
6048
2848
65
1107
4925
3550
4615
1929
1832
7281
5692
6715
4614
7005
6041
3463
7232
7225
6829
6532
5236
6071
10300
5969
9883
3136
4341
764
5871
1505
2802
3853
4548
1693
375
8826
6578
1675
627
5259
4990
2031
6587
1178
5563
4840
6202
7637
4681
8811
8683
2485
3485
8646
1608
1878
7967
7058
10580
5063
7044
7219
3229
1594
4158
9698
4201
7107
8163
3465
5114
6768
2181
10021
4856
3258
3512
39
10028
7559
9246
1193
3376
9535
6140
6348
87
8139
4261
2655
7566
8026
6037
4658
570
6719
10133
8219
4571
8474
9054
2385
7220
503
6487
10293
2220
4317
2820
7340
6120
5088
3806
8260
6461
2056
1264
3169
1809
9278
3619
7174
9118
9024
3115
7423
5777
3341
619
8367
9588
8085
7138
2715
9747
448
8535
3033
6194
7523
9699
5770
10532
4342
3304
8131
3382
1024
2471
3632
6038
10007
8094
4702
6013
2837
5872
2244
4735
3572
4410
6608
356
8395
8004
6061
2062
4522
8612
10297
4605
6727
1114
7092
1698
10538
4497
1705
3510
4068
1194
9259
8517
8812
5019
928
5354
7981
9641
7270
4791
10121
662
9614
9085
2111
8320
9439
10267
6498
1464
1033
312
5344
8664
414
5823
742
3499
7784
1209
3043
4189
5659
5396
1196
7983
741
7794
8104
10416
4870
3545
7246
5113
1652
9656
8447
9245
1292
4243
6536
7512
314
7556
487
3815
1715
3981
8032
30
8712
1181
8562
2730
635
3937
8823
8561
6420
6089
2360
