311
436
226
95
113
509
452
168
215
287
88
259
368
119
158
207
282
145
373
63
376
166
51
377
260
421
324
465
148
140
353
200
208
274
349
144
461
296
154
281
369
428
472
249
305
479
513
515
462
232
194
318
346
354
270
8
225
360
308
468
151
487
271
231
263
375
241
170
392
467
191
382
488
37
357
246
159
224
416
290
276
381
413
460
123
366
407
190
254
89
126
120
30
432
136
464
417
447
352
128
127
146
36
202
255
355
153
295
272
64
57
227
101
408
412
312
74
132
440
361
510
129
11
135
499
521
476
454
118
319
469
77
90
2
451
424
350
523
474
267
87
470
130
496
54
426
423
245
107
328
494
117
21
306
518
338
289
206
257
164
402
5
322
163
278
466
302
333
458
430
473
449
121
99
81
102
478
173
147
265
7
47
105
477
388
298
228
307
519
505
73
152
489
442
411
273
264
212
150
85
418
22
53
415
427
351
176
409
91
258
516
79
342
221
396
68
385
222
187
471
124
106
419
269
400
524
448
297
219
520
43
66
330
75
252
348
394
399
50
506
331
72
33
52
211
239
484
46
344
235
495
455
310
103
526
204
253
174
335
213
185
44
209
210
