1.1179999113082886,0.9890000820159912,1.128000259399414
1.0789998769760132,0.9940000772476196,1.1280001401901245
1.2339999675750732,0.9950000643730164,1.1279996633529663
1.125,0.9910001158714294,1.1280001401901245
1.0360000133514404,0.9950000643730164,1.128000020980835
1.0810000896453857,0.9950000643730164,1.1280001401901245
1.0730000734329224,0.9950000643730164,1.1279999017715454
1.1540000438690186,0.9910000562667847,1.1280001401901245
1.4269999265670776,0.987000048160553,1.1279999017715454
1.098000168800354,0.9950000643730164,1.1279996633529663
1.4530001878738403,0.9890000820159912,1.1279999017715454
1.2660001516342163,0.9900000691413879,1.1279997825622559
1.2670000791549683,0.9900001287460327,1.128000020980835
1.062999963760376,0.9950000643730164,1.1279997825622559
1.0619999170303345,0.9950000643730164,1.1279996633529663
1.1080001592636108,0.9900000095367432,1.1280001401901245
1.0550000667572021,0.9950000643730164,1.1279997825622559
1.0550000667572021,0.9950000643730164,1.128000259399414
1.100000023841858,0.9950000643730164,1.1279999017715454
1.0579999685287476,0.9950000643730164,1.128000020980835
1.059999942779541,0.9950000643730164,1.128000259399414
1.1369999647140503,0.9940000772476196,1.128000020980835
1.063999891281128,0.9950000643730164,1.128000020980835
1.0509998798370361,0.9950000643730164,1.128000259399414
1.055999994277954,0.9910000562667847,1.1279999017715454
1.024999976158142,0.9950000643730164,1.1279999017715454
1.0459998846054077,0.9900001287460327,1.128000020980835
1.0440000295639038,0.9950000643730164,1.128000020980835
1.0290000438690186,0.9950000643730164,1.1279997825622559
1.0540000200271606,0.9910001158714294,1.1279997825622559
1.0299999713897705,0.9950000643730164,1.1279997825622559
1.0290000438690186,0.9950000643730164,1.1279997825622559
