1.040908694267273,0.9500000476837158,1.0906269550323486
1.0220800638198853,0.9750000238418579,1.0679707527160645
1.0199999809265137,0.9800000190734863,1.1689083576202393
1.0363308191299438,0.9550000429153442,1.0734394788742065
1.024999976158142,0.9750000238418579,1.0321894884109497
1.0199999809265137,0.9800000190734863,1.0378146171569824
1.024999976158142,0.9750000238418579,1.0326581001281738
1.03256356716156,0.9600000381469727,1.2404707670211792
1.0365673303604126,0.940000057220459,1.8423457145690918
1.0199999809265137,0.9800000190734863,1.0687519311904907
1.038329839706421,0.9550000429153442,1.6276582479476929
1.0374572277069092,0.9550000429153442,1.6550019979476929
1.0287507772445679,0.9550000429153442,1.4220331907272339
1.0199999809265137,0.9800000190734863,1.0440644025802612
1.0199999809265137,0.9800000190734863,1.0320332050323486
1.0422639846801758,0.9500000476837158,1.2250019311904907
1.0199999809265137,0.9800000190734863,1.0242207050323486
1.024999976158142,0.9750000238418579,1.0335958003997803
1.0199999809265137,0.9800000190734863,1.0520331859588623
1.024999976158142,0.9750000238418579,1.0390644073486328
1.024999976158142,0.9750000238418579,1.034376859664917
1.0221220254898071,0.9750000238418579,1.0420331954956055
1.024999976158142,0.9750000238418579,1.0250020027160645
1.0199999809265137,0.9800000190734863,1.0476582050323486
1.0354321002960205,0.9550000429153442,1.165783166885376
1.0199999809265137,0.9800000190734863,1.0259395837783813
1.0386472940444946,0.9550000429153442,1.0684394836425781
1.024999976158142,0.9750000238418579,1.0306270122528076
1.0199999809265137,0.9800000190734863,1.029064416885376
1.0363308191299438,0.9550000429153442,1.0714082717895508
1.024999976158142,0.9750000238418579,1.043283224105835
1.024999976158142,0.9750000238418579,1.0121893882751465
