1.035908579826355,0.9550000429153442,1.0875020027160645
1.0220800638198853,0.9750000238418579,1.0679707527160645
1.0199999809265137,0.9800000190734863,1.1689083576202393
1.0313308238983154,0.9600000381469727,1.0735957622528076
1.0199999809265137,0.9800000190734863,1.0323456525802612
1.024999976158142,0.9750000238418579,1.0435959100723267
1.024999976158142,0.9750000238418579,1.0326581001281738
1.0375635623931885,0.9550000429153442,1.230939507484436
1.0328145027160645,0.9500000476837158,1.8340644836425781
1.0199999809265137,0.9800000190734863,1.0687519311904907
1.0406477451324463,0.9500000476837158,1.6550019979476929
1.0374572277069092,0.9550000429153442,1.6550019979476929
1.0323158502578735,0.9550000429153442,1.442033290863037
1.024999976158142,0.9750000238418579,1.0426582098007202
1.0199999809265137,0.9800000190734863,1.0320332050323486
1.0372639894485474,0.9550000429153442,1.2257832288742065
1.0199999809265137,0.9800000190734863,1.0242207050323486
1.0199999809265137,0.9800000190734863,1.0292208194732666
1.0199999809265137,0.9800000190734863,1.0520331859588623
1.024999976158142,0.9750000238418579,1.038439393043518
1.024999976158142,0.9750000238418579,1.0348455905914307
1.0271220207214355,0.9700000286102295,1.0714081525802612
1.024999976158142,0.9750000238418579,1.0235956907272339
1.024999976158142,0.9750000238418579,1.0459394454956055
1.030432105064392,0.9600000381469727,1.1675019264221191
1.0199999809265137,0.9800000190734863,1.0259395837783813
1.0409085750579834,0.9500000476837158,1.0673457384109497
1.024999976158142,0.9750000238418579,1.0306270122528076
1.024999976158142,0.9750000238418579,1.0278143882751465
1.0363308191299438,0.9550000429153442,1.0712519884109497
1.024999976158142,0.9750000238418579,1.043439507484436
1.024999976158142,0.9750000238418579,1.0129706859588623
