1.0354737043380737,0.9550000429153442,1.1185120344161987
1.0354737043380737,0.9550000429153442,1.1211320161819458
1.0503356456756592,0.8849999904632568,3.224882125854492
1.0320017337799072,0.9650000333786011,1.2626219987869263
1.0306593179702759,0.9600000381469727,1.565932035446167
1.0361536741256714,0.9500000476837158,1.1915019750595093
1.036550760269165,0.9500000476837158,1.186702013015747
1.0303244590759277,0.9600000381469727,1.6207120418548584
1.0339902639389038,0.9550000429153442,1.217221975326538
1.0440491437911987,0.9300000667572021,1.4006320238113403
1.0463407039642334,0.940000057220459,1.155392050743103
1.0416454076766968,0.9500000476837158,1.3422420024871826
1.0416454076766968,0.9500000476837158,1.3422420024871826
1.0476266145706177,0.9250000715255737,2.0297319889068604
1.0498825311660767,0.9200000762939453,2.003551959991455
1.1377346515655518,0.675000011920929,4.404232025146484
1.0310888290405273,0.9550000429153442,1.6017919778823853
1.0279462337493896,0.9700000286102295,1.102571964263916
1.0274097919464111,0.9500000476837158,1.5669920444488525
1.0199999809265137,0.9800000190734863,1.037611961364746
1.024999976158142,0.9750000238418579,1.075011968612671
1.024999976158142,0.9750000238418579,1.098512053489685
1.024444580078125,0.9700000286102295,1.1981920003890991
1.024999976158142,0.9750000238418579,1.1522119045257568
1.0262531042099,0.9700000286102295,1.2171919345855713
1.0529296398162842,0.8399999737739563,2.45428204536438
1.0468658208847046,0.9350000619888306,1.59853196144104
1.038164496421814,0.940000057220459,1.6713321208953857
1.0298699140548706,0.9550000429153442,2.1226022243499756
1.0500842332839966,0.9200000762939453,1.778771996498108
1.0281412601470947,0.9650000333786011,1.1588319540023804
1.0344674587249756,0.9550000429153442,1.422652006149292
1.0463576316833496,0.9250000715255737,2.036222219467163
1.0841314792633057,0.8450000286102295,3.0787322521209717
1.0472300052642822,0.9300000667572021,1.592851996421814
1.0509172677993774,0.9100000262260437,1.7106220722198486
1.0703080892562866,0.8550000190734863,2.448361873626709
1.0468878746032715,0.9500000476837158,1.2340821027755737
1.0468878746032715,0.9500000476837158,1.2340821027755737
1.06121027469635,0.8349999785423279,2.7540218830108643
1.0524048805236816,0.8650000095367432,2.7097020149230957
1.0340280532836914,0.9450000524520874,1.4936920404434204
1.049024224281311,0.8850000500679016,3.690701961517334
1.0340237617492676,0.9500000476837158,2.0443520545959473
1.044095754623413,0.9450000524520874,1.1853220462799072
1.1139073371887207,0.7250000238418579,4.074112415313721
1.0419660806655884,0.9500000476837158,1.2267420291900635
1.0260440111160278,0.9700000286102295,1.0744519233703613
1.0293667316436768,0.9600000381469727,1.238922119140625
1.042358636856079,0.9250000715255737,1.7012220621109009
1.024999976158142,0.9750000238418579,1.131011962890625
1.0278098583221436,0.9650000333786011,1.2617920637130737
1.0660498142242432,0.8450000286102295,2.514702081680298
1.0447278022766113,0.9350000619888306,1.8321919441223145
1.044801115989685,0.9300000667572021,1.8686720132827759
1.0406200885772705,0.9350000619888306,1.4544720649719238
1.024214506149292,0.9650000333786011,1.1566219329833984
1.0267120599746704,0.9700000286102295,1.131492018699646
1.0396654605865479,0.940000057220459,1.5722719430923462
1.024999976158142,0.9750000238418579,1.0297719240188599
1.0452111959457397,0.9250000715255737,1.8818920850753784
1.0396957397460938,0.9350000619888306,1.7894819974899292
1.0477627515792847,0.9350000619888306,1.2669419050216675
1.0248814821243286,0.9700000286102295,1.2516419887542725
1.0498425960540771,0.9200000762939453,1.8742320537567139
1.0267326831817627,0.9700000286102295,1.1580519676208496
1.0258257389068604,0.9700000286102295,1.1402320861816406
1.0413541793823242,0.9250000715255737,2.208172082901001
1.031982421875,0.9500000476837158,1.4690121412277222
1.024999976158142,0.9750000238418579,1.0766619443893433
1.024999976158142,0.9750000238418579,1.0353319644927979
1.0199999809265137,0.9800000190734863,1.1330020427703857
1.04342520236969,0.9350000619888306,1.2986420392990112
1.047701120376587,0.9350000619888306,1.7418221235275269
1.026986837387085,0.9700000286102295,1.1205520629882812
1.0268950462341309,0.9650000333786011,1.2236319780349731
1.037175178527832,0.9250000715255737,1.9264320135116577
1.0382784605026245,0.940000057220459,1.3500720262527466
1.0269733667373657,0.9700000286102295,1.1225420236587524
1.0288136005401611,0.9650000333786011,1.217702031135559
1.0467793941497803,0.9500000476837158,1.195072054862976
1.024999976158142,0.9750000238418579,1.1444618701934814
1.027871012687683,0.9650000333786011,1.2028520107269287
1.024999976158142,0.9750000238418579,1.236881971359253
1.0437240600585938,0.9250000715255737,2.039492130279541
1.0570493936538696,0.880000114440918,2.554762363433838
1.024999976158142,0.9750000238418579,1.1224719285964966
1.0385432243347168,0.9500000476837158,1.2458618879318237
1.024999976158142,0.9750000238418579,1.1427420377731323
1.024999976158142,0.9750000238418579,1.0629920959472656
1.0388168096542358,0.9550000429153442,1.3195720911026
1.03242027759552,0.9600000381469727,1.4091919660568237
1.024999976158142,0.9750000238418579,1.0820319652557373
1.024999976158142,0.9750000238418579,1.0421720743179321
1.0444068908691406,0.9500000476837158,1.3669320344924927
1.042387843132019,0.9550000429153442,1.217121958732605
1.024999976158142,0.9750000238418579,1.0717520713806152
1.0242583751678467,0.9650000333786011,1.2382320165634155
1.0443272590637207,0.940000057220459,1.2751920223236084
1.024999976158142,0.9750000238418579,1.0450319051742554
1.0442557334899902,0.9250000715255737,1.294822096824646
1.0391689538955688,0.940000057220459,1.25832200050354
1.0540968179702759,0.9150000810623169,1.3135918378829956
1.0538041591644287,0.8900001049041748,2.1645920276641846
1.0421414375305176,0.9500000476837158,1.1555019617080688
1.0420085191726685,0.9050000309944153,2.5971522331237793
1.052512288093567,0.8750001192092896,2.7592122554779053
1.0725759267807007,0.8750001192092896,2.942012071609497
1.0370903015136719,0.9550000429153442,1.2596120834350586
1.0353446006774902,0.9450000524520874,1.8049720525741577
1.0231101512908936,0.9700000286102295,1.246932029724121
1.0295226573944092,0.9700000286102295,1.0627219676971436
1.0316894054412842,0.9500000476837158,1.4018319845199585
1.036811351776123,0.9450000524520874,1.2854219675064087
1.029350996017456,0.9600000381469727,1.1484520435333252
1.0224745273590088,0.9750000238418579,1.1430619955062866
1.0373625755310059,0.9450000524520874,1.4779020547866821
1.0664454698562622,0.9250000715255737,1.3270519971847534
1.0695466995239258,0.9200000762939453,1.3381919860839844
1.024999976158142,0.9750000238418579,1.0692319869995117
1.036699652671814,0.9500000476837158,1.6900219917297363
1.0395195484161377,0.9300000667572021,1.5471220016479492
1.0474658012390137,0.9100000262260437,1.5563020706176758
1.0336283445358276,0.9600000381469727,1.2397419214248657
1.07822585105896,0.8550000190734863,1.9318420886993408
1.0455282926559448,0.9250000715255737,1.6317620277404785
1.0258005857467651,0.9700000286102295,1.2452319860458374
1.0613099336624146,0.9200000762939453,2.4471020698547363
1.0664024353027344,0.9100000858306885,2.5279619693756104
1.024999976158142,0.9750000238418579,1.1262120008468628
1.0275797843933105,0.9650000333786011,1.1743019819259644
1.0504467487335205,0.9200000762939453,1.9244920015335083
1.0445622205734253,0.9300000667572021,1.9598621129989624
1.0777159929275513,0.8500000834465027,2.304651975631714
1.0394268035888672,0.9350000619888306,1.2410118579864502
1.0353819131851196,0.940000057220459,1.5802019834518433
1.065394401550293,0.8850001096725464,2.269972085952759
1.0316787958145142,0.9600000381469727,1.4808320999145508
1.047451138496399,0.9150000810623169,1.935811996459961
1.0727884769439697,0.9250000715255737,1.2803720235824585
1.0684229135513306,0.9300000667572021,1.2844021320343018
1.024999976158142,0.9750000238418579,1.119292140007019
1.02584707736969,0.9550000429153442,1.7170219421386719
1.0286633968353271,0.9650000333786011,1.193801999092102
1.0545270442962646,0.9100000858306885,1.5503020286560059
1.0325931310653687,0.9350000619888306,2.1276021003723145
1.0365334749221802,0.9350000619888306,2.0304818153381348
1.028098702430725,0.9700000286102295,1.126531958580017
1.03825843334198,0.9150000810623169,1.9197521209716797
1.0274914503097534,0.9650000333786011,1.4080820083618164
1.042637586593628,0.9500000476837158,1.3363419771194458
1.028460144996643,0.9600000381469727,2.136971950531006
1.024999976158142,0.9750000238418579,1.0751218795776367
1.024999976158142,0.9750000238418579,1.19064199924469
1.0449016094207764,0.9350000619888306,1.6012619733810425
1.0311111211776733,0.9600000381469727,1.4161220788955688
1.03339684009552,0.9650000333786011,1.165421962738037
1.0261309146881104,0.9700000286102295,1.1977919340133667
1.0501147508621216,0.9300000667572021,1.5135021209716797
1.0471023321151733,0.9300000667572021,1.471571922302246
1.069666862487793,0.9100000858306885,1.588122010231018
1.0609759092330933,0.9050000905990601,1.8372220993041992
1.0538815259933472,0.9250000715255737,1.4059720039367676
1.0457990169525146,0.940000057220459,1.3905519247055054
1.0417239665985107,0.9450000524520874,1.4833019971847534
1.0638411045074463,0.9000000953674316,1.7963919639587402
1.0661948919296265,0.9050000309944153,2.128622055053711
1.066823959350586,0.9000000953674316,1.9536620378494263
1.0271657705307007,0.9550000429153442,1.3509219884872437
1.0452519655227661,0.9200000762939453,1.8604520559310913
1.0273786783218384,0.9650000333786011,1.2492520809173584
1.024999976158142,0.9750000238418579,1.098352074623108
1.0266697406768799,0.9700000286102295,1.220621943473816
1.0298489332199097,0.9650000333786011,1.1764320135116577
1.031793475151062,0.9600000381469727,1.2754520177841187
1.0529143810272217,0.9100000858306885,1.390071988105774
1.0387989282608032,0.9450000524520874,1.2951220273971558
1.0550510883331299,0.9200000762939453,1.3232020139694214
1.0685622692108154,0.9000000953674316,1.346601963043213
1.0199999809265137,0.9800000190734863,1.0608220100402832
1.0346505641937256,0.9500000476837158,1.783042073249817
1.024999976158142,0.9750000238418579,1.0539720058441162
1.029215931892395,0.9600000381469727,1.372372031211853
1.0359936952590942,0.9450000524520874,1.3600620031356812
1.0349019765853882,0.9500000476837158,1.6791020631790161
1.0436772108078003,0.9150000810623169,1.8222219944000244
1.0312877893447876,0.9600000381469727,1.3161919116973877
1.0309044122695923,0.9600000381469727,1.5963619947433472
1.0450044870376587,0.9300000667572021,1.3379219770431519
1.045482873916626,0.9200000762939453,1.9279320240020752
1.026500940322876,0.9650000333786011,1.2961019277572632
1.0619738101959229,0.8750000596046448,2.6709518432617188
1.0288760662078857,0.9650000333786011,1.2880719900131226
1.0487093925476074,0.9000000953674316,2.416532039642334
1.0270150899887085,0.9700000286102295,1.2352418899536133
1.024999976158142,0.9750000238418579,1.10578191280365
1.0621082782745361,0.8899999856948853,2.5734519958496094
1.0320079326629639,0.9600000381469727,1.2127419710159302
1.0586470365524292,0.9300000667572021,1.5300220251083374
1.0517783164978027,0.9350000619888306,1.524731993675232
1.0535311698913574,0.9300000667572021,1.5732320547103882
1.0407365560531616,0.9300000667572021,1.5209319591522217
1.0504000186920166,0.9050000905990601,1.8882020711898804
1.0658859014511108,0.8850001096725464,1.8533719778060913
1.029882550239563,0.9600000381469727,1.2113020420074463
1.0272271633148193,0.9700000286102295,1.2367019653320312
1.029183030128479,0.9600000381469727,1.4854618310928345
1.0264633893966675,0.9700000286102295,1.0923120975494385
1.024999976158142,0.9750000238418579,1.0559020042419434
1.0828901529312134,0.8600000739097595,3.401142120361328
1.0581684112548828,0.9250000715255737,2.481112003326416
1.0296224355697632,0.9650000333786011,1.1239219903945923
1.0520936250686646,0.9200000762939453,1.5287619829177856
1.0393667221069336,0.9500000476837158,1.155142068862915
1.031561255455017,0.9550000429153442,1.5430121421813965
1.0770914554595947,0.8600000143051147,1.7291818857192993
1.0315743684768677,0.9550000429153442,1.5270919799804688
1.0320395231246948,0.9550000429153442,1.3078720569610596
1.0461647510528564,0.9150000810623169,1.5760120153427124
1.0284191370010376,0.9650000333786011,1.5578720569610596
1.0331554412841797,0.9500000476837158,1.7364319562911987
1.0258021354675293,0.9650000333786011,1.3596420288085938
1.0370899438858032,0.9550000429153442,1.1682319641113281
1.041216254234314,0.9350000619888306,1.630202054977417
1.05581796169281,0.9000000953674316,1.9663020372390747
1.0368443727493286,0.9500000476837158,1.2547919750213623
1.037402868270874,0.9350000619888306,1.6733620166778564
1.0302261114120483,0.9650000333786011,1.1118119955062866
1.0336568355560303,0.9550000429153442,1.1217119693756104
1.0405205488204956,0.9350000619888306,1.399392008781433
1.0326155424118042,0.9500000476837158,1.517421841621399
1.024999976158142,0.9750000238418579,1.0880520343780518
1.0509073734283447,0.9300000667572021,1.5966218709945679
1.042819857597351,0.9350000619888306,1.5266419649124146
1.0401685237884521,0.9450000524520874,1.6255320310592651
1.0371477603912354,0.940000057220459,1.563722014427185
1.0391331911087036,0.9200000762939453,2.810202121734619
1.031996726989746,0.9650000333786011,1.1386120319366455
1.033889651298523,0.9500000476837158,1.2921820878982544
1.0492171049118042,0.9200000762939453,1.5194919109344482
1.0444434881210327,0.9350000619888306,1.8812520503997803
1.0331261157989502,0.9550000429153442,1.3161720037460327
1.031428575515747,0.9600000381469727,1.3815720081329346
1.0279090404510498,0.9650000333786011,1.5280319452285767
1.0304977893829346,0.9650000333786011,1.1702120304107666
1.026584267616272,0.9700000286102295,1.100111961364746
1.050199031829834,0.9300000667572021,1.4964619874954224
1.057590126991272,0.9000000953674316,1.6597319841384888
1.0347874164581299,0.9500000476837158,1.196802020072937
1.038671612739563,0.9450000524520874,1.351591944694519
1.028813123703003,0.9550000429153442,1.2168619632720947
1.0349329710006714,0.9550000429153442,1.0918118953704834
1.0575120449066162,0.8750000596046448,2.5358119010925293
1.0328123569488525,0.9600000381469727,1.2159419059753418
1.0443452596664429,0.9300000667572021,1.2245819568634033
1.0414319038391113,0.940000057220459,1.4918619394302368
1.0402413606643677,0.9300000071525574,2.03780198097229
1.0426087379455566,0.9550000429153442,1.16690194606781
1.0526752471923828,0.9200000762939453,1.441011905670166
1.024999976158142,0.9750000238418579,1.1094720363616943
1.0433903932571411,0.9350000619888306,1.4889919757843018
1.0332469940185547,0.9550000429153442,1.3002618551254272
1.024999976158142,0.9750000238418579,1.2149220705032349
1.0494831800460815,0.9300000667572021,1.6973320245742798
1.0443012714385986,0.9200000762939453,1.7495919466018677
1.0432732105255127,0.9550000429153442,1.2830220460891724
1.0287688970565796,0.9700000286102295,1.094241976737976
1.029881238937378,0.9650000333786011,1.1221119165420532
1.024999976158142,0.9750000238418579,1.1084420680999756
1.044350266456604,0.940000057220459,1.1951420307159424
1.0293517112731934,0.9600000381469727,1.478472113609314
1.0497806072235107,0.9100000262260437,2.0931921005249023
1.037892460823059,0.9500000476837158,1.1900520324707031
1.0614540576934814,0.8499999642372131,2.601422071456909
1.0320464372634888,0.9600000381469727,1.1510820388793945
1.0199999809265137,0.9800000190734863,1.0390419960021973
1.0271350145339966,0.9700000286102295,1.1634119749069214
1.0248706340789795,0.9700000286102295,1.1061820983886719
1.0391771793365479,0.9150000810623169,2.1703319549560547
1.0713181495666504,0.8400000333786011,2.6737120151519775
1.027097463607788,0.9650000333786011,1.434662103652954
1.0273807048797607,0.9650000333786011,1.3151720762252808
1.0296790599822998,0.9600000381469727,1.2974320650100708
1.0624157190322876,0.8950001001358032,1.5867120027542114
1.050741195678711,0.9350000619888306,1.584981918334961
1.024999976158142,0.9750000238418579,1.1347719430923462
1.024999976158142,0.9750000238418579,1.0929019451141357
1.0624524354934692,0.8700000643730164,1.7615820169448853
1.0312626361846924,0.9550000429153442,1.207862138748169
1.032321572303772,0.9550000429153442,1.491442084312439
1.041426658630371,0.9350000023841858,1.7435020208358765
1.0496232509613037,0.9250000715255737,2.3487720489501953
1.0617077350616455,0.9000000953674316,2.2035419940948486
1.0661486387252808,0.8800000548362732,2.686422109603882
1.021429181098938,0.9750000238418579,1.1205220222473145
1.03709876537323,0.9450000524520874,1.4084819555282593
1.0280823707580566,0.9550000429153442,1.6450520753860474
1.0283825397491455,0.9650000333786011,1.1899019479751587
1.0419654846191406,0.9350000619888306,2.0181422233581543
1.0731446743011475,0.8499999642372131,3.2590320110321045
1.0584019422531128,0.9050000905990601,1.8464020490646362
1.0541679859161377,0.8950001001358032,2.0151619911193848
1.0273569822311401,0.9700000286102295,1.32259202003479
1.039049744606018,0.9500000476837158,1.3478820323944092
1.044680118560791,0.9300000667572021,1.9504520893096924
1.0328505039215088,0.9600000381469727,1.2477619647979736
1.0448248386383057,0.9300000667572021,1.6214721202850342
1.0338635444641113,0.9500000476837158,1.4990519285202026
1.0602807998657227,0.9000000953674316,2.0041520595550537
1.043449878692627,0.940000057220459,1.4420820474624634
1.0510128736495972,0.9250000715255737,1.6381620168685913
1.0458984375,0.9200000762939453,1.696861982345581
1.0548778772354126,0.8900001049041748,2.0237321853637695
1.0380874872207642,0.9450000524520874,1.5920521020889282
1.0384669303894043,0.9500000476837158,1.2903920412063599
1.044867753982544,0.9350000619888306,2.372472047805786
1.0199999809265137,0.9800000190734863,1.0853420495986938
1.0554797649383545,0.9000000357627869,2.62197208404541
1.038385272026062,0.9500000476837158,1.4933619499206543
1.028061866760254,0.9700000286102295,1.074652075767517
1.0437829494476318,0.940000057220459,1.6341618299484253
1.0308672189712524,0.9550000429153442,1.6742819547653198
1.0293523073196411,0.9650000333786011,1.1865519285202026
1.033501386642456,0.940000057220459,1.623932123184204
1.0290563106536865,0.9600000381469727,1.2852119207382202
1.0285416841506958,0.9650000333786011,1.423341989517212
1.0303572416305542,0.9600000381469727,1.2532520294189453
1.0284732580184937,0.9500000476837158,2.016822099685669
1.0299253463745117,0.9650000333786011,1.2360620498657227
1.0436185598373413,0.9500000476837158,1.1812020540237427
1.024999976158142,0.9750000238418579,1.051901936531067
1.024999976158142,0.9750000238418579,1.1328920125961304
1.0283234119415283,0.9650000333786011,1.1371819972991943
1.072480320930481,0.9250000715255737,1.2844021320343018
1.029536247253418,0.9700000286102295,1.0584219694137573
1.0263335704803467,0.9700000286102295,1.5231220722198486
1.024999976158142,0.9750000238418579,1.1769120693206787
1.0458909273147583,0.925000011920929,2.039102077484131
1.024999976158142,0.9750000238418579,1.0675020217895508
1.0265971422195435,0.9700000286102295,1.1689519882202148
1.027503252029419,0.9700000286102295,1.321202039718628
1.024999976158142,0.9750000238418579,1.0381519794464111
1.0281903743743896,0.9650000333786011,1.2624319791793823
1.0368521213531494,0.9550000429153442,1.3447020053863525
1.024999976158142,0.9750000238418579,1.1807219982147217
1.0308711528778076,0.9600000381469727,1.296112060546875
1.0352073907852173,0.9450000524520874,1.6276819705963135
1.0369336605072021,0.9450000524520874,1.4718620777130127
1.0484950542449951,0.9100000858306885,1.7450120449066162
1.045066475868225,0.9350000619888306,1.2867419719696045
1.0297185182571411,0.9650000333786011,1.1644819974899292
1.0341461896896362,0.9450000524520874,1.7731419801712036
1.042285442352295,0.9350000619888306,1.5650421380996704
1.0414843559265137,0.940000057220459,1.4138219356536865
1.024999976158142,0.9750000238418579,1.0766820907592773
1.0331497192382812,0.9650000333786011,1.1474720239639282
1.024999976158142,0.9750000238418579,1.0543320178985596
1.064320683479309,0.8850000500679016,2.3721017837524414
1.0273414850234985,0.9700000286102295,1.107801914215088
1.0354740619659424,0.9450000524520874,1.1681119203567505
1.0380717515945435,0.9450000524520874,1.2203319072723389
1.0381487607955933,0.9500000476837158,1.1305420398712158
1.0199999809265137,0.9800000190734863,1.0639618635177612
1.028328537940979,0.9650000333786011,1.150562047958374
1.0482102632522583,0.9200000762939453,2.93404221534729
1.024999976158142,0.9750000238418579,1.0524320602416992
1.024999976158142,0.9750000238418579,1.0548819303512573
1.064156413078308,0.8950001001358032,2.587791919708252
1.0498685836791992,0.9500000476837158,1.2403720617294312
1.0498685836791992,0.9500000476837158,1.2403720617294312
1.0496593713760376,0.9150000810623169,1.504102110862732
1.0414220094680786,0.9450000524520874,1.1636120080947876
1.032111406326294,0.9600000381469727,1.1602721214294434
1.032907485961914,0.9550000429153442,1.257282018661499
1.0357332229614258,0.9300000667572021,1.6730118989944458
1.039327621459961,0.9550000429153442,1.3024219274520874
1.024999976158142,0.9750000238418579,1.056792140007019
1.0410164594650269,0.9450000524520874,1.5212520360946655
1.0259761810302734,0.9700000286102295,1.187261939048767
1.0448678731918335,0.9350000619888306,1.6605219841003418
1.0406378507614136,0.9450000524520874,1.1646718978881836
1.050378680229187,0.9250000715255737,1.4317519664764404
1.0292742252349854,0.9600000381469727,1.3399319648742676
1.024999976158142,0.9750000238418579,1.2182819843292236
1.0371183156967163,0.9500000476837158,2.122612237930298
1.037692904472351,0.940000057220459,1.3501919507980347
1.0269951820373535,0.9700000286102295,1.5332920551300049
1.050182819366455,0.9200000762939453,2.599601984024048
1.0384966135025024,0.9150000810623169,2.242341995239258
1.0369724035263062,0.940000057220459,1.4890419244766235
1.0418976545333862,0.9450000524520874,1.199091911315918
1.039945125579834,0.9450000524520874,1.4453920125961304
1.0606215000152588,0.9050000309944153,2.0224618911743164
1.0365283489227295,0.9450000524520874,1.6963520050048828
1.024999976158142,0.9750000238418579,1.0597920417785645
1.0285073518753052,0.9650000333786011,1.158332109451294
1.031643271446228,0.9600000381469727,1.1242320537567139
1.0432732105255127,0.9550000429153442,1.2853319644927979
1.0330144166946411,0.9500000476837158,1.5025720596313477
1.0404243469238281,0.940000057220459,1.3029919862747192
1.0425077676773071,0.9350000619888306,1.3743821382522583
1.024999976158142,0.9750000238418579,1.2213621139526367
1.0292675495147705,0.9650000333786011,1.3445119857788086
1.024999976158142,0.9750000238418579,1.1301219463348389
1.0264906883239746,0.9700000286102295,1.1683318614959717
1.024999976158142,0.9750000238418579,1.0510618686676025
1.0355453491210938,0.9600000381469727,1.2310619354248047
1.053918480873108,0.9250000715255737,1.5400019884109497
1.033279299736023,0.9600000381469727,1.086001992225647
1.024999976158142,0.9750000238418579,1.039241909980774
1.0263456106185913,0.9700000286102295,1.2752820253372192
1.038987159729004,0.940000057220459,1.3597220182418823
1.0199999809265137,0.9800000190734863,1.1460620164871216
1.041968822479248,0.9450000524520874,1.4721020460128784
1.0308042764663696,0.9600000381469727,1.2399020195007324
1.024999976158142,0.9750000238418579,1.0651319026947021
1.0583082437515259,0.9300000667572021,1.3012919425964355
1.024999976158142,0.9750000238418579,1.0646820068359375
1.0243598222732544,0.9700000286102295,1.1197320222854614
1.0467793941497803,0.9500000476837158,1.195072054862976
1.0318137407302856,0.9600000381469727,1.1673219203948975
1.0199999809265137,0.9800000190734863,1.243311882019043
1.0412216186523438,0.9450000524520874,1.3350820541381836
1.0265246629714966,0.9700000286102295,1.0955219268798828
1.027860403060913,0.9700000286102295,1.0709420442581177
1.0370557308197021,0.9500000476837158,1.233612060546875
1.0418516397476196,0.9500000476837158,1.3193620443344116
1.0543594360351562,0.9100000858306885,1.8861619234085083
1.024999976158142,0.9750000238418579,1.0377118587493896
1.0333565473556519,0.9550000429153442,1.4084120988845825
1.0369278192520142,0.9550000429153442,1.4060319662094116
1.0333375930786133,0.9450000524520874,1.2403819561004639
1.0337104797363281,0.9550000429153442,1.4587920904159546
1.0441030263900757,0.9450000524520874,1.3772119283676147
1.045491337776184,0.925000011920929,2.010622024536133
1.0380151271820068,0.940000057220459,1.983652114868164
1.0477150678634644,0.925000011920929,2.3585519790649414
1.0375638008117676,0.9450000524520874,1.1263819932937622
1.0341784954071045,0.9600000381469727,1.041532039642334
1.043070912361145,0.940000057220459,1.9552220106124878
1.0386009216308594,0.9550000429153442,1.377892017364502
1.0293011665344238,0.9650000333786011,1.176961898803711
1.027267336845398,0.9600000381469727,1.3018920421600342
1.024999976158142,0.9750000238418579,1.0634020566940308
1.024999976158142,0.9750000238418579,1.0875320434570312
1.0314439535140991,0.9650000333786011,1.1317318677902222
1.0366023778915405,0.9500000476837158,1.2771620750427246
1.0272786617279053,0.9700000286102295,1.1161020994186401
1.0307151079177856,0.9650000333786011,1.188472032546997
1.0291413068771362,0.9650000333786011,1.2909518480300903
1.0427463054656982,0.940000057220459,1.6519720554351807
1.0538984537124634,0.9250000715255737,1.5793520212173462
1.0289314985275269,0.9550000429153442,1.3759620189666748
1.024999976158142,0.9750000238418579,1.0711519718170166
1.045114278793335,0.9350000619888306,1.2278419733047485
1.0262563228607178,0.9700000286102295,1.1060020923614502
1.0427335500717163,0.9450000524520874,1.2036020755767822
1.0485432147979736,0.9450000524520874,1.1816519498825073
1.0199999809265137,0.9800000190734863,1.0929219722747803
1.042976975440979,0.9450000524520874,1.137782096862793
1.0439140796661377,0.9450000524520874,1.2701120376586914
1.037770390510559,0.9450000524520874,1.5654820203781128
1.0299732685089111,0.9550000429153442,1.2121820449829102
1.0330712795257568,0.9600000381469727,1.2290420532226562
1.0284554958343506,0.9650000333786011,1.1769319772720337
1.0295950174331665,0.9600000381469727,1.1159319877624512
1.0283968448638916,0.9700000286102295,1.1566619873046875
1.0283029079437256,0.9700000286102295,1.0892819166183472
1.0273278951644897,0.9650000333786011,1.162202000617981
1.0374555587768555,0.9450000524520874,1.3988220691680908
1.0285354852676392,0.9700000286102295,1.0666120052337646
1.0426087379455566,0.9550000429153442,1.16690194606781
1.0407013893127441,0.940000057220459,1.57449209690094
1.0309314727783203,0.9600000381469727,1.2157621383666992
1.02984619140625,0.9650000333786011,1.197342038154602
1.0307139158248901,0.9550000429153442,1.3371318578720093
1.024999976158142,0.9750000238418579,1.0937919616699219
1.0353773832321167,0.9550000429153442,1.3919320106506348
1.0219542980194092,0.9750000238418579,1.118962049484253
1.0199999809265137,0.9800000190734863,1.1151819229125977
1.0416895151138306,0.9450000524520874,1.1711019277572632
1.037412405014038,0.9550000429153442,1.1003719568252563
1.024999976158142,0.9750000238418579,1.0281120538711548
1.0424124002456665,0.9500000476837158,1.0979418754577637
1.0411821603775024,0.940000057220459,1.319282054901123
1.0381076335906982,0.940000057220459,1.7308919429779053
1.024999976158142,0.9750000238418579,1.1119818687438965
1.0272208452224731,0.9650000333786011,1.3060619831085205
1.043172001838684,0.9450000524520874,1.3687020540237427
1.0295226573944092,0.9700000286102295,1.0483222007751465
1.0271437168121338,0.9700000286102295,1.0302519798278809
1.028847098350525,0.9650000333786011,1.1615619659423828
1.024999976158142,0.9750000238418579,1.0736719369888306
1.024999976158142,0.9750000238418579,1.1533219814300537
1.024999976158142,0.9750000238418579,1.054942011833191
1.024999976158142,0.9750000238418579,1.0386719703674316
1.0525470972061157,0.9350000619888306,1.2553420066833496
1.028626561164856,0.9700000286102295,1.0453720092773438
1.0324740409851074,0.9550000429153442,1.2945120334625244
1.0322250127792358,0.9600000381469727,1.1034420728683472
