997
7513
3543
2087
9834
6828
5245
2056
9798
7605
577
4553
7728
6870
493
5162
10604
5083
5109
3301
8040
4591
977
7540
7752
6521
2628
4981
5056
10113
4538
8111
1457
3669
10255
6050
4036
7519
2051
1839
6958
10024
2425
5030
2423
1651
4429
8096
9594
3209
4617
3883
3656
9884
2930
5065
1481
3036
5456
10330
5316
4851
8615
9123
3063
8257
8692
4359
10142
7124
6259
5974
1265
1380
138
6435
10121
4408
1087
9093
7269
8299
9888
4018
2439
5249
6820
9593
1854
1162
8131
8877
9874
467
1525
7616
6317
5732
6162
5728
7705
1187
8415
6064
8702
2806
9649
1890
3061
9977
9484
4124
8358
506
1044
5750
6747
3666
4714
9233
8570
1002
3200
6824
5324
8711
1196
7651
7187
4015
9900
5074
5742
3550
6312
2996
823
8065
4256
6569
7417
1816
5515
6388
9263
8013
1049
751
4932
2272
4055
9571
1428
3940
5049
1259
1039
3616
675
5819
9161
219
5115
9768
10344
3519
8027
6531
3849
3026
3943
1324
3566
5634
1731
1004
1546
7277
246
927
7115
8453
447
1950
3523
4790
5276
2384
4167
6421
4446
4376
9376
5060
6641
5196
4864
2819
8336
6156
1245
9911
5730
7249
10087
7743
10586
861
8350
2485
10227
7917
3347
7553
6207
6238
6399
5455
10365
5105
10086
7300
450
9780
1671
1922
9509
3247
1493
9760
6740
7338
296
3972
2060
169
2005
9489
8536
5774
2938
3887
8792
8228
9738
4076
632
4858
4835
8850
7441
6170
8287
5222
10405
9245
1900
10158
4370
10369
8978
9532
5721
9446
5198
1562
4046
9078
10368
2725
4440
7142
8275
4975
2213
6515
6409
3372
7583
7866
1780
3759
333
8905
9831
7535
9941
3304
9887
10486
6522
838
9019
7467
8238
157
3395
1660
7157
2042
6509
4961
556
3930
2449
3700
8018
3488
1484
6989
9036
9807
2267
2189
3124
1130
780
6668
8245
3592
6999
7097
6068
9045
1244
899
9104
978
8914
8980
4045
3350
8984
352
7555
7442
4537
3286
100
649
4003
1043
7562
889
10418
581
4602
9013
6825
650
7678
5836
6381
7080
1147
7391
3703
3618
8302
2594
6451
3147
9120
5571
746
4478
9538
8021
9038
9143
8631
3931
9167
3771
4711
2034
6048
2629
5846
7359
5413
3747
6260
2457
1464
8298
2687
9139
10384
273
1343
3023
6983
8528
994
2339
117
4521
9445
8179
391
149
9152
9841
8869
2476
8817
4581
2416
2951
10454
1010
5207
4970
2740
3041
5672
7285
6172
1977
2536
2043
9572
5184
3475
3300
8411
7223
4104
8039
694
7396
7693
8617
3906
906
4486
10169
9216
6910
5902
4329
2031
4575
9777
5618
2567
2549
4644
8981
5736
9395
7102
2631
402
5200
9179
2947
4494
6380
1636
4730
10367
49
9330
3696
3762
1105
4453
7151
6185
10565
9964
81
10154
2556
6694
7962
3850
5988
2811
2526
8987
9718
8672
2941
1804
4286
9473
8496
328
8761
10036
5654
4249
2105
4000
5208
5420
1542
8082
5940
61
5935
5323
8271
3524
4546
5317
9169
8571
4294
6168
4085
3280
1347
7572
146
9354
8409
10063
422
937
7155
9979
3608
183
1037
8661
10557
9324
3327
4184
10080
4814
4819
10521
1545
9531
3402
2472
10436
2190
3699
4196
8376
7330
8568
1826
3823
9787
4223
9823
9876
1406
9281
8480
8673
9877
8426
10364
8379
4495
592
10578
3095
6433
6619
4551
52
2858
431
1360
2184
4073
6523
10439
1067
9993
6177
2462
6465
9468
8418
2555
3861
6530
1770
6888
8475
9886
4219
9678
10341
6300
5462
3371
8819
3565
2059
5651
4827
4687
9715
9472
5407
10186
9664
8962
10337
495
1307
9273
7626
4004
2463
6671
2128
10327
494
223
1842
9031
8827
1321
89
1110
9102
4226
361
2347
9584
3990
3880
2634
5761
2636
1048
3884
9471
5062
6275
1551
9826
8565
9619
6935
5713
9737
2566
1632
3294
5275
1268
9828
9702
3713
8831
3258
4792
2731
4751
1065
3950
5243
9592
10388
2901
7825
10311
7376
7478
2998
4998
7133
10331
7722
8088
1494
2519
7387
1070
3422
3337
8004
9729
6288
285
1175
5592
3205
7216
3318
7844
4389
8890
1619
8240
5069
2883
356
4673
509
7052
111
5685
6544
9671
10605
10620
7240
7210
9412
820
9239
8371
4156
3241
8017
9918
7682
7510
8703
2371
4823
5758
6357
6767
10345
3325
2298
1695
9095
8252
7905
768
8326
583
8390
2617
8518
6292
7381
4543
10070
2765
9794
7143
172
3085
2446
1606
6576
3573
8159
1394
4628
1325
9271
6761
1777
3774
2226
8683
2294
8549
8419
765
487
3693
3431
4381
261
6993
5629
9079
263
8199
8618
5101
6827
3667
2753
10325
6768
1219
1015
2175
6191
4061
9766
3001
6654
3899
253
7551
752
7234
10055
8226
10569
791
10302
9940
9659
7670
1012
71
4763
943
7511
6858
4881
4500
5934
7557
2814
2606
8880
8552
9769
8095
2491
2015
3758
6102
1319
6418
3362
8222
7421
8352
8588
5980
8822
7415
7931
10336
2026
6254
5103
2147
5982
5272
5688
6835
7979
3820
91
1876
986
4461
10555
8621
3027
5001
1454
8080
9840
2822
10156
9453
2838
8714
10039
8921
5865
9700
6123
337
8196
7654
8309
703
3538
949
2989
10034
8172
10382
8474
10553
7801
528
9406
664
5414
1622
5964
8452
8338
2976
1131
3250
6778
7730
9847
1795
2716
1604
3175
930
2827
1757
2846
1754
1596
7458
2101
5327
8667
4511
3059
4383
3254
8393
1812
10394
7205
10500
6467
4549
8231
9502
5138
6982
9184
3164
6044
72
127
8106
10244
7129
4177
10076
5832
911
4356
7635
5548
772
5232
4388
7013
2836
162
7876
2355
7176
10088
176
3512
4298
3253
2876
7947
8655
9451
2874
2138
7363
7009
410
2197
5172
9467
15
1808
339
9508
6269
6990
7089
460
9736
1235
6173
6511
5891
2414
9294
2317
9891
9206
9432
4180
7649
7460
7568
6564
8
3141
2704
1116
4896
9932
4769
801
8319
6830
5734
2974
6366
5107
8098
2699
7650
7352
3417
7486
996
6214
790
7487
9477
8402
8609
4056
10132
3182
8524
1352
3868
6719
3980
2733
3714
9230
9021
8768
8263
8355
3162
8590
3893
10213
3330
5914
3379
4894
5946
1396
2872
2002
6650
7906
6640
3568
2053
3968
2212
9566
8305
8537
6972
5827
8102
7845
600
4777
4956
4322
1654
9740
8855
2532
1346
4072
4269
2321
6836
3397
8136
5248
8071
7975
3459
2432
5579
8780
6950
10613
5983
9333
3389
8589
867
6866
5121
8270
8963
7397
1784
4951
5070
9902
7602
6161
5233
7589
10415
2501
8955
1292
9174
218
8465
3243
1792
10607
10071
9366
1316
728
1954
8190
2958
9578
6326
1837
6403
525
3628
695
4568
1239
10606
5686
268
2778
8861
3010
7324
10002
4293
6803
6504
7476
9010
421
5356
5179
6236
8957
4070
5552
6494
1510
4424
9195
8485
1222
2479
9728
9006
10216
8297
9588
4374
2397
10433
6882
3590
3993
6186
1710
6368
103
1413
3083
973
9982
5987
4709
6864
2132
8935
5936
8769
5040
1174
3499
10060
2160
5729
1062
9465
1176
4867
7969
1449
9547
5193
6826
4971
2649
4287
5583
4060
6786
735
7767
10422
3936
3455
10075
8194
9290
8429
9772
3265
7355
2497
5106
2659
7603
2148
5837
8784
2632
2691
2222
1136
9250
5998
4868
8972
7343
1692
4138
1403
2776
2755
2340
1740
2038
9307
9270
4033
4318
48
2603
6975
8439
4680
4943
6606
915
716
381
5147
6795
409
435
7820
9802
10229
2365
6273
4447
8468
9983
10322
1782
5227
10306
10008
5507
6622
1274
5394
8281
2812
3383
4762
4120
2700
546
3352
9708
2559
3664
5201
8423
3627
2475
964
9512
5648
1971
24
602
9181
6675
5723
317
84
6840
5336
5311
9809
1431
8076
4345
755
1566
9925
8820
10523
7968
6341
7990
1193
5286
6610
5543
497
1264
6019
2655
6396
1561
3413
371
3889
1236
2187
379
9744
4066
4148
4353
2185
1563
6230
1575
7407
6028
8648
3982
3355
2456
4217
5340
9778
6951
8403
3439
8167
6455
59
740
6529
267
5570
981
8042
5185
2380
9066
6816
3633
10617
8153
2292
4574
186
6152
7053
9408
972
7694
893
9343
4621
2616
7933
2421
10091
7837
5779
4690
187
6787
2692
7406
8951
3255
9431
5764
4840
6188
5853
9276
6590
7173
9256
4532
5059
1543
1199
5628
9974
6742
199
7520
2009
9478
2115
7379
573
2854
9501
3340
7832
878
7409
6081
1041
618
8049
4413
7566
5328
8992
3105
9268
8059
4183
1169
6407
9279
1417
1211
3344
2388
1066
8026
8521
6801
5530
1896
548
8531
4276
238
7117
3313
4312
3215
9518
9650
1910
10218
1308
3412
1491
8596
8745
6223
5636
2170
5284
9448
4365
4968
10412
258
7084
3851
2360
1125
1451
479
6213
6330
4825
7633
3129
9810
5842
5631
640
2546
4159
5892
7031
9946
544
10162
9201
6785
6473
1943
9866
881
10252
6159
8624
4021
5045
1166
9674
5177
4412
9908
4875
802
4665
8542
1023
6909
9375
9896
10417
6120
3042
8635
9369
4110
271
8405
1165
4542
8200
5389
7923
7440
7383
9384
5133
7644
4849
9672
239
8361
2454
4913
1959
9559
8067
1019
2044
3495
8293
6594
2952
10184
8260
1149
10
934
7777
5541
2
3273
366
5508
7880
6122
6695
4229
4793
6685
10324
9215
771
2438
2085
610
9391
2702
2694
4324
10376
3958
9224
4485
7241
8391
10208
1383
7452
9635
405
4465
1708
6851
3447
1208
4558
9443
8539
8793
4939
5516
4705
2762
145
605
5303
8529
8727
1005
2824
7229
4252
9182
7939
7328
8072
1405
5416
4083
5158
8133
6136
1197
8713
839
8944
7017
2333
3772
6389
9980
8002
6477
777
4347
2664
8441
6759
2443
5096
10504
4726
6886
1376
10266
4650
1098
9808
4787
3778
3844
4702
7270
3665
1858
1180
4557
1410
122
722
1272
7567
118
8735
6541
7956
1148
3735
860
3651
5608
7395
7342
1151
4874
5333
2140
4703
1377
6117
3166
1054
3745
5826
5116
1270
6653
10187
4856
697
95
396
5288
5047
7110
6834
9344
10349
9976
6916
10480
1532
2912
1052
4191
1999
45
6431
2356
9543
9680
4001
8795
955
2353
1875
6250
5785
7071
2794
7624
5632
10470
318
7745
6078
3599
796
9260
3210
6667
8687
5567
6190
4965
5749
2600
5203
954
7094
7453
10185
3919
2966
2431
155
6413
8726
5513
6862
5617
9662
7413
8237
1078
443
10574
3706
6298
1742
9341
9936
8168
5218
6249
4824
4248
4466
6327
7248
5699
7980
2514
4366
3487
3179
4149
6948
7266
5841
7464
3791
4779
9879
2563
642
4117
10281
6444
9364
2611
7597
7720
8756
5760
4064
4944
7280
4941
3502
2155
8442
7393
7579
7299
7059
10253
5055
5452
9083
3584
7289
2367
1220
799
9248
9370
3152
5921
4130
1966
1859
8938
3288
8548
3736
8523
1084
9315
5221
10535
9519
5557
2236
8677
1257
8674
4928
9785
1761
5509
4175
58
10520
8760
8639
10335
6096
5678
7561
7621
7024
6744
7327
2712
7130
1323
2013
1979
9520
9848
2982
8960
4288
2344
7518
8828
4963
8108
7655
5799
7150
3535
8885
10083
262
690
4518
8517
298
3336
9000
6649
9786
1385
6370
4562
4417
8722
9173
1216
5308
537
5780
6953
559
2953
775
7408
8645
5401
4027
2871
2306
4903
9118
9994
1967
9970
2139
3003
8491
7322
6345
8176
9035
2760
9338
10258
9924
3351
8923
8223
1188
5132
9978
6164
4912
7802
6023
2689
2698
6032
3959
5071
9266
8676
6819
10293
5905
10420
9842
8261
1700
1138
293
8182
8918
4719
7488
3549
9454
6595
4710
4109
800
1730
355
7686
9199
1992
9399
4708
9353
6754
3477
1230
7611
2412
5417
8691
6295
2270
1568
4659
3113
4910
5536
1786
4855
9022
2123
4023
7883
6071
519
3613
10023
4969
6599
3794
2728
5491
185
3630
3067
2859
3763
639
1531
2685
354
7126
8127
8807
4410
4766
3926
3236
348
1889
2029
6818
6417
7501
2779
8628
5825
1458
8165
9930
8545
10519
373
5712
7372
2507
2073
5539
7291
3631
7760
8643
198
10230
9225
8220
6060
698
9151
9491
9756
10092
3275
192
8925
7365
7771
8357
4909
452
7608
3814
623
4101
9043
1763
4525
7140
3896
322
6556
250
484
9339
7319
7445
6560
10452
383
10383
10104
8514
211
8544
9113
10435
9622
8636
2253
4086
297
2385
7214
7083
10107
10019
6272
1243
3730
9061
1289
975
6501
7674
6745
7673
9423
3467
9505
7399
9033
4266
3322
7729
385
7192
2083
6517
7692
733
7978
3824
2508
6739
4273
1006
1369
9053
2919
2898
384
5322
4030
8864
9368
8362
5309
4826
9846
7320
382
6184
9312
6609
1952
8599
6994
10078
5580
873
10579
2899
28
7251
8839
2178
7504
5577
2667
6233
3723
7936
7264
1107
1828
2922
6113
10272
9897
7822
2154
1478
1384
10204
3173
6073
3231
3081
6962
9100
3986
1072
6492
1655
3894
4949
8532
2847
8953
9510
3813
3645
1951
5300
5439
7865
7120
2374
8685
3194
9289
7029
6097
9063
8273
1807
2019
5293
8572
762
5468
8449
5338
3233
8986
10239
9899
6099
9044
3498
5331
4207
436
5187
10129
3251
898
1849
6863
1129
3239
712
4890
2829
7594
2666
6897
2869
4377
5260
7401
902
950
4852
7373
1923
272
4233
3619
10430
8363
6349
8893
4472
4813
1135
1140
4572
6387
4351
2127
134
8871
10427
7707
276
7704
8301
5915
648
4880
7156
5607
8909
2011
2679
547
526
5235
6769
2208
1524
8060
9699
4043
2539
9685
6343
6350
5214
5205
475
5164
8277
511
4284
9791
1353
10234
1907
2503
5140
10451
1956
5919
8651
8721
3981
568
7020
5960
3810
10062
6363
1774
7574
8551
1972
10501
5186
5019
3373
5295
8787
4475
8848
917
5997
6557
5358
8983
9162
6143
8898
6773
2331
9850
7830
7494
5392
7111
3425
1788
1021
2597
1172
8965
1344
6012
8184
5948
6329
10030
5270
770
4873
5077
1766
8941
2910
504
5076
8505
3482
9933
4661
7993
2256
905
1234
1576
4892
4404
9691
9912
3726
2370
1737
1252
3127
10066
6532
7281
7542
9880
6791
7482
2544
6047
6593
6158
7048
8121
6482
3146
5913
6401
7854
4816
6959
1330
4781
4272
10256
825
3277
9709
561
2579
3991
5519
3686
1034
5656
7454
4850
4215
10056
9145
3710
9536
888
6538
1356
10085
5368
7426
1022
8243
10346
8862
9990
4176
7954
6924
5806
1382
9136
1706
8193
816
5058
521
3029
9193
8896
2969
1118
6239
1862
1303
6263
3416
1276
1779
8832
154
1685
2770
2373
9047
10602
2238
5395
1895
9613
2411
8994
8879
1960
761
314
7533
8495
8206
8611
8416
2697
7505
5474
598
2832
6814
2459
3612
8368
9901
6266
3240
1506
8781
5360
6804
879
2677
7217
3461
3734
4803
6844
4559
9821
6895
6764
7186
8417
351
6607
130
5601
6301
4401
9663
8433
5382
5501
9091
1246
4804
9092
9618
4668
8915
10459
2134
1539
3632
3826
9434
387
2789
3272
9197
8790
85
6954
9524
7887
4679
3825
3709
8947
7794
1488
5701
4580
3724
10097
7620
3595
8254
5247
3305
8061
1697
7346
1605
8128
3809
5006
6986
3064
5861
7522
4134
287
1949
2465
7255
9544
3052
3334
10528
3951
4254
10020
1459
63
6731
8015
8481
7895
2834
4427
1160
10571
9096
1590
4425
9689
2271
1379
1727
8424
4983
2935
3728
2736
6688
1886
10503
9654
4594
2761
1682
7738
4877
7636
2723
5446
3316
5012
2613
6806
5061
2903
4929
4173
6483
7311
2746
2309
10138
992
5415
7688
6447
4860
1914
3418
1565
3672
2766
8530
79
2237
3442
6567
8547
2137
7706
6720
7201
6098
2349
3534
5554
3720
6428
4502
471
4019
6279
10463
5053
8145
3782
9141
500
3907
2875
4640
4884
6665
3829
5663
1335
5448
10049
3929
7615
5575
5545
1296
9817
3008
3354
4879
5089
5482
10392
9297
7834
8380
995
4295
4731
4423
3614
1526
1509
3261
4587
4363
2907
8058
7027
6618
3580
399
6305
6758
4682
1663
8227
7358
2675
944
7323
5978
5816
6180
5540
4190
7735
163
8467
8608
6629
2774
773
10124
349
1226
2891
6615
10194
5351
8292
6006
7576
8068
8118
3235
1508
8288
4093
4179
10393
417
7057
8858
9016
9065
2862
7888
6481
2987
8443
7200
10303
1373
4292
10147
1238
742
4125
4516
10464
9749
8150
7764
2502
8011
3196
153
3145
4155
2162
1772
10254
490
6131
1850
9927
4579
5296
4667
3577
3415
10371
4513
8399
485
8842
784
3140
6503
2467
7114
2648
1327
5016
10419
6783
2093
8025
6589
3636
4392
6167
8627
2448
4871
3639
5680
3766
7639
1675
1517
510
2389
7185
749
4741
6374
1688
10400
5484
9865
3114
8001
3955
3176
8329
1088
389
2201
1103
7989
3769
4441
9046
8186
3464
4361
4931
6472
10531
4662
3607
8422
2759
367
3386
4077
6683
4919
10342
3069
3802
9106
6703
1865
4498
5829
5125
10263
3361
10026
8936
8478
9203
9854
9517
4937
4802
4476
1834
6155
3591
5332
4613
10203
6659
3180
5021
6542
3638
5815
7062
2748
8966
6562
107
3019
766
3420
5944
3321
3216
3443
2576
1201
10031
1301
4652
5503
2734
5479
3526
4313
4317
1771
9867
7318
8313
2308
7712
3056
9556
6692
3528
1646
2227
461
6527
9280
8160
8754
10444
8633
4666
7596
2150
8543
2286
7450
1167
5882
10035
5786
8602
106
3556
200
9679
6274
7893
6992
6020
4199
5528
4058
3792
6721
10251
462
5278
1260
3244
6351
4925
4582
4458
1452
4212
2496
4258
5622
5933
7853
9665
5123
2409
6201
2357
10479
736
5081
5159
3381
542
601
8000
9200
7541
6502
6416
4636
2008
6603
7321
8104
2216
9238
9643
5492
10222
5839
9895
3303
6041
1874
7672
1600
4306
1463
4157
9783
9836
7537
13
9055
9159
9905
10001
1033
3904
7679
4162
5838
4204
2017
3715
6879
5057
4989
7388
2975
9562
1626
9112
3449
4262
6057
178
9157
9135
4296
6798
1501
6679
4908
1714
3807
6749
8370
9581
5078
1349
7864
2177
9002
6849
7283
862
2512
6663
960
2772
6108
3719
9570
7664
6247
4811
2382
10467
6245
7310
6135
2284
2345
2695
4729
10490
3453
3348
1399
7869
1528
88
8607
470
247
6476
4041
4471
7037
6139
1705
6296
10465
8582
6090
6128
1574
8995
2717
2096
3404
1156
9405
9051
9267
5957
7028
8233
989
8603
3574
1375
6919
416
4150
3133
9427
8581
6611
5739
4743
8919
7899
3137
4822
5645
7416
754
1035
3752
3913
2782
10581
10259
8508
10545
9609
4444
9868
1074
8546
9007
195
5770
1051
3965
5160
2828
4967
10287
2233
5141
4283
6324
10499
965
3895
3185
6913
9039
6070
5043
1081
3143
2478
9196
819
567
8091
8394
8592
3539
10456
10210
7284
1615
64
10111
8434
3242
1595
10114
2376
2278
7775
2041
2598
9269
2141
656
5370
3302
1500
7101
434
3349
6755
6488
8614
2835
7239
4512
4752
1090
1758
10356
8486
1800
7152
10299
9146
