1.095000147819519,0.9910001158714294,3.000005006790161
1.1920000314712524,0.9910001158714294,2.999988079071045
2.0360000133514404,0.9769999980926514,2.999995470046997
1.253999948501587,0.9930000901222229,3.0000016689300537
1.215000033378601,0.9920001029968262,2.999995470046997
1.1929999589920044,0.9900000095367432,3.0000059604644775
1.1480000019073486,0.9900000691413879,2.999997138977051
1.1429998874664307,0.9920000433921814,3.0000057220458984
1.2369999885559082,0.9900000095367432,3.0000059604644775
1.2590000629425049,0.9860000610351562,3.0000033378601074
1.1139999628067017,0.9879999756813049,3.0000059604644775
1.2280000448226929,0.9900001287460327,3.0000054836273193
1.4259998798370361,0.9900001287460327,3.000002861022949
1.2719999551773071,0.984000027179718,3.0000061988830566
1.2999999523162842,0.984000027179718,2.999997138977051
5.324000358581543,0.9340000152587891,3.00000262260437
1.3659999370574951,0.9910000562667847,3.000002384185791
1.0730000734329224,0.9940000772476196,3.0000064373016357
1.2629998922348022,0.9880000352859497,3.0000011920928955
1.0549999475479126,0.9950000643730164,3.0000057220458984
1.0839999914169312,0.9950000643730164,3.0000057220458984
1.096000075340271,0.9950000643730164,3.0000057220458984
1.1260000467300415,0.9930000901222229,3.0000057220458984
1.2290000915527344,0.9950000643730164,2.999997138977051
1.0819998979568481,0.9940000772476196,3.0000054836273193
2.741000175476074,0.9679999351501465,3.00000262260437
1.2280000448226929,0.987000048160553,3.000002145767212
1.2259999513626099,0.987000048160553,2.9999966621398926
1.3170000314712524,0.9910000562667847,2.9999961853027344
1.468000054359436,0.9839999675750732,3.0000011920928955
1.0760000944137573,0.9930000901222229,3.0000052452087402
1.53000009059906,0.9900000691413879,2.999998092651367
1.4980000257492065,0.9850000739097595,2.9999969005584717
3.0920000076293945,0.9649999737739563,2.9999942779541016
1.6119999885559082,0.9859999418258667,2.999990701675415
1.9380000829696655,0.9809999465942383,2.99999737739563
2.5860002040863037,0.9709999561309814,2.9999969005584717
1.1910001039505005,0.9900001287460327,3.0000057220458984
1.2330000400543213,0.9900001287460327,3.0000014305114746
2.055999994277954,0.965999960899353,2.9999985694885254
2.055999994277954,0.9729999303817749,2.9999911785125732
1.2029999494552612,0.9890000224113464,3.0000014305114746
2.2049999237060547,0.9760000109672546,2.999995470046997
1.2180001735687256,0.9900000095367432,3.0000057220458984
1.2259999513626099,0.9890000820159912,2.9999969005584717
4.274999618530273,0.9420000314712524,2.9999992847442627
1.1800000667572021,0.9900001287460327,3.0000054836273193
1.184000015258789,0.9930000901222229,3.0000059604644775
1.222999930381775,0.9920001029968262,2.999988079071045
1.3179999589920044,0.9829999804496765,2.9999969005584717
1.095000147819519,0.9950000643730164,3.0000059604644775
1.0630000829696655,0.9930000305175781,3.0000061988830566
1.991999864578247,0.968999981880188,3.000002861022949
1.2310000658035278,0.9869999885559082,3.0000057220458984
1.3259999752044678,0.9860000610351562,2.9999969005584717
1.3250000476837158,0.987000048160553,3.0000040531158447
1.1969999074935913,0.9920000433921814,3.000005006790161
1.0850000381469727,0.9940000772476196,3.0000059604644775
1.3190001249313354,0.9880000352859497,3.000004291534424
1.0279998779296875,0.9950000643730164,3.000004768371582
1.315000057220459,0.9850000143051147,3.0000009536743164
1.7020000219345093,0.9850000143051147,2.9999966621398926
1.3160001039505005,0.987000048160553,2.999997138977051
1.2559999227523804,0.9930000901222229,3.0000040531158447
1.305999994277954,0.9839999675750732,3.0000057220458984
1.1929999589920044,0.9940000772476196,2.999992609024048
1.1389999389648438,0.9940000772476196,3.0000011920928955
1.8899999856948853,0.9850000143051147,2.9999966621398926
1.3480000495910645,0.9900000095367432,3.0000014305114746
1.086999773979187,0.9950000643730164,3.0000064373016357
1.0529999732971191,0.9950000643730164,3.0000052452087402
1.194000005722046,0.9950000643730164,2.999990940093994
1.2230000495910645,0.9869999885559082,3.0000057220458984
1.2339999675750732,0.9860000610351562,3.0000011920928955
1.181999921798706,0.9930000305175781,3.00000262260437
1.2359999418258667,0.9930000901222229,2.999988079071045
1.687999963760376,0.984000027179718,2.9999988079071045
1.1319999694824219,0.9880000352859497,2.9999969005584717
1.0850000381469727,0.9940000772476196,2.9999966621398926
1.2750000953674316,0.9930000305175781,2.9999992847442627
1.3330000638961792,0.9900001287460327,2.999997138977051
1.1630001068115234,0.9950000643730164,3.0000052452087402
1.1360000371932983,0.9930000901222229,3.0000059604644775
1.2029999494552612,0.9950000643730164,2.999995470046997
1.309999942779541,0.9839999675750732,3.0000014305114746
1.998000144958496,0.9750000238418579,2.999988079071045
1.093999981880188,0.9950000643730164,3.0000059604644775
1.3369998931884766,0.9900000095367432,3.0000009536743164
1.1730000972747803,0.9950000643730164,3.0000038146972656
1.0899999141693115,0.9950000643730164,3.0000057220458984
1.249000072479248,0.9910000562667847,3.000004291534424
1.1419999599456787,0.9920000433921814,3.0000064373016357
1.093000054359436,0.9950000643730164,3.0000059604644775
1.030999779701233,0.9950000643730164,3.0000052452087402
1.2979999780654907,0.9900000691413879,2.9999969005584717
1.225000023841858,0.9910001158714294,2.999992609024048
1.1009999513626099,0.9950000643730164,3.000005006790161
1.1460000276565552,0.9920000433921814,3.0000061988830566
1.1859999895095825,0.9880000352859497,3.0000059604644775
1.0499999523162842,0.9950000643730164,3.0000057220458984
1.2120000123977661,0.9839999675750732,3.0000059604644775
1.2089999914169312,0.9869999885559082,3.0000059604644775
1.314000129699707,0.9829999208450317,2.999997138977051
1.531999945640564,0.9779999852180481,2.9999923706054688
1.1359999179840088,0.9900001287460327,3.0000054836273193
1.4730000495910645,0.9799999594688416,2.999992609024048
3.954000234603882,0.9740000367164612,2.9999966621398926
1.7700001001358032,0.9750000238418579,3.000001907348633
1.1349999904632568,0.9910001158714294,3.0000052452087402
1.347999930381775,0.9890000224113464,2.999999761581421
1.2650001049041748,0.9930000901222229,3.000001907348633
1.0700000524520874,0.9940000772476196,3.0000016689300537
1.2180001735687256,0.9900000095367432,3.0000014305114746
1.25,0.9880000352859497,2.999999523162842
1.11899995803833,0.9920001029968262,3.0000059604644775
1.1519999504089355,0.9930000901222229,3.0000057220458984
1.1799999475479126,0.9890000820159912,3.0000035762786865
1.5450000762939453,0.9839999079704285,2.99999737739563
1.571000099182129,0.9839999079704285,2.9999969005584717
1.0950000286102295,0.9950000643730164,3.0000054836273193
1.3309999704360962,0.9900000691413879,2.999999523162842
1.289000153541565,0.9840000867843628,2.999995708465576
1.4780000448226929,0.9810000658035278,2.999999761581421
1.1160000562667847,0.9920001029968262,3.000004768371582
1.7350000143051147,0.9709999561309814,2.999994993209839
1.3669999837875366,0.9850000143051147,3.0000052452087402
1.3600001335144043,0.9940000772476196,2.999994993209839
2.2690000534057617,0.9839999079704285,2.9999969005584717
2.265000104904175,0.981999933719635,2.9999938011169434
1.1359999179840088,0.9950000643730164,2.9999969005584717
1.1559998989105225,0.9920001029968262,3.0000009536743164
1.5410001277923584,0.984000027179718,2.9999966621398926
1.65500009059906,0.9860000014305115,2.9999938011169434
2.507000207901001,0.9700000286102295,2.999988079071045
1.2510000467300415,0.9869999885559082,2.9999969005584717
1.190000057220459,0.987000048160553,3.0000059604644775
1.6690000295639038,0.9760000109672546,3.0000057220458984
1.2670000791549683,0.9910000562667847,2.999992847442627
1.315999984741211,0.9829999804496765,3.0000011920928955
1.3330000638961792,0.9849998950958252,3.0000014305114746
1.346000075340271,0.9849998950958252,3.0000011920928955
1.1800000667572021,0.9950000643730164,3.0000057220458984
1.3750001192092896,0.9900000095367432,3.0000009536743164
1.4900000095367432,0.9930000901222229,2.999995231628418
1.378000020980835,0.9820000529289246,3.00000262260437
1.4780000448226929,0.9859999418258667,3.000004768371582
1.3200000524520874,0.987000048160553,3.0000059604644775
1.0750000476837158,0.9930000901222229,3.0000054836273193
1.5509998798370361,0.9819999933242798,2.9999959468841553
1.1279997825622559,0.9930000901222229,3.0000057220458984
1.246000051498413,0.9900000691413879,3.0000040531158447
1.281000018119812,0.9910001158714294,3.000004291534424
1.1139999628067017,0.9950000643730164,3.0000052452087402
1.3130000829696655,0.9950000643730164,2.999988317489624
1.3469998836517334,0.987000048160553,3.0000059604644775
1.1349999904632568,0.9920000433921814,3.0000054836273193
1.1079999208450317,0.9930000901222229,3.0000057220458984
1.1349999904632568,0.9940000772476196,3.000005006790161
1.2139999866485596,0.9860000014305115,3.0000009536743164
1.2090001106262207,0.9850000143051147,3.0000057220458984
1.3680000305175781,0.981999933719635,3.0000014305114746
1.5130001306533813,0.9790000319480896,2.9999992847442627
1.2549998760223389,0.9850000143051147,2.9999966621398926
1.1800000667572021,0.9880000948905945,2.999997138977051
1.1519999504089355,0.9880000352859497,3.0000052452087402
1.434000015258789,0.9789999723434448,3.0000016689300537
1.558000087738037,0.9809999465942383,3.00000262260437
1.386000156402588,0.9799999594688416,3.0000011920928955
1.3580000400543213,0.9900000691413879,2.999992847442627
1.3540000915527344,0.9829999804496765,2.999992609024048
1.1000001430511475,0.9930000305175781,3.0000059604644775
1.0730000734329224,0.9950000643730164,3.0000054836273193
1.1449999809265137,0.9940000772476196,2.999997615814209
1.1579999923706055,0.9930000901222229,3.0000059604644775
1.1440000534057617,0.9920001029968262,3.0000061988830566
1.3940000534057617,0.9819999933242798,2.999999761581421
1.2750000953674316,0.9890000224113464,3.000004291534424
1.2249999046325684,0.9829999804496765,3.0000059604644775
1.3100000619888306,0.9799999594688416,3.000001907348633
1.0839999914169312,0.9950000643730164,3.0000059604644775
1.4390000104904175,0.9900000691413879,2.999998092651367
1.065999984741211,0.9950000643730164,3.0000054836273193
1.065000057220459,0.9920001029968262,3.0000054836273193
1.1460000276565552,0.9890000224113464,3.0000007152557373
1.2029999494552612,0.9880000352859497,3.0000007152557373
1.718999981880188,0.9829999804496765,3.00000262260437
1.0820001363754272,0.9909999966621399,3.0000052452087402
1.157999873161316,0.9920001029968262,3.0000057220458984
1.1920000314712524,0.9860000014305115,3.0000057220458984
1.4760000705718994,0.9830000400543213,3.0000052452087402
1.2050000429153442,0.9930000305175781,3.0000011920928955
1.937000036239624,0.9749999642372131,2.999999761581421
1.1180001497268677,0.9930000901222229,3.0000057220458984
1.6080000400543213,0.9790000319480896,2.999988317489624
1.1450001001358032,0.9940000772476196,3.0000014305114746
1.1239999532699585,0.9950000643730164,2.9999969005584717
1.5490000247955322,0.9779999256134033,3.000004529953003
1.1090000867843628,0.9920001029968262,3.0000057220458984
1.5500000715255737,0.9859999418258667,3.0000038146972656
1.6759999990463257,0.9849998950958252,3.000004768371582
1.8270000219345093,0.9859999418258667,3.000000238418579
1.2070001363754272,0.984000027179718,3.0000059604644775
1.4490001201629639,0.9799999594688416,3.00000262260437
1.402999997138977,0.9769999980926514,3.0000052452087402
1.090999960899353,0.9910000562667847,3.0000057220458984
1.2730000019073486,0.9940000772476196,2.9999921321868896
1.165000081062317,0.9920000433921814,3.0000061988830566
1.0589998960494995,0.9940000772476196,3.000005006790161
1.0629998445510864,0.9950000643730164,3.0000059604644775
2.7840001583099365,0.972000002861023,2.999995231628418
2.31000018119812,0.9849998950958252,2.9999992847442627
1.1060000658035278,0.9930000901222229,2.9999966621398926
1.308000087738037,0.9839999675750732,3.0000054836273193
1.1059999465942383,0.9900001287460327,3.0000057220458984
1.1689999103546143,0.9910000562667847,3.0000057220458984
1.4919999837875366,0.9709999561309814,3.0000057220458984
1.1330000162124634,0.9910000562667847,3.0000057220458984
1.3050000667572021,0.9910000562667847,2.999992609024048
1.3329998254776,0.9829999804496765,2.999988079071045
1.3600001335144043,0.9930000901222229,2.9999964237213135
1.1850001811981201,0.9900000691413879,3.0000057220458984
1.1780000925064087,0.9920000433921814,3.0000059604644775
1.1100001335144043,0.9910001158714294,3.0000057220458984
1.3660000562667847,0.9869999885559082,2.9999969005584717
1.4279999732971191,0.9799999594688416,2.9999923706054688
1.1780002117156982,0.9890000224113464,3.0000052452087402
1.1780000925064087,0.9870001077651978,3.0000059604644775
1.1380000114440918,0.9930000901222229,3.0000057220458984
1.13100004196167,0.9900000095367432,3.0000054836273193
1.224000096321106,0.9860000014305115,3.0000016689300537
1.1750001907348633,0.9900000691413879,2.9999969005584717
1.0910000801086426,0.9950000643730164,3.0000057220458984
1.2300000190734863,0.9860000610351562,3.0000057220458984
1.2739999294281006,0.9859999418258667,3.0000057220458984
1.5640000104904175,0.9879999756813049,2.999997138977051
1.3269999027252197,0.9880000352859497,2.9999988079071045
2.1530001163482666,0.9819999933242798,2.999997138977051
1.090999960899353,0.9930000901222229,3.0000054836273193
1.0959999561309814,0.9890000820159912,3.0000059604644775
1.193000078201294,0.9839999079704285,3.0000014305114746
1.4609999656677246,0.9869999885559082,3.000002861022949
1.4200000762939453,0.9910001158714294,2.9999988079071045
1.3259998559951782,0.9920001029968262,2.9999940395355225
1.0829999446868896,0.9920001029968262,3.0000054836273193
1.071000099182129,0.9930000305175781,3.0000057220458984
1.0479999780654907,0.9940000772476196,3.000005006790161
1.1560001373291016,0.9860000014305115,3.000005006790161
1.4530000686645508,0.9800000190734863,3.0000011920928955
1.0809999704360962,0.9880000352859497,3.000004768371582
1.1790000200271606,0.9890000224113464,3.0000061988830566
1.0850000381469727,0.9909999966621399,3.0000052452087402
1.1070001125335693,0.9910000562667847,3.0000057220458984
1.4490001201629639,0.9739999771118164,3.0000007152557373
1.100000023841858,0.9920001029968262,3.0000059604644775
1.2440000772476196,0.9860000014305115,2.9999966621398926
1.3250001668930054,0.9880000948905945,2.9999969005584717
1.3539999723434448,0.9850000739097595,2.9999959468841553
1.192000150680542,0.9900001287460327,2.999997138977051
1.1649999618530273,0.9839999675750732,3.0000052452087402
1.0829999446868896,0.9940000772476196,3.0000059604644775
1.1349999904632568,0.9870001077651978,3.000005006790161
1.1009999513626099,0.9910000562667847,3.0000057220458984
1.2289999723434448,0.9950000643730164,2.9999992847442627
1.4990001916885376,0.9860000014305115,2.9999988079071045
1.3359999656677246,0.9840000867843628,2.999998092651367
1.221000075340271,0.9910001158714294,2.999992609024048
1.0839999914169312,0.9940000772476196,3.0000054836273193
1.102000117301941,0.9930000901222229,3.0000059604644775
1.099000096321106,0.9950000643730164,2.9999985694885254
1.2720000743865967,0.9880000352859497,3.0000040531158447
1.2740001678466797,0.9920000433921814,3.0
1.4000000953674316,0.9810000061988831,3.0000016689300537
1.1740000247955322,0.9900000095367432,3.0000064373016357
1.9579999446868896,0.968999981880188,3.0
1.124000072479248,0.9920000433921814,3.0000057220458984
1.040000081062317,0.9950000643730164,3.0000059604644775
1.128000020980835,0.9940000772476196,3.0000059604644775
1.128000020980835,0.9930000305175781,3.0000057220458984
1.3909999132156372,0.9829999804496765,3.000002145767212
2.200000047683716,0.9679999947547913,2.9999985694885254
1.3519999980926514,0.9930000901222229,3.0000038146972656
1.1769999265670776,0.9930000901222229,3.0000035762786865
1.1690000295639038,0.9920001029968262,3.0000061988830566
1.5779999494552612,0.9789999723434448,2.9999940395355225
1.3289999961853027,0.9869999885559082,3.000004291534424
1.1150000095367432,0.9950000643730164,3.0000016689300537
1.0949997901916504,0.9950000643730164,3.0000061988830566
1.5780000686645508,0.9739999771118164,3.000005006790161
1.1639999151229858,0.9909999966621399,3.0000054836273193
1.2170000076293945,0.9900000691413879,3.0000014305114746
1.2549999952316284,0.9860000014305115,3.0000064373016357
1.477000117301941,0.984000027179718,2.999999523162842
1.343000054359436,0.9800000786781311,3.0000016689300537
1.5250000953674316,0.9759999513626099,3.0000057220458984
1.0789999961853027,0.9940000772476196,3.0000052452087402
1.1880000829696655,0.9890000224113464,3.0000011920928955
1.0720000267028809,0.9910001158714294,3.0000052452087402
1.11899995803833,0.9930000901222229,2.999997138977051
1.4179998636245728,0.9869999289512634,2.9999945163726807
1.975000023841858,0.966999888420105,2.9999966621398926
1.5720000267028809,0.9799999594688416,2.999999761581421
1.3350001573562622,0.9789999723434448,2.9999966621398926
1.2690000534057617,0.9940000772476196,3.0
1.194000005722046,0.9900000691413879,3.0000054836273193
1.2370001077651978,0.9860000610351562,2.999997138977051
1.156999945640564,0.9920001029968262,3.0000011920928955
1.2170000076293945,0.9859999418258667,3.0000057220458984
1.2599998712539673,0.9890000224113464,2.999995708465576
1.3829998970031738,0.9800000190734863,3.000002861022949
1.319000005722046,0.9880000352859497,3.0000057220458984
1.337999939918518,0.9850000143051147,2.99999737739563
1.373000144958496,0.9829999208450317,3.0000014305114746
1.5420000553131104,0.9780000448226929,2.9999992847442627
1.2380001544952393,0.9869999885559082,2.9999923706054688
1.2630000114440918,0.9900000095367432,3.0000057220458984
1.3899999856948853,0.9860000014305115,2.9999911785125732
1.0480000972747803,0.9950000643730164,3.0000057220458984
1.3649998903274536,0.9799999594688416,2.999992609024048
1.13100004196167,0.9900000691413879,3.0000059604644775
1.0950000286102295,0.9940000772476196,3.0000016689300537
1.3860000371932983,0.9880000352859497,2.9999966621398926
1.251000165939331,0.9910000562667847,2.999988079071045
1.1139999628067017,0.9920001029968262,3.0000054836273193
1.2519999742507935,0.9880000352859497,3.0000054836273193
1.1149998903274536,0.9900000691413879,3.0000007152557373
1.1299999952316284,0.9930000901222229,3.0000064373016357
1.1680001020431519,0.9920001029968262,3.0000059604644775
1.2300001382827759,0.9880000352859497,3.0000052452087402
1.124000072479248,0.9930000901222229,3.0000052452087402
1.3839999437332153,0.9890000820159912,3.0000016689300537
1.073000192642212,0.9950000643730164,3.0000011920928955
1.09499990940094,0.9950000643730164,3.0000059604644775
1.1370000839233398,0.9930000901222229,3.0000054836273193
1.2879999876022339,0.9849998950958252,3.0000057220458984
1.0800000429153442,0.9940000772476196,3.0000057220458984
1.2400000095367432,0.9940000772476196,2.999988079071045
1.1670000553131104,0.9940000772476196,3.0000011920928955
1.2200000286102295,0.9850000143051147,3.0000057220458984
1.059999942779541,0.9950000643730164,3.0000054836273193
1.1059999465942383,0.9940000772476196,2.9999992847442627
1.127000093460083,0.9940000772476196,2.9999966621398926
1.0759999752044678,0.9950000643730164,3.0000061988830566
1.0679998397827148,0.9930000305175781,3.000004529953003
1.5089999437332153,0.9900000691413879,2.999999523162842
1.3240001201629639,0.9950000643730164,2.9999966621398926
1.1010000705718994,0.9920000433921814,3.0000057220458984
1.159000039100647,0.9880000352859497,3.0000064373016357
1.319000005722046,0.9880000352859497,2.999999761581421
1.6349999904632568,0.9820000529289246,2.999998092651367
1.2269998788833618,0.9869999885559082,3.0000059604644775
1.1090000867843628,0.9930000901222229,3.0000059604644775
1.343000054359436,0.9890000224113464,2.9999935626983643
1.3399999141693115,0.9860000014305115,3.0000057220458984
1.3070000410079956,0.9880000352859497,3.0000057220458984
1.066999912261963,0.9950000643730164,3.0000054836273193
1.0980000495910645,0.9930000901222229,2.99999737739563
1.0459998846054077,0.9950000643730164,3.0000052452087402
1.378999948501587,0.9759999513626099,2.999992609024048
1.058000087738037,0.9940000772476196,3.0000057220458984
1.1039999723434448,0.9880000352859497,3.0000052452087402
1.0800000429153442,0.9880000352859497,3.000005006790161
1.0859999656677246,0.9900000095367432,3.0000061988830566
1.0880000591278076,0.9950000643730164,3.0000059604644775
1.1100000143051147,0.9930000305175781,2.999997138977051
1.7969999313354492,0.9820000529289246,2.999995470046997
1.0600000619888306,0.9950000643730164,3.0000061988830566
1.0470000505447388,0.9950000643730164,3.0000057220458984
2.0380001068115234,0.9780000448226929,2.9999942779541016
1.3050000667572021,0.9900001287460327,2.999999523162842
1.315000057220459,0.9900001287460327,2.999999761581421
1.2740000486373901,0.9830000400543213,3.0000059604644775
1.1089999675750732,0.9890000820159912,3.0000054836273193
1.062999963760376,0.9920001029968262,3.0000054836273193
1.1339999437332153,0.9910000562667847,3.0000011920928955
1.255000114440918,0.9839999675750732,3.0000057220458984
1.2980000972747803,0.9910001158714294,2.9999990463256836
1.0540000200271606,0.9950000643730164,3.000005006790161
1.2289999723434448,0.9880000352859497,2.9999966621398926
1.08899986743927,0.9940000772476196,3.000001907348633
1.5460001230239868,0.9869999885559082,3.00000262260437
1.1239999532699585,0.9890000224113464,3.0000057220458984
1.156000018119812,0.9850000143051147,3.0000011920928955
1.0749999284744263,0.9920001029968262,3.000004768371582
1.1419999599456787,0.9950000643730164,2.999997138977051
1.3280000686645508,0.9890000224113464,2.9999940395355225
1.1369999647140503,0.9880000352859497,3.0000007152557373
1.0879998207092285,0.9940000772476196,3.0000054836273193
1.874000072479248,0.9829999804496765,3.00000262260437
1.4359999895095825,0.9819999933242798,3.0000007152557373
1.2360001802444458,0.9880000352859497,2.9999923706054688
1.1200001239776611,0.9890000224113464,3.0000059604644775
1.1380000114440918,0.9890000224113464,3.0000059604644775
1.2580000162124634,0.9799999594688416,3.0000016689300537
1.1799999475479126,0.9890000224113464,3.000001907348633
1.0670000314712524,0.9950000643730164,3.0000061988830566
1.0559998750686646,0.9930000901222229,3.0000054836273193
1.1019999980926514,0.9920001029968262,3.0000061988830566
1.1710000038146973,0.9910001158714294,2.99999737739563
1.1719999313354492,0.9900000691413879,2.999992847442627
1.1890000104904175,0.9880000948905945,2.99999737739563
1.1130000352859497,0.9869999289512634,3.0000054836273193
1.2450000047683716,0.9950000643730164,3.00000262260437
1.1169999837875366,0.9930000305175781,3.0000054836273193
1.1209999322891235,0.9950000643730164,3.0000059604644775
1.100000023841858,0.9940000772476196,2.9999964237213135
1.0329999923706055,0.9950000643730164,3.000004768371582
1.1179999113082886,0.9920001029968262,3.000004768371582
1.1340000629425049,0.98499995470047,3.0000059604644775
1.0770000219345093,0.9920001029968262,3.0000014305114746
1.0369999408721924,0.9950000643730164,3.000005006790161
1.1150000095367432,0.9940000772476196,3.0000057220458984
1.1759999990463257,0.9879999756813049,3.000005006790161
1.1420000791549683,0.9950000643730164,2.9999969005584717
1.1410001516342163,0.9890000224113464,3.0000052452087402
1.1480000019073486,0.9920001029968262,2.99999737739563
1.070000171661377,0.9950000643730164,3.000005006790161
1.309000015258789,0.9849998950958252,2.9999964237213135
1.0819998979568481,0.9950000643730164,3.0000057220458984
1.0469999313354492,0.9930000901222229,3.0000052452087402
1.191999912261963,0.9900001287460327,3.0000054836273193
1.1320000886917114,0.9920000433921814,3.0000054836273193
1.1970000267028809,0.9950000643730164,2.999998092651367
1.1169999837875366,0.9890000820159912,2.999997138977051
1.1430000066757202,0.9930000901222229,2.999995231628418
1.0550000667572021,0.9940000772476196,3.0000057220458984
1.1069999933242798,0.9900000691413879,3.0000057220458984
1.187999963760376,0.9900001287460327,3.0000014305114746
1.4030001163482666,0.9819999933242798,2.999997854232788
1.062000036239624,0.9950000643730164,3.0000052452087402
1.1689999103546143,0.9900000095367432,2.999995470046997
1.1950000524520874,0.9910001158714294,3.0000038146972656
1.1399999856948853,0.9890000224113464,3.0000059604644775
1.1820000410079956,0.9900000691413879,2.999997138977051
1.13100004196167,0.9890000820159912,2.999997138977051
1.2639999389648438,0.9840000867843628,2.9999966621398926
1.3199999332427979,0.9880000352859497,2.9999983310699463
1.1699999570846558,0.9850000739097595,3.0000052452087402
1.100000023841858,0.9890000224113464,3.0000054836273193
1.087999939918518,0.9920001029968262,3.0000064373016357
1.1519999504089355,0.9869999885559082,3.0000052452087402
1.2070000171661377,0.9900000691413879,3.0000059604644775
1.0690001249313354,0.9930000901222229,3.0000064373016357
1.1340000629425049,0.9920000433921814,2.9999964237213135
1.1180000305175781,0.9950000643730164,3.0000038146972656
1.097999930381775,0.9950000643730164,3.0000014305114746
1.0810000896453857,0.9930000901222229,3.0000054836273193
1.090999960899353,0.9900000691413879,3.0000057220458984
1.0470000505447388,0.9940000772476196,3.000004768371582
1.1100000143051147,0.9930000901222229,2.9999966621398926
1.0980000495910645,0.9920001029968262,3.0000057220458984
1.2179999351501465,0.9879999756813049,2.9999923706054688
1.25600004196167,0.9850000739097595,2.999999523162842
1.1120001077651978,0.9900000691413879,2.9999966621398926
1.0529999732971191,0.9950000643730164,3.0000057220458984
1.1490000486373901,0.987000048160553,2.999997138977051
1.1009999513626099,0.9940000772476196,3.0000057220458984
1.1519999504089355,0.9890000820159912,3.0000014305114746
1.3250000476837158,0.9890000820159912,3.0000030994415283
1.062999963760376,0.9950000643730164,3.000004529953003
1.0939998626708984,0.9889999628067017,3.0000052452087402
1.1339998245239258,0.9880000352859497,3.0000057220458984
1.1439999341964722,0.9879999756813049,3.0000057220458984
1.1050000190734863,0.9910000562667847,3.0000052452087402
1.0820000171661377,0.9910001158714294,3.0000057220458984
1.0779999494552612,0.9930000901222229,3.0000057220458984
1.0939998626708984,0.9920000433921814,3.0000061988830566
1.1100000143051147,0.9940000772476196,3.0000057220458984
1.0579999685287476,0.9940000772476196,3.0000059604644775
1.0839998722076416,0.9930000901222229,3.000005006790161
1.187999963760376,0.9880000352859497,3.0000059604644775
1.0479999780654907,0.9940000772476196,3.000005006790161
1.1630001068115234,0.9900001287460327,2.9999969005584717
1.1920000314712524,0.987000048160553,3.0000009536743164
1.0829999446868896,0.9920000433921814,3.000005006790161
1.0759998559951782,0.9930000901222229,3.0000014305114746
1.1120001077651978,0.9900000691413879,3.0000054836273193
1.087999939918518,0.9950000643730164,2.999999761581421
1.1080000400543213,0.9910000562667847,3.0000057220458984
1.0829999446868896,0.9940000772476196,3.0000057220458984
1.059999942779541,0.9950000643730164,3.0000054836273193
1.0720000267028809,0.9890000820159912,3.000005006790161
1.1019999980926514,0.9900001287460327,3.0000054836273193
1.0550000667572021,0.9950000643730164,3.0000052452087402
1.0820000171661377,0.9900001287460327,3.000005006790161
1.0880000591278076,0.9880000352859497,3.0000052452087402
1.1459999084472656,0.9880000352859497,3.000005006790161
1.062999963760376,0.9950000643730164,3.000005006790161
1.128999948501587,0.9930000901222229,3.0000057220458984
1.1029999256134033,0.9880000352859497,3.0000054836273193
1.062000036239624,0.9930000901222229,3.0000054836273193
1.028999924659729,0.9940000772476196,3.0000052452087402
1.0800000429153442,0.9930000901222229,3.0000057220458984
1.0570000410079956,0.9950000643730164,3.0000054836273193
1.1989998817443848,0.9950000643730164,2.999997138977051
1.0329999923706055,0.9950000643730164,3.0000057220458984
1.0350000858306885,0.9950000643730164,3.000005006790161
1.1209999322891235,0.9869999885559082,3.0000059604644775
1.0379999876022339,0.9940000772476196,3.000005006790161
1.0729999542236328,0.9910001158714294,3.000000238418579
1.0460001230239868,0.9909999966621399,3.000004768371582
