8735
5218
2216
10252
977
5047
1994
3065
4730
4592
1010
6384
2695
3089
4870
688
4748
10041
525
97
8618
1507
2134
6941
124
4672
5619
7754
1149
1826
8669
4436
948
9154
6098
3743
7439
5542
2799
1614
7689
732
9283
5798
2042
9504
8052
3022
5463
7510
2322
7766
1949
6483
3310
4108
9691
2340
942
7737
3013
10141
5726
10317
3754
1611
9996
4771
10535
4929
3173
7424
2353
1071
8752
7604
3781
1339
8456
10062
443
745
3690
1803
7034
8429
9963
4134
6531
4694
8858
9518
8841
4099
2046
8511
5492
1083
3892
5702
2584
10290
4975
2589
7912
8602
7638
8866
8253
7158
9594
1810
5252
6779
7227
6058
10483
3862
21
10221
5133
9312
7899
412
89
8506
3693
3282
7205
6100
213
3249
8285
4933
952
5318
8338
10494
10236
7939
4095
3765
2842
8351
5294
4090
8635
4600
2903
2242
10013
8386
6252
839
1067
1842
7007
7868
636
3102
1698
10257
3021
860
7363
2129
5730
3960
7486
4173
2675
3755
1744
9468
8384
5755
3902
1459
5354
1721
2386
2537
9784
256
125
10478
4805
10568
2348
3163
7291
4651
8476
1482
7792
1484
3538
10038
2164
1033
613
3533
3925
214
522
8528
6934
8094
2302
4925
145
79
7732
545
7177
8099
9132
9158
1581
1157
10339
6614
2996
529
7256
2154
9726
7309
7537
5940
7402
1791
7577
5605
3835
2475
6321
8512
2998
8738
5686
5009
5176
6437
9323
7419
650
7455
9853
1091
8000
1854
1579
9839
2666
4405
5483
5233
6710
2265
5631
9632
7049
7219
1150
6955
6412
597
9180
164
1963
8177
797
3744
1530
494
5106
6799
8955
4834
2827
10442
6080
2016
7377
10617
8852
7774
6982
5436
4554
9535
1443
1129
1216
4071
5197
2724
2124
3474
1251
8612
3594
1691
4639
8570
1259
7240
1343
8355
9310
10370
8881
7293
1910
1506
9884
7888
2060
4218
3352
2701
3965
6532
1966
7671
2722
9457
4571
3201
10289
7982
5767
6041
1999
7065
8617
5330
6132
9051
3994
239
6914
3887
6203
8127
4421
8336
3253
438
8603
183
2058
10082
7843
7153
10503
582
6136
6611
5384
5406
9649
3573
2954
2398
6590
1291
5924
1945
5380
9674
9557
8567
10297
4219
9250
4308
568
10105
8221
6436
1126
5361
10118
1262
1401
1088
8270
2964
10076
1458
6726
7528
815
5578
7190
8796
6529
238
4721
3182
831
9577
5839
5987
8583
3963
1761
5654
6537
1491
8278
5087
7784
7565
399
2457
1058
7592
8994
8139
838
6389
9444
4047
8707
4770
6129
1012
5954
8565
3475
8721
100
7114
1642
730
3539
8843
7471
8195
5339
5181
3885
6754
8564
1408
10479
2892
2500
7624
4504
2526
3891
2176
9241
3502
4324
5656
5313
248
4121
8623
10153
6092
6778
3158
2108
2418
9073
7880
3255
6289
1017
5068
5725
9116
7955
8638
201
1414
6327
2037
2757
10251
6037
507
8105
4213
4214
4849
4615
6551
7826
6362
2659
347
1449
3695
7746
4438
825
6275
230
10441
1657
981
9381
3737
9098
5965
1753
2720
8795
6166
3714
9730
1488
2733
8366
4970
5764
2739
1785
382
3327
9247
5962
6409
1585
