427
380
342
422
437
349
99
462
265
63
290
203
11
55
489
331
191
394
289
158
182
313
286
235
230
79
274
29
272
369
241
357
47
492
486
211
70
405
409
408
176
157
209
177
81
440
197
122
413
204
10
186
107
323
169
325
383
411
370
67
37
242
224
446
371
193
495
439
87
328
319
248
387
251
231
454
365
292
238
195
48
208
445
340
421
128
95
228
65
266
256
147
296
337
31
168
83
43
465
92
466
123
355
456
199
275
468
45
436
301
414
438
278
5
150
317
307
379
479
179
461
132
294
198
345
161
497
253
375
339
129
381
406
236
232
234
335
403
390
418
314
41
293
257
372
354
184
225
484
299
363
452
459
280
134
262
212
66
174
110
493
113
447
15
473
2
384
288
40
334
119
316
324
74
148
98
326
201
490
245
306
218
376
38
227
160
23
89
93
162
210
104
159
458
172
18
136
73
34
397
444
499
352
207
88
264
62
279
271
25
320
283
246
14
341
450
133
97
434
449
180
407
285
200
118
101
298
309
28
433
398
426
223
402
64
167
480
373
366
137
154
395
239
243
85
399
105
12
401
284
