6237
1428
9651
3452
5986
6629
4547
10272
5281
8054
10058
5071
2606
8396
125
7346
10127
1309
5182
5753
8950
3090
7803
8637
5529
3917
2577
7220
652
7116
5637
3977
7709
8111
9871
4097
9402
6203
2451
2168
6379
6142
8863
989
1413
8848
8546
4090
5783
9353
4563
10191
6288
7611
9572
3038
5172
8647
4346
780
7852
2597
4431
6907
7714
8730
2795
6106
1348
9304
3191
1941
3140
10006
8894
9623
1944
4853
3399
6425
1598
2301
6767
10508
9533
864
7359
7002
4176
8714
10158
4361
9416
863
5624
3899
5134
1324
5888
1962
7068
4644
1980
10033
4406
9039
3405
2708
6717
6631
7416
1401
662
571
4066
3222
6041
225
1374
6242
10009
10198
5852
5505
1707
8782
3082
2547
4477
813
8483
870
10159
6434
1544
6834
3676
7575
4144
973
7817
9958
9410
2725
5668
8606
1499
5560
840
147
138
10184
6233
910
9335
8844
1660
8419
6882
8558
9347
4925
4664
4079
8150
2906
9891
9925
10101
10515
6992
168
1652
611
5431
1720
5236
5155
1163
1618
8578
4139
9294
4871
3022
303
358
3166
3478
119
230
9611
7395
2902
8840
5065
2916
7653
332
10469
8166
437
7383
2830
7477
7762
6600
6561
7197
4946
6147
10140
8736
9019
2857
8307
1285
661
1450
9783
4322
3339
1839
1078
8614
10060
874
4931
6231
7537
7513
4922
3376
2813
6554
5224
871
4106
9652
8850
6477
7495
9673
7024
3384
3453
3932
47
10018
9756
6128
5129
4988
4780
8236
9602
1637
3805
7465
1050
4318
6485
2734
9311
6709
682
4472
7301
9219
4070
1109
361
8334
2037
9729
9332
10074
7820
6107
5380
3196
667
1790
975
7302
1945
9338
3979
5476
4159
5488
5862
5598
703
7222
9616
7986
3621
2629
3670
2733
3288
2682
8689
159
2961
3372
5705
6449
7732
5061
9313
6844
4220
4492
9050
6291
4370
9126
151
3148
8729
6869
6384
4554
7556
9828
3720
7766
1899
7881
5714
9798
4668
5607
4679
7180
2738
186
1490
8709
7283
6101
156
9459
8157
1537
10554
1748
7327
4294
7574
7393
5679
3398
1125
5591
10309
1383
3641
2817
10227
9104
10498
281
2589
9090
8814
3064
5877
25
5519
1774
8831
10548
2066
6426
6336
5658
3802
5133
1769
8366
10286
3728
5807
6318
10340
4881
83
4886
2048
455
7026
4866
6616
6792
2240
7929
9793
9326
1775
4062
6584
9660
1805
533
4912
7841
1022
3242
10562
365
1014
4783
1828
10430
9376
8765
9736
6191
2195
791
5774
190
1601
10193
8833
10079
10096
4809
10418
3601
2145
5702
3703
1494
4436
2590
4952
769
520
5298
5477
650
5780
10506
1419
5859
1752
9548
7277
2394
10560
4288
9290
4286
8731
5619
2634
2540
4155
4782
1007
4264
8374
6653
2464
4295
5192
10188
1739
10521
8965
6688
5833
7363
10610
3579
1457
6375
466
10085
10409
6580
7644
1377
9165
3489
3659
8566
10629
7379
4529
9890
9113
2006
2587
2024
1617
3027
7143
3321
7099
9089
8498
2478
1077
8208
4236
7332
1643
9949
1567
8556
3684
8192
4751
1523
10168
5170
4142
745
7101
8581
2379
7943
5582
904
1272
4514
