1.099000096321106,0.9910001158714294,3.0000052452087402
1.1929999589920044,0.9910001158714294,2.999992609024048
2.065999984741211,0.9769999980926514,2.9999911785125732
1.2549998760223389,0.9930000901222229,3.0000016689300537
1.222999930381775,0.9920001029968262,2.999995470046997
1.1999999284744263,0.9900000095367432,3.0000059604644775
1.1489999294281006,0.9900000691413879,3.0000016689300537
1.1469999551773071,0.9920000433921814,3.0000059604644775
1.246999979019165,0.9900000095367432,3.0000059604644775
1.2710000276565552,0.9860000610351562,3.0000033378601074
1.1149998903274536,0.9879999756813049,3.0000059604644775
1.2700001001358032,0.9900001287460327,3.0000009536743164
1.472999930381775,0.9900001287460327,3.000002861022949
1.309000015258789,0.984000027179718,3.0000064373016357
1.3860000371932983,0.984000027179718,2.9999966621398926
5.744000434875488,0.9340000152587891,3.000002861022949
1.3980000019073486,0.9910000562667847,3.000002384185791
1.0790001153945923,0.9940000772476196,3.0000064373016357
1.2709999084472656,0.9880000352859497,3.0000014305114746
1.059999942779541,0.9950000643730164,3.0000057220458984
1.087999939918518,0.9950000643730164,3.0000057220458984
1.100000023841858,0.9950000643730164,3.0000057220458984
1.1600000858306885,0.9930000901222229,3.0000011920928955
1.2300001382827759,0.9950000643730164,2.999997138977051
1.0839998722076416,0.9940000772476196,3.0000052452087402
2.8420002460479736,0.9679999351501465,3.000002861022949
1.2289999723434448,0.987000048160553,3.000002384185791
1.24399995803833,0.987000048160553,3.0000014305114746
1.3240000009536743,0.9910000562667847,2.9999964237213135
1.4739999771118164,0.9839999675750732,3.0000014305114746
1.0810000896453857,0.9930000901222229,3.0000052452087402
1.527000069618225,0.9900000691413879,2.9999983310699463
1.5219999551773071,0.9850000739097595,2.9999969005584717
3.2380001544952393,0.9649999737739563,2.9999940395355225
1.6660000085830688,0.9859999418258667,2.999990701675415
1.9800001382827759,0.9809999465942383,3.0
2.6660001277923584,0.9709999561309814,2.9999983310699463
1.198000192642212,0.9900001287460327,3.0000054836273193
1.2390000820159912,0.9900001287460327,3.0000014305114746
2.1700000762939453,0.965999960899353,2.9999988079071045
2.1410000324249268,0.9729999303817749,2.9999914169311523
1.2119998931884766,0.9890000224113464,3.0000011920928955
2.3519999980926514,0.9760000109672546,2.999995231628418
1.2190001010894775,0.9900000095367432,3.0000057220458984
1.2389999628067017,0.9890000820159912,2.9999969005584717
4.634999752044678,0.9420000314712524,3.0000011920928955
1.190000057220459,0.9900001287460327,3.0000054836273193
1.1899999380111694,0.9930000901222229,3.0000057220458984
1.2409999370574951,0.9920001029968262,2.999988317489624
1.3450000286102295,0.9829999804496765,2.9999966621398926
1.096000075340271,0.9950000643730164,3.0000059604644775
1.065000057220459,0.9930000305175781,3.0000059604644775
2.0160000324249268,0.968999981880188,3.000002861022949
1.2289999723434448,0.9869999885559082,3.0000054836273193
1.3329999446868896,0.9860000610351562,2.9999969005584717
1.3470001220703125,0.987000048160553,3.0000040531158447
1.2069998979568481,0.9920000433921814,3.000005006790161
1.087999939918518,0.9940000772476196,3.0000061988830566
1.3240001201629639,0.9880000352859497,3.000004291534424
1.0299999713897705,0.9950000643730164,3.000004768371582
1.318000078201294,0.9850000143051147,3.0000011920928955
1.7310000658035278,0.9850000143051147,2.9999966621398926
1.3330000638961792,0.987000048160553,2.9999969005584717
1.2589999437332153,0.9930000901222229,3.000004291534424
1.316999912261963,0.9839999675750732,3.0000054836273193
1.2070000171661377,0.9940000772476196,2.999992847442627
1.1579999923706055,0.9940000772476196,3.0000014305114746
1.9240000247955322,0.9850000143051147,2.9999969005584717
1.3590000867843628,0.9900000095367432,3.0000014305114746
1.0879998207092285,0.9950000643730164,3.0000061988830566
1.0540000200271606,0.9950000643730164,3.0000052452087402
1.1949999332427979,0.9950000643730164,2.999990701675415
1.2350000143051147,0.9869999885559082,3.0000059604644775
1.249000072479248,0.9860000610351562,3.0000011920928955
1.191999912261963,0.9930000305175781,3.000002861022949
1.2380000352859497,0.9930000901222229,2.999988079071045
1.7389999628067017,0.984000027179718,2.9999988079071045
1.1389999389648438,0.9880000352859497,2.9999969005584717
1.0870000123977661,0.9940000772476196,2.9999966621398926
1.2650001049041748,0.9930000305175781,2.9999992847442627
1.3380001783370972,0.9900001287460327,2.999997138977051
1.1640000343322754,0.9950000643730164,3.0000052452087402
1.1380000114440918,0.9930000901222229,3.0000057220458984
1.2059999704360962,0.9950000643730164,2.999992609024048
1.319000005722046,0.9839999675750732,3.0000011920928955
2.1020002365112305,0.9750000238418579,2.999987840652466
1.0989999771118164,0.9950000643730164,3.0000059604644775
1.3469998836517334,0.9900000095367432,3.0000011920928955
1.1890000104904175,0.9950000643730164,3.0000038146972656
1.1009999513626099,0.9950000643730164,3.0000057220458984
1.2929999828338623,0.9910000562667847,3.000004291534424
1.1429998874664307,0.9920000433921814,3.0000064373016357
1.096000075340271,0.9950000643730164,3.0000061988830566
1.030999779701233,0.9950000643730164,3.0000052452087402
1.3019999265670776,0.9900000691413879,2.9999969005584717
1.2300000190734863,0.9910001158714294,2.999992609024048
1.1119999885559082,0.9950000643730164,3.0000052452087402
1.149999976158142,0.9920000433921814,3.0000059604644775
1.2190001010894775,0.9880000352859497,3.0000059604644775
1.0529999732971191,0.9950000643730164,3.0000057220458984
1.222000002861023,0.9839999675750732,3.0000057220458984
1.218999981880188,0.9869999885559082,3.0000057220458984
1.3540000915527344,0.9829999208450317,2.9999969005584717
1.5920000076293945,0.9779999852180481,2.9999923706054688
1.1459999084472656,0.9900001287460327,3.0000054836273193
1.5019999742507935,0.9799999594688416,2.999992609024048
4.092000484466553,0.9740000367164612,2.9999966621398926
1.8450000286102295,0.9750000238418579,3.000001907348633
1.1380000114440918,0.9910001158714294,3.0000054836273193
1.3880000114440918,0.9890000224113464,2.999999523162842
1.283000111579895,0.9930000901222229,3.000001907348633
1.0700000524520874,0.9940000772476196,3.0000016689300537
1.220000147819519,0.9900000095367432,3.0000014305114746
1.2910000085830688,0.9880000352859497,2.9999992847442627
1.1209999322891235,0.9920001029968262,3.0000059604644775
1.159999966621399,0.9930000901222229,3.0000057220458984
1.2619999647140503,0.9890000820159912,3.0000040531158447
1.5830000638961792,0.9839999079704285,2.999997615814209
1.602000117301941,0.9839999079704285,2.999997138977051
1.0980000495910645,0.9950000643730164,3.0000054836273193
1.3659999370574951,0.9900000691413879,3.0000038146972656
1.3240001201629639,0.9840000867843628,2.999995708465576
1.4830000400543213,0.9810000658035278,2.999999761581421
1.1360000371932983,0.9920001029968262,3.000005006790161
1.9270000457763672,0.9709999561309814,2.9999921321868896
1.372999906539917,0.9850000143051147,3.0000052452087402
1.3700001239776611,0.9940000772476196,2.999990940093994
2.3550000190734863,0.9839999079704285,2.999997138977051
2.3580000400543213,0.981999933719635,2.999990940093994
1.1369999647140503,0.9950000643730164,2.9999969005584717
1.1589999198913574,0.9920001029968262,3.0000009536743164
1.5540001392364502,0.984000027179718,2.999997138977051
1.6730000972747803,0.9860000014305115,2.9999935626983643
2.6000001430511475,0.9700000286102295,2.999987840652466
1.2600001096725464,0.9869999885559082,2.9999966621398926
1.1950000524520874,0.987000048160553,3.0000057220458984
1.7269999980926514,0.9760000109672546,3.0000054836273193
1.277999997138977,0.9910000562667847,2.999992609024048
1.3550000190734863,0.9829999804496765,3.0000014305114746
1.343999981880188,0.9849998950958252,3.0000014305114746
1.3589999675750732,0.9849998950958252,3.0000011920928955
1.193000078201294,0.9950000643730164,3.0000057220458984
1.386000156402588,0.9900000095367432,3.0000007152557373
1.5130000114440918,0.9930000901222229,2.999995470046997
1.3869999647140503,0.9820000529289246,3.00000262260437
1.5,0.9859999418258667,3.000004768371582
1.3250000476837158,0.987000048160553,3.0000059604644775
1.0860000848770142,0.9930000901222229,3.0000054836273193
1.5869998931884766,0.9819999933242798,2.9999959468841553
1.1399998664855957,0.9930000901222229,3.0000057220458984
1.2760000228881836,0.9900000691413879,3.0000040531158447
1.2910000085830688,0.9910001158714294,3.0000040531158447
1.1149998903274536,0.9950000643730164,3.0000052452087402
1.3380000591278076,0.9950000643730164,2.999988317489624
1.3529998064041138,0.987000048160553,3.0000061988830566
1.1419999599456787,0.9920000433921814,3.0000057220458984
1.1109999418258667,0.9930000901222229,3.0000054836273193
1.1349999904632568,0.9940000772476196,3.000005006790161
1.215000033378601,0.9860000014305115,3.0000011920928955
1.2130000591278076,0.9850000143051147,3.0000057220458984
1.378000020980835,0.981999933719635,3.0000016689300537
1.5380001068115234,0.9790000319480896,2.999999523162842
1.2769999504089355,0.9850000143051147,2.9999966621398926
1.1820000410079956,0.9880000948905945,2.999997138977051
1.159999966621399,0.9880000352859497,3.0000054836273193
1.4539999961853027,0.9789999723434448,3.0
1.5850000381469727,0.9809999465942383,3.000002861022949
1.4030001163482666,0.9799999594688416,3.0000009536743164
1.3799999952316284,0.9900000691413879,2.999992609024048
1.404000163078308,0.9829999804496765,2.9999923706054688
1.102000117301941,0.9930000305175781,3.0000061988830566
1.0770000219345093,0.9950000643730164,3.0000054836273193
1.1439999341964722,0.9940000772476196,2.99999737739563
1.1700000762939453,0.9930000901222229,3.0000057220458984
1.1470000743865967,0.9920001029968262,3.0000059604644775
1.4160001277923584,0.9819999933242798,2.999999761581421
1.277000069618225,0.9890000224113464,3.0000040531158447
1.2269999980926514,0.9829999804496765,3.0000061988830566
1.3290001153945923,0.9799999594688416,3.000001907348633
1.0910000801086426,0.9950000643730164,3.0000061988830566
1.4420000314712524,0.9900000691413879,2.9999983310699463
1.068000078201294,0.9950000643730164,3.0000057220458984
1.0700000524520874,0.9920001029968262,3.0000054836273193
1.1480000019073486,0.9890000224113464,3.0000009536743164
1.2120000123977661,0.9880000352859497,3.000000476837158
1.78000009059906,0.9829999804496765,3.000002861022949
1.0820001363754272,0.9909999966621399,3.0000052452087402
1.157999873161316,0.9920001029968262,3.0000057220458984
1.2160000801086426,0.9860000014305115,3.0000057220458984
1.4920001029968262,0.9830000400543213,3.0000054836273193
1.2310000658035278,0.9930000305175781,3.0000011920928955
1.971000075340271,0.9749999642372131,3.0000040531158447
1.126000165939331,0.9930000901222229,3.0000059604644775
1.6460000276565552,0.9790000319480896,2.9999921321868896
1.1500000953674316,0.9940000772476196,3.0000014305114746
1.1349999904632568,0.9950000643730164,2.9999966621398926
1.6380000114440918,0.9779999256134033,3.00000262260437
1.124000072479248,0.9920001029968262,3.0000057220458984
1.5550000667572021,0.9859999418258667,3.0000038146972656
1.6859999895095825,0.9849998950958252,3.000004529953003
1.8280000686645508,0.9859999418258667,3.000000238418579
1.220000147819519,0.984000027179718,3.0000061988830566
1.4840000867843628,0.9799999594688416,3.0000040531158447
1.4119999408721924,0.9769999980926514,3.0000052452087402
1.0950000286102295,0.9910000562667847,3.0000059604644775
1.2760000228881836,0.9940000772476196,2.9999921321868896
1.1760001182556152,0.9920000433921814,3.0000059604644775
1.059999942779541,0.9940000772476196,3.000005006790161
1.0699999332427979,0.9950000643730164,3.0000059604644775
2.9670000076293945,0.972000002861023,2.999995708465576
2.4280002117156982,0.9849998950958252,2.9999992847442627
1.1100000143051147,0.9930000901222229,2.9999966621398926
1.308000087738037,0.9839999675750732,3.0000054836273193
1.1039999723434448,0.9900001287460327,3.0000057220458984
1.1729999780654907,0.9910000562667847,3.0000057220458984
1.4980000257492065,0.9709999561309814,3.0000059604644775
1.1340000629425049,0.9910000562667847,3.0000057220458984
1.3270000219345093,0.9910000562667847,2.999992847442627
1.3329998254776,0.9829999804496765,2.999988079071045
1.3750001192092896,0.9930000901222229,2.9999964237213135
1.196000099182129,0.9900000691413879,3.0000057220458984
1.2060000896453857,0.9920000433921814,3.0000011920928955
1.1120001077651978,0.9910001158714294,3.0000057220458984
1.3930000066757202,0.9869999885559082,2.9999969005584717
1.4399999380111694,0.9799999594688416,2.9999923706054688
1.1800001859664917,0.9890000224113464,3.0000052452087402
1.1800000667572021,0.9870001077651978,3.0000061988830566
1.156000018119812,0.9930000901222229,3.0000057220458984
1.1360000371932983,0.9900000095367432,3.0000054836273193
1.255000114440918,0.9860000014305115,3.0000016689300537
1.1790001392364502,0.9900000691413879,2.9999966621398926
1.1010000705718994,0.9950000643730164,3.0000054836273193
1.2309999465942383,0.9860000610351562,3.0000059604644775
1.2719998359680176,0.9859999418258667,3.0000054836273193
1.5750000476837158,0.9879999756813049,2.99999737739563
1.3369998931884766,0.9880000352859497,2.9999988079071045
2.2240002155303955,0.9819999933242798,2.999997138977051
1.1069999933242798,0.9930000901222229,3.0000054836273193
1.1059999465942383,0.9890000820159912,3.0000064373016357
1.2020000219345093,0.9839999079704285,3.0000014305114746
1.472000002861023,0.9869999885559082,3.00000262260437
1.440999984741211,0.9910001158714294,2.9999985694885254
1.3379998207092285,0.9920001029968262,2.9999938011169434
1.087999939918518,0.9920001029968262,3.0000054836273193
1.0750000476837158,0.9930000305175781,3.0000057220458984
1.0479999780654907,0.9940000772476196,3.000005006790161
1.154000163078308,0.9860000014305115,3.0000052452087402
1.4630000591278076,0.9800000190734863,3.0000011920928955
1.090999960899353,0.9880000352859497,3.000004768371582
1.194000005722046,0.9890000224113464,3.0000064373016357
1.093999981880188,0.9909999966621399,3.0000054836273193
1.1150001287460327,0.9910000562667847,3.0000061988830566
1.4730000495910645,0.9739999771118164,3.0000007152557373
1.1050000190734863,0.9920001029968262,3.0000059604644775
1.287000060081482,0.9860000014305115,2.9999969005584717
1.3320001363754272,0.9880000948905945,2.999997138977051
1.3630000352859497,0.9850000739097595,2.9999959468841553
1.2100001573562622,0.9900001287460327,2.999997138977051
1.1710000038146973,0.9839999675750732,3.0000052452087402
1.1009999513626099,0.9940000772476196,3.0000016689300537
1.1410000324249268,0.9870001077651978,3.000005006790161
1.1079999208450317,0.9910000562667847,3.0000059604644775
1.2330000400543213,0.9950000643730164,2.9999990463256836
1.5000001192092896,0.9860000014305115,2.9999988079071045
1.36899995803833,0.9840000867843628,2.999998092651367
1.2260000705718994,0.9910001158714294,2.999992609024048
1.093999981880188,0.9940000772476196,3.0000059604644775
1.1060001850128174,0.9930000901222229,3.0000059604644775
1.1140000820159912,0.9950000643730164,2.9999988079071045
1.2850000858306885,0.9880000352859497,3.0000040531158447
1.28600013256073,0.9920000433921814,3.0
1.409000039100647,0.9810000061988831,3.0000059604644775
1.1729999780654907,0.9900000095367432,3.0000061988830566
1.968999981880188,0.968999981880188,2.999999761581421
1.1260000467300415,0.9920000433921814,3.0000057220458984
1.0420000553131104,0.9950000643730164,3.0000059604644775
1.1340000629425049,0.9940000772476196,3.0000059604644775
1.1460000276565552,0.9930000305175781,3.0000057220458984
1.3909999132156372,0.9829999804496765,3.000002145767212
2.246000051498413,0.9679999947547913,2.999995708465576
1.3639999628067017,0.9930000901222229,3.0000040531158447
1.180999994277954,0.9930000901222229,3.0000038146972656
1.1790000200271606,0.9920001029968262,3.0000059604644775
1.5950000286102295,0.9789999723434448,2.9999940395355225
1.3680000305175781,0.9869999885559082,3.000004291534424
1.1150000095367432,0.9950000643730164,3.0000016689300537
1.1039998531341553,0.9950000643730164,3.0000059604644775
1.6180000305175781,0.9739999771118164,3.000005006790161
1.184999942779541,0.9909999966621399,3.0000054836273193
1.2820000648498535,0.9900000691413879,3.0000011920928955
1.2580000162124634,0.9860000014305115,3.0000064373016357
1.50600004196167,0.984000027179718,2.999999761581421
1.3910000324249268,0.9800000786781311,2.999997138977051
1.5510001182556152,0.9759999513626099,3.0000057220458984
1.0830000638961792,0.9940000772476196,3.0000052452087402
1.1959999799728394,0.9890000224113464,3.0000011920928955
1.0780000686645508,0.9910001158714294,3.0000052452087402
1.1309999227523804,0.9930000901222229,2.999997138977051
1.4219999313354492,0.9869999289512634,2.9999945163726807
2.0299999713897705,0.966999888420105,2.9999964237213135
1.6420000791549683,0.9799999594688416,2.999999761581421
1.377000093460083,0.9789999723434448,2.9999966621398926
1.281000018119812,0.9940000772476196,3.0
1.2070000171661377,0.9900000691413879,3.0000054836273193
1.2420001029968262,0.9860000610351562,2.999997615814209
1.1739999055862427,0.9920001029968262,3.0000007152557373
1.2419999837875366,0.9859999418258667,3.0000057220458984
1.280999779701233,0.9890000224113464,2.999995470046997
1.3849998712539673,0.9800000190734863,3.0000030994415283
1.340000033378601,0.9880000352859497,3.0000054836273193
1.3529999256134033,0.9850000143051147,2.99999737739563
1.409000039100647,0.9829999208450317,2.9999969005584717
1.5540001392364502,0.9780000448226929,2.9999990463256836
1.2530001401901245,0.9869999885559082,2.9999923706054688
1.3009999990463257,0.9900000095367432,3.0000014305114746
1.4490000009536743,0.9860000014305115,2.9999940395355225
1.0510001182556152,0.9950000643730164,3.0000057220458984
1.372999906539917,0.9799999594688416,2.999992609024048
1.1490000486373901,0.9900000691413879,3.0000059604644775
1.097000002861023,0.9940000772476196,3.0000016689300537
1.4140000343322754,0.9880000352859497,3.0000011920928955
1.2560001611709595,0.9910000562667847,2.999988079071045
1.1139999628067017,0.9920001029968262,3.0000054836273193
1.2630000114440918,0.9880000352859497,3.0000054836273193
1.119999885559082,0.9900000691413879,3.0000007152557373
1.1380000114440918,0.9930000901222229,3.0000064373016357
1.1700000762939453,0.9920001029968262,3.0000059604644775
1.2380000352859497,0.9880000352859497,3.0000052452087402
1.1310001611709595,0.9930000901222229,3.0000057220458984
1.4019999504089355,0.9890000820159912,3.0000014305114746
1.073000192642212,0.9950000643730164,3.0000011920928955
1.0959999561309814,0.9950000643730164,3.0000059604644775
1.1410001516342163,0.9930000901222229,3.0000054836273193
1.2949999570846558,0.9849998950958252,3.0000057220458984
1.092000126838684,0.9940000772476196,3.0000059604644775
1.2420001029968262,0.9940000772476196,2.999987840652466
1.183000087738037,0.9940000772476196,3.0000014305114746
1.227000117301941,0.9850000143051147,3.0000057220458984
1.0619999170303345,0.9950000643730164,3.0000054836273193
1.1100000143051147,0.9940000772476196,2.9999992847442627
1.1290000677108765,0.9940000772476196,2.9999969005584717
1.0779999494552612,0.9950000643730164,3.0000061988830566
1.0689998865127563,0.9930000305175781,3.000004529953003
1.5549999475479126,0.9900000691413879,2.999999523162842
1.3530001640319824,0.9950000643730164,2.9999964237213135
1.1089999675750732,0.9920000433921814,3.0000054836273193
1.1640000343322754,0.9880000352859497,3.0000064373016357
1.3389999866485596,0.9880000352859497,2.999999523162842
1.6589999198913574,0.9820000529289246,2.999998092651367
1.2739999294281006,0.9869999885559082,3.000001907348633
1.1290000677108765,0.9930000901222229,3.0000057220458984
1.3680000305175781,0.9890000224113464,2.9999935626983643
1.3549998998641968,0.9860000014305115,3.0000054836273193
1.3420000076293945,0.9880000352859497,3.0000040531158447
1.0699999332427979,0.9950000643730164,3.0000057220458984
1.1010000705718994,0.9930000901222229,2.999997138977051
1.0499999523162842,0.9950000643730164,3.0000054836273193
1.4010000228881836,0.9759999513626099,2.999992609024048
1.065000057220459,0.9940000772476196,3.0000057220458984
1.121999979019165,0.9880000352859497,3.0000052452087402
1.0880000591278076,0.9880000352859497,3.000005006790161
1.0920000076293945,0.9900000095367432,3.0000059604644775
1.1140000820159912,0.9950000643730164,3.0000011920928955
1.1269999742507935,0.9930000305175781,2.9999969005584717
1.840999960899353,0.9820000529289246,2.9999923706054688
1.062000036239624,0.9950000643730164,3.0000061988830566
1.058000087738037,0.9950000643730164,3.0000054836273193
2.136000156402588,0.9780000448226929,2.9999942779541016
1.3830000162124634,0.9900001287460327,2.999999523162842
1.378000020980835,0.9900001287460327,2.999999523162842
1.2790000438690186,0.9830000400543213,3.0000059604644775
1.1169999837875366,0.9890000820159912,3.0000054836273193
1.0649999380111694,0.9920001029968262,3.0000054836273193
1.1469999551773071,0.9910000562667847,3.0000014305114746
1.277000069618225,0.9839999675750732,3.0000057220458984
1.3289999961853027,0.9910001158714294,2.9999990463256836
1.0550000667572021,0.9950000643730164,3.000005006790161
1.2319999933242798,0.9880000352859497,2.9999966621398926
1.0909998416900635,0.9940000772476196,2.999997615814209
1.571000099182129,0.9869999885559082,3.00000262260437
1.1299999952316284,0.9890000224113464,3.0000054836273193
1.218000054359436,0.9850000143051147,3.0000014305114746
1.0770000219345093,0.9920001029968262,3.000004768371582
1.149999976158142,0.9950000643730164,2.999997138977051
1.3619999885559082,0.9890000224113464,2.9999938011169434
1.1519999504089355,0.9880000352859497,3.0000009536743164
1.08899986743927,0.9940000772476196,3.0000054836273193
1.9890000820159912,0.9829999804496765,3.00000262260437
1.4589999914169312,0.9819999933242798,3.000005006790161
1.2880001068115234,0.9880000352859497,2.999992609024048
1.1480001211166382,0.9890000224113464,3.0000059604644775
1.1410000324249268,0.9890000224113464,3.0000059604644775
1.2960000038146973,0.9799999594688416,3.000001907348633
1.187999963760376,0.9890000224113464,3.0000016689300537
1.0699999332427979,0.9950000643730164,3.0000064373016357
1.0649999380111694,0.9930000901222229,3.0000052452087402
1.1069999933242798,0.9920001029968262,3.0000059604644775
1.1800000667572021,0.9910001158714294,2.99999737739563
1.1779999732971191,0.9900000691413879,2.999992609024048
1.2269999980926514,0.9880000948905945,2.99999737739563
1.1160000562667847,0.9869999289512634,3.0000054836273193
1.2680000066757202,0.9950000643730164,2.9999983310699463
1.11899995803833,0.9930000305175781,3.0000052452087402
1.1230000257492065,0.9950000643730164,3.0000057220458984
1.1050000190734863,0.9940000772476196,2.9999966621398926
1.034000039100647,0.9950000643730164,3.000004768371582
1.128999948501587,0.9920001029968262,3.000004768371582
1.1360000371932983,0.98499995470047,3.0000057220458984
1.0839999914169312,0.9920001029968262,3.0000014305114746
1.0379998683929443,0.9950000643730164,3.000005006790161
1.121999979019165,0.9940000772476196,3.0000054836273193
1.1929999589920044,0.9879999756813049,3.0000052452087402
1.1450001001358032,0.9950000643730164,2.9999969005584717
1.1420000791549683,0.9890000224113464,3.0000052452087402
1.1510000228881836,0.9920001029968262,2.999997138977051
1.0770001411437988,0.9950000643730164,3.0000052452087402
1.3370000123977661,0.9849998950958252,2.9999964237213135
1.0839999914169312,0.9950000643730164,3.0000057220458984
1.0619999170303345,0.9930000901222229,3.0000057220458984
1.1959999799728394,0.9900001287460327,3.0000052452087402
1.1449999809265137,0.9920000433921814,3.0000054836273193
1.2039999961853027,0.9950000643730164,2.999998092651367
1.128000020980835,0.9890000820159912,2.999997138977051
1.1660000085830688,0.9930000901222229,2.999995470046997
1.0600000619888306,0.9940000772476196,3.0000057220458984
1.1309999227523804,0.9900000691413879,3.0000057220458984
1.1939998865127563,0.9900001287460327,3.0000016689300537
1.4060001373291016,0.9819999933242798,2.999997854232788
1.0609999895095825,0.9950000643730164,3.000005006790161
1.179999828338623,0.9900000095367432,2.999995470046997
1.1970000267028809,0.9910001158714294,3.0000009536743164
1.1589999198913574,0.9890000224113464,3.0000057220458984
1.2000000476837158,0.9900000691413879,2.999997138977051
1.13100004196167,0.9890000820159912,2.999997138977051
1.2769999504089355,0.9840000867843628,2.9999966621398926
1.3329999446868896,0.9880000352859497,2.9999983310699463
1.184000015258789,0.9850000739097595,3.000005006790161
1.1180000305175781,0.9890000224113464,3.0000054836273193
1.0899999141693115,0.9920001029968262,3.0000064373016357
1.1779999732971191,0.9869999885559082,3.000005006790161
1.218000054359436,0.9900000691413879,3.0000057220458984
1.0890001058578491,0.9930000901222229,3.0000061988830566
1.1410000324249268,0.9920000433921814,2.9999961853027344
1.13100004196167,0.9950000643730164,3.0000059604644775
1.1089999675750732,0.9950000643730164,3.0000014305114746
1.0860000848770142,0.9930000901222229,3.0000054836273193
1.093000054359436,0.9900000691413879,3.0000057220458984
1.0509999990463257,0.9940000772476196,3.000004768371582
1.1190000772476196,0.9930000901222229,2.999997138977051
1.1050000190734863,0.9920001029968262,3.0000059604644775
1.2279999256134033,0.9879999756813049,2.999992609024048
1.2879999876022339,0.9850000739097595,2.9999992847442627
1.1160001754760742,0.9900000691413879,2.9999969005584717
1.055999994277954,0.9950000643730164,3.0000057220458984
1.1540000438690186,0.987000048160553,2.9999969005584717
1.1119999885559082,0.9940000772476196,3.0000057220458984
1.1619999408721924,0.9890000820159912,3.0000014305114746
1.3260000944137573,0.9890000820159912,3.0000030994415283
1.0700000524520874,0.9950000643730164,3.000004768371582
1.0989998579025269,0.9889999628067017,3.000005006790161
1.153999924659729,0.9880000352859497,3.0000057220458984
1.1610000133514404,0.9879999756813049,3.0000057220458984
1.1360000371932983,0.9910000562667847,3.0000054836273193
1.0860000848770142,0.9910001158714294,3.0000057220458984
1.0819998979568481,0.9930000901222229,3.0000057220458984
1.1029999256134033,0.9920000433921814,3.0000064373016357
1.1119999885559082,0.9940000772476196,3.0000057220458984
1.055999994277954,0.9940000772476196,3.0000059604644775
1.0929999351501465,0.9930000901222229,3.000005006790161
1.2109999656677246,0.9880000352859497,3.0000059604644775
1.0489999055862427,0.9940000772476196,3.000005006790161
1.186000108718872,0.9900001287460327,2.9999969005584717
1.2020000219345093,0.987000048160553,3.0000009536743164
1.0859999656677246,0.9920000433921814,3.000004768371582
1.0769999027252197,0.9930000901222229,3.0000011920928955
1.1190000772476196,0.9900000691413879,3.0000054836273193
1.0929999351501465,0.9950000643730164,2.999999523162842
1.1109999418258667,0.9910000562667847,3.0000057220458984
1.087999939918518,0.9940000772476196,3.0000057220458984
1.0619999170303345,0.9950000643730164,3.0000054836273193
1.0759999752044678,0.9890000820159912,3.0000052452087402
1.1069999933242798,0.9900001287460327,3.0000054836273193
1.0600000619888306,0.9950000643730164,3.0000052452087402
1.0839999914169312,0.9900001287460327,3.000004768371582
1.090000033378601,0.9880000352859497,3.0000052452087402
1.1549999713897705,0.9880000352859497,3.000005006790161
1.065999984741211,0.9950000643730164,3.000005006790161
1.1429998874664307,0.9930000901222229,3.0000054836273193
1.1089999675750732,0.9880000352859497,3.0000057220458984
1.0660001039505005,0.9930000901222229,3.0000052452087402
1.028999924659729,0.9940000772476196,3.0000052452087402
1.090000033378601,0.9930000901222229,3.0000054836273193
1.071000099182129,0.9950000643730164,3.000005006790161
1.2039998769760132,0.9950000643730164,2.999997138977051
1.0379999876022339,0.9950000643730164,3.0000057220458984
1.03600013256073,0.9950000643730164,3.000004768371582
1.1349999904632568,0.9869999885559082,3.0000059604644775
1.0549999475479126,0.9940000772476196,3.000005006790161
1.0819998979568481,0.9910001158714294,3.000000238418579
1.0440001487731934,0.9909999966621399,3.000004529953003
