273
339
40
354
428
327
373
277
256
367
469
297
403
257
247
444
61
18
204
451
340
260
37
304
38
12
234
414
318
133
79
471
447
227
254
397
342
58
70
356
370
380
436
427
382
295
51
263
300
237
395
248
118
176
205
377
343
458
381
229
6
149
243
16
314
121
459
224
72
64
83
429
476
270
140
146
165
3
467
239
265
284
417
199
27
186
271
283
259
479
191
400
466
222
81
448
331
408
111
93
485
161
44
69
244
90
112
312
453
345
282
39
249
484
54
17
332
159
125
0
10
426
96
25
258
57
218
281
80
162
1
84
246
160
36
177
268
464
240
135
425
455
106
31
52
398
19
88
178
401
372
241
143
24
77
157
360
190
23
285
152
175
5
171
164
43
306
172
174
198
122
219
498
154
22
238
153
232
156
11
437
344
384
394
430
212
418
280
78
369
137
320
60
490
379
15
168
330
95
82
325
235
446
45
321
59
359
406
275
276
267
278
250
179
292
151
150
110
230
210
202
225
449
457
138
107
296
131
142
350
7
290
185
477
105
475
468
42
349
200
103
170
309
129
100
336
181
315
308
123
415
104
184
291
293
242
97
73
322
462
443
74
435
376
333
361
481
489
87
261
94
288
405
245
465
173
30
454
421
286
155
424
41
188
116
207
463
499
488
478
128
102
197
387
404
461
264
269
492
114
495
192
101
48
85
474
148
89
214
92
383
236
98
203
99
206
486
480
62
32
311
193
163
13
334
252
423
353
316
86
399
410
413
119
362
4
211
305
337
391
14
363
341
307
368
195
299
272
144
145
127
68
66
220
55
302
439
196
407
109
348
301
357
371
215
35
126
262
419
132
209
255
497
2
71
