1.035908579826355,0.9550000429153442,1.0684394836425781
1.0220800638198853,0.9750000238418579,1.0679707527160645
1.0199999809265137,0.9800000190734863,1.1689083576202393
1.0363308191299438,0.9550000429153442,1.0725020170211792
1.024999976158142,0.9750000238418579,1.0307831764221191
1.0199999809265137,0.9800000190734863,1.0378146171569824
1.0199999809265137,0.9800000190734863,1.0309393405914307
1.03256356716156,0.9600000381469727,1.2404707670211792
1.0328145027160645,0.9500000476837158,1.8515644073486328
1.0199999809265137,0.9800000190734863,1.0687519311904907
1.038329839706421,0.9550000429153442,1.6550019979476929
1.0424572229385376,0.9500000476837158,1.646408200263977
1.0273158550262451,0.9600000381469727,1.4490644931793213
1.024999976158142,0.9750000238418579,1.0435956716537476
1.0199999809265137,0.9800000190734863,1.0320332050323486
1.0372639894485474,0.9550000429153442,1.2257832288742065
1.024999976158142,0.9750000238418579,1.023751974105835
1.0199999809265137,0.9800000190734863,1.0292208194732666
1.0199999809265137,0.9800000190734863,1.0520331859588623
1.0199999809265137,0.9800000190734863,1.0365644693374634
1.024999976158142,0.9750000238418579,1.0331268310546875
1.0199999809265137,0.9800000190734863,1.0420331954956055
1.024999976158142,0.9750000238418579,1.0231269598007202
1.0199999809265137,0.9800000190734863,1.0476582050323486
1.030432105064392,0.9600000381469727,1.1675019264221191
1.0199999809265137,0.9800000190734863,1.0259395837783813
1.035908579826355,0.9550000429153442,1.0665644407272339
1.0199999809265137,0.9800000190734863,1.034064531326294
1.0199999809265137,0.9800000190734863,1.029064416885376
1.0363308191299438,0.9550000429153442,1.0717207193374634
1.0199999809265137,0.9800000190734863,1.0445332527160645
1.0199999809265137,0.9800000190734863,1.011095643043518
