289
817
724
781
969
217
930
259
777
495
417
443
654
117
517
90
429
943
554
684
513
758
884
10
467
992
990
898
248
358
1028
902
172
160
979
520
376
427
631
370
675
445
617
681
912
482
282
551
45
776
903
1022
870
691
732
570
476
351
648
283
685
276
985
182
477
650
669
316
277
1056
281
319
183
593
1072
431
936
468
194
392
57
836
908
249
241
207
419
196
583
1071
702
119
1017
602
891
125
382
1051
338
698
561
1068
1064
348
963
538
859
388
971
1065
958
668
1036
141
80
480
672
327
723
981
690
696
876
880
608
736
1009
8
389
637
889
1027
935
86
62
503
621
398
474
1016
452
1038
395
463
896
246
806
103
704
293
622
865
451
43
737
174
871
1012
574
780
954
410
275
597
548
542
424
188
91
899
88
356
97
55
1061
329
620
929
137
778
825
36
25
150
99
314
666
527
832
951
268
770
611
38
344
237
147
944
221
818
87
988
686
98
197
866
76
1057
734
744
357
577
215
341
244
158
394
491
862
216
612
752
894
875
888
0
437
802
592
1047
73
815
184
565
56
494
274
136
813
873
839
212
978
748
352
404
616
438
1004
385
209
471
918
169
968
564
1062
1031
415
53
1039
897
763
609
484
709
143
537
519
840
746
243
1040
720
740
399
1007
321
967
339
829
632
629
510
195
434
458
449
337
416
941
110
12
580
893
262
526
877
960
831
1
618
879
860
1021
1046
124
710
478
64
674
285
128
47
915
492
922
727
706
586
486
181
755
131
354
606
245
252
662
1042
255
342
701
170
311
761
576
441
501
226
867
814
260
163
657
37
596
332
974
869
242
959
32
475
886
516
432
678
973
1073
317
578
229
116
1074
107
481
555
343
201
713
18
716
74
369
123
1015
853
391
113
130
793
425
833
794
987
286
598
557
411
980
1053
178
508
749
224
152
49
1045
994
733
412
1076
489
365
878
205
816
591
102
199
534
801
448
19
909
1060
108
545
804
16
824
1041
535
383
605
164
1043
659
479
883
573
741
67
203
239
435
847
587
590
643
247
161
882
952
665
738
129
683
436
51
379
834
1054
72
371
946
511
549
453
366
104
168
785
148
838
747
101
24
594
1033
938
997
603
302
377
563
159
157
769
308
708
461
651
1024
132
726
420
396
539
1019
470
271
530
58
721
932
335
986
809
764
553
149
607
751
68
661
820
914
790
374
688
266
225
162
39
1010
380
462
1066
939
921
145
151
265
949
799
699
459
187
384
756
795
279
66
210
571
892
655
