268
117
100
375
127
479
219
197
72
366
43
374
444
482
10
340
448
325
86
402
403
449
166
103
274
296
141
370
248
276
122
64
230
180
0
176
123
306
440
42
333
412
215
137
302
359
419
209
221
224
303
435
23
155
377
142
489
271
165
255
28
115
317
75
409
300
129
38
256
175
217
470
483
220
92
442
170
415
454
480
460
488
446
236
30
324
226
495
2
307
269
398
476
493
99
342
391
112
138
395
113
77
90
361
245
114
389
354
16
411
357
250
281
149
24
124
68
443
177
146
13
273
216
50
69
378
352
169
386
384
161
301
392
239
367
458
394
20
358
106
316
212
9
126
414
321
56
428
291
8
467
188
93
278
456
477
433
425
471
71
53
349
160
404
254
121
326
420
441
189
330
7
397
5
150
309
198
327
105
227
381
229
490
472
463
421
4
253
299
234
116
373
154
185
297
499
304
193
19
292
422
293
430
426
481
196
45
353
270
228
195
363
265
244
459
345
66
337
48
487
379
18
136
417
452
484
310
335
62
200
51
32
486
231
225
76
3
313
390
191
401
344
58
14
87
262
387
371
242
336
