219
291
191
138
439
478
210
122
390
442
118
395
476
394
436
444
513
98
496
348
128
76
397
171
117
405
452
283
346
359
374
281
392
323
460
131
417
263
9
384
416
233
350
301
0
180
386
8
366
265
64
37
473
164
258
25
484
314
149
332
245
93
381
244
421
401
413
434
498
389
375
88
79
380
48
520
77
271
217
432
505
81
17
6
113
143
485
391
155
424
62
159
262
247
286
463
50
18
96
412
517
65
105
289
296
35
407
49
120
1
80
343
310
72
342
28
181
209
428
44
275
3
506
229
472
216
518
207
422
232
249
278
241
504
396
246
161
326
33
12
119
147
158
519
373
225
411
372
437
449
512
363
175
479
56
206
235
481
112
294
313
129
303
199
320
43
462
253
108
41
450
165
435
371
20
162
240
273
329
489
236
466
377
92
103
84
68
124
102
211
202
106
341
83
5
486
469
427
327
522
176
440
153
399
45
75
47
280
29
471
406
495
90
196
527
91
123
40
204
140
410
425
170
78
419
507
234
316
86
70
277
146
319
167
354
287
69
358
306
324
127
67
144
266
351
160
203
490
115
145
446
213
152
305
221
182
52
335
34
360
315
292
61
251
330
295
57
361
468
177
483
168
376
318
418
250
60
322
15
509
200
104
353
524
27
393
347
364
126
169
426
429
154
328
22
423
39
185
482
385
331
142
441
321
312
215
121
285
95
14
448
252
352
163
256
179
190
261
443
445
21
148
511
166
336
349
107
430
31
299
497
357
293
189
274
279
133
150
470
224
467
514
174
218
230
334
345
503
284
13
63
302
172
333
36
89
453
198
139
480
526
201
212
4
516
268
73
491
11
58
508
494
173
311
222
94
403
26
10
356
238
317
398
409
378
298
269
297
59
248
254
267
109
136
255
257
