1.0860000848770142,0.9910001158714294,3.000004768371582
1.187999963760376,0.9910001158714294,2.999988079071045
1.9819999933242798,0.9769999980926514,2.999995708465576
1.2489999532699585,0.9930000901222229,2.999997138977051
1.184999942779541,0.9920001029968262,2.999995231628418
1.1779999732971191,0.9900000095367432,3.0000057220458984
1.1439999341964722,0.9900000691413879,2.99999737739563
1.1279999017715454,0.9920000433921814,3.0000057220458984
1.2259999513626099,0.9900000095367432,3.0000059604644775
1.2510000467300415,0.9860000610351562,3.0000033378601074
1.1119999885559082,0.9879999756813049,3.0000059604644775
1.1500000953674316,0.9900001287460327,3.0000057220458984
1.3089998960494995,0.9900001287460327,3.000004291534424
1.2179999351501465,0.984000027179718,3.0000059604644775
1.2289999723434448,0.984000027179718,2.9999966621398926
4.390000343322754,0.9340000152587891,3.000002861022949
1.3489999771118164,0.9910000562667847,3.000002384185791
1.071000099182129,0.9940000772476196,3.0000064373016357
1.2389999628067017,0.9880000352859497,2.999997138977051
1.0540000200271606,0.9950000643730164,3.0000057220458984
1.059000015258789,0.9950000643730164,3.0000052452087402
1.0810000896453857,0.9950000643730164,3.0000054836273193
1.1030000448226929,0.9930000901222229,3.0000057220458984
1.220000147819519,0.9950000643730164,3.0
1.0799999237060547,0.9940000772476196,3.0000052452087402
2.516000270843506,0.9679999351501465,3.000002861022949
1.2230000495910645,0.987000048160553,3.000002384185791
1.212999939918518,0.987000048160553,2.9999969005584717
1.3070000410079956,0.9910000562667847,2.9999964237213135
1.4579999446868896,0.9839999675750732,3.0000014305114746
1.068000078201294,0.9930000901222229,3.0000054836273193
1.4780000448226929,0.9900000691413879,2.999995470046997
1.4639999866485596,0.9850000739097595,2.9999969005584717
2.924999952316284,0.9649999737739563,2.9999938011169434
1.5579999685287476,0.9859999418258667,2.999990940093994
1.915000081062317,0.9809999465942383,2.999999761581421
2.4620001316070557,0.9709999561309814,2.9999990463256836
1.1750001907348633,0.9900001287460327,3.0000057220458984
1.2260000705718994,0.9900001287460327,3.0000011920928955
1.9520001411437988,0.965999960899353,2.9999988079071045
1.9910000562667847,0.9729999303817749,2.9999914169311523
1.190999984741211,0.9890000224113464,2.999997138977051
2.0969998836517334,0.9760000109672546,2.9999918937683105
1.2000001668930054,0.9900000095367432,3.0000014305114746
1.2029999494552612,0.9890000820159912,2.9999969005584717
3.878999710083008,0.9420000314712524,3.0000016689300537
1.1540000438690186,0.9900001287460327,3.0000057220458984
1.1309999227523804,0.9930000901222229,3.000004291534424
1.1959999799728394,0.9920001029968262,2.999988079071045
1.2259999513626099,0.9829999804496765,2.9999966621398926
1.0940001010894775,0.9950000643730164,3.0000061988830566
1.0590001344680786,0.9930000305175781,3.0000061988830566
1.9249999523162842,0.968999981880188,3.000002861022949
1.225000023841858,0.9869999885559082,3.0000054836273193
1.3239998817443848,0.9860000610351562,2.9999966621398926
1.3250000476837158,0.987000048160553,3.0000040531158447
1.1739999055862427,0.9920000433921814,3.0000052452087402
1.0809999704360962,0.9940000772476196,3.0000059604644775
1.3120001554489136,0.9880000352859497,3.000004291534424
1.0239999294281006,0.9950000643730164,3.000004768371582
1.2990001440048218,0.9850000143051147,3.0000009536743164
1.6680001020431519,0.9850000143051147,2.9999966621398926
1.2730001211166382,0.987000048160553,2.9999969005584717
1.2489999532699585,0.9930000901222229,3.000004291534424
1.2899999618530273,0.9839999675750732,3.0000057220458984
1.150999903678894,0.9940000772476196,2.999997138977051
1.1130000352859497,0.9940000772476196,3.0000011920928955
1.8960000276565552,0.9850000143051147,2.9999969005584717
1.315000057220459,0.9900000095367432,2.9999969005584717
1.0829998254776,0.9950000643730164,3.0000064373016357
1.0509999990463257,0.9950000643730164,3.0000052452087402
1.187999963760376,0.9950000643730164,2.999990940093994
1.2100000381469727,0.9869999885559082,3.0000059604644775
1.2319999933242798,0.9860000610351562,3.0000009536743164
1.1659998893737793,0.9930000305175781,3.00000262260437
1.2319999933242798,0.9930000901222229,2.999988317489624
1.625999927520752,0.984000027179718,2.9999988079071045
1.1269999742507935,0.9880000352859497,2.9999969005584717
1.0830000638961792,0.9940000772476196,2.9999966621398926
1.2080001831054688,0.9930000305175781,2.9999966621398926
1.3270001411437988,0.9900001287460327,2.999997138977051
1.1600000858306885,0.9950000643730164,3.0000052452087402
1.1320000886917114,0.9930000901222229,3.0000059604644775
1.1949999332427979,0.9950000643730164,2.999992847442627
1.2879999876022339,0.9839999675750732,3.0000011920928955
1.9340001344680786,0.9750000238418579,2.9999911785125732
1.0859999656677246,0.9950000643730164,3.0000059604644775
1.3229998350143433,0.9900000095367432,3.0000009536743164
1.1370000839233398,0.9950000643730164,3.000002145767212
1.0749999284744263,0.9950000643730164,3.0000057220458984
1.1470000743865967,0.9910000562667847,3.0000061988830566
1.1389999389648438,0.9920000433921814,3.0000064373016357
1.0850001573562622,0.9950000643730164,3.0000061988830566
1.0279998779296875,0.9950000643730164,3.0000052452087402
1.2910000085830688,0.9900000691413879,2.999997138977051
1.2170000076293945,0.9910001158714294,2.999992609024048
1.093999981880188,0.9950000643730164,3.0000054836273193
1.1340000629425049,0.9920000433921814,3.0000059604644775
1.1610000133514404,0.9880000352859497,3.0000057220458984
1.0449999570846558,0.9950000643730164,3.0000059604644775
1.1950000524520874,0.9839999675750732,3.0000054836273193
1.190999984741211,0.9869999885559082,3.0000057220458984
1.255000114440918,0.9829999208450317,3.0000014305114746
1.4859999418258667,0.9779999852180481,2.999992847442627
1.119999885559082,0.9900001287460327,3.0000054836273193
1.4459999799728394,0.9799999594688416,2.999992847442627
3.7170002460479736,0.9740000367164612,2.999993324279785
1.5600000619888306,0.9750000238418579,3.0000035762786865
1.1309999227523804,0.9910001158714294,3.0000052452087402
1.2689999341964722,0.9890000224113464,2.999999523162842
1.2440000772476196,0.9930000901222229,3.000002145767212
1.065999984741211,0.9940000772476196,2.999997138977051
1.2120001316070557,0.9900000095367432,3.0000014305114746
1.1899999380111694,0.9880000352859497,2.9999990463256836
1.0999999046325684,0.9920001029968262,3.0000061988830566
1.1269999742507935,0.9930000901222229,3.0000059604644775
1.1669999361038208,0.9890000820159912,3.000004291534424
1.4820001125335693,0.9839999079704285,2.999997615814209
1.4920001029968262,0.9839999079704285,2.9999969005584717
1.0730000734329224,0.9950000643730164,3.0000057220458984
1.3049999475479126,0.9900000691413879,2.9999992847442627
1.2440000772476196,0.9840000867843628,2.999995708465576
1.4670000076293945,0.9810000658035278,2.999999761581421
1.100000023841858,0.9920001029968262,3.000005006790161
1.6749999523162842,0.9709999561309814,2.999995231628418
1.3289999961853027,0.9850000143051147,3.0000052452087402
1.351000189781189,0.9940000772476196,2.999994993209839
2.134999990463257,0.9839999079704285,2.9999969005584717
2.1389999389648438,0.981999933719635,2.9999935626983643
1.1299999952316284,0.9950000643730164,2.999997138977051
1.1419999599456787,0.9920001029968262,3.0000011920928955
1.5340001583099365,0.984000027179718,2.9999969005584717
1.6360000371932983,0.9860000014305115,2.9999935626983643
2.189000129699707,0.9700000286102295,2.999990224838257
1.2140001058578491,0.9869999885559082,2.9999969005584717
1.187000036239624,0.987000048160553,3.0000057220458984
1.4290000200271606,0.9760000109672546,3.0000040531158447
1.2599999904632568,0.9910000562667847,2.999992847442627
1.2920000553131104,0.9829999804496765,3.0000014305114746
1.319000005722046,0.9849998950958252,3.0000014305114746
1.3309999704360962,0.9849998950958252,3.0000011920928955
1.1710000038146973,0.9950000643730164,3.0000011920928955
1.352000117301941,0.9900000095367432,2.9999964237213135
1.3760000467300415,0.9930000901222229,2.999998092651367
1.375999927520752,0.9820000529289246,3.00000262260437
1.4380000829696655,0.9859999418258667,3.000004768371582
1.3030000925064087,0.987000048160553,3.0000057220458984
1.0640000104904175,0.9930000901222229,3.0000054836273193
1.4999998807907104,0.9819999933242798,2.9999959468841553
1.1099998950958252,0.9930000901222229,3.0000054836273193
1.124000072479248,0.9900000691413879,3.0000061988830566
1.2320001125335693,0.9910001158714294,3.0000057220458984
1.1049998998641968,0.9950000643730164,3.0000052452087402
1.277999997138977,0.9950000643730164,2.999988555908203
1.33899986743927,0.987000048160553,3.0000061988830566
1.125999927520752,0.9920000433921814,3.0000054836273193
1.0959999561309814,0.9930000901222229,3.0000057220458984
1.128999948501587,0.9940000772476196,3.000005006790161
1.2120000123977661,0.9860000014305115,3.0000011920928955
1.2050000429153442,0.9850000143051147,3.0000059604644775
1.3370000123977661,0.981999933719635,3.0000016689300537
1.4790000915527344,0.9790000319480896,3.0000040531158447
1.2459999322891235,0.9850000143051147,2.9999966621398926
1.1770000457763672,0.9880000948905945,2.9999969005584717
1.1309999227523804,0.9880000352859497,3.0000054836273193
1.399999976158142,0.9789999723434448,2.999999761581421
1.5220000743865967,0.9809999465942383,3.000004291534424
1.3570001125335693,0.9799999594688416,3.0000009536743164
1.3270000219345093,0.9900000691413879,2.999992609024048
1.2650001049041748,0.9829999804496765,2.9999969005584717
1.0970001220703125,0.9930000305175781,3.0000059604644775
1.0670000314712524,0.9950000643730164,3.0000052452087402
1.1399999856948853,0.9940000772476196,2.999997615814209
1.1380000114440918,0.9930000901222229,3.0000061988830566
1.1400001049041748,0.9920001029968262,3.0000061988830566
1.3880000114440918,0.9819999933242798,3.0
1.25600004196167,0.9890000224113464,3.0000038146972656
1.212999939918518,0.9829999804496765,3.0000061988830566
1.2730000019073486,0.9799999594688416,3.0000064373016357
1.0789999961853027,0.9950000643730164,3.0000059604644775
1.4359999895095825,0.9900000691413879,2.9999983310699463
1.0640000104904175,0.9950000643730164,3.0000054836273193
1.0450000762939453,0.9920001029968262,3.0000054836273193
1.1449999809265137,0.9890000224113464,3.0000007152557373
1.1949999332427979,0.9880000352859497,3.0000009536743164
1.6480000019073486,0.9829999804496765,3.00000262260437
1.0790001153945923,0.9909999966621399,3.0000057220458984
1.1589999198913574,0.9920001029968262,3.0000057220458984
1.1740000247955322,0.9860000014305115,3.0000057220458984
1.4600000381469727,0.9830000400543213,3.0000009536743164
1.1640000343322754,0.9930000305175781,3.0000011920928955
1.8720000982284546,0.9749999642372131,3.0
1.1090000867843628,0.9930000901222229,3.0000054836273193
1.5649999380111694,0.9790000319480896,2.999988079071045
1.1410000324249268,0.9940000772476196,3.0000014305114746
1.1239999532699585,0.9950000643730164,2.999997138977051
1.5230000019073486,0.9779999256134033,3.000004529953003
1.093000054359436,0.9920001029968262,3.0000052452087402
1.5430001020431519,0.9859999418258667,3.0000035762786865
1.656999945640564,0.9849998950958252,3.000004529953003
1.8250000476837158,0.9859999418258667,3.000000238418579
1.1810001134872437,0.984000027179718,3.0000059604644775
1.3810001611709595,0.9799999594688416,3.000002861022949
1.375,0.9769999980926514,3.000005006790161
1.0809999704360962,0.9910000562667847,3.0000059604644775
1.2660000324249268,0.9940000772476196,2.9999921321868896
1.1370000839233398,0.9920000433921814,3.0000061988830566
1.056999921798706,0.9940000772476196,3.000005006790161
1.0429998636245728,0.9950000643730164,3.0000057220458984
2.6760001182556152,0.972000002861023,2.999995231628418
2.199000120162964,0.9849998950958252,2.9999990463256836
1.1050000190734863,0.9930000901222229,2.9999964237213135
1.3050000667572021,0.9839999675750732,3.0000054836273193
1.097000002861023,0.9900001287460327,3.0000057220458984
1.149999976158142,0.9910000562667847,3.0000057220458984
1.4809999465942383,0.9709999561309814,3.0000057220458984
1.1320000886917114,0.9910000562667847,3.0000059604644775
1.2290000915527344,0.9910000562667847,2.999992609024048
1.3259998559951782,0.9829999804496765,2.999987840652466
1.3350000381469727,0.9930000901222229,2.9999966621398926
1.1720001697540283,0.9900000691413879,3.0000057220458984
1.152000069618225,0.9920000433921814,3.0000057220458984
1.1060001850128174,0.9910001158714294,3.0000057220458984
1.2860000133514404,0.9869999885559082,2.9999969005584717
1.4109998941421509,0.9799999594688416,2.9999921321868896
1.1730002164840698,0.9890000224113464,3.0000052452087402
1.1690000295639038,0.9870001077651978,3.0000061988830566
1.1330000162124634,0.9930000901222229,3.0000059604644775
1.1130000352859497,0.9900000095367432,3.0000054836273193
1.1460001468658447,0.9860000014305115,3.0000061988830566
1.1530001163482666,0.9900000691413879,3.0000009536743164
1.0850000381469727,0.9950000643730164,3.0000057220458984
1.2280000448226929,0.9860000610351562,3.0000054836273193
1.2529999017715454,0.9859999418258667,3.0000054836273193
1.4980000257492065,0.9879999756813049,2.99999737739563
1.2889999151229858,0.9880000352859497,3.0000030994415283
2.0410001277923584,0.9819999933242798,3.0
1.0720000267028809,0.9930000901222229,3.000005006790161
1.0779999494552612,0.9890000820159912,3.0000059604644775
1.187000036239624,0.9839999079704285,3.0000014305114746
1.4129999876022339,0.9869999885559082,3.00000262260437
1.3940000534057617,0.9910001158714294,2.9999988079071045
1.310999870300293,0.9920001029968262,2.9999940395355225
1.0729999542236328,0.9920001029968262,3.0000054836273193
1.067000150680542,0.9930000305175781,3.0000059604644775
1.0419999361038208,0.9940000772476196,3.000005006790161
1.1510001420974731,0.9860000014305115,3.000005006790161
1.4380000829696655,0.9800000190734863,3.0000011920928955
1.0749999284744263,0.9880000352859497,3.000004768371582
1.159999966621399,0.9890000224113464,3.0000064373016357
1.068000078201294,0.9909999966621399,3.000005006790161
1.1030000448226929,0.9910000562667847,3.0000057220458984
1.4200000762939453,0.9739999771118164,3.0000011920928955
1.0940001010894775,0.9920001029968262,3.0000059604644775
1.2010000944137573,0.9860000014305115,2.9999969005584717
1.2670000791549683,0.9880000948905945,3.0000016689300537
1.3329999446868896,0.9850000739097595,2.9999959468841553
1.1680001020431519,0.9900001287460327,2.9999966621398926
1.1579999923706055,0.9839999675750732,3.000005006790161
1.0739998817443848,0.9940000772476196,3.0000016689300537
1.128000020980835,0.9870001077651978,3.000005006790161
1.087999939918518,0.9910000562667847,3.0000059604644775
1.2239999771118164,0.9950000643730164,2.9999992847442627
1.4940001964569092,0.9860000014305115,2.9999988079071045
1.284000039100647,0.9840000867843628,2.9999983310699463
1.221000075340271,0.9910001158714294,2.999992609024048
1.0780000686645508,0.9940000772476196,3.0000061988830566
1.096000075340271,0.9930000901222229,3.0000057220458984
1.093000054359436,0.9950000643730164,2.9999985694885254
1.2060000896453857,0.9880000352859497,3.0000057220458984
1.2420001029968262,0.9920000433921814,3.000000238418579
1.3860000371932983,0.9810000061988831,3.0000016689300537
1.1629999876022339,0.9900000095367432,3.0000061988830566
1.9539999961853027,0.968999981880188,3.000000238418579
1.1180000305175781,0.9920000433921814,3.0000059604644775
1.040000081062317,0.9950000643730164,3.0000059604644775
1.121000051498413,0.9940000772476196,3.0000059604644775
1.0800000429153442,0.9930000305175781,3.0000059604644775
1.3849999904632568,0.9829999804496765,3.000002384185791
2.118000030517578,0.9679999947547913,2.9999988079071045
1.3329999446868896,0.9930000901222229,3.0000040531158447
1.1769999265670776,0.9930000901222229,3.0000035762786865
1.1480000019073486,0.9920001029968262,3.0000059604644775
1.5269999504089355,0.9789999723434448,2.9999985694885254
1.1859999895095825,0.9869999885559082,3.0000016689300537
1.1069999933242798,0.9950000643730164,2.9999969005584717
1.085999846458435,0.9950000643730164,3.0000059604644775
1.5120000839233398,0.9739999771118164,3.0000052452087402
1.121999979019165,0.9909999966621399,3.0000057220458984
1.1729999780654907,0.9900000691413879,3.0000057220458984
1.2419999837875366,0.9860000014305115,3.0000061988830566
1.4380000829696655,0.984000027179718,2.999999523162842
1.3260000944137573,0.9800000786781311,2.999997138977051
1.4920001029968262,0.9759999513626099,3.0000057220458984
1.0730000734329224,0.9940000772476196,3.000005006790161
1.159000039100647,0.9890000224113464,3.0000014305114746
1.068000078201294,0.9910001158714294,3.0000054836273193
1.1009999513626099,0.9930000901222229,3.0000014305114746
1.4149999618530273,0.9869999289512634,2.9999945163726807
1.8380000591278076,0.966999888420105,2.9999966621398926
1.4830000400543213,0.9799999594688416,3.000002861022949
1.3370001316070557,0.9789999723434448,2.9999966621398926
1.2400000095367432,0.9940000772476196,3.0
1.181999921798706,0.9900000691413879,3.0000054836273193
1.2370001077651978,0.9860000610351562,2.999997138977051
1.1239999532699585,0.9920001029968262,3.000005006790161
1.1970000267028809,0.9859999418258667,3.0000059604644775
1.2469998598098755,0.9890000224113464,2.9999983310699463
1.3749998807907104,0.9800000190734863,3.000002861022949
1.2970000505447388,0.9880000352859497,3.0000052452087402
1.3179999589920044,0.9850000143051147,2.999992609024048
1.352000117301941,0.9829999208450317,3.0000011920928955
1.5230001211166382,0.9780000448226929,3.0000035762786865
1.2280000448226929,0.9869999885559082,2.9999923706054688
1.2309999465942383,0.9900000095367432,3.0000011920928955
1.3730000257492065,0.9860000014305115,2.9999940395355225
1.0470000505447388,0.9950000643730164,3.0000061988830566
1.3559998273849487,0.9799999594688416,2.999988079071045
1.123000144958496,0.9900000691413879,3.0000059604644775
1.0750000476837158,0.9940000772476196,3.000001907348633
1.3530000448226929,0.9880000352859497,2.9999966621398926
1.2340000867843628,0.9910000562667847,2.999988079071045
1.1069999933242798,0.9920001029968262,3.0000057220458984
1.2089999914169312,0.9880000352859497,3.0000054836273193
1.0839999914169312,0.9900000691413879,3.0000009536743164
1.1150000095367432,0.9930000901222229,3.0000064373016357
1.1640000343322754,0.9920001029968262,3.0000059604644775
1.2130000591278076,0.9880000352859497,3.000005006790161
1.1160000562667847,0.9930000901222229,3.0000052452087402
1.3299999237060547,0.9890000820159912,3.000004529953003
1.070000171661377,0.9950000643730164,3.0000011920928955
1.0920000076293945,0.9950000643730164,3.0000059604644775
1.121000051498413,0.9930000901222229,3.0000054836273193
1.2739999294281006,0.9849998950958252,3.0000057220458984
1.0500000715255737,0.9940000772476196,3.0000059604644775
1.2340000867843628,0.9940000772476196,2.999987840652466
1.1410001516342163,0.9940000772476196,3.0000011920928955
1.215000033378601,0.9850000143051147,3.0000057220458984
1.0529999732971191,0.9950000643730164,3.0000054836273193
1.1050000190734863,0.9940000772476196,2.9999992847442627
1.1250001192092896,0.9940000772476196,2.9999966621398926
1.0719999074935913,0.9950000643730164,3.0000061988830566
1.063999891281128,0.9930000305175781,3.000004529953003
1.4470000267028809,0.9900000691413879,2.999999761581421
1.2870001792907715,0.9950000643730164,2.999995708465576
1.0889999866485596,0.9920000433921814,3.0000059604644775
1.1540000438690186,0.9880000352859497,3.0000064373016357
1.2790000438690186,0.9880000352859497,2.999999761581421
1.5239999294281006,0.9820000529289246,2.999997854232788
1.1779999732971191,0.9869999885559082,3.000001907348633
1.0980000495910645,0.9930000901222229,3.0000059604644775
1.283000111579895,0.9890000224113464,2.999990940093994
1.3219999074935913,0.9860000014305115,3.0000011920928955
1.278999924659729,0.9880000352859497,3.0000038146972656
1.066999912261963,0.9950000643730164,3.0000054836273193
1.097000002861023,0.9930000901222229,2.999997138977051
1.0379998683929443,0.9950000643730164,3.000005006790161
1.3619999885559082,0.9759999513626099,2.9999923706054688
1.0530000925064087,0.9940000772476196,3.0000059604644775
1.0859999656677246,0.9880000352859497,3.000004768371582
1.0740001201629639,0.9880000352859497,3.000005006790161
1.0649999380111694,0.9900000095367432,3.0000061988830566
1.0820000171661377,0.9950000643730164,3.0000059604644775
1.0609999895095825,0.9930000305175781,2.999997138977051
1.5159999132156372,0.9820000529289246,2.9999923706054688
1.061000108718872,0.9950000643730164,3.0000059604644775
1.0509999990463257,0.9950000643730164,3.0000057220458984
1.6330000162124634,0.9780000448226929,2.999995708465576
1.2620000839233398,0.9900001287460327,3.0000040531158447
1.2630000114440918,0.9900001287460327,2.999999761581421
1.2690000534057617,0.9830000400543213,3.0000061988830566
1.1019999980926514,0.9890000820159912,3.0000059604644775
1.059000015258789,0.9920001029968262,3.000005006790161
1.128999948501587,0.9910000562667847,3.0000011920928955
1.2000000476837158,0.9839999675750732,3.0000059604644775
1.2630000114440918,0.9910001158714294,2.9999988079071045
1.0460001230239868,0.9950000643730164,3.000005006790161
1.2200000286102295,0.9880000352859497,2.9999966621398926
1.085999846458435,0.9940000772476196,2.99999737739563
1.5030001401901245,0.9869999885559082,3.0000011920928955
1.1109999418258667,0.9890000224113464,3.0000054836273193
1.1169999837875366,0.9850000143051147,3.0000057220458984
1.0709999799728394,0.9920001029968262,3.000004768371582
1.1340000629425049,0.9950000643730164,2.999997138977051
1.2640000581741333,0.9890000224113464,2.9999938011169434
1.1009999513626099,0.9880000352859497,2.9999961853027344
1.085999846458435,0.9940000772476196,3.0000054836273193
1.787000060081482,0.9829999804496765,3.00000262260437
1.403999924659729,0.9819999933242798,3.0000009536743164
1.196000099182129,0.9880000352859497,2.9999969005584717
1.0900001525878906,0.9890000224113464,3.0000059604644775
1.1330000162124634,0.9890000224113464,3.0000059604644775
1.2430000305175781,0.9799999594688416,3.000001907348633
1.1619999408721924,0.9890000224113464,3.000001907348633
1.062999963760376,0.9950000643730164,3.0000064373016357
1.0339999198913574,0.9930000901222229,3.0000052452087402
1.087999939918518,0.9920001029968262,3.0000059604644775
1.1690000295639038,0.9910001158714294,2.99999737739563
1.1459999084472656,0.9900000691413879,2.999988555908203
1.1330000162124634,0.9880000948905945,3.0000016689300537
1.1130000352859497,0.9869999289512634,3.0000054836273193
1.2280000448226929,0.9950000643730164,3.000002384185791
1.1119999885559082,0.9930000305175781,3.0000052452087402
1.11899995803833,0.9950000643730164,3.0000057220458984
1.0870000123977661,0.9940000772476196,2.9999961853027344
1.0320000648498535,0.9950000643730164,3.000005006790161
1.1129999160766602,0.9920001029968262,3.000005006790161
1.1160000562667847,0.98499995470047,3.0000054836273193
1.062000036239624,0.9920001029968262,3.0000011920928955
1.031999945640564,0.9950000643730164,3.000005006790161
1.1009999513626099,0.9940000772476196,3.0000057220458984
1.1469999551773071,0.9879999756813049,3.0000052452087402
1.13100004196167,0.9950000643730164,2.9999969005584717
1.1310001611709595,0.9890000224113464,3.0000052452087402
1.1460000276565552,0.9920001029968262,2.99999737739563
1.0540001392364502,0.9950000643730164,3.000005006790161
1.2869999408721924,0.9849998950958252,2.9999969005584717
1.066999912261963,0.9950000643730164,3.0000059604644775
1.0399999618530273,0.9930000901222229,3.0000052452087402
1.1839998960494995,0.9900001287460327,3.0000057220458984
1.1030000448226929,0.9920000433921814,3.0000054836273193
1.190999984741211,0.9950000643730164,2.999998092651367
1.1109999418258667,0.9890000820159912,2.99999737739563
1.096000075340271,0.9930000901222229,2.99999737739563
1.0450000762939453,0.9940000772476196,3.0000057220458984
1.0779999494552612,0.9900000691413879,3.0000057220458984
1.178999900817871,0.9900001287460327,3.0000016689300537
1.404000163078308,0.9819999933242798,2.999997854232788
1.0440000295639038,0.9950000643730164,3.0000052452087402
1.1379998922348022,0.9900000095367432,3.0
1.1880000829696655,0.9910001158714294,3.0000038146972656
1.1039999723434448,0.9890000224113464,3.0000057220458984
1.128000020980835,0.9900000691413879,2.999997138977051
1.1290000677108765,0.9890000820159912,2.999997138977051
1.2309999465942383,0.9840000867843628,2.9999964237213135
1.2939999103546143,0.9880000352859497,2.9999983310699463
1.152999997138977,0.9850000739097595,3.000005006790161
1.0809999704360962,0.9890000224113464,3.0000052452087402
1.0889999866485596,0.9920001029968262,3.0000064373016357
1.1380000114440918,0.9869999885559082,3.000005006790161
1.1970000267028809,0.9900000691413879,3.0000059604644775
1.0550000667572021,0.9930000901222229,3.0000064373016357
1.1260000467300415,0.9920000433921814,2.9999966621398926
1.1060000658035278,0.9950000643730164,3.0000040531158447
1.0789998769760132,0.9950000643730164,3.0000014305114746
1.0750000476837158,0.9930000901222229,3.0000057220458984
1.0870000123977661,0.9900000691413879,3.0000057220458984
1.0470000505447388,0.9940000772476196,3.000004768371582
1.1100000143051147,0.9930000901222229,2.999997138977051
1.090000033378601,0.9920001029968262,3.0000057220458984
1.209999918937683,0.9879999756813049,2.9999923706054688
1.2380000352859497,0.9850000739097595,3.000001907348633
1.099000096321106,0.9900000691413879,2.9999969005584717
1.053999900817871,0.9950000643730164,3.0000057220458984
1.1470000743865967,0.987000048160553,2.999997138977051
1.0929999351501465,0.9940000772476196,3.0000011920928955
1.11899995803833,0.9890000820159912,3.0000057220458984
1.2820000648498535,0.9890000820159912,3.0000035762786865
1.0509999990463257,0.9950000643730164,3.000004529953003
1.085999846458435,0.9889999628067017,3.000005006790161
1.119999885559082,0.9880000352859497,3.0000057220458984
1.1459999084472656,0.9879999756813049,3.0000057220458984
1.0809999704360962,0.9910000562667847,3.000005006790161
1.0760000944137573,0.9910001158714294,3.0000057220458984
1.063999891281128,0.9930000901222229,3.0000057220458984
1.0759998559951782,0.9920000433921814,3.0000064373016357
1.1010000705718994,0.9940000772476196,3.0000014305114746
1.0379999876022339,0.9940000772476196,3.0000054836273193
1.057999849319458,0.9930000901222229,3.000004768371582
1.1660000085830688,0.9880000352859497,3.0000059604644775
1.0429999828338623,0.9940000772476196,3.000004768371582
1.1450001001358032,0.9900001287460327,2.9999964237213135
1.1470000743865967,0.987000048160553,2.9999966621398926
1.0789999961853027,0.9920000433921814,3.0000052452087402
1.0719999074935913,0.9930000901222229,3.0000014305114746
1.102000117301941,0.9900000691413879,3.0000057220458984
1.0839999914169312,0.9950000643730164,2.999999523162842
1.1009999513626099,0.9910000562667847,3.0000054836273193
1.0679999589920044,0.9940000772476196,3.0000054836273193
1.0529998540878296,0.9950000643730164,3.0000054836273193
1.0640000104904175,0.9890000820159912,3.000004768371582
1.090000033378601,0.9900001287460327,3.0000054836273193
1.0509999990463257,0.9950000643730164,3.0000011920928955
1.0730000734329224,0.9900001287460327,3.000004768371582
1.0750000476837158,0.9880000352859497,3.0000052452087402
1.1269999742507935,0.9880000352859497,3.0000052452087402
1.0609999895095825,0.9950000643730164,3.000005006790161
1.1219998598098755,0.9930000901222229,3.0000057220458984
1.09499990940094,0.9880000352859497,3.0000054836273193
1.040000081062317,0.9930000901222229,3.0000052452087402
1.024999976158142,0.9940000772476196,3.0000052452087402
1.0720000267028809,0.9930000901222229,3.0000054836273193
1.0440000295639038,0.9950000643730164,3.0000054836273193
1.1339999437332153,0.9950000643730164,3.0
1.0320000648498535,0.9950000643730164,3.0000054836273193
1.0250000953674316,0.9950000643730164,3.000004768371582
1.1039999723434448,0.9869999885559082,3.0000061988830566
1.0149999856948853,0.9940000772476196,3.000004768371582
1.0609999895095825,0.9910001158714294,3.000005006790161
1.0350000858306885,0.9909999966621399,3.000004529953003
