191
250
326
474
292
124
310
316
431
155
268
18
334
519
189
39
31
518
115
513
388
66
425
472
179
59
188
331
8
320
503
183
504
252
138
57
298
345
88
223
266
511
434
377
455
172
443
142
423
20
492
203
29
213
193
417
499
256
269
1
116
125
514
524
114
285
340
169
279
505
328
94
184
220
313
473
163
238
177
89
457
165
299
475
429
303
525
77
394
233
164
288
21
273
392
28
302
214
151
33
315
171
371
351
406
208
7
80
450
231
136
356
75
329
140
508
437
293
15
228
168
312
506
502
289
3
72
500
507
277
126
199
244
217
22
197
465
367
297
13
262
206
62
218
501
515
368
484
157
60
201
495
261
493
409
280
361
516
144
433
42
187
333
402
411
382
103
488
486
485
306
291
359
347
0
327
349
344
236
464
23
317
422
104
99
175
192
230
204
255
227
120
468
122
235
419
148
385
348
51
415
147
358
397
82
444
173
111
26
490
37
96
321
407
56
234
449
36
162
383
294
107
129
132
338
81
458
287
369
290
153
309
452
372
427
337
247
73
408
295
71
95
454
373
384
5
512
45
440
117
159
63
65
482
152
87
526
325
420
416
145
265
398
412
245
478
53
403
339
270
447
405
109
196
224
366
509
396
35
480
246
27
375
112
160
282
430
353
74
232
517
404
469
330
510
389
281
436
257
130
253
479
25
278
170
128
448
209
496
374
133
271
459
410
149
391
158
90
363
254
460
418
390
40
24
296
364
426
258
442
301
421
6
286
350
380
150
108
113
365
10
67
64
92
463
451
68
48
32
176
343
83
360
237
399
381
432
335
4
198
44
105
55
180
91
178
497
522
161
9
461
308
264
211
58
127
229
248
101
222
307
93
141
462
489
483
275
453
487
346
98
276
131
186
241
84
