1.0386472940444946,0.9550000429153442,1.067033290863037
1.0220800638198853,0.9750000238418579,1.0679707527160645
1.024999976158142,0.9750000238418579,1.1623457670211792
1.0313308238983154,0.9600000381469727,1.0735957622528076
1.0199999809265137,0.9800000190734863,1.0323456525802612
1.0199999809265137,0.9800000190734863,1.0378146171569824
1.0199999809265137,0.9800000190734863,1.0309393405914307
1.0375635623931885,0.9550000429153442,1.2315645217895508
1.0351324081420898,0.9450000524520874,1.8515644073486328
1.0199999809265137,0.9800000190734863,1.0687519311904907
1.038329839706421,0.9550000429153442,1.6396894454956055
1.0374572277069092,0.9550000429153442,1.6550019979476929
1.0273158550262451,0.9600000381469727,1.4490644931793213
1.0199999809265137,0.9800000190734863,1.0440644025802612
1.024999976158142,0.9750000238418579,1.0340644121170044
1.0422639846801758,0.9500000476837158,1.2250019311904907
1.024999976158142,0.9750000238418579,1.0225019454956055
1.0199999809265137,0.9800000190734863,1.0292208194732666
1.0199999809265137,0.9800000190734863,1.0520331859588623
1.024999976158142,0.9750000238418579,1.0381269454956055
1.0199999809265137,0.9800000190734863,1.0350018739700317
1.0199999809265137,0.9800000190734863,1.0420331954956055
1.0199999809265137,0.9800000190734863,1.0265644788742065
1.024999976158142,0.9750000238418579,1.0468769073486328
1.030432105064392,0.9600000381469727,1.1675019264221191
1.0199999809265137,0.9800000190734863,1.0259395837783813
1.0336472988128662,0.9600000381469727,1.0717207193374634
1.0199999809265137,0.9800000190734863,1.034064531326294
1.0199999809265137,0.9800000190734863,1.029064416885376
1.0313308238983154,0.9600000381469727,1.0735957622528076
1.0199999809265137,0.9800000190734863,1.0445332527160645
1.024999976158142,0.9750000238418579,1.0117206573486328
