tensor([[0.1667, 0.1667, 0.1666, 0.1668, 0.1667, 0.1665],
        [0.1666, 0.1666, 0.1667, 0.1666, 0.1667, 0.1669],
        [0.1668, 0.1667, 0.1666, 0.1669, 0.1667, 0.1663],
        [0.1670, 0.1667, 0.1666, 0.1673, 0.1667, 0.1658],
        [0.1670, 0.1667, 0.1666, 0.1672, 0.1667, 0.1658],
        [0.1670, 0.1667, 0.1666, 0.1672, 0.1667, 0.1658],
        [0.1670, 0.1667, 0.1666, 0.1672, 0.1667, 0.1658],
        [0.1665, 0.1666, 0.1667, 0.1664, 0.1666, 0.1672],
        [0.1659, 0.1665, 0.1669, 0.1654, 0.1665, 0.1687],
        [0.1669, 0.1667, 0.1666, 0.1671, 0.1667, 0.1661],
        [0.1663, 0.1666, 0.1668, 0.1660, 0.1666, 0.1678],
        [0.1665, 0.1666, 0.1667, 0.1664, 0.1666, 0.1672],
        [0.1667, 0.1667, 0.1666, 0.1668, 0.1667, 0.1666],
        [0.1667, 0.1667, 0.1666, 0.1668, 0.1667, 0.1665],
        [0.1669, 0.1667, 0.1666, 0.1672, 0.1667, 0.1659],
        [0.1671, 0.1667, 0.1665, 0.1674, 0.1667, 0.1655],
        [0.1672, 0.1668, 0.1665, 0.1676, 0.1667, 0.1653],
        [0.1668, 0.1667, 0.1666, 0.1670, 0.1667, 0.1662],
        [0.1664, 0.1666, 0.1667, 0.1662, 0.1666, 0.1674],
        [0.1669, 0.1667, 0.1666, 0.1670, 0.1667, 0.1661],
        [0.1667, 0.1667, 0.1666, 0.1667, 0.1667, 0.1666],
        [0.1667, 0.1667, 0.1666, 0.1668, 0.1667, 0.1665],
        [0.1671, 0.1667, 0.1665, 0.1674, 0.1667, 0.1655],
        [0.1670, 0.1667, 0.1666, 0.1672, 0.1667, 0.1658],
        [0.1669, 0.1667, 0.1666, 0.1670, 0.1667, 0.1661],
        [0.1669, 0.1667, 0.1666, 0.1671, 0.1667, 0.1660],
        [0.1668, 0.1667, 0.1666, 0.1669, 0.1667, 0.1664],
        [0.1668, 0.1667, 0.1666, 0.1670, 0.1667, 0.1662],
        [0.1670, 0.1667, 0.1666, 0.1672, 0.1667, 0.1658],
        [0.1671, 0.1667, 0.1665, 0.1675, 0.1667, 0.1654],
        [0.1671, 0.1667, 0.1665, 0.1675, 0.1667, 0.1654],
        [0.1670, 0.1667, 0.1666, 0.1672, 0.1667, 0.1658]])