850
418
289
40
835
562
414
235
58
478
808
737
74
741
696
1017
106
727
52
980
284
295
71
107
1039
170
695
55
609
387
0
1029
188
247
121
44
388
360
497
998
432
1056
1061
73
707
1049
757
501
723
756
90
580
571
271
2
160
926
1033
1
480
354
407
795
569
27
224
313
702
1030
57
547
535
616
450
991
601
675
930
791
812
152
691
1022
649
56
306
425
677
220
698
871
732
298
451
115
163
311
385
1015
273
458
88
912
1047
1060
377
680
150
933
977
874
1076
14
634
744
447
227
530
104
921
162
4
726
914
489
840
919
939
783
777
799
376
11
304
681
704
641
602
1025
665
877
970
291
990
550
902
419
893
145
109
592
130
281
790
296
533
573
776
839
754
59
237
89
957
512
314
223
671
735
946
978
585
61
161
765
543
332
29
652
863
785
955
1036
633
204
201
548
1021
410
915
19
383
461
787
92
309
187
317
809
828
79
582
462
1013
328
207
183
918
294
587
905
334
674
422
417
938
141
579
734
444
320
1042
185
78
305
805
628
492
1008
719
157
891
1070
848
181
25
472
746
846
382
508
364
226
469
397
982
365
729
988
942
1026
837
180
576
663
441
496
793
400
301
959
251
72
136
219
151
648
477
375
627
487
415
545
275
248
642
901
1073
336
143
920
182
64
300
32
205
714
566
225
813
824
614
611
195
678
509
222
216
171
486
337
234
471
1077
760
465
950
636
340
986
906
745
928
956
229
66
751
1059
524
658
50
594
929
1024
821
8
440
1031
1068
578
1064
606
538
1023
546
63
595
890
565
253
607
619
23
500
476
10
552
697
705
333
118
645
144
788
996
1002
1054
589
682
647
823
37
95
822
687
534
186
96
598
17
766
297
1007
91
586
324
346
39
127
499
778
581
767
749
299
608
77
900
1032
715
706
9
475
1051
994
1014
356
49
254
307
654
1012
849
857
1058
880
842
345
507
43
123
516
287
637
87
574
322
138
948
878
405
177
549
962
179
875
198
286
556
208
166
657
456
541
643
265
110
884
676
214
48
885
257
989
116
669
1057
270
873
431
782
282
802
525
860
987
521
28
953
897
272
961
631
755
629
448
438
925
539
132
437
551
213
624
789
845
532
232
495
537
570
93
460
768
728
250
694
421
327
175
1048
983
650
923
529
951
718
399
597
553
1019
879
826
488
6
210
366
158
513
1063
371
82
803
310
1062
502
239
1020
200
764
16
491
86
194
510
834
459
947
867
67
831
892
112
639
483
995
481
646
847
