414
150
282
299
337
170
391
102
334
409
220
335
161
181
471
113
381
78
439
366
496
428
48
219
17
1
39
38
36
378
351
26
250
295
31
326
226
185
142
434
235
244
187
343
8
168
447
486
59
268
293
144
267
30
50
412
318
15
413
184
273
369
149
453
24
383
278
82
461
382
70
231
105
221
195
327
265
493
302
339
248
482
228
458
13
386
446
298
477
473
405
32
462
497
417
33
442
305
155
27
188
300
441
239
9
46
73
358
229
55
126
460
330
472
34
72
311
401
281
139
321
49
285
375
365
438
159
264
475
422
224
322
387
411
95
451
257
340
145
225
306
176
223
352
240
301
87
452
109
10
274
136
191
484
127
364
370
254
389
61
262
455
489
199
437
362
425
89
21
138
93
52
313
303
146
206
175
158
348
251
418
314
479
443
90
88
456
316
51
415
431
117
193
272
222
467
135
169
435
56
388
260
367
121
289
277
464
28
53
469
197
94
177
319
97
310
403
22
137
263
67
166
37
167
110
481
173
396
333
118
356
43
249
480
69
492
140
290
25
65
44
74
227
255
342
336
210
112
5
245
271
3
288
47
363
164
200
18
106
79
19
338
283
180
258
259
83
361
246
308
266
16
344
75
341
402
444
429
423
71
485
454
122
4
349
148
400
374
209
147
457
217
238
179
234
107
291
12
120
433
419
132
62
432
85
421
183
470
81
6
68
198
430
215
194
416
42
466
80
394
157
275
499
424
171
393
312
483
100
398
116
125
376
410
134
84
237
360
397
104
261
23
371
350
20
192
64
390
379
478
232
468
63
474
7
307
384
14
11
331
284
280
324
440
211
108
304
128
236
357
165
399
392
174
160
