434
365
254
160
93
453
516
204
395
245
168
217
414
149
493
262
44
410
281
169
174
170
95
134
450
517
253
2
508
267
305
271
240
301
165
268
108
500
50
91
336
302
132
241
195
166
411
15
39
379
291
311
66
350
364
248
308
30
151
335
418
59
24
280
299
69
63
47
464
104
118
175
522
297
527
29
121
211
484
373
419
242
474
32
487
163
377
54
190
285
449
319
509
96
381
1
259
164
16
404
152
392
116
83
252
28
80
331
62
427
468
432
380
471
465
52
105
150
135
481
433
511
10
137
409
435
483
362
140
431
390
258
394
193
426
243
0
57
359
523
177
428
454
172
7
475
342
124
446
40
430
129
470
526
37
234
436
485
413
73
176
178
496
109
167
117
515
398
187
462
266
218
84
298
110
321
19
136
36
161
216
113
35
402
112
197
499
88
274
309
507
421
81
227
424
455
397
219
60
420
9
330
49
382
21
304
114
452
310
61
72
90
122
23
209
97
337
14
159
270
478
89
56
70
17
407
374
34
460
191
444
384
12
257
157
196
125
492
283
173
329
236
405
370
387
512
408
497
344
145
322
278
482
498
282
425
360
323
203
215
143
423
101
103
38
102
41
142
64
345
201
184
220
495
372
489
67
273
386
260
246
472
439
20
126
210
504
458
139
171
194
300
286
192
226
188
144
239
385
463
265
412
238
438
77
263
27
76
74
327
415
358
437
200
148
501
520
45
120
25
357
18
48
422
153
247
324
221
79
214
375
31
249
294
85
366
315
296
128
51
416
222
403
505
343
130
5
115
445
223
341
251
399
87
8
138
316
42
457
389
212
78
86
317
284
476
391
393
208
367
43
100
502
111
440
303
519
352
314
33
276
92
46
318
506
154
356
429
521
156
22
82
141
491
479
524
