1.0386472940444946,0.9450000524520874,1.0689082145690918
1.0220800638198853,0.9700000286102295,1.0679707527160645
1.024999976158142,0.9750000238418579,1.168439507484436
1.0363308191299438,0.9550000429153442,1.0729707479476929
1.0199999809265137,0.9750000238418579,1.0323456525802612
1.024999976158142,0.9750000238418579,1.0376583337783813
1.024999976158142,0.9750000238418579,1.0307831764221191
1.0375635623931885,0.9550000429153442,1.2390644550323486
1.0405112504959106,0.9350000619888306,1.8296895027160645
1.024999976158142,0.9750000238418579,1.0676581859588623
1.046026587486267,0.9450000524520874,1.6353144645690918
1.0424572229385376,0.9500000476837158,1.6485956907272339
1.0323158502578735,0.9500000476837158,1.4346895217895508
1.024999976158142,0.9750000238418579,1.0420331954956055
1.024999976158142,0.9750000238418579,1.0321894884109497
1.0422639846801758,0.9500000476837158,1.2254706621170044
1.024999976158142,0.9750000238418579,1.0235956907272339
1.024999976158142,0.9750000238418579,1.027970790863037
1.024999976158142,0.9750000238418579,1.052501916885376
1.024999976158142,0.9750000238418579,1.0362519025802612
1.024999976158142,0.9750000238418579,1.0346893072128296
1.024999976158142,0.9700000286102295,1.0417207479476929
1.024999976158142,0.9750000238418579,1.0260957479476929
1.024999976158142,0.9750000238418579,1.0468769073486328
1.0354321002960205,0.9550000429153442,1.1668769121170044
1.024999976158142,0.9750000238418579,1.0250020027160645
1.0386472940444946,0.9500000476837158,1.0687520503997803
1.024999976158142,0.9750000238418579,1.0325020551681519
1.024999976158142,0.9750000238418579,1.0282831192016602
1.0363308191299438,0.9550000429153442,1.073127031326294
1.024999976158142,0.9750000238418579,1.043283224105835
1.024999976158142,0.9750000238418579,1.011095643043518
