2774
1585
5686
8668
60
7400
7210
2258
1045
3262
6989
1721
5466
2697
2354
7174
5052
1397
3248
291
5333
9001
4953
3234
5262
572
4497
627
7271
5134
2040
9022
7629
2233
1707
5996
9053
7406
10483
2416
5354
3037
3868
3401
971
7561
5729
2654
6437
6600
7459
1514
3150
2359
4294
1323
7843
3648
5149
8951
1671
2638
1951
1449
929
6298
8581
9220
8964
8863
2954
2414
3473
3078
8613
9894
3409
4896
1660
5984
9487
2522
4751
8521
8693
4343
7052
8627
6850
1119
5674
1457
2316
3232
1609
4042
2476
10043
5062
4420
3093
9604
3591
2515
4747
1259
2879
8327
3697
1542
6839
1484
1022
5489
5394
3437
1670
3552
3839
6354
4039
6329
7912
2997
1702
9236
6399
274
8914
9028
7496
4237
6372
7657
5034
5566
7716
266
2940
5190
5862
1172
7910
4564
2019
2142
6570
1073
513
10476
2552
389
3589
720
5860
2586
10271
4557
3317
6118
1044
3674
2714
423
7059
3532
7596
2809
2749
6666
10372
805
7234
2717
8836
6861
7948
1750
6603
7514
832
10488
4991
174
7902
10354
5565
8185
6576
3924
3559
5931
2157
8497
3604
2628
7867
8382
840
1027
5123
8523
9802
8215
7118
9492
4091
3536
6796
2819
1277
9045
5011
3969
2690
4196
8124
10566
6357
2397
8467
7860
27
9078
7734
898
8442
10014
7969
7885
8427
7719
4504
3642
8328
4545
7882
3599
8654
7584
838
9997
7616
7558
2465
4527
3122
6676
9766
2084
4703
10219
1364
7013
216
848
5371
10051
1886
7886
7833
9485
8085
6644
2097
3501
1973
48
3635
1527
2757
2216
3841
6580
9019
4789
3162
569
851
4439
7611
2689
6517
5804
5240
4836
5724
5357
2313
1617
5528
7747
7784
8535
1197
1320
10073
3085
8349
7419
777
7489
2411
8985
4423
10254
1800
9772
6057
772
544
4589
471
9501
8352
9167
5384
10241
5564
3936
1801
10487
480
3826
10152
9601
9730
3098
2104
2485
7046
7646
7346
7354
4103
9791
8097
3538
4767
65
1955
9952
2916
6496
6864
10124
7595
9333
5954
3237
5856
574
10561
3227
4181
1358
3128
6714
5320
8692
10024
3356
293
7651
783
7147
2201
1655
947
1247
7914
5212
2032
213
3621
10196
6034
4003
9904
8901
2769
4632
4102
7560
191
10346
1807
6161
8918
7755
9049
2226
1236
2498
5376
4894
6908
4722
10619
8236
2223
1132
5531
4519
2028
450
668
9483
4403
330
6016
9770
2221
731
6153
305
3632
6987
7977
1402
8858
85
4628
880
10524
4930
6456
5751
7463
8494
3405
5420
3574
9911
8192
8469
2320
7079
6301
9697
79
8704
489
3362
5423
6507
9878
366
84
9688
7809
2318
4477
5512
10340
336
1874
6377
3255
9371
968
375
8759
2671
10597
6083
21
3676
6830
2499
5584
5914
946
5717
1079
576
9638
1150
3100
413
8609
6668
846
3415
8034
7222
5374
1767
10544
5229
2906
7858
8522
6761
8216
9829
8542
3877
6145
10410
3038
7815
8323
6822
10360
9862
9729
7935
2526
3714
5520
4429
4885
795
1134
547
2382
3466
9033
6578
3787
7082
2680
6465
1075
1314
2237
10250
3456
9260
1826
7680
1452
7808
2675
2015
3652
5046
4348
10066
2849
1168
6410
2246
7322
1814
4313
5332
6921
6090
8652
5539
10573
2075
4081
4644
2193
4386
7310
1009
2052
966
10110
10010
1143
823
4506
3722
2639
146
8630
5609
6358
9325
10071
1857
4701
10243
3194
9679
8519
1356
7763
1318
9927
1687
882
5659
9286
7480
8308
10500
7289
5063
4001
8147
8326
8658
7721
2000
2772
3987
4728
10174
3112
734
3904
7067
2861
2311
9353
233
7840
7188
2893
285
4171
8320
4112
9941
1464
8770
7253
1737
4401
2570
9811
3378
9901
4456
8414
4915
5353
1994
2838
239
9669
6931
2349
5056
1895
5481
6910
5299
6236
9892
4621
2770
91
9838
3319
3976
803
6568
10458
8199
2942
6601
4729
553
7283
1947
3601
6155
371
4465
9561
8054
2684
4790
9710
10127
467
6980
4561
3734
5849
1703
2077
1802
1654
7030
6245
6312
914
2899
4932
7245
9550
5781
2987
3353
2646
8626
373
1727
972
5465
665
7179
6088
2859
1019
7408
3136
3773
5838
5744
2441
4845
9567
3755
8186
5211
643
3910
755
5868
6003
10582
4378
3845
6023
5454
7655
9708
2560
546
6764
1003
4659
1249
7065
10090
5301
8555
4118
2872
5189
6866
3802
6971
8365
5
7390
8364
3706
2449
1165
2619
7128
8264
9978
6515
3870
7715
4556
9088
8942
23
3737
4657
6247
1498
10491
77
1797
7980
7125
3955
3490
247
4696
1499
6242
4597
5526
6589
8479
1190
1758
10608
1821
8452
7411
6476
3458
8866
4563
892
3302
401
3827
3478
6089
887
3250
9428
8588
8022
2333
5792
2567
7876
876
9506
6995
2587
4111
6583
46
7838
8576
8558
4528
7438
10568
7643
4095
4182
2404
10064
4871
206
9442
6391
7335
5091
8591
4949
7897
5801
4926
8735
8311
1108
1885
76
5455
2227
4858
9413
925
8489
10027
8139
903
6559
5516
934
1932
4595
340
9926
7546
6199
2092
2453
9115
10388
322
5770
2832
9351
6581
9359
2870
8421
2768
2889
8191
6482
3864
2955
6552
10324
9491
818
20
3313
7241
6826
810
6918
3618
5828
8242
6253
908
8164
7963
3209
2876
7659
5500
2395
3548
1813
6707
7242
6413
5803
2796
1819
428
5129
6772
9386
1124
8257
10508
579
7485
5093
1751
9494
4457
68
9457
6464
7272
7834
8656
1380
3923
4229
119
6260
8453
6383
1970
7773
8280
824
7677
6696
7415
845
6098
7160
6349
4793
5247
7829
4974
4715
9929
2495
7306
3435
5685
2254
3624
2652
8102
9628
5671
2082
1448
1659
625
9426
4236
3160
6760
1465
5907
3072
8807
303
4678
9498
3522
6835
8182
3510
9621
438
4851
10414
10257
3846
3854
319
6925
9643
3024
237
5304
4388
8790
7866
7936
3975
5098
4178
503
2615
9395
992
9377
4394
5156
535
1411
4515
7723
987
6271
672
585
7191
1711
6990
796
589
8478
8809
6556
9783
6655
2643
2595
2715
9595
7502
4537
374
9070
1502
2624
4303
9954
2662
10
5638
7847
2130
5380
6489
4433
8709
8249
10156
4755
8344
8977
6678
7412
4989
6151
5031
4184
10371
5012
4839
10462
9346
4764
3203
8114
2803
9866
6278
6789
6793
2051
1353
2523
4687
4714
5832
5367
7410
4169
3335
6865
2184
910
6498
7639
626
8322
5288
10003
1870
9143
6334
670
1519
9374
5929
10442
4960
2541
5340
3556
5546
10083
9673
9219
726
9127
2058
2389
2298
1903
9580
7448
3476
9072
3410
4548
10103
9190
874
7982
682
922
10149
2507
8500
3006
9482
5017
8734
8893
10214
4440
2008
4494
10192
3056
2947
4234
2392
1265
1086
6604
8170
1263
10576
7563
2429
1762
3823
3297
8562
1778
5699
8884
1261
566
2102
8814
2393
3380
4795
2939
1549
8526
4084
67
3768
4048
8287
7647
7909
10486
6533
7027
9923
1303
9739
7606
4970
8333
3569
2518
2312
10058
7593
8387
8268
6904
4258
2915
6213
4756
8660
10572
8073
9399
4791
3108
5785
6499
1492
6119
3120
6237
6620
1047
3796
2475
2437
3295
5946
3022
8088
5090
512
10107
6129
209
6505
723
1642
907
4002
7705
3061
9915
2869
3102
9623
7277
2565
8854
1734
283
5669
4192
2197
5057
9309
8725
2324
219
179
8316
6502
240
1528
5001
9021
5270
3010
153
9041
7053
7567
9165
3379
10537
5335
7432
8711
4280
7377
4929
6933
5577
10130
3551
2776
8778
2164
4664
8835
3127
10587
545
653
3983
7780
6228
3645
7915
10333
1419
5336
7694
588
2905
141
3629
1469
1574
5477
1455
8554
4541
10504
5641
6320
9975
10228
4160
1861
2540
5505
1138
8831
7216
3398
309
8520
4723
2758
5488
7257
215
4576
5765
8369
10211
8238
528
2473
3239
4526
5065
3191
3724
9647
6769
1623
9101
9824
2944
6870
7830
5876
6591
600
4479
7226
5163
6596
8462
4861
6955
1102
2731
2468
9434
7675
7107
59
9036
3688
9441
7552
1359
4407
4956
347
7250
9864
7805
5750
8806
10029
9686
3242
835
4590
2851
745
7217
9818
2204
8645
841
2687
10293
8694
5950
6785
9761
497
4725
678
6238
1635
2980
4591
6164
4473
3626
10209
339
1569
537
717
6055
1085
1847
2908
4260
5311
487
7619
4283
10131
269
7941
3119
10316
1176
2357
3407
10395
4939
1949
2460
3588
2704
6802
868
8074
10170
3413
2239
3245
1169
5947
7035
2381
6612
1141
2617
724
1496
2181
6240
1352
9693
7678
9270
7663
3972
7979
3738
1077
2764
9733
3146
5077
1316
8732
6408
8480
2995
5425
7665
289
8784
10123
8162
3896
1404
847
8409
10322
7380
1675
4899
860
2421
5228
2105
3655
6776
8529
7942
1944
7577
6393
5582
8991
5107
251
10048
9636
10624
3643
1841
4269
716
9624
9843
9565
1000
5948
8662
1674
8905
4379
5510
6425
3508
1612
5246
7816
6585
8944
5479
10617
2698
2739
1657
2147
6575
3205
9200
10042
2401
3412
10173
5602
9326
2334
5298
8815
5880
6445
9631
6227
5586
1701
6158
3142
8089
5742
4955
5449
3603
1365
10443
5980
1160
2837
8762
2267
5614
5310
3049
1624
2750
5568
6246
2139
669
10468
3804
8014
6486
2372
4586
9349
1645
9404
5817
2585
6419
177
3065
433
2487
7796
940
8789
3326
4358
7070
9111
7960
9123
6449
3344
4295
2512
595
2287
31
10172
4495
994
7535
403
877
6429
10249
9706
581
3600
4203
9383
5214
2923
4766
5789
9737
2665
4931
3424
34
5754
1752
4599
1501
1175
7528
4194
8498
765
10057
7872
4475
4786
6152
7461
8083
2073
5775
9150
3557
9410
3847
6564
8410
8788
9264
2182
4887
6485
9232
4037
5757
883
4763
4124
2066
4206
24
1258
1628
5364
10007
6526
8538
4070
5219
7777
6799
5713
9522
7220
6511
5610
3069
5706
8743
1395
7760
9488
9390
620
9854
1925
2399
6529
9304
7072
3754
699
1248
501
9609
2723
5375
10470
7855
7388
7742
1958
8398
10431
8466
5476
2975
3740
5368
3186
2989
6388
3039
3558
197
8882
6710
132
9451
5645
8714
3606
2060
533
2600
1185
3280
5235
773
9918
3177
6170
6097
5623
6992
3747
3192
4962
6607
2232
7758
2336
1285
515
470
169
8006
4959
7163
6937
1145
10585
6771
1107
3158
776
2296
5738
5925
1386
2789
3499
9841
2177
1603
1192
7184
5626
5544
2106
7435
7379
8967
2888
8339
8200
9341
1440
1083
5630
8000
333
2708
5908
7321
5957
9253
279
1913
4130
9655
10622
8584
6869
9050
9991
3279
3964
2892
8787
3850
9339
3453
3999
5041
2365
5764
6532
4613
6196
5743
6424
466
4033
4434
9873
2310
3686
96
3373
3995
1733
3917
5103
9037
9711
5748
850
6609
7195
4721
1477
9456
6431
6447
3261
6514
93
4765
1473
5986
6140
5882
3235
9518
4509
7978
9014
4978
10539
1980
5145
1640
6133
735
3223
9505
8509
6819
3934
9452
3058
6805
3961
4427
6163
2044
3306
10596
6208
7814
2085
6264
2213
8859
348
8971
3583
349
2786
3813
9031
6032
353
7989
1602
791
9755
7931
4627
10164
25
3689
9842
7422
4550
9226
8663
9248
1214
2029
8255
6884
4681
901
5895
4066
3719
3668
2088
5667
6373
9129
4522
44
6294
4011
6107
2406
8010
5935
3812
8201
8983
152
8289
4077
10549
4943
6169
5680
3905
1977
1662
9344
7634
3861
3918
3726
5386
4512
7156
9312
5473
800
10520
3007
8275
7373
2878
2545
6724
2881
10280
268
5904
7695
4732
8490
3539
7470
5883
8332
6071
3819
10411
4993
3498
957
2356
4485
4674
6188
10601
388
984
460
6626
6491
3680
4408
6251
9735
7465
6114
7060
10511
8284
7155
6021
629
9008
9569
8386
1117
351
5504
5177
7586
9713
7136
2238
5297
8111
1292
376
8857
2562
10239
1056
7594
3521
2489
6454
4337
3182
1504
3533
9227
9504
4361
8487
7637
3763
2036
9593
6250
2847
1121
2255
8433
4901
7698
5131
1482
10556
8803
7478
725
3090
4762
817
1300
1560
9154
7725
7752
5893
2936
6877
5252
6360
4345
5111
7087
5596
7490
4855
2203
5462
7443
5496
2926
1396
3617
3622
3143
798
3135
4872
7544
2149
2883
5360
7349
464
7176
4750
1417
4110
352
5447
3035
7511
4307
8476
9757
8239
3534
4708
3916
312
2107
6743
6629
1904
6277
382
683
7926
2026
4849
7732
6565
6523
598
7877
10370
6652
2659
9133
5631
5837
7025
9553
8875
2696
3670
9030
5016
9284
6698
3383
3327
2338
6701
7613
2629
7521
5221
4568
3449
5226
6403
5048
9040
5486
9204
10094
8030
7688
8751
7466
9768
9962
9759
2640
5728
9944
3911
2733
8120
7207
2228
9964
229
7323
10502
7531
8334
2813
1983
4270
9649
1058
9196
3115
4558
10065
4322
5810
6847
6435
4341
5256
10019
9287
6638
9218
3527
8277
145
5841
10037
7921
5571
6261
7863
7581
10005
4788
4785
9560
6571
3788
9074
4144
5536
4668
905
8920
6070
5813
8222
7256
4571
10332
1281
3602
4188
2280
6341
4752
1953
9732
1257
3855
2958
8408
6803
3748
7061
597
5251
10144
9925
628
2584
6186
2261
2716
6891
7526
5632
4083
3419
8507
7562
9907
4583
4060
10140
7312
7399
9924
3800
3678
9361
2174
8455
7444
3900
1198
182
6385
4376
3349
4094
991
5740
7339
3121
7685
1416
6728
4711
1055
1938
10176
317
1349
9865
2408
695
4350
502
8082
802
7291
2823
4952
8438
5768
6281
1444
9813
6166
9857
6474
2403
7077
4367
7103
4371
3163
8460
8210
9401
7117
8686
1373
10509
8943
7464
1648
7414
320
3130
8930
9259
3260
9599
1039
2329
8501
6574
2352
7139
8245
7938
2189
2673
4355
2514
7042
5460
6459
8568
10315
3301
9193
4835
6752
8952
1855
1475
281
5159
975
3305
2685
8705
1557
2035
7857
8495
5022
7778
5434
8669
1924
287
3878
6044
3178
4396
8071
4092
5532
8635
10302
2208
4469
9554
9187
926
2236
5457
359
2022
5013
5572
6426
4967
8738
2918
8605
6120
181
6632
3215
9467
10081
4898
6757
10361
6879
3201
6545
9470
4250
3474
363
4867
6311
5074
2068
4330
6029
4540
1162
7294
4035
3337
2342
7507
6825
4028
9122
4152
2973
1991
6608
7247
8612
1959
5583
9169
8482
10191
3799
10165
7749
3477
5165
7951
3028
3793
7821
78
3325
7592
6812
7434
6200
6833
2355
1510
4321
2442
1755
1288
1054
5529
562
3332
4626
3283
4086
4418
6932
10369
1246
7423
1974
7132
8580
696
2579
5873
9620
5445
9
2780
5196
6733
8329
10267
4016
56
2256
5302
8298
5719
4685
1728
7547
9448
6417
5508
7538
1775
5605
4667
9820
9707
897
4538
1415
3639
2867
9013
4162
8448
10194
9397
8325
2979
2283
6384
10329
5267
9017
6623
9234
3483
7231
7022
4833
3156
9079
5694
6178
5679
5344
3452
3700
7382
1118
2913
3685
8616
6223
9130
5415
167
7206
4713
9817
959
6742
10495
1884
9179
5903
7612
4007
5191
2682
9677
5268
2059
904
7779
5839
1385
8636
8142
1532
9002
9965
4026
4947
6033
3792
9423
115
1956
8598
8060
10135
659
405
6840
33
2547
10046
5617
300
10225
8935
4841
10018
10527
7735
2440
7590
1685
8137
4452
8099
342
6501
9102
1076
6717
4796
4383
2651
7214
1274
2824
671
10023
4448
1848
7772
658
4175
7363
1850
5691
584
6624
4837
2950
4305
10061
3207
3716
7334
6871
4034
2143
90
9343
8253
5485
1227
1972
5383
5025
6622
2469
3949
6888
8786
4813
1833
4569
6968
4399
2488
4017
9034
6210
10590
1466
7127
8221
8422
7020
8758
721
3998
7029
2622
5467
1126
4983
1454
10373
7133
2271
3729
9502
5635
5930
4230
9266
6079
9086
5060
534
3096
7624
9661
5869
7875
7994
5739
9570
9771
7520
2294
5440
7288
5937
4819
9890
5179
7565
9460
10009
5625
1270
2423
9578
4513
5209
9832
5141
3530
6463
2248
4857
5424
9345
2644
4637
6382
4543
3960
9618
5673
6183
2179
3909
5195
2378
4980
8601
10397
4645
8351
7409
9922
5979
9468
2431
3368
902
10507
1705
1472
259
1965
3129
109
1081
10169
7149
6000
3463
5940
7108
4816
8795
7338
6810
536
7171
4542
10588
2409
3586
3331
6656
2508
5105
1663
10312
7836
7789
10085
6458
7201
9327
9433
4612
9046
2484
4739
8075
7298
6096
7319
1649
1360
2695
3836
6131
1978
5234
5002
10412
6811
9311
8290
10195
9347
3723
1803
2621
4579
10513
9775
8491
7302
1854
4336
8587
703
399
6287
8395
6036
8272
8072
8038
10375
1344
616
9407
4239
5774
1832
2225
2482
3889
1015
3959
10356
9543
310
5285
551
9823
3925
1589
5888
8213
8172
3238
2124
7949
5836
6198
4046
6762
6935
8446
1817
6146
4241
5845
3092
9956
66
1815
9012
2863
241
4153
8745
5038
6288
5254
7279
9462
1963
6007
9680
7362
5115
1529
9476
6977
7167
1017
7203
8141
1838
8793
7484
2155
3281
4424
604
6740
1467
4324
2387
2309
2513
6595
462
3511
9642
6779
4679
9626
8563
9769
2443
150
8826
5124
142
1266
458
1495
9731
7479
6330
4216
4879
9959
2964
2114
6216
5428
9244
1268
6405
2017
2148
10416
4044
6882
6966
3506
2425
5451
2288
9987
4167
3444
9937
1240
7032
7402
2231
7953
10382
10452
6817
5183
6221
5507
1315
7037
3296
8144
8203
7307
9792
3199
10437
3293
3749
6192
10553
1161
3895
6479
1543
9779
282
5788
8449
1586
2053
8314
5597
956
3484
7440
6732
5778
5194
6335
2551
2844
4491
2109
6862
331
8129
6860
6019
8220
5243
5208
6068
7427
5879
8578
8753
5217
9136
3008
9464
521
689
1420
7357
8384
8483
5755
3831
4073
3341
8634
9085
5497
10075
8625
4596
8184
10181
4435
3265
4470
10368
4840
321
2934
4592
7767
6484
6258
9600
4068
5132
9835
9113
4961
3963
8761
8877
2196
9999
7285
272
10563
8388
5709
1537
7582
1597
3611
5204
9507
8631
5277
5734
10485
6259
3208
2018
1774
3084
8159
1522
9796
3684
2694
5039
10423
7669
6950
5851
4262
863
7681
5664
9265
1851
7026
8805
6809
4372
564
8039
2967
5338
9500
8936
8274
8340
8932
3222
5905
6076
3929
2965
9692
8461
9098
9804
4895
9354
10310
4850
3553
1328
8996
613
5604
1979
9983
4323
2885
7822
404
6705
8772
1337
9555
8394
7970
995
1286
8716
10260
7138
8271
9332
316
6618
3658
3653
461
5027
815
481
6203
1183
4716
5555
9678
4282
517
3276
3821
6856
121
5942
10080
6144
8380
1486
4335
3450
5918
1679
3742
1392
6521
9313
8649
6031
5525
9355
9558
3141
5118
9801
5640
3393
927
9685
3543
5745
2855
6022
8599
3103
3638
2932
4105
2976
1088
556
6522
356
5358
2792
4695
4800
7284
6594
6569
9023
7802
5346
8018
6481
5702
2569
4185
4587
5752
10345
5456
9089
10503
3303
5587
7572
7992
496
10400
5054
8061
7205
5176
2992
7697
6139
7504
8396
51
5463
10262
9846
1872
8830
4582
6006
8583
6142
3605
1458
6121
5569
2240
1447
8206
7862
9982
2456
9425
8133
1100
9314
8647
10518
3416
7243
1074
3159
3082
3329
1732
4052
6315
7426
10380
10198
4492
8926
7870
7331
4625
4609
997
5081
133
3020
9720
1321
5487
9780
9459
3739
6643
5827
9908
10108
3441
4212
8824
8160
9520
5312
1156
6125
6201
1883
10535
9497
9847
9217
9431
8651
8049
2748
6700
2740
1709
5470
3927
8510
8925
3195
432
3395
2630
2214
681
7227
2532
8052
9299
9477
8086
2295
6185
5337
4402
6112
1791
3403
4266
6074
2998
5400
7178
5482
861
1676
4897
523
6704
9919
3104
9093
5363
2279
6954
2281
15
10148
7145
8908
7051
5128
238
155
9375
7524
5116
7433
7856
1553
2864
6150
4843
9238
4927
8900
7944
6135
5284
7566
5958
2285
4649
8157
5794
2339
2664
10105
1174
7182
5771
8317
7293
1960
9184
5164
4988
1613
3520
1282
9162
8712
4936
8432
1901
6346
5210
8399
8847
7098
8987
7965
2537
5213
10421
3837
9087
1777
2890
9474
4928
5233
7687
6059
767
2818
6943
1678
3899
6635
7513
5201
1756
3828
2775
5362
3249
3387
4257
3702
2303
10497
4195
5171
7509
3753
7494
9055
549
1159
7720
996
6078
3066
10230
5666
7883
189
9806
4368
939
1864
9205
2023
4338
3978
1650
3202
2361
7041
7313
6792
580
3862
8531
6708
1233
9848
1387
7934
4316
10574
9695
6520
6132
4176
4581
8475
9138
8603
1272
7625
3712
10338
10418
7993
6232
10351
6319
2455
5646
6945
3244
6899
4000
3190
1450
3901
10186
10263
2234
7571
4705
7224
5812
2626
10337
6563
9946
4825
4150
2259
70
2074
10473
6590
7045
9614
5104
1823
749
5720
9981
3761
5407
2811
361
3774
9141
7550
789
3360
2391
8278
6027
1379
127
4692
6273
9883
7166
9955
873
1025
5654
9439
7393
8154
4120
5816
5693
8150
1442
5498
4137
4486
2447
8903
5404
4743
6113
1729
9405
9243
9016
5945
4332
4274
6352
35
1837
9910
6347
5202
9235
6513
7040
3414
5409
7930
1516
9163
2205
3382
8445
357
3764
9651
2463
5281
753
7049
9734
10607
1541
8094
6900
8246
4578
8348
9323
1222
9484
3770
4438
8370
3365
2574
6137
10119
422
7807
4018
9909
3367
8602
10151
1339
9450
6256
9376
207
1189
6396
5678
105
4374
893
6128
2300
5772
5621
8402
8595
120
1929
6122
1600
7003
10389
5188
1656
2799
5650
4811
5846
4675
3164
1952
6174
7491
1043
4117
3445
7615
7854
2087
10581
676
2323
7177
918
9153
4547
7398
2347
4736
7782
1252
2331
1880
1031
211
8235
8007
9449
8113
701
834
3779
2946
3937
7818
2977
6535
8418
2063
4419
4385
243
439
7853
2599
4552
1810
2108
1753
8539
5670
5135
3912
2002
5806
8648
9222
9083
2558
3579
5370
5028
5759
5388
6849
7887
7792
8126
8608
4738
5492
1413
5550
2886
6148
1505
8363
7492
8880
6593
9931
10523
6756
5823
4455
1637
982
6538
5009
6310
6197
5779
1325
4580
7998
9305
7649
9490
8912
4238
2061
3630
7621
10609
5545
2743
4891
2292
9372
4536
9963
6531
10545
2974
236
8800
8217
7168
2559
9020
6181
6627
7652
2935
8116
3665
747
7456
7832
1149
593
733
5665
7583
1735
5820
2686
631
7703
8140
7300
7311
7297
1381
3246
10287
10401
9296
8265
7869
5853
1493
4987
7131
10419
6442
5805
6218
6951
7455
1200
9156
7370
10208
4776
5934
8262
3948
5726
5968
6718
9091
4965
8547
8202
4248
7635
7899
4449
3345
10578
9724
732
9307
2530
4126
3928
5711
5840
3858
5912
9884
3991
8486
2244
8237
3151
4866
9523
635
3996
2554
2315
953
4918
5224
5994
4577
5707
2700
6100
5799
9534
2868
1824
8020
8898
4518
2734
1840
872
1041
3213
6674
1253
19
10128
97
7260
8196
7575
9301
1291
1422
686
6997
1908
10355
8371
4641
5112
2167
2632
6296
1412
8511
2306
441
7580
1787
6407
9223
1004
9822
4256
1691
7356
9784
1374
5258
2363
10292
7112
856
2154
7983
2593
5966
6062
4565
2368
871
9814
1166
9103
7366
10113
1736
7871
4468
8536
4686
813
9742
10408
5547
9172
6469
5955
83
8869
2444
1269
6927
4838
3542
7094
4549
10415
4770
5295
4684
6896
5723
8528
3347
2054
6940
3822
4617
6726
5524
271
325
2661
9042
3161
2674
4629
6936
4863
5142
9725
1211
7841
6562
6359
4653
5315
8353
1849
6040
6749
7152
590
3371
2247
7314
420
4168
367
4431
4823
8972
5197
7096
8379
6466
3709
6438
10396
1899
6015
8673
4717
5223
828
3619
8956
1139
9616
7193
7844
1048
7034
7658
606
3291
2243
4882
4071
10087
4726
10460
9158
2454
3310
6767
10307
9546
4246
8143
5542
3576
7823
2842
9654
10034
9453
10555
10600
7825
6093
6488
10466
7316
10216
186
10210
4973
3487
4122
2505
9762
6641
9665
4029
2500
8696
9430
5949
7000
633
1405
4724
9826
10240
7717
9334
3840
6284
5494
8676
9455
3336
4087
10335
3229
9714
2839
6416
350
8131
5998
6478
7842
10429
8552
5082
7134
9696
3259
10020
7019
5010
5519
879
3485
4771
3369
9117
6671
3920
1053
8727
4036
2826
3430
4933
3874
200
8437
5355
9290
1568
4319
6217
10269
3513
4278
596
10079
6338
5523
8338
7500
2548
2419
7267
7209
144
1748
1993
3807
8112
4233
6194
2917
3492
2299
4878
3781
4505
3138
9274
1393
2171
555
3236
6415
183
4138
4616
3815
10217
9970
8300
3518
6177
9666
2003
1297
2319
3428
2721
10625
8843
2413
10612
1990
6808
3612
2884
38
2705
6751
8341
3856
5480
9160
7745
3752
3032
9125
9856
8665
9687
3767
1130
138
6154
261
9639
4339
106
8463
8282
2369
3013
5959
2948
6903
6842
4311
1097
1407
1827
6895
10320
9551
10493
5824
3835
9403
5600
10525
3769
5433
6450
9905
2046
9324
8713
4639
1276
5154
4572
10000
4853
3669
2212
706
1615
2854
998
192
9005
3592
6440
6543
355
554
1999
3544
10386
1562
7208
3153
8994
7576
4276
2845
10089
387
1140
8717
8779
9206
10387
9961
8066
1427
7638
4746
7221
8894
5991
9633
8924
7555
5198
2112
3715
1786
5059
2317
3175
5712
2727
6695
9793
4694
7215
9024
2170
4208
7431
94
8688
3148
2134
5503
10402
8372
5327
10616
3004
6049
3372
6369
5411
5787
2146
2751
10479
10121
1592
7683
8033
5393
8035
63
477
5032
402
9827
1725
1369
3381
2200
45
1618
10258
9302
10567
9180
3944
6906
1186
116
1217
4912
299
3059
5040
8324
5549
8373
7517
6065
3613
6786
8530
4273
9385
7275
10570
865
7318
8065
9764
974
4662
5636
9109
8187
9936
4647
4460
8891
2012
990
3267
5347
9951
7106
608
3330
7173
7324
2072
9990
2266
4812
6037
5692
8195
5200
6617
4546
1357
8954
529
6883
8689
1995
3031
3420
9562
2305
9213
4924
7828
2521
6539
9850
9610
485
1731
7083
881
288
254
4876
7148
8637
8411
6897
2209
691
710
5250
7124
4508
10104
5784
214
875
2340
2511
1509
1644
2571
8524
7952
7442
780
2544
111
6683
3133
7543
8566
632
4680
6712
6325
2590
1530
224
5076
950
8259
1340
7330
630
5595
2081
5138
9503
7365
6544
928
1366
10593
5919
4114
5443
9032
4161
30
8678
1046
829
8218
8032
2080
8948
184
709
5239
2274
7905
8928
10244
3425
2024
4173
1566
680
4067
3879
4454
7230
3220
10134
9291
9557
1581
4318
3502
4792
1034
4503
436
5396
7482
10163
10141
2163
2875
7599
3354
1430
5352
10417
4573
2959
4604
8376
7990
7069
290
5580
5047
5933
3908
10033
10052
4227
5648
4844
3705
1067
6371
531
9394
3392
2250
6215
6687
7674
2765
3892
1262
9432
3679
3660
9076
10440
1142
3005
6530
2642
573
4012
4320
7021
7137
308
4938
478
4243
5983
5864
1632
9689
8902
5257
10015
3396
9298
9889
7874
1112
1311
1917
3654
9069
5342
3377
5615
6099
3500
4377
644
2235
7071
1559
7169
2506
4531
4919
10552
4608
9365
5896
8026
6537
5540
8198
6611
916
7585
10463
7421
5890
157
6634
7008
4937
2433
10461
8749
3322
4054
8791
2930
2564
9337
9819
1846
8205
14
9977
3036
2304
7923
3462
258
6274
5780
5110
7541
2410
7523
8168
1664
398
5973
354
4822
6768
8177
10095
4288
3956
3736
4620
10247
10273
9902
4490
5760
7672
5241
5866
4231
2573
8145
10021
10560
6709
2713
13
3189
8628
3677
7031
276
714
1188
2113
6182
2767
1915
5004
6455
5152
5287
9863
8721
2503
9727
8653
73
10433
6134
9590
9544
4281
5647
1893
6060
561
2056
1322
7731
8416
4806
1968
10213
1212
5101
1125
8575
9388
1319
9406
9295
2435
1463
6115
1782
4646
1462
2321
614
3561
4920
1057
10068
4640
1661
7676
9315
2804
748
1090
2790
1593
2963
9421
911
7333
1133
1111
2176
8053
2479
9899
6663
2577
2833
9275
4868
5936
9237
2576
1485
6291
9709
4254
2761
5147
7702
6926
10016
7975
4310
10505
2605
2658
7246
5656
8674
4523
2094
1273
5793
548
2013
8377
3762
6730
4690
10376
8258
1436
4062
9803
7798
7018
6693
6928
5068
1050
8044
5382
6846
3174
1371
1835
2438
6759
10569
7001
6952
2620
7617
4903
9446
86
8773
4209
456
1194
3266
6104
7447
779
8003
457
10378
7737
1918
1425
859
2169
7757
8607
582
5414
6614
5280
6763
9142
5697
3820
6493
8868
5109
6996
5769
8381
7903
7813
2670
5429
1428
7011
1135
3935
8797
2358
2466
4158
785
2597
1658
761
442
9528
2245
1032
2572
8622
3563
6147
8850
2277
296
8619
10580
6374
541
4758
6681
5887
5926
5321
328
9622
7964
1363
8690
5073
7392
3582
7325
10565
6646
1225
6753
663
7345
5676
8336
7488
8023
9201
6832
3432
738
4414
345
7679
267
6913
3809
9752
7881
6857
3481
2625
7890
8045
6365
1223
937
3180
6984
1976
9668
8684
917
5651
1576
273
1167
4566
10546
6422
3352
5045
3287
4451
4745
3062
7671
2394
9897
7530
1877
10097
10220
424
4951
6770
2418
7161
302
6189
8590
1014
5899
10469
2520
6920
10432
2065
2666
6988
6854
7213
8974
8919
763
6956
1677
4199
8993
5756
2602
1507
7794
6206
1445
6941
7529
1372
6436
2494
1226
2840
4814
7342
3014
8783
1997
10266
9097
2217
1554
10477
9664
416
9246
10206
10101
4699
1060
9691
4151
4992
6252
1579
10319
3149
6550
6720
2388
7981
4870
9627
7142
6555
9192
4498
2891
2563
270
4521
1023
3649
8998
2583
8508
6874
7995
920
446
2528
7803
1625
6471
8842
17
3009
2589
50
5977
1892
5652
9606
740
1036
2706
6229
2771
8042
488
10348
8955
4078
8230
10290
9648
1332
1909
8434
3064
7075
3903
1109
2657
2289
8895
1741
4382
8572
10067
104
4665
4030
6444
5458
10451
1335
2366
7010
9191
4471
9331
8420
3953
1114
8286
6322
3364
4799
5974
1064
5499
6280
7054
8777
3454
6747
2981
8899
1483
8294
7263
4553
5007
8260
4875
5435
2846
7101
7966
550
5628
7436
5871
10291
10078
2938
10425
8362
8223
8699
9124
8440
4605
4693
8792
6699
7204
10118
4860
1283
9225
10377
10599
6244
3114
4995
204
4197
2557
5133
4828
2252
7258
4134
979
3270
4133
9852
10038
5944
1245
4999
935
5811
7765
6914
10465
1418
9851
6947
2794
9249
3590
6204
9059
1622
1923
9176
1829
3390
8263
9350
5290
930
3461
4201
5749
9632
3079
9427
4143
6677
1900
3692
2472
8755
6187
6592
10091
1157
5227
6859
3482
3897
3384
10278
9208
8040
8105
10475
2371
2805
10218
8888
7024
4045
3967
3139
9336
2603
4689
3580
2127
1147
8002
7891
341
10150
1024
7383
2549
9900
657
8680
5283
986
3218
10314
8995
1361
1201
7690
8825
16
4461
7623
6409
687
391
1388
8080
7009
1764
7146
8176
1599
7968
3509
9104
2483
6225
2699
3607
6836
252
7315
10522
3272
4207
9564
1808
9489
5377
9364
9356
1768
8828
5829
575
335
58
8527
5453
10516
4635
6012
4127
3941
5819
8959
9882
8941
6959
4709
7347
5594
4588
1822
6788
4079
2273
1869
7810
6813
1103
9170
1647
4357
10615
10628
6868
6172
255
4356
10136
6367
6827
3181
10575
4050
9663
7328
9378
5607
7116
9603
4779
9645
9994
3183
4222
8504
6030
4670
8431
295
114
5108
3206
8700
3472
9247
10224
5976
474
4211
6263
5746
4611
9529
8457
5715
9844
8269
9726
8675
1343
5296
5737
9858
4190
6944
3118
4200
1961
9702
2681
3340
6558
6636
3849
8938
2536
135
10272
9203
8470
384
9081
6063
4570
