940
82
537
109
364
326
164
244
925
767
76
29
136
632
496
869
11
310
871
782
591
447
102
910
196
170
914
19
27
648
545
615
156
142
188
553
927
661
236
894
132
800
900
983
436
395
875
220
37
862
375
576
1017
866
474
921
130
430
796
324
623
956
322
514
1065
1041
431
414
734
255
805
371
70
575
445
86
547
83
695
777
368
549
399
394
441
548
887
984
75
286
667
262
821
957
141
516
668
319
804
932
816
918
522
233
173
320
235
205
2
1044
781
820
189
420
715
178
689
562
643
117
838
25
250
185
568
242
1025
434
680
938
34
1055
279
256
28
190
649
1054
80
886
9
1037
1006
149
775
35
815
407
536
3
443
544
744
743
939
937
902
97
771
252
39
148
870
606
812
268
1028
946
741
1047
935
344
289
868
174
563
135
171
506
254
806
287
573
908
706
77
1061
971
833
309
372
265
478
645
502
828
942
521
369
145
1000
297
598
528
401
503
911
47
352
633
627
976
346
664
251
523
964
635
461
487
673
784
551
202
510
703
232
267
463
261
329
987
306
52
906
1015
631
564
859
1076
311
184
49
738
22
462
988
982
924
527
225
63
752
509
269
476
99
5
40
854
264
1067
488
494
776
222
834
594
998
452
379
424
624
1040
481
930
672
153
873
305
486
248
878
150
513
655
312
337
565
116
592
81
742
38
1064
965
793
533
366
299
587
23
253
417
559
579
723
732
71
555
989
517
546
72
529
391
290
599
89
470
531
766
14
813
159
926
765
158
1014
994
480
402
717
341
569
483
728
465
333
588
104
848
823
997
374
684
954
856
134
557
851
422
212
630
933
428
115
888
763
952
841
646
790
826
590
1071
193
219
923
258
876
739
46
323
17
373
880
760
697
943
783
622
489
610
710
532
18
1024
524
125
1073
898
482
124
912
913
958
1011
355
534
542
1029
566
365
493
519
203
415
406
425
1021
1032
416
518
92
852
905
889
160
520
110
789
501
398
729
161
288
508
367
13
990
245
737
331
769
180
67
999
617
396
295
172
814
449
459
53
747
585
613
650
64
278
296
1043
1051
381
778
992
619
467
338
157
21
307
343
387
865
762
647
179
302
108
603
122
234
386
30
792
181
1059
733
208
786
165
515
658
936
339
714
1045
199
809
980
832
119
20
227
59
561
361
1035
418
968
1056
138
120
1070
750
1072
33
920
896
1003
204
376
864
961
829
315
472
454
237
1020
560
582
85
891
690
408
314
691
596
663
88
26
901
698
4
621
73
44
934
113
485
249
811
137
66
90
740
57
867
175
687
716
795
389
705
195
1038
397
10
442
260
241
8
577
895
986
224
785
872
973
458
429
277
726
682
500
464
773
1022
883
1031
919
327
292
111
194
669
370
727
107
1039
468
666
385
609
929
810
975
409
213
794
618
477
950
511
475
993
426
471
192
917
899
140
825
238
735
874
283
412
699
962
642
247
696
731
48
953
822
904
432
131
58
554
65
944
410
798
294
657
612
1023
947
772
571
191
210
257
1048
221
456
349
291
797
435
745
303
1075
351
543
118
721
301
433
61
754
580
558
641
651
400
127
91
755
581
711
166
197
377
1046
95
276
423
32
969
670
54
360
6
466
974
770
1012
451
1068
572
1069
1013
183
50
388
106
909
362
837
907
539
799
87
688
1002
223
676
788
674
830
893
228
1027
602
270
863
404
177
490
928
1066
215
916
1077
126
707
31
121
538
243
808
332
671
473
448
607
98
93
154
801
207
802
342
479
272
271
586
440
931
637
662
60
383
819
653
1001
229
884
498
274
654
1016
713
1074
285
450
378
970
530
103
209
589
749
694
951
844
214
446
541
497
656
881
308
847
453
525
611
780
879
677
692
839
584
51
345
231
779
945
1030
155
