326
14
365
65
319
26
394
522
428
275
309
124
511
442
164
40
143
306
171
523
496
506
429
64
364
169
295
32
423
448
123
377
386
268
222
37
494
269
248
192
114
208
404
301
141
441
200
118
177
235
261
400
488
385
419
324
352
436
232
155
399
303
408
518
314
463
298
246
346
71
373
100
29
25
293
191
512
27
68
362
502
505
180
61
11
516
76
237
447
7
69
60
382
140
104
179
341
285
368
130
91
67
75
331
8
470
509
466
481
288
277
292
349
62
234
343
473
402
16
359
172
3
23
500
433
477
307
175
489
202
321
77
262
22
240
406
144
456
287
72
102
424
90
120
250
193
350
260
199
83
487
0
276
315
17
158
110
204
468
279
43
490
515
256
230
378
440
149
299
431
112
508
78
103
497
128
173
223
161
131
219
53
153
129
390
449
221
174
384
310
46
12
389
401
48
290
464
342
451
51
411
188
348
296
252
492
197
495
439
476
336
345
294
264
334
233
220
392
154
225
119
387
121
150
96
446
136
380
211
320
465
284
265
73
308
519
18
137
366
182
266
355
44
243
414
39
45
371
178
304
247
145
353
339
474
185
312
201
28
227
462
146
138
379
