1.0412620306015015,0.9450000524520874,1.0896894931793213
1.0270800590515137,0.9700000286102295,1.0689082145690918
1.024999976158142,0.9750000238418579,1.1635957956314087
1.0363308191299438,0.9550000429153442,1.073283314704895
1.024999976158142,0.9750000238418579,1.0312519073486328
1.024999976158142,0.9750000238418579,1.0409395694732666
1.024999976158142,0.9750000238418579,1.0310956239700317
1.0375635623931885,0.9550000429153442,1.2320332527160645
1.0396599769592285,0.9350000619888306,1.8204706907272339
1.024999976158142,0.9750000238418579,1.068283200263977
1.0441818237304688,0.9450000524520874,1.6304707527160645
1.0424572229385376,0.9500000476837158,1.647345781326294
1.0333092212677002,0.9500000476837158,1.4312520027160645
1.024999976158142,0.9750000238418579,1.040939450263977
1.024999976158142,0.9750000238418579,1.031564474105835
1.0422639846801758,0.9500000476837158,1.2256269454956055
1.024999976158142,0.9750000238418579,1.0234395265579224
1.024999976158142,0.9750000238418579,1.0290645360946655
1.024999976158142,0.9750000238418579,1.0553144216537476
1.024999976158142,0.9750000238418579,1.037033200263977
1.024999976158142,0.9750000238418579,1.0337518453598022
1.025573492050171,0.9700000286102295,1.0739082098007202
1.024999976158142,0.9750000238418579,1.0256270170211792
1.024999976158142,0.9750000238418579,1.0465644598007202
1.0354321002960205,0.9550000429153442,1.165939450263977
1.024999976158142,0.9750000238418579,1.0251582860946655
1.0406885147094727,0.9500000476837158,1.0637520551681519
1.024999976158142,0.9750000238418579,1.0315645933151245
1.024999976158142,0.9750000238418579,1.0285956859588623
1.0363308191299438,0.9550000429153442,1.0715645551681519
1.024999976158142,0.9750000238418579,1.0421894788742065
1.024999976158142,0.9750000238418579,1.013439416885376
