1.0386472940444946,0.9550000429153442,1.070626974105835
1.0220800638198853,0.9750000238418579,1.0679707527160645
1.0199999809265137,0.9800000190734863,1.1689083576202393
1.0363308191299438,0.9550000429153442,1.0720332860946655
1.024999976158142,0.9750000238418579,1.0306270122528076
1.0199999809265137,0.9800000190734863,1.0378146171569824
1.0199999809265137,0.9800000190734863,1.0309393405914307
1.0375635623931885,0.9550000429153442,1.2282832860946655
1.0392494201660156,0.940000057220459,1.808908224105835
1.0199999809265137,0.9800000190734863,1.0687519311904907
1.038329839706421,0.9550000429153442,1.6550019979476929
1.0374572277069092,0.9550000429153442,1.6550019979476929
1.0337507724761963,0.9500000476837158,1.4073457717895508
1.024999976158142,0.9750000238418579,1.0454707145690918
1.0199999809265137,0.9800000190734863,1.0320332050323486
1.0372639894485474,0.9550000429153442,1.2257832288742065
1.0199999809265137,0.9800000190734863,1.0242207050323486
1.024999976158142,0.9750000238418579,1.0329707860946655
1.024999976158142,0.9750000238418579,1.0582830905914307
1.0199999809265137,0.9800000190734863,1.0365644693374634
1.0199999809265137,0.9800000190734863,1.0350018739700317
1.024999976158142,0.9750000238418579,1.0582832098007202
1.024999976158142,0.9750000238418579,1.0232832431793213
1.024999976158142,0.9750000238418579,1.0459394454956055
1.030432105064392,0.9600000381469727,1.1675019264221191
1.024999976158142,0.9750000238418579,1.0253145694732666
1.0409085750579834,0.9500000476837158,1.0662519931793213
1.0199999809265137,0.9800000190734863,1.034064531326294
1.0199999809265137,0.9800000190734863,1.029064416885376
1.0363308191299438,0.9550000429153442,1.0714082717895508
1.024999976158142,0.9750000238418579,1.0429707765579224
1.024999976158142,0.9750000238418579,1.0139081478118896
