2044
1501
5606
6210
9289
9356
3791
5179
1481
3173
5230
4906
10105
5097
10117
6315
2875
4845
6348
942
6157
1565
9149
9632
4653
5566
8163
4818
1257
2762
8228
9992
9898
6696
7218
9301
7665
1795
8072
6634
3102
2700
8496
10076
8607
8697
3992
6607
1513
5090
394
1066
10277
8836
8495
6569
6276
7781
5720
1893
5586
3144
1486
672
5998
2884
9797
10511
3752
1203
9892
338
5250
6148
7972
2108
10234
3638
2347
1407
8017
6749
9181
4312
1903
7878
5880
2877
4979
8638
5293
7324
7095
1541
6134
9037
7917
8737
9340
7235
9482
6735
3550
188
6566
6047
3952
7748
6546
168
7125
4923
10174
941
8198
1494
10329
7464
8814
10311
4227
713
234
2596
2324
7460
4956
2486
10361
3208
4342
2728
1684
5923
6101
8898
10355
5520
8671
3372
2026
5648
10628
9459
9729
1922
3080
6046
824
9069
4109
242
421
1930
1267
108
2239
624
1356
8192
3048
9292
6427
7591
4612
1170
227
3078
684
4267
1199
3291
9326
1447
8348
10597
8906
2903
3428
7999
6388
8083
5068
8566
9438
9420
9701
4871
8748
1759
5309
4692
9753
9982
5688
4577
10615
8269
6952
769
5765
4463
148
2264
9426
910
1082
2057
9521
5769
5645
10073
1917
1575
3103
6821
9968
6698
904
8817
4132
617
7112
465
3341
9120
5194
5345
7786
10199
9707
2821
536
3518
7753
1764
5969
7204
7678
3092
9806
4817
9883
5805
3231
3225
4878
1324
7073
9593
7106
3117
5490
10588
8767
16
5827
3693
7472
10266
1873
3533
2027
9315
5005
2480
3176
1528
10075
2891
738
4337
5854
10434
3902
10094
10204
4228
7007
3172
8948
3666
5536
2671
3826
1860
3872
4084
3729
6853
6511
9893
9088
1191
4638
2150
5818
10001
1629
8658
8975
8375
6099
5813
9414
5623
4068
5593
4618
3953
10544
2230
10258
5143
3738
3417
257
3661
703
1990
6574
2256
912
3177
4259
2590
8926
4090
3449
4834
4791
6802
1665
7428
5267
688
7950
7835
6215
9903
4007
1074
4685
6023
6329
3154
4611
5448
2634
7043
3632
8847
4257
6786
9191
9724
8034
3771
2677
4442
5172
8393
9137
1366
6690
7330
5937
7659
8908
3800
793
4490
5304
9244
8857
3610
5215
2717
8733
3561
3119
4025
7386
10602
8848
6298
8252
7971
1603
6878
5822
3319
5806
10518
9013
7970
6022
7470
10209
7767
10159
9660
7273
10451
6000
4059
5888
9648
9055
8734
161
5210
4842
3107
9283
1225
3150
5526
5870
3915
1249
5346
6009
9592
5493
3517
3743
9476
4521
3242
1647
8643
9994
5181
894
2360
315
9718
10462
3613
3659
7983
9667
7833
9589
3784
10587
8088
9947
10205
6222
6736
6280
10538
1118
9768
6654
8318
3783
6888
9732
1216
7182
1479
7929
8201
7302
7016
917
6237
6061
6060
1471
6196
9751
1012
6722
6561
9007
7438
386
5337
7300
7701
2639
6622
8524
1978
6387
1415
1334
1392
4989
23
6052
9350
7619
7376
4148
4286
2319
9895
806
3542
10231
3429
12
9673
460
10137
340
8050
8905
8289
7317
10251
6649
3434
1527
7113
5397
4201
4948
981
809
3786
2866
6946
9261
3579
8336
1547
5812
6256
3789
533
1303
6398
1572
9019
8123
2706
8986
1041
2649
4667
2370
1213
9755
1536
5939
6679
8452
6021
1397
9703
8785
1869
6195
4116
8762
3469
9744
1037
3433
3045
7027
3914
40
5451
3611
8437
7640
1236
7634
2925
7741
230
2168
7491
6570
5693
11
286
9184
7209
8014
10357
8288
4488
4410
6058
5450
2033
3201
6617
8053
4191
36
195
1609
3888
3990
1339
9276
8015
1830
8840
9344
1886
9652
8738
3722
3130
5236
8131
7469
814
6765
5856
9874
285
308
10556
5604
9231
5474
5272
6930
4414
6688
7157
8938
2879
2855
7070
476
9369
1725
7105
4924
7366
2038
1688
2715
717
8845
10063
883
8759
2610
5292
8196
1373
1023
9644
5670
8750
5396
3943
2388
5766
5906
6635
6870
140
42
9613
1175
4757
5963
7085
1910
3651
6080
1152
1807
10143
9334
846
4262
2096
2895
5580
10347
1110
5274
5120
3732
5024
5914
3269
967
3585
6523
7501
10069
7776
4367
924
5746
9533
988
7787
1492
5066
1810
7577
5517
2106
8358
4436
3331
2447
8719
1883
129
288
9373
10603
1713
4756
602
4879
2581
2761
8784
254
5405
9081
6495
5671
1750
3903
2193
4167
10279
7869
1387
10206
5687
625
9121
8041
313
6522
5682
3181
3931
7213
578
1231
6192
9586
8400
5116
993
6614
1499
4665
4844
7079
2439
4910
9150
7351
3318
4515
5034
8711
1825
10529
10496
7988
2630
7679
7779
10225
7078
9071
10580
7526
4613
832
205
4454
9162
3607
1675
4803
4731
865
6671
5573
5946
2216
6596
5530
1101
6538
6068
4815
5512
1451
1399
2981
1431
854
2269
10612
7281
3421
763
9752
8103
10103
9608
9709
8464
10255
4702
10510
4127
8782
1207
3759
1462
9207
6537
6323
3556
4045
2777
3307
9077
3371
3944
3038
2727
680
9440
6554
2778
3672
8133
4142
4813
3498
10575
8929
7426
3988
9546
2750
2565
9935
9235
7771
4032
3479
1854
9247
1121
1618
9877
4893
4537
9782
5421
8096
3280
6922
6382
4310
8866
1371
8369
10160
4223
253
2231
6925
8451
7327
7396
4256
4602
3841
3302
4051
2655
7957
7243
9838
4020
5513
4663
5622
134
2312
3839
10551
1100
9297
4838
915
3257
1322
5475
984
198
10515
4635
474
1644
6909
2835
8274
10366
3134
3899
9571
106
7270
1587
9188
2551
6036
492
4287
683
5305
8670
678
6639
10335
7606
5261
3937
6689
5839
6034
6973
10215
2961
8654
9299
1664
9108
4215
8629
1226
2457
1355
6842
3934
3924
1735
10486
4935
4927
3711
9690
10306
383
6254
9600
8480
2072
4928
5438
6422
4563
2420
1588
3188
4171
4295
3325
9258
1890
395
8267
6534
9726
3709
7556
4798
3122
7137
6894
3572
7709
4334
1487
172
2703
760
2829
4594
5997
3820
9177
4418
1683
5913
9435
9028
7363
6970
345
74
3598
6996
4360
7934
9830
9310
5943
5908
8978
3039
1938
5503
1149
2552
5763
5505
7682
2025
4423
2425
2037
2675
4276
3187
9638
6446
5159
1656
3050
3810
312
2929
7089
10096
5790
5863
5500
9473
10351
7044
3334
5985
9542
3252
7742
9528
9716
9884
9228
5972
8338
3006
2056
9329
2640
4347
1202
3958
9175
5973
4023
1987
6057
9018
3043
1413
245
451
5947
6208
5087
6493
1859
37
2434
2683
309
6231
1394
4385
2785
34
3895
9705
1628
7350
7940
9746
10039
155
1539
10203
704
1649
1388
646
8362
218
6682
9720
8161
2226
3329
8020
4466
6520
8909
7763
2455
4912
2178
3601
4524
7029
8146
5631
8307
2818
3412
8602
1075
8265
392
10233
1619
8105
4082
3649
3052
7120
9974
2008
9555
2207
3124
7229
7609
2520
1369
7657
1857
6766
1517
7055
5331
4207
4478
2739
1693
5379
9864
7492
7424
4821
9041
6657
9642
4150
1004
6912
8530
186
1574
433
2611
9679
7854
4568
8351
7206
5432
9468
10064
5488
5494
3780
992
3925
7638
4883
4057
968
3431
1721
6549
6966
1138
6199
10183
4493
9332
143
5263
6360
5598
8557
414
2506
6900
8553
6541
7673
847
4352
4083
6539
4922
6268
224
6740
8224
8747
4193
1648
484
10447
9719
3059
10108
2479
3987
4831
2497
5007
4096
2548
9609
3168
7922
7017
7681
3742
1861
4469
1261
9794
8545
1520
1215
3676
2214
5104
7028
5562
398
9986
8179
4384
863
6456
6550
1920
931
8901
7247
2752
3180
71
2160
4988
5467
9119
5166
160
3538
5384
8110
7054
2584
2076
5141
6236
8954
417
9984
1319
6467
300
405
10487
3812
2446
3009
8494
7467
9798
9722
10590
6104
1107
548
139
8319
938
6650
1086
9971
4181
6941
4753
3359
2576
8185
10121
3322
9345
614
3377
10377
4538
10393
7382
4806
5036
4415
1737
8295
9370
5106
8479
2527
10162
10326
7627
7160
7387
2906
6250
1428
9736
10280
7894
5391
2561
5123
7565
1350
2731
6864
2375
1275
7068
1402
7997
5003
8788
9916
2740
1466
2261
1104
7810
719
7369
350
7341
8082
1190
1674
2296
862
935
15
1096
5799
6424
4890
4158
2589
9163
8491
9805
4918
8559
1630
6039
7135
5054
6384
1701
3439
4379
7225
2453
1209
9267
5058
7848
1689
5483
2924
2586
3386
4461
5165
10491
1811
3238
1995
7378
9375
2808
4449
1622
493
3003
2187
6867
1631
1573
5032
171
3411
4318
6325
6346
8896
4413
3413
542
3287
8222
3650
4378
7038
673
2547
8731
1406
10088
5961
10123
2901
7684
1461
8987
6564
3035
6287
8441
5922
7918
3564
7339
4552
9822
3066
822
5139
4322
2268
6741
5779
10260
127
3541
10020
3365
4067
8349
9978
2448
4886
1548
8446
9226
10148
6758
10170
3559
4644
5717
7507
6212
693
5271
3200
9966
631
5343
7449
6924
3906
1815
361
5049
8804
1424
1747
7588
6406
4421
10386
7265
1254
403
8503
1993
8308
796
6137
3643
1405
5436
1718
8564
4362
9906
4909
3835
10072
6791
1266
622
10323
4969
1840
3315
1562
4146
954
6875
9023
6468
3164
5136
490
2016
4780
8324
3494
6218
5774
1864
5590
6891
2314
2003
2412
9078
916
5852
2015
3075
8253
5067
6612
5372
7553
8139
5665
4214
3190
4245
4273
1537
2517
5148
8244
2179
2309
8655
3253
1824
8502
9631
9194
9775
10295
5546
6299
1855
6094
9116
2005
5244
9635
6727
1419
2676
8941
10249
8797
9872
9914
3128
6730
7773
2977
8819
784
4087
10275
62
5626
2320
934
726
2313
8204
5556
3814
1151
1390
9070
2301
10334
7794
10171
2032
10018
2018
244
7852
3189
6
7222
9442
200
6989
7880
4458
2713
1863
5719
8298
2203
10310
6658
1488
9076
6362
3602
1381
4531
5662
4356
6135
9238
9270
7865
6710
3270
9743
5418
10532
6302
8751
820
4850
4793
2656
2383
9000
9849
3034
8725
4304
798
5362
4723
1866
9367
852
9646
6670
3961
3133
1047
1367
2211
8065
1043
9756
8332
4145
6601
3210
2
2994
7298
656
7686
1372
3991
4952
9153
5525
8756
4455
8828
9030
2881
8071
10505
366
4126
2110
5635
3547
7322
10545
9933
2826
5214
5495
2657
210
5099
5846
4779
3901
3112
5039
1685
3581
749
1183
9478
6274
3753
878
7186
5501
3218
975
8485
1200
5027
2039
5033
7098
2477
9767
8773
1108
6397
662
6803
9549
7655
1029
2513
10557
5592
2810
6144
8504
1787
9818
1876
9829
6248
1682
4658
8729
9025
2970
7109
2069
8430
3243
4911
6279
10015
7536
3660
2870
5952
6032
7362
7795
5788
3311
307
4495
3183
1677
5899
6923
572
1880
4941
8486
4957
4559
6823
8009
219
3233
951
6412
10265
6502
6834
2721
6171
6332
8087
6444
9854
9945
10535
8078
1268
9486
10212
203
6701
6462
2997
582
8951
2358
3680
7232
9970
1663
2619
980
8255
6927
35
8709
4978
267
6293
2857
7902
9800
6498
4324
6618
599
0
5918
2272
5987
10149
9772
2157
8547
4512
7653
8931
3526
7760
7321
8735
2560
7656
3295
8327
10390
8512
3797
5241
692
10420
2608
5388
7722
5885
8556
1535
10135
9759
5683
4858
7187
867
10136
1003
8572
5632
8945
7715
7219
5226
6558
9499
3488
7658
1994
2525
2508
4735
3657
1103
9610
5535
5935
2789
2882
5091
5802
8818
4867
9495
4737
6810
6020
6659
5524
9953
9540
8200
4681
25
9176
9789
5095
4136
486
5589
6380
292
4311
9036
3285
9948
291
9225
10180
347
5564
6866
10119
8101
5062
6633
7236
3824
3507
8
9664
7427
5291
8745
7246
8583
6474
5522
2523
3207
5410
9031
1711
9240
7049
3724
4955
3731
1521
1186
5667
3662
7646
4587
4848
4440
169
9988
4994
2783
9934
9483
10161
9865
2888
485
2522
1599
821
4121
8639
9700
8194
2228
5260
5086
264
2622
5427
10152
3762
2615
389
7708
2908
3520
3621
180
2923
8594
734
8251
17
2385
1480
6504
5775
659
3061
5934
9656
10616
5093
296
3831
1831
3279
391
7847
5636
2670
5426
3002
217
4812
6187
10321
9809
2250
9778
2487
9996
2964
963
1908
9993
833
9419
3923
9057
1666
6153
2075
8608
2873
3131
2257
843
1258
5444
103
9275
10062
327
3715
1881
8630
8541
1453
3790
482
9285
653
5678
4154
6678
10475
8774
9107
5251
1421
6205
2356
9456
4747
4307
8453
9636
10527
5657
9507
3962
2803
8626
4528
8927
6356
8031
7567
5732
8742
10540
10024
6430
5741
509
10450
7088
6043
5180
632
1845
5585
4381
7242
1351
1016
3516
7766
607
6862
4511
5701
8167
8959
8215
8440
3161
6258
6998
4412
4077
5507
6828
152
214
5811
2942
8766
3211
5834
10242
9359
4159
601
8013
2804
9792
6176
1915
7907
10178
9909
3763
4254
8713
7433
1316
6452
10101
10318
4677
9897
7791
6567
7446
8178
3065
10504
4491
3975
7432
5742
4235
974
3435
2963
5278
3099
5783
7605
2461
5920
3467
10589
7418
1940
3308
7820
5617
739
4672
2034
4103
9465
8850
277
9393
6629
1008
1051
9509
2588
4851
1543
10523
6858
4901
1792
5711
351
3020
6133
7407
6615
2281
10091
9518
7821
4009
9405
4804
8323
10363
4721
3635
9693
1220
2982
7253
7896
9053
4654
9096
2832
4249
4666
4058
2830
4933
8284
5324
2616
8012
7059
9460
1982
5107
2766
3310
590
6813
5184
10301
2303
10028
7951
5497
5213
9905
2533
6533
10343
3807
8426
4588
432
10222
7585
6044
8932
2627
3625
5951
1818
9923
2040
9915
2702
10374
6752
4887
8884
9046
1017
6426
10341
7805
7115
6155
358
10145
32
1944
1314
4017
1765
7537
6048
1279
271
9907
9132
123
9068
8320
4586
7311
6159
353
8783
7286
9650
10074
328
5375
4042
1976
158
3577
4044
7046
4284
8314
8454
1913
10005
6084
5276
4571
8949
4581
8305
2838
604
6674
6487
3591
7020
6782
4740
4220
7770
9156
3234
5313
10238
344
8957
3454
1144
6121
3426
115
4314
549
5096
3717
6835
1967
7838
2542
1409
1646
6990
3415
4874
3237
4222
768
9655
9735
9061
9699
9346
6063
5619
7191
8700
7415
6898
7482
256
1357
6244
786
1803
1056
1763
4698
741
6762
10228
7174
10565
9125
1099
5737
5698
9079
8521
1208
9195
8126
7485
5762
3870
9406
3582
6037
8293
5868
771
7843
5917
2085
4976
5833
3485
1952
85
4732
8580
10371
1589
1660
251
6300
1671
7730
6252
5218
5377
5114
8702
9048
7587
8707
3192
2188
1448
9837
273
8002
7982
1021
2661
6958
8714
8869
5212
8360
9614
2401
10595
2153
5642
7484
5468
4357
3297
1490
6860
2279
10359
2378
4345
278
1926
2240
8758
4024
1552
8863
3733
5830
2092
2315
2149
4192
893
8994
8917
1948
2001
2574
2535
8839
2571
4209
7036
9402
8925
5729
1341
10549
8825
2959
6991
6976
5883
2636
9949
3794
9747
4921
209
10376
8428
3986
3427
7360
10425
6553
3489
2827
7823
6098
9151
7830
7091
9218
154
4343
4139
1960
3819
7515
7394
8406
3861
7255
9090
6613
9109
3539
2137
8582
7757
3510
880
1730
7319
2470
8868
9387
3219
7904
1614
7220
3064
7633
8148
657
5078
4855
4156
8248
517
731
3142
8475
1567
306
8398
4152
4506
9404
10380
3158
5464
10252
6611
6957
6938
1060
428
10431
7349
6383
6006
10513
4072
4953
3306
564
2663
1420
3816
4968
9127
8037
7784
1625
6794
6017
2846
2158
4247
2437
7021
6341
377
7030
8290
1145
5422
3396
5527
3355
5144
2121
1839
6548
7352
7886
10304
7572
4569
1842
9411
10423
9394
7169
9220
4775
2585
5478
8781
7667
8079
1951
5809
2466
10315
9431
3409
9663
3215
10543
9293
10041
498
3718
1696
927
8206
6083
9399
8974
3668
2687
1038
4006
9027
2532
6817
2073
5186
3701
1081
6217
7335
4327
4485
8790
5329
2286
2483
10550
4530
1691
5407
3881
2091
7393
6871
699
9647
9885
6902
8225
9832
1823
7478
2467
3875
4710
5499
4043
7082
4652
8544
9203
9943
3509
746
4857
4252
5074
8624
3167
3730
5873
2890
3004
3842
1943
128
2041
1148
8281
281
10227
3105
4372
8373
10189
7440
6312
166
8095
5866
8058
3652
9157
1218
2673
535
736
7623
6969
6489
4211
1404
159
1252
5718
6227
9836
1331
2374
4143
4593
3403
9557
4383
10465
80
3081
4242
5545
9059
4836
8326
10120
9467
137
3410
5193
9026
1534
496
7184
10438
9193
3273
7798
393
3284
6723
5550
7119
6666
9662
5471
849
2359
2407
5082
3769
6729
6977
871
9758
10620
3473
1551
2647
1949
3137
359
3578
8176
5234
4761
2871
2393
5164
9619
5570
7445
8413
5192
1770
7408
3866
8427
513
6857
10127
6661
1429
9926
3353
1564
3465
6494
886
9725
8646
5026
1219
1169
2598
5035
10526
3534
6420
7674
6065
8632
2394
3236
4766
8964
6109
2899
7314
9453
8381
10498
6953
9607
7498
5679
8259
6560
7644
7458
4500
1954
5492
6369
8138
1246
818
2249
4709
757
4708
5931
2351
8388
9474
8361
3569
3244
787
8831
9621
8478
5496
5253
633
4690
4640
8656
3859
5865
3438
9178
9200
6712
7334
3163
4069
14
1244
7297
1703
316
8483
8098
4296
3840
179
972
2714
4553
9598
4782
6465
2726
5206
8141
1892
8286
1485
4527
3174
9565
5132
2459
3781
4031
8299
8056
1277
9187
7889
10348
6453
1570
641
9206
9401
4558
1128
9740
5559
7379
3312
1444
8140
91
9324
803
10471
10292
4822
401
4945
906
4669
4195
6933
2733
593
778
5076
2628
9129
1285
4261
4888
192
848
10283
2288
9534
5807
2914
6454
7294
5974
4363
5674
290
521
4258
5441
4279
9551
1560
4697
943
150
8813
4453
5902
1531
7875
1271
6186
629
9901
8380
6565
2993
4291
4897
9085
5618
3844
7163
5336
8686
666
8019
4427
1194
922
9696
6773
2573
8042
7323
9441
8404
6513
7437
10048
7179
10598
7
9578
7528
2980
3113
8516
6313
4060
3407
7620
1977
3873
1239
3153
473
8921
10314
342
899
1516
6340
9575
1340
3640
1538
7052
7398
9846
8989
544
3475
6918
9215
8245
2975
1119
472
6162
5739
2260
799
3246
3491
6045
1026
3049
1187
7326
2064
3811
4699
6286
7356
4518
4572
6672
1617
6931
5953
765
8676
556
3476
6089
5710
9160
4021
10198
10081
4718
9249
4510
2294
481
6838
2653
4513
9983
6141
4013
8960
6543
4631
2658
6138
9199
1569
8310
2123
2465
1650
4903
4091
4573
4544
3025
6472
6257
8793
920
1973
6521
3583
4966
8153
5469
7263
7371
6808
6774
10442
1318
6916
1035
10130
1710
5460
6851
7877
2949
5552
6118
4219
422
5028
4703
9117
8170
10593
8698
4810
7301
4503
6448
9833
390
3822
10485
5491
8891
5532
3484
1235
10331
3748
4480
43
418
7104
402
1434
266
5133
8212
7702
10272
8966
7885
7943
9396
7739
10153
2302
10274
2390
372
6431
714
10131
957
7778
7465
1178
1724
3277
5613
4462
3447
9823
4162
9503
2071
5449
8155
3390
1463
727
4584
6863
10144
4529
759
3464
9444
4862
6228
1430
3345
9900
1739
5558
6123
3708
1523
1092
4119
6108
3707
3802
60
5534
297
1476
8604
10092
7118
1720
7969
9999
1435
191
420
10273
1827
8625
9208
1483
8823
5308
8888
1039
7900
5634
199
8482
2035
10200
4642
4870
8277
5047
10128
9814
2711
6778
1793
2201
7931
2046
6092
5886
284
10500
9464
1391
3594
4411
2192
10444
6826
6385
7214
4135
5615
6197
7569
8035
687
7251
10021
8443
5403
2922
3978
1150
5094
3677
9248
2013
4430
3688
4194
724
1504
2674
1245
10570
6418
10050
7207
1015
10179
4400
10033
8325
2594
7459
10483
6556
3032
4762
3212
961
6708
6962
5772
10375
3868
5539
10054
8059
9448
9710
8450
6753
5243
7737
8005
4248
2941
2202
507
7202
3933
5895
1291
7814
6214
1287
3336
3011
4306
8329
1296
3340
2432
8631
7473
1633
4104
3980
7053
2481
3917
831
7291
5960
9860
2194
10379
8317
4929
3071
3230
1776
8627
4764
4305
1906
8894
7340
525
250
8263
5740
5563
8233
2792
3381
9851
8342
9429
2414
7995
501
9730
10104
1727
6164
8076
6841
2865
5659
1571
4797
7920
8278
4388
9189
6184
4346
2317
8120
352
356
5521
5202
6604
7933
3387
4585
362
4173
6067
4700
116
1436
3746
7057
8647
8522
5171
8256
5533
5955
5713
5654
87
6848
8519
41
5911
4947
6717
2760
6702
1912
2070
5140
10235
9825
3918
8993
6088
5310
7081
439
10302
6651
4056
2084
7359
7211
7670
8576
3487
10463
1498
9541
1036
4724
2707
815
411
10037
1515
3093
4707
857
5916
3878
8068
5110
8237
5841
7625
3996
3513
4076
7093
6728
10140
8920
1032
6683
9471
2340
9651
5819
6124
2805
9255
10627
5754
6428
5296
4239
3021
9323
3879
118
9126
4093
5456
995
9734
9855
8640
9017
3067
9985
10224
5531
2681
949
4995
5392
5971
1790
9962
2235
1801
3654
202
7696
5791
7050
3170
9882
334
8899
6781
5548
3036
725
1049
9535
3482
8481
9875
9583
8243
7740
4048
5069
4230
1134
4232
1164
10079
4168
6073
1011
7345
1657
4419
3757
9891
2912
3809
413
9032
2743
1514
6289
1433
1196
7223
5435
1412
216
9122
770
5979
4134
6956
9601
836
7367
5993
9133
10282
7111
695
6400
8213
10244
9873
10181
9654
6357
9653
8722
5653
5750
7863
2415
4932
6025
7042
9339
1398
2847
7809
4567
7600
1354
5753
8741
4550
3624
10539
9234
3077
3296
5268
4522
2126
5406
7114
5915
9360
5442
3251
4394
1432
10497
2482
7932
6660
4668
3286
346
6126
4393
354
3641
370
7759
5995
1284
895
5306
4934
5941
6578
9890
8837
1613
9936
8779
790
7676
2174
83
4387
4853
10172
2408
8651
1087
6692
5122
10353
5211
4936
5178
13
5020
6942
136
7071
1692
830
1874
8764
694
1250
2389
7364
3364
3869
1700
5602
990
6680
90
6716
2801
364
1678
6780
5726
3289
5871
7758
3166
1734
2794
10187
6687
6505
7399
4675
489
1189
1309
9538
7993
5153
1159
2172
8036
6616
4370
7573
7001
7041
7197
6748
8794
1048
2349
5037
7031
5607
718
9496
9327
603
3356
4750
9739
9424
8260
9853
6588
113
5981
6906
3041
6421
1243
671
7706
4355
7517
9015
3072
7685
7978
5409
5229
1584
3313
7066
6884
9058
5702
5630
8617
9366
6241
6316
4301
3863
1173
5992
10082
1773
3197
5354
9512
4417
1914
2058
7200
7928
6859
7116
2849
10245
5660
6592
8824
6342
8720
9279
5910
7087
6509
10134
9417
3123
1998
10430
6251
6292
9562
9828
4234
9082
2817
6359
2219
10360
6425
6273
5594
9522
5709
6655
3083
7594
861
1525
1762
4479
10022
147
9561
779
1708
8052
2682
4280
5413
3713
8497
2130
4380
5112
1681
5760
1851
6345
10155
655
4102
8606
4603
10582
55
810
8271
1386
8264
7309
1385
9944
3104
2023
1988
7651
9148
363
7935
448
6140
7342
8688
4075
5404
10060
8408
425
9831
7221
190
2614
1272
940
3984
10047
1325
583
9564
9392
7122
7744
5673
5647
2979
7596
5553
1852
9384
808
7152
3864
889
1018
6669
8374
7967
5370
1911
3565
557
1837
9867
6395
8276
249
5893
7807
9321
8266
1865
9311
7960
6619
837
9686
7308
5011
8304
3658
8236
4539
7361
8219
1342
5286
7239
317
8316
374
4534
2176
1742
3468
1904
10619
4293
8761
2913
385
6798
2799
4629
7009
4189
4005
2011
6697
3324
4065
9669
9256
3551
2423
5446
813
349
6419
7764
2449
410
279
7868
6885
7910
7380
5889
2741
7056
4545
1598
8796
1377
5174
7956
4781
2292
4325
167
6551
8075
5183
2275
773
6861
9410
3169
1806
1346
5638
9296
1919
921
5209
5381
10398
5030
1179
7128
7237
597
2021
222
2136
2205
8142
3999
8039
10495
574
4205
6266
2738
9964
9470
3116
5161
5010
10352
4849
8717
3907
9618
8687
5950
10426
3963
6845
6284
7949
10010
2128
7630
2398
9582
8980
8018
4828
3898
4344
6161
1353
7530
10308
8392
5221
4403
6449
1736
2223
6947
7948
4160
4860
5265
5603
6295
8321
10202
3414
8397
8137
7496
380
5085
3805
10213
8214
2536
2862
6528
3367
6636
651
6147
6719
10257
8159
9497
3779
6508
8771
504
869
5516
1426
5984
5804
7411
3645
9599
5195
7210
2856
9765
163
1743
5355
4092
7790
2712
4098
2053
3628
639
1443
2243
2966
8352
9681
7045
1330
6193
10577
8877
4605
7076
10071
499
2471
4054
9581
5608
10629
10624
6475
2987
2012
1425
8008
429
7503
5289
1300
8157
10480
9896
675
10110
6840
3851
9412
9075
712
6409
8144
2688
2996
6972
2145
10281
10087
8730
9932
10502
5714
2984
8169
5319
744
563
1084
4112
7117
3546
8359
2232
7984
3037
4464
9781
4734
4184
4155
8239
7661
5502
8350
7262
1123
1274
7981
5089
7669
5877
2529
6846
6166
3714
5601
5378
1022
4977
2163
10467
7979
8610
6331
4720
2047
8040
1345
9371
3008
706
3976
9958
9201
9186
7887
7329
570
5080
918
6745
10458
5537
1248
1947
1577
971
8841
8984
7032
9260
3788
423
7826
8666
3451
8904
3478
10566
9671
8953
7909
5942
4336
6374
4260
9588
246
5079
7898
7560
3450
3028
1042
4880
5628
1975
3323
2957
1887
4525
5549
9352
1636
8842
49
6305
1470
177
10124
3945
9407
9115
6120
5968
7315
4623
3593
9263
10011
10490
10596
9409
2007
10236
10007
9227
2396
7631
8339
8862
10446
7474
7355
6314
594
3562
7841
2354
2445
5338
1992
8476
3010
109
605
7864
3276
732
4830
8534
2693
6463
8470
8634
3400
5786
9072
9879
447
5102
3432
4993
3817
8306
8394
9021
2718
5487
745
2117
2200
7872
4639
4079
2129
1606
1241
6854
4898
742
10133
4496
1147
6281
650
4682
4482
5504
1315
9802
4773
8006
4289
2643
2686
10396
3596
1414
8789
8555
3595
2204
4722
332
8812
6415
7414
10040
2060
3506
5650
47
9102
9576
455
5196
4505
8151
10574
6704
1057
8275
1304
6919
3629
9009
2986
4099
5560
9364
2361
6575
8409
4980
10606
9131
8599
8294
532
7521
3766
944
3555
3260
6987
1229
6609
8054
5843
9529
5694
7280
7126
6852
8887
527
6904
6507
6005
2769
7697
2376
1165
856
1709
10241
8856
7544
8952
5669
9205
449
7453
4695
3695
5980
5429
4064
6890
6202
8425
6847
7518
2276
10610
2667
4949
10298
9050
1997
8231
10093
9455
4541
5860
8420
2788
7401
6594
8208
6881
2105
7320
4315
5824
10070
1608
9524
4566
540
8871
101
7755
2100
2540
4801
6443
8943
7782
2463
6536
9386
10585
758
2173
2583
5063
1001
9439
2892
8463
2567
1788
3404
7945
3832
1298
6160
1939
9197
6784
5470
7107
3905
4551
709
348
10086
8834
4299
5587
2834
9257
6995
5600
9741
3838
3422
10424
3580
9062
1396
6414
7828
1768
5220
1090
4170
6568
1858
5639
7090
4795
7859
3044
8209
6393
3894
1556
3139
5121
8644
4183
8061
6318
10614
7769
8795
2406
7919
329
1970
2424
1867
4752
1853
8799
7799
8988
1058
10342
2549
7534
6961
1809
4711
4509
110
3424
2806
111
9691
6074
10262
2135
6868
2067
707
6191
1741
2896
4308
7736
10378
579
8391
8122
10147
8571
2767
6417
6997
207
295
9253
2490
2990
2112
1996
3382
1348
1580
3626
5725
6653
10553
3466
2020
6691
7861
1440
8069
162
8436
8102
6107
1054
6297
1009
8853
8333
2503
4891
7147
2253
6516
3884
10230
5656
1891
8728
6831
733
9422
4746
387
10388
4742
3457
2054
8066
9454
10053
4229
10250
1361
8844
3592
2543
775
3930
4601
6352
2854
2651
5557
1799
10381
225
6264
1116
6470
3670
7616
7590
7290
634
644
6291
750
960
120
1005
7575
4172
7614
10432
1505
7368
5610
7561
9391
7278
7664
3665
6103
6071
1062
5252
2582
9449
7287
10344
6223
4754
2236
8132
4755
7846
1472
3876
10004
9595
2162
3719
8104
9376
6664
10333
5508
3825
10469
1601
2440
6389
2934
6818
248
3304
2833
1305
5892
6154
9527
262
233
4678
6082
4224
5705
3900
3795
9
3095
10562
3125
2165
5700
182
7546
8622
4931
9161
99
7621
7849
890
7723
8976
8047
7026
9395
9073
8919
4646
8472
9159
9930
4022
1789
3968
6801
8460
261
10195
6027
1188
4730
8189
2843
4268
840
8107
4535
8637
754
7747
7024
9287
5810
3240
10151
2919
9965
3787
2417
3017
378
9084
3633
4542
9475
5612
3928
9692
2308
4854
10003
1122
3830
7853
3885
7462
4431
2346
8574
7180
6173
10247
3255
6149
2337
8048
5633
5084
6598
9847
4236
5851
1393
7825
4402
4212
4715
5162
8077
6988
9771
4758
1558
272
2954
2666
1380
8769
7925
3947
2751
8708
4847
7550
2816
3767
8090
5904
6204
7505
9552
5101
7013
1687
5989
2613
8562
3774
494
882
9437
8549
2116
10350
6599
8195
146
4840
6077
9940
5064
8085
9242
6337
100
4354
8108
7375
6593
6756
3298
9857
7980
2222
9661
5266
1754
6820
1079
10600
7774
1632
6849
149
7181
8199
7662
2545
9657
7941
10573
4179
470
6283
4406
4959
6982
4115
8343
9641
9288
4244
9372
2170
10508
7862
7719
4405
2293
2642
4504
3486
952
4895
3530
1177
7533
3138
5829
9303
10564
6974
1475
7266
5118
4981
4739
9760
5891
5716
2812
6703
7272
2088
59
6358
6668
8468
828
8378
30
8780
1489
3321
8753
5691
6211
10530
3614
8246
5879
9328
6777
5145
187
7332
10027
6913
551
2921
3558
57
3942
3974
8499
1085
1984
6525
2495
8669
6303
1007
1295
9217
660
4991
4634
2498
6812
6015
6684
6368
8439
4882
3430
7965
2048
8401
6559
8859
6085
5482
4382
5246
4580
8659
7060
3196
4591
6915
4202
3972
8895
10141
9868
10000
3647
982
3461
2621
464
5887
8706
8649
2592
4451
7650
740
1052
8552
8322
7260
1780
4243
3443
1332
9413
4131
5349
1524
8100
2694
3352
4089
524
8585
9543
7649
10448
7680
5575
6377
8663
1276
7593
3951
6183
4138
8517
987
9520
8835
2637
3118
6645
1020
9314
10583
730
6091
10368
2635
2065
4938
7475
6002
7051
851
7258
6981
8028
2719
10217
9973
10453
1442
2932
658
9042
6249
4038
5262
8147
6711
1638
8827
2082
6783
925
3685
3606
10173
2537
6865
1503
5555
1094
5901
5443
5029
9457
10607
3700
3850
9104
8911
1898
1155
3179
7303
5339
4085
7256
8488
6097
7860
4137
6127
94
826
237
6481
508
4714
8435
8474
10373
8191
6887
3772
7599
5245
7732
4802
2848
2645
4037
2601
5730
2115
10042
5978
4876
1071
63
2577
3524
2485
5584
3184
4592
4873
7338
5198
2631
6405
2920
10459
7130
6506
3373
9379
6750
7164
9300
5929
7217
7989
10410
6605
6757
5649
7913
45
5452
5621
1923
4153
2489
5991
4633
2691
7002
5204
6483
522
2988
7454
1740
2101
6517
3617
183
1124
6102
8418
2620
7930
6693
9536
415
1902
998
1031
241
571
2591
649
9960
4964
2063
2103
6435
5240
7389
10626
4012
2141
8881
5437
6815
2125
189
8907
2995
3293
642
3845
4269
6201
6411
4331
5967
7783
6975
10216
7597
4029
7531
4180
691
3292
5021
10126
6695
9615
10330
6632
8370
546
9796
9911
6673
8923
7402
6963
7691
4937
2600
10164
10493
240
4432
6530
1311
4448
6437
2022
6547
4800
7289
9556
1518
3796
930
5458
9092
1088
989
10185
4428
4290
6590
7374
5728
7429
6897
8086
2948
1422
5249
5382
2775
8878
7195
2139
723
3528
9363
1813
6936
4361
9816
6500
9713
5002
636
8968
450
9100
6603
1641
1321
7490
2114
2422
9190
1115
8309
5015
4303
6586
6839
4727
7176
1889
866
6242
6361
1335
3019
5462
130
1593
5828
10349
2690
2443
9672
8064
7240
1805
5712
9784
9939
2510
5185
8744
10150
3005
9171
1621
4178
1363
4783
270
1731
8457
82
2195
2811
9487
3221
7392
9039
8254
3892
3535
8690
1698
1595
8603
8596
9264
6327
6742
4165
10524
1292
4829
9167
1076
9491
2181
9355
1336
6038
10184
2781
8586
5275
6896
2939
1255
5925
10290
1262
3597
7489
10470
5771
2342
8363
4447
1408
243
7434
5149
3480
5862
6179
7687
2143
6631
8051
4694
5371
2776
2798
6724
7592
8354
2587
2521
9628
6145
2365
2629
3896
8432
8641
10190
1620
1154
5197
2444
3682
7788
5125
3351
4198
6746
8057
9811
8803
2936
5938
5919
5970
735
3948
2820
4998
1832
5778
7734
3140
5588
2094
3745
859
6721
2910
8417
79
5332
8377
4899
6967
8473
213
3761
3871
9040
844
10421
7172
8903
4868
5835
4008
5233
10268
9052
4660
850
9689
7168
7712
4719
7683
2410
5847
9469
10479
10008
10466
3623
8164
8883
6920
8879
3305
303
2244
1999
4035
2255
7641
9353
7873
3283
2208
1172
5900
5825
6950
8279
5890
4041
628
2524
2357
8366
31
10534
3278
4208
8145
919
3171
5408
9492
2328
8915
7170
10057
4560
2695
5006
157
3994
1184
8526
5781
8027
2062
9432
487
4536
4680
2252
9919
6200
864
6234
7102
7358
6606
9322
8024
708
5137
1576
5018
1142
2345
6491
8510
8770
6442
9155
4645
1
10489
4335
4123
6985
4002
4583
3920
7525
3029
10115
1592
3358
1028
444
6685
1171
5721
2372
7151
10456
2409
6447
6939
5577
8223
5273
1197
807
4435
2364
2077
8861
10109
10065
997
3765
376
5445
7527
5715
3326
7077
8010
5957
3616
8193
9428
1131
8587
2558
4407
252
22
215
6040
3301
10563
3391
9584
24
9044
10369
10581
1673
369
7404
1596
175
9063
10454
5358
9773
10433
7731
8415
176
7903
6440
7626
10045
7836
3883
7080
6764
5077
7558
5568
10567
9290
4294
1550
8689
6630
3383
9858
1019
2757
8498
6531
8312
5170
1423
7768
10146
8118
10384
10552
10621
936
9152
7084
873
1125
5298
6832
9856
7295
10477
9204
8685
6004
5591
10578
1871
10016
6451
2926
2900
6188
6960
5832
7372
902
839
8112
7495
8673
3335
9111
10449
5203
6317
64
2333
1416
5842
5283
319
8874
9141
3696
9351
408
1772
8514
153
3956
9094
9941
8612
9523
1581
5393
6338
8810
3721
10095
5795
4274
9034
3858
10182
5977
5975
9844
8227
9245
7666
5081
9502
9639
4373
7581
896
9591
260
1623
8699
4565
1293
8889
5154
647
9674
10188
263
2080
3608
3493
6874
6278
4062
8115
7564
2233
555
6026
8902
10112
6349
7185
7699
5768
5312
8301
9421
10403
6652
3584
1238
3973
9976
6059
4863
3389
4063
9645
1777
7391
2511
8518
5270
289
6334
7143
7441
805
1766
5301
3887
9014
9501
9237
2225
6012
1529
6677
8422
3121
3941
8011
3397
2326
4450
2745
7926
8448
4532
5624
10464
4823
4424
4905
2575
9065
4582
4467
667
8681
6477
5239
4548
8268
5782
3754
3402
6940
379
8089
5163
9969
5228
6115
1729
9955
1808
9938
8950
6239
3855
4864
1143
5017
2251
3058
7131
184
3018
2763
4811
3175
9033
5758
5578
2161
2280
1937
5108
5142
6367
8092
5023
7837
4940
6304
2329
9272
1403
9307
2428
5189
4827
6461
6378
3445
4785
562
6457
1846
761
674
8412
834
9704
6150
3089
9843
4472
5551
6370
3758
2218
9630
1590
3600
913
2570
3910
10555
3265
6347
10210
2612
8615
9894
2946
8768
1797
10332
5815
3983
5447
5706
7499
9539
4627
9484
8897
9423
1611
5932
8843
685
7337
5930
4477
76
4673
1384
4425
9815
6486
8900
2861
9530
1856
2492
6439
2868
5433
2142
9236
2692
1828
7832
2689
10006
8600
4349
10506
3756
9783
2242
7584
6562
576
3419
1080
9091
8330
956
10278
3030
6809
8611
7171
7318
8609
884
6050
2904
2605
8851
1963
6917
7227
2185
3697
4889
7738
1469
3007
4365
5826
6869
1781
999
7299
4778
3097
3970
6408
4636
1251
6246
6948
5340
2238
5088
6371
9862
10
2951
8505
4120
5461
9083
7431
566
3799
7178
4832
6602
1365
10259
901
1234
3388
2221
3877
3540
1645
3736
5333
282
1477
4843
8705
4919
321
6744
9103
9622
2893
2152
8390
3040
8970
4516
1464
9099
7602
8490
10427
8645
2093
8119
8044
4986
3977
1530
1265
800
7177
9239
7422
7108
7818
8918
9508
7824
8285
4110
9604
10023
1714
7343
9221
4118
5845
5390
7811
2950
7808
2696
3678
8188
5423
8551
4047
2955
185
8535
1253
6288
7796
5944
6769
5756
4972
7899
4651
6233
1307
8217
772
7855
7100
339
2943
1163
8846
2429
1237
46
7891
2632
10507
475
5757
2878
3501
8356
4196
10537
4706
2660
4026
8811
928
4317
4807
445
3782
1800
2307
9761
5878
5859
1716
10142
6158
333
4975
9515
8680
6944
8972
7110
3472
976
4650
3777
8573
4225
9390
8135
5341
5207
10052
7671
6880
10043
10025
8150
8383
2199
933
1909
8832
7524
2496
1907
4974
1308
4701
8543
220
5514
9056
8621
8563
9209
7938
8130
627
1283
9241
7296
5988
1132
3354
4129
3605
6229
8683
6642
5374
4904
2724
6003
2224
10609
7562
7226
4332
8340
8787
9790
7729
9634
5579
2343
6128
6476
10029
5695
7595
5780
2998
9298
4570
9574
9212
4395
8565
6725
8022
7443
7608
702
6168
7310
8462
1796
7857
531
8489
3401
73
10492
573
5019
2755
1112
197
6644
9154
5664
7012
10114
6114
1643
5323
7672
8570
6308
7103
8414
151
10294
9666
8365
5958
552
3068
8893
581
5440
3223
8287
6177
1040
1962
165
8910
8739
4397
7998
9711
3346
38
6911
84
6056
3653
4445
51
4648
5982
1838
3549
1438
1370
2880
2043
5515
7692
5105
751
181
1133
991
453
8438
515
9929
10429
6253
133
872
7749
3589
3146
457
4176
10263
7557
6484
2863
436
9852
4632
1694
9517
7354
1146
6081
5411
2568
6577
7642
4429
371
7065
9577
8597
9570
7703
5259
6261
8561
5821
5216
9211
1918
4614
654
1446
6889
7285
1542
6573
2154
3860
6994
5965
3981
3548
6978
1755
2267
9917
10264
406
4595
2668
1059
700
452
8696
668
2952
5257
9952
6743
4003
4456
1925
8575
9144
7777
8963
3531
1802
5223
3126
7463
4892
9280
7417
505
9309
7010
6117
6423
1771
4777
1989
855
1070
4338
8815
5680
9265
367
5976
9008
2976
1819
9174
8433
3823
6893
4398
9110
7761
4377
7139
595
4763
5793
8816
8445
7858
1834
4787
2140
2971
10031
9284
6934
7155
7241
5476
2019
6761
7856
6694
6030
9717
3755
2371
1615
4540
9230
5529
3091
970
1358
8292
6029
4182
7189
5509
4562
9841
9979
3088
635
8665
5191
8080
1624
9305
1676
381
766
10411
1544
7728
1526
4019
3332
3503
9931
9770
10158
1662
3456
2872
6016
9106
9925
6623
1333
9505
9812
3193
9745
9780
8605
2278
9813
3369
6792
10484
1064
3114
7141
4073
7420
7035
7704
1921
10394
983
7792
10554
3458
283
7264
3263
6772
6033
9097
5100
3804
7733
5776
1706
3504
9908
10056
1302
4263
1352
4951
8537
4164
3395
121
4125
1061
4326
318
8458
132
3
2516
7481
6019
10286
3537
3522
4371
9991
3521
3202
2024
44
5646
1111
8469
7874
10519
5152
6392
6503
858
9786
7025
7543
8618
10288
3070
7063
8258
620
6822
5734
10346
7812
10586
5321
3716
9566
7652
9415
4364
7504
4809
3241
2473
7423
2876
7529
6628
8579
2737
4609
1653
10591
3927
5351
503
2796
10358
4617
4915
7400
6224
6993
8961
9418
7964
1025
3966
1829
716
7884
8691
825
9637
2438
2355
1418
8623
698
7274
9268
9295
4913
2283
743
1850
5735
4736
2756
2050
7944
4095
4555
5767
3834
7746
8055
8786
6983
6035
2618
7624
2198
4473
7974
5424
2889
8419
9180
8955
4441
1726
4433
5733
3191
2184
8684
5672
10111
6965
6640
10099
5022
9688
2164
7228
6903
4655
3969
6563
6793
9712
10207
2270
4203
4264
6886
7867
781
9179
686
1690
7801
4061
1077
3106
4759
7259
661
4409
5986
5875
2595
2397
9093
3086
3110
3477
2391
3575
7148
7230
1098
3620
8125
2699
8979
6263
3232
7167
5008
8376
10116
8385
2107
7968
6480
8657
9548
737
7643
3056
5692
3637
10561
6413
5572
9554
1634
2031
2965
9336
584
9388
126
6013
9511
6626
3801
8442
10399
2215
6321
5658
4885
6581
1756
2442
5675
8128
5926
424
2897
2306
4508
6402
4517
8180
9769
5625
4996
3203
52
6737
238
4088
2493
226
6600
1616
1549
3094
2985
3667
8357
7506
7486
463
1782
6949
4799
1273
1222
10579
4246
7522
4438
10536
6386
6771
9697
5748
6473
3723
201
5160
1969
4492
4523
6648
10289
4353
4704
9972
4483
4166
3512
7158
9801
5046
9568
8187
268
10293
5416
2271
1927
5050
5326
7149
33
5723
8272
4649
4169
2735
1533
2074
9738
3857
5837
2386
788
3989
10521
5519
9922
4992
7566
1732
5699
4130
6980
3271
2367
8992
4671
3993
1078
2352
1327
9764
5954
6260
3264
630
299
829
7705
2413
8755
7154
3938
4990
10083
1240
2530
962
7617
3573
4323
5708
3425
4282
6185
3821
4446
10440
2419
9054
8937
480
7514
1130
10248
488
4010
9927
10623
6364
2002
9881
9266
1460
626
1102
5905
6795
804
2290
3545
7430
4408
10017
7924
1045
10604
7700
7939
9910
2004
4040
4177
608
7336
8942
4265
7040
8538
4869
3205
1221
7831
6825
2626
1223
9269
8291
9750
8716
6129
491
10214
7276
5787
5948
4241
7947
8038
5486
9011
478
1024
5232
7871
3932
7727
2557
6051
3808
6146
1227
9963
2725
7203
8313
5707
2042
2402
5012
373
8431
10118
1484
3590
3481
5059
1679
10300
8940
7677
8946
2742
1427
5060
8715
3499
8121
2580
6665
6139
6207
4297
102
8546
9318
8956
6814
1034
138
3508
5399
7645
6390
5328
5367
8111
6992
9658
7879
6627
3921
6667
9793
5561
2099
7500
6637
75
3063
2405
8262
9950
8872
7238
3691
9427
587
2127
9338
5489
4576
5256
3288
9659
9451
9737
4200
6763
9173
4100
4443
6837
269
3604
6656
10030
7973
1153
2572
9250
1760
10211
4
10601
7698
9452
6572
228
9479
2917
2782
5055
331
3333
28
7954
9921
8854
2754
276
5284
5373
4475
7908
9135
1459
10337
8106
10089
690
10404
7911
4369
5057
8261
1557
950
3778
1814
6499
6464
4055
3852
10138
1400
8914
2566
81
5146
3552
2339
9146
5126
7344
3853
2991
1214
3282
1559
302
1212
5872
3051
5909
2648
2452
10221
69
1117
7451
2528
10419
2087
1748
6354
6811
9987
9913
9687
8218
10572
7850
600
10176
795
7208
1605
945
9995
8046
9839
6646
1946
8995
5231
7039
1120
5327
1306
1950
8410
9611
8129
2310
2604
3882
325
10413
2916
6090
9389
360
2209
2456
4767
208
7072
5314
2937
1217
6267
3664
4833
10271
4359
5814
5703
3327
1757
4105
9785
9616
6488
7963
6326
8511
2132
5224
6178
8577
9889
7612
305
6819
8936
3642
8382
6732
8315
2183
575
1985
434
4684
8775
2779
3015
3147
6285
3627
3576
10256
6401
966
3965
8554
3418
8726
4476
6407
9214
5425
2541
8158
8405
2404
7576
676
5749
3235
1180
8981
9799
4999
4389
10618
5238
8760
6116
7159
8924
7194
5431
10012
9357
7307
7512
3636
8226
8991
6255
877
2131
7397
6512
4575
1964
1878
5360
6999
711
6584
1360
2210
10196
5761
5466
985
6169
7539
979
1540
8791
8060
7412
2426
7381
3046
3544
3998
5848
8424
6410
8591
9254
2911
3683
7921
5387
9721
2348
3702
567
6353
3856
6908
5420
1642
10276
9302
8822
3463
2938
1002
3317
8023
5881
1368
4122
6343
6910
5258
6739
8661
7015
3406
8302
5325
4808
3453
4437
6625
5357
4190
6093
4460
4444
10122
6087
7817
9998
8965
5004
9774
5597
8973
3303
9461
4157
4926
5820
2338
9319
6526
1211
9005
5454
10525
6557
7888
6049
9278
1458
2956
8532
8459
7268
8531
7377
1072
609
7249
9274
9629
6434
2305
105
2331
93
6755
4621
7493
3442
7161
589
1655
2336
5792
2825
616
4426
6306
10608
5855
2918
3514
789
4001
4028
9573
4866
6647
9112
1582
5042
1050
9585
8592
3705
753
8084
10297
144
874
8207
2316
2427
4034
5300
5307
2197
5565
10415
6907
3922
2625
437
3847
819
6833
4081
978
2494
5544
7373
2813
1206
6663
7142
9827
2234
4329
870
10327
2148
9572
986
9481
3954
7816
4111
5109
9821
8507
5025
7540
4281
2606
5303
7409
416
6301
9878
6527
8402
7136
1027
4930
8798
3185
4751
2732
5130
6011
1546
8461
3798
8982
8527
2474
212
6591
543
7601
7480
7511
8235
9378
3160
1885
4839
6100
6391
9493
341
1063
10077
5994
6112
2710
8368
4004
4285
1089
6807
10605
301
5722
48
7552
3622
7442
2554
6844
8885
7419
1181
5187
3145
5473
7895
471
5479
2322
6001
7976
4769
8371
2746
8117
1894
4615
9343
1971
1751
6830
3741
8593
1232
7061
2507
6206
7328
2421
1495
2175
937
9763
2400
2382
7765
1877
7447
6899
4641
8867
3060
1612
5001
1347
516
2894
4620
3483
4321
10261
9980
10156
10186
2502
2505
5481
10090
3554
3470
4946
4546
10560
4016
3979
9698
9377
4819
124
3162
7413
8355
8205
528
7175
2841
6433
4543
9723
2104
6968
2298
4604
7574
8197
7535
1767
117
1794
947
9640
8347
6333
232
4399
3090
10194
8934
10066
10068
7986
2282
3294
6804
7688
1746
2539
6643
4204
5518
7668
9172
1669
613
6078
438
9004
1382
6876
3919
1182
7693
4108
397
7305
558
5430
1670
1929
304
1259
8528
7977
4696
2837
6328
3609
7690
697
6190
780
145
5894
4554
65
6216
2464
6482
5353
8778
3023
7603
3272
6429
4628
5113
5571
8763
3338
7101
1639
10569
1816
677
3366
6275
785
2828
6929
2411
2623
4670
8990
4656
3536
1862
3198
2519
18
7545
3935
8099
2927
2526
4997
6136
6055
7471
4049
5663
5800
6827
9788
2263
3309
5385
3033
10439
10059
10285
4983
9580
4439
3909
6492
6042
1465
3042
2049
5898
2113
7331
6069
6010
8912
3448
4000
8232
4106
1264
95
9845
9047
3220
4589
8674
8664
10437
5115
5386
6579
10193
4416
946
3022
1545
1449
2285
4375
27
2055
441
9243
9924
4340
8677
7866
4728
1868
6726
7897
6262
1745
7716
2553
3148
1968
6478
7720
10058
1597
9337
2509
9354
9951
5640
8718
7962
7586
9733
1591
9670
8754
8113
8210
3704
10428
8423
9213
2684
9024
7403
1848
5924
223
9617
6932
4743
592
5759
4459
3563
10402
9977
2431
92
6469
2844
6921
9866
3946
1798
7607
8395
7284
6555
5569
9748
7436
1320
8091
4549
1965
2797
2436
2450
2819
77
1836
8985
5389
5157
9147
7385
6062
1604
8229
7267
3803
1779
1224
4982
2122
7618
8337
7395
440
56
7754
9840
1083
7822
3557
8177
2597
1326
994
2815
5940
6816
6445
7166
6641
8331
2311
135
2935
6366
178
5134
3500
10622
1263
5072
221
4985
9842
2433
8162
8849
2564
4814
7347
6544
7745
7388
3186
1073
2698
7450
5595
7455
9349
6955
8620
1454
10409
7883
1561
2373
8712
9708
8303
10473
3024
2009
7632
6372
6122
3452
3764
8740
8221
9306
3013
10499
9105
5237
3441
4691
10061
8890
4351
8364
3239
5538
2839
3673
3247
3997
3747
5990
1174
3818
384
8636
442
6535
2962
9624
5061
4502
1286
9229
3880
7421
4688
4368
2617
5043
4328
5523
5031
4039
8094
6290
9489
2933
1916
7636
4768
1497
5477
5119
6238
9912
2850
7802
1140
1312
