1.0820001363754272,0.9910001158714294,3.000004768371582
1.1890000104904175,0.9910001158714294,2.999988079071045
1.9819999933242798,0.9769999980926514,2.999995708465576
1.250999927520752,0.9930000901222229,2.9999969005584717
1.1749999523162842,0.9920001029968262,2.999997138977051
1.1829999685287476,0.9900000095367432,3.0000057220458984
1.1419999599456787,0.9900000691413879,2.99999737739563
1.1249998807907104,0.9920000433921814,3.0000054836273193
1.2239999771118164,0.9900000095367432,3.0000057220458984
1.249000072479248,0.9860000610351562,3.0000033378601074
1.1109999418258667,0.9879999756813049,3.0000061988830566
1.152000069618225,0.9900001287460327,3.0000054836273193
1.3159998655319214,0.9900001287460327,3.0000040531158447
1.2269999980926514,0.984000027179718,3.0000061988830566
1.2389999628067017,0.984000027179718,2.9999969005584717
4.410000324249268,0.9340000152587891,3.0000030994415283
1.3469998836517334,0.9910000562667847,3.000002145767212
1.0720001459121704,0.9940000772476196,3.0000064373016357
1.246999979019165,0.9880000352859497,3.0000011920928955
1.0540000200271606,0.9950000643730164,3.0000059604644775
1.0649999380111694,0.9950000643730164,3.0000057220458984
1.0830000638961792,0.9950000643730164,3.0000054836273193
1.1130000352859497,0.9930000901222229,3.0000057220458984
1.2190001010894775,0.9950000643730164,3.0
1.0819998979568481,0.9940000772476196,3.0000054836273193
2.5990002155303955,0.9679999351501465,3.000002861022949
1.2259999513626099,0.987000048160553,3.00000262260437
1.212999939918518,0.987000048160553,2.9999966621398926
1.3079999685287476,0.9910000562667847,2.9999961853027344
1.4550000429153442,0.9839999675750732,3.0000011920928955
1.069000005722046,0.9930000901222229,3.0000052452087402
1.4930000305175781,0.9900000691413879,2.9999983310699463
1.468999981880188,0.9850000739097595,2.999997138977051
2.949000120162964,0.9649999737739563,2.9999940395355225
1.562000036239624,0.9859999418258667,2.999990940093994
1.9160001277923584,0.9809999465942383,2.999999761581421
2.4670000076293945,0.9709999561309814,2.9999990463256836
1.1790001392364502,0.9900001287460327,3.0000054836273193
1.2269999980926514,0.9900001287460327,3.0000011920928955
1.9540001153945923,0.965999960899353,2.9999985694885254
1.9819999933242798,0.9729999303817749,2.9999911785125732
1.1899999380111694,0.9890000224113464,2.9999969005584717
2.0169999599456787,0.9760000109672546,2.999995231628418
1.1970001459121704,0.9900000095367432,3.0000011920928955
1.2059998512268066,0.9890000820159912,2.9999969005584717
3.8549997806549072,0.9420000314712524,3.0000016689300537
1.159999966621399,0.9900001287460327,3.0000054836273193
1.1330000162124634,0.9930000901222229,3.000004529953003
1.1839998960494995,0.9920001029968262,2.999988317489624
1.218999981880188,0.9829999804496765,3.0000011920928955
1.0930001735687256,0.9950000643730164,3.0000061988830566
1.0590001344680786,0.9930000305175781,3.0000061988830566
1.934999942779541,0.968999981880188,3.0000030994415283
1.2280000448226929,0.9869999885559082,3.0000054836273193
1.3199999332427979,0.9860000610351562,2.9999966621398926
1.3130000829696655,0.987000048160553,3.0000040531158447
1.1659998893737793,0.9920000433921814,3.0000052452087402
1.0779999494552612,0.9940000772476196,3.0000059604644775
1.3090001344680786,0.9880000352859497,3.000004529953003
1.0239999294281006,0.9950000643730164,3.000004768371582
1.3020000457763672,0.9850000143051147,3.0000009536743164
1.6759999990463257,0.9850000143051147,2.9999969005584717
1.2730001211166382,0.987000048160553,2.9999969005584717
1.2459999322891235,0.9930000901222229,3.0000040531158447
1.2949999570846558,0.9839999675750732,3.0000057220458984
1.156000018119812,0.9940000772476196,2.999997138977051
1.0989999771118164,0.9940000772476196,3.0000059604644775
1.878999948501587,0.9850000143051147,2.9999966621398926
1.3230000734329224,0.9900000095367432,2.9999969005584717
1.0839998722076416,0.9950000643730164,3.0000061988830566
1.0500000715255737,0.9950000643730164,3.0000052452087402
1.1890000104904175,0.9950000643730164,2.999990701675415
1.2090001106262207,0.9869999885559082,3.0000059604644775
1.2319999933242798,0.9860000610351562,3.0000009536743164
1.1699999570846558,0.9930000305175781,3.00000262260437
1.2319999933242798,0.9930000901222229,2.999988317489624
1.6419999599456787,0.984000027179718,2.9999990463256836
1.1309999227523804,0.9880000352859497,2.999997138977051
1.0800000429153442,0.9940000772476196,2.9999964237213135
1.2100001573562622,0.9930000305175781,2.9999964237213135
1.3250001668930054,0.9900001287460327,2.999992847442627
1.16100013256073,0.9950000643730164,3.000005006790161
1.1340000629425049,0.9930000901222229,3.0000059604644775
1.1949999332427979,0.9950000643730164,2.999995470046997
1.2910000085830688,0.9839999675750732,3.0000014305114746
1.9400001764297485,0.9750000238418579,2.999990940093994
1.0839999914169312,0.9950000643730164,3.0000061988830566
1.3219999074935913,0.9900000095367432,3.0000011920928955
1.165000081062317,0.9950000643730164,3.0000038146972656
1.0729999542236328,0.9950000643730164,3.0000059604644775
1.1430000066757202,0.9910000562667847,3.0000061988830566
1.1369999647140503,0.9920000433921814,3.000006675720215
1.0860000848770142,0.9950000643730164,3.0000059604644775
1.0279998779296875,0.9950000643730164,3.0000052452087402
1.2919999361038208,0.9900000691413879,2.9999969005584717
1.218999981880188,0.9910001158714294,2.999992847442627
1.0929999351501465,0.9950000643730164,3.0000054836273193
1.1290000677108765,0.9920000433921814,3.0000061988830566
1.1629999876022339,0.9880000352859497,3.0000057220458984
1.0449999570846558,0.9950000643730164,3.0000057220458984
1.193000078201294,0.9839999675750732,3.0000054836273193
1.1920000314712524,0.9869999885559082,3.0000057220458984
1.277000069618225,0.9829999208450317,2.999997138977051
1.4779999256134033,0.9779999852180481,2.9999923706054688
1.1239999532699585,0.9900001287460327,3.0000054836273193
1.4589999914169312,0.9799999594688416,2.999992609024048
3.7200002670288086,0.9740000367164612,2.9999966621398926
1.5670000314712524,0.9750000238418579,3.0000038146972656
1.1269999742507935,0.9910001158714294,3.0000052452087402
1.2319999933242798,0.9890000224113464,3.0000016689300537
1.246000051498413,0.9930000901222229,3.000002145767212
1.065000057220459,0.9940000772476196,2.999997138977051
1.2110002040863037,0.9900000095367432,3.0000011920928955
1.187999963760376,0.9880000352859497,2.9999990463256836
1.1039999723434448,0.9920001029968262,3.0000061988830566
1.125999927520752,0.9930000901222229,3.0000059604644775
1.159999966621399,0.9890000820159912,3.0000035762786865
1.4730000495910645,0.9839999079704285,2.999997615814209
1.5030001401901245,0.9839999079704285,2.9999969005584717
1.0830000638961792,0.9950000643730164,3.0000054836273193
1.2689999341964722,0.9900000691413879,2.9999992847442627
1.2530001401901245,0.9840000867843628,2.999995708465576
1.4660000801086426,0.9810000658035278,2.999999761581421
1.0940001010894775,0.9920001029968262,3.000005006790161
1.684000015258789,0.9709999561309814,2.9999947547912598
1.3499999046325684,0.9850000143051147,3.0000052452087402
1.3490002155303955,0.9940000772476196,2.999995231628418
2.1510000228881836,0.9839999079704285,2.9999966621398926
2.1470000743865967,0.981999933719635,2.9999935626983643
1.1309999227523804,0.9950000643730164,2.9999969005584717
1.1359999179840088,0.9920001029968262,3.0000011920928955
1.5460001230239868,0.984000027179718,2.9999969005584717
1.6320000886917114,0.9860000014305115,2.9999938011169434
2.2800002098083496,0.9700000286102295,2.999990940093994
1.196000099182129,0.9869999885559082,3.0000011920928955
1.1880000829696655,0.987000048160553,3.0000059604644775
1.5130000114440918,0.9760000109672546,3.0000057220458984
1.2580000162124634,0.9910000562667847,2.999992847442627
1.2920000553131104,0.9829999804496765,3.0000014305114746
1.315999984741211,0.9849998950958252,3.0000014305114746
1.3320000171661377,0.9849998950958252,3.0000011920928955
1.1640000343322754,0.9950000643730164,3.0000011920928955
1.3480000495910645,0.9900000095367432,2.9999966621398926
1.3960000276565552,0.9930000901222229,2.999998092651367
1.3769999742507935,0.9820000529289246,3.00000262260437
1.4300000667572021,0.9859999418258667,3.000004529953003
1.2990001440048218,0.987000048160553,3.0000057220458984
1.065000057220459,0.9930000901222229,3.0000054836273193
1.491999864578247,0.9819999933242798,2.9999959468841553
1.1009998321533203,0.9930000901222229,3.0000057220458984
1.1320000886917114,0.9900000691413879,3.0000061988830566
1.2290000915527344,0.9910001158714294,3.0000054836273193
1.1059999465942383,0.9950000643730164,3.0000052452087402
1.3040000200271606,0.9950000643730164,2.999988317489624
1.3309998512268066,0.987000048160553,3.0000059604644775
1.128999948501587,0.9920000433921814,3.0000054836273193
1.0969998836517334,0.9930000901222229,3.0000057220458984
1.1309999227523804,0.9940000772476196,3.0000052452087402
1.2100000381469727,0.9860000014305115,3.0000011920928955
1.2080000638961792,0.9850000143051147,3.0000057220458984
1.3360000848770142,0.981999933719635,3.0000016689300537
1.4890000820159912,0.9790000319480896,2.9999992847442627
1.2349998950958252,0.9850000143051147,2.9999966621398926
1.1770000457763672,0.9880000948905945,2.99999737739563
1.128999948501587,0.9880000352859497,3.0000054836273193
1.402999997138977,0.9789999723434448,2.999999761581421
1.5040000677108765,0.9809999465942383,3.000004529953003
1.354000210762024,0.9799999594688416,3.0000011920928955
1.3170000314712524,0.9900000691413879,2.999992609024048
1.3000001907348633,0.9829999804496765,2.999992609024048
1.0960001945495605,0.9930000305175781,3.0000059604644775
1.068000078201294,0.9950000643730164,3.0000057220458984
1.1399999856948853,0.9940000772476196,2.999997615814209
1.1290000677108765,0.9930000901222229,3.0000057220458984
1.1430001258850098,0.9920001029968262,3.0000059604644775
1.38100004196167,0.9819999933242798,2.999999523162842
1.2630000114440918,0.9890000224113464,3.0000038146972656
1.2139999866485596,0.9829999804496765,3.0000061988830566
1.2720000743865967,0.9799999594688416,3.0000064373016357
1.0800000429153442,0.9950000643730164,3.0000061988830566
1.4320000410079956,0.9900000691413879,2.9999983310699463
1.065000057220459,0.9950000643730164,3.0000054836273193
1.0460000038146973,0.9920001029968262,3.0000054836273193
1.1430000066757202,0.9890000224113464,3.0000007152557373
1.1959999799728394,0.9880000352859497,3.0000009536743164
1.6729999780654907,0.9829999804496765,3.00000262260437
1.0790001153945923,0.9909999966621399,3.0000057220458984
1.1559998989105225,0.9920001029968262,3.0000057220458984
1.1800000667572021,0.9860000014305115,3.0000059604644775
1.4510000944137573,0.9830000400543213,3.0000009536743164
1.1700000762939453,0.9930000305175781,3.0000011920928955
1.880000114440918,0.9749999642372131,2.999999761581421
1.1110000610351562,0.9930000901222229,3.0000054836273193
1.5540000200271606,0.9790000319480896,2.999988079071045
1.1340000629425049,0.9940000772476196,3.000001907348633
1.1239999532699585,0.9950000643730164,2.9999969005584717
1.5130000114440918,0.9779999256134033,3.000004291534424
1.0880000591278076,0.9920001029968262,3.0000052452087402
1.5410001277923584,0.9859999418258667,3.0000038146972656
1.6540000438690186,0.9849998950958252,3.000004529953003
1.8260000944137573,0.9859999418258667,3.000000238418579
1.1840001344680786,0.984000027179718,3.0000059604644775
1.40500009059906,0.9799999594688416,3.00000262260437
1.378999948501587,0.9769999980926514,3.0000052452087402
1.0829999446868896,0.9910000562667847,3.0000057220458984
1.2649999856948853,0.9940000772476196,2.9999876022338867
1.1430001258850098,0.9920000433921814,3.0000061988830566
1.0589998960494995,0.9940000772476196,3.000005006790161
1.0469999313354492,0.9950000643730164,3.0000057220458984
2.690000057220459,0.972000002861023,2.999994993209839
2.2140002250671387,0.9849998950958252,3.0000011920928955
1.1030000448226929,0.9930000901222229,2.9999964237213135
1.3020000457763672,0.9839999675750732,3.0000054836273193
1.0950000286102295,0.9900001287460327,3.0000057220458984
1.149999976158142,0.9910000562667847,3.0000057220458984
1.4800000190734863,0.9709999561309814,3.0000059604644775
1.1290000677108765,0.9910000562667847,3.0000057220458984
1.2360000610351562,0.9910000562667847,2.999992609024048
1.3239998817443848,0.9829999804496765,2.999988079071045
1.3260000944137573,0.9930000901222229,2.9999964237213135
1.1710001230239868,0.9900000691413879,3.0000059604644775
1.1440000534057617,0.9920000433921814,3.0000057220458984
1.1070001125335693,0.9910001158714294,3.0000057220458984
1.277999997138977,0.9869999885559082,2.9999969005584717
1.4169999361038208,0.9799999594688416,2.9999923706054688
1.1720001697540283,0.9890000224113464,3.0000052452087402
1.165000081062317,0.9870001077651978,3.0000059604644775
1.1230000257492065,0.9930000901222229,3.0000057220458984
1.1180000305175781,0.9900000095367432,3.0000054836273193
1.1530001163482666,0.9860000014305115,3.000001907348633
1.1480001211166382,0.9900000691413879,3.0000009536743164
1.0870000123977661,0.9950000643730164,3.0000057220458984
1.2280000448226929,0.9860000610351562,3.0000054836273193
1.2559999227523804,0.9859999418258667,3.0000054836273193
1.4950000047683716,0.9879999756813049,2.999997138977051
1.2989999055862427,0.9880000352859497,2.9999985694885254
2.0410001277923584,0.9819999933242798,3.000000238418579
1.0640000104904175,0.9930000901222229,3.0000052452087402
1.0759999752044678,0.9890000820159912,3.0000059604644775
1.190999984741211,0.9839999079704285,3.0000014305114746
1.4119999408721924,0.9869999885559082,3.000002861022949
1.3919999599456787,0.9910001158714294,2.9999985694885254
1.3129998445510864,0.9920001029968262,2.9999938011169434
1.0720000267028809,0.9920001029968262,3.0000054836273193
1.068000078201294,0.9930000305175781,3.0000057220458984
1.0419999361038208,0.9940000772476196,3.000005006790161
1.1530001163482666,0.9860000014305115,3.000004768371582
1.443000078201294,0.9800000190734863,3.0000011920928955
1.0729999542236328,0.9880000352859497,3.000005006790161
1.1610000133514404,0.9890000224113464,3.0000061988830566
1.0770000219345093,0.9909999966621399,3.0000054836273193
1.1030000448226929,0.9910000562667847,3.0000057220458984
1.4140000343322754,0.9739999771118164,3.0000007152557373
1.0980000495910645,0.9920001029968262,3.0000059604644775
1.1910001039505005,0.9860000014305115,2.9999969005584717
1.2650001049041748,0.9880000948905945,3.0000014305114746
1.340000033378601,0.9850000739097595,2.9999959468841553
1.1720000505447388,0.9900001287460327,2.9999964237213135
1.153999924659729,0.9839999675750732,3.000005006790161
1.0679998397827148,0.9940000772476196,3.0000061988830566
1.128000020980835,0.9870001077651978,3.000005006790161
1.0869998931884766,0.9910000562667847,3.0000054836273193
1.2200000286102295,0.9950000643730164,2.9999992847442627
1.4920001029968262,0.9860000014305115,2.9999990463256836
1.2769999504089355,0.9840000867843628,2.9999983310699463
1.218000054359436,0.9910001158714294,2.999992847442627
1.0759999752044678,0.9940000772476196,3.0000059604644775
1.0970001220703125,0.9930000901222229,3.0000059604644775
1.0820000171661377,0.9950000643730164,3.000002861022949
1.2090001106262207,0.9880000352859497,3.0000059604644775
1.2530001401901245,0.9920000433921814,3.000000238418579
1.3690000772476196,0.9810000061988831,3.0000061988830566
1.1610000133514404,0.9900000095367432,3.0000061988830566
1.9479999542236328,0.968999981880188,2.999999761581421
1.1170001029968262,0.9920000433921814,3.0000059604644775
1.0390000343322754,0.9950000643730164,3.0000061988830566
1.1190000772476196,0.9940000772476196,3.0000061988830566
1.0839999914169312,0.9930000305175781,3.0000059604644775
1.3839999437332153,0.9829999804496765,3.000002384185791
2.1630001068115234,0.9679999947547913,2.9999985694885254
1.3329999446868896,0.9930000901222229,3.0000040531158447
1.1749999523162842,0.9930000901222229,3.0000035762786865
1.1470000743865967,0.9920001029968262,3.0000061988830566
1.5140000581741333,0.9789999723434448,2.9999988079071045
1.1700000762939453,0.9869999885559082,3.0000059604644775
1.1059999465942383,0.9950000643730164,2.999997138977051
1.0789998769760132,0.9950000643730164,3.0000057220458984
1.5080000162124634,0.9739999771118164,3.0000054836273193
1.121999979019165,0.9909999966621399,3.0000054836273193
1.1750000715255737,0.9900000691413879,3.0000011920928955
1.2419999837875366,0.9860000014305115,3.0000061988830566
1.4170000553131104,0.984000027179718,2.999999761581421
1.3280000686645508,0.9800000786781311,2.999997138977051
1.504000186920166,0.9759999513626099,3.0000057220458984
1.0730000734329224,0.9940000772476196,3.0000054836273193
1.159000039100647,0.9890000224113464,3.0000007152557373
1.069000005722046,0.9910001158714294,3.0000052452087402
1.1029999256134033,0.9930000901222229,3.0000014305114746
1.4169999361038208,0.9869999289512634,2.9999945163726807
1.8450000286102295,0.966999888420105,2.9999964237213135
1.4930000305175781,0.9799999594688416,2.999999523162842
1.3230000734329224,0.9789999723434448,2.9999969005584717
1.2120000123977661,0.9940000772476196,3.00000262260437
1.184000015258789,0.9900000691413879,3.0000057220458984
1.2360000610351562,0.9860000610351562,2.999997138977051
1.1299998760223389,0.9920001029968262,3.0000052452087402
1.2000000476837158,0.9859999418258667,3.0000059604644775
1.2439998388290405,0.9890000224113464,2.9999983310699463
1.372999906539917,0.9800000190734863,3.0000030994415283
1.2929999828338623,0.9880000352859497,3.0000054836273193
1.316999912261963,0.9850000143051147,2.999992609024048
1.352000117301941,0.9829999208450317,3.0000011920928955
1.5170000791549683,0.9780000448226929,2.9999992847442627
1.2300001382827759,0.9869999885559082,2.999992609024048
1.2380000352859497,0.9900000095367432,3.0000059604644775
1.3630000352859497,0.9860000014305115,2.9999942779541016
1.0440001487731934,0.9950000643730164,3.0000057220458984
1.3529999256134033,0.9799999594688416,2.999988079071045
1.1120001077651978,0.9900000691413879,3.0000059604644775
1.0789999961853027,0.9940000772476196,3.000001907348633
1.3650000095367432,0.9880000352859497,2.9999969005584717
1.2320001125335693,0.9910000562667847,2.999988317489624
1.1079999208450317,0.9920001029968262,3.0000054836273193
1.2009999752044678,0.9880000352859497,3.0000054836273193
1.0839999914169312,0.9900000691413879,3.0000007152557373
1.1180000305175781,0.9930000901222229,3.0000064373016357
1.1600000858306885,0.9920001029968262,3.0000059604644775
1.2120001316070557,0.9880000352859497,3.000005006790161
1.1160000562667847,0.9930000901222229,3.0000052452087402
1.3049999475479126,0.9890000820159912,3.000004529953003
1.0680001974105835,0.9950000643730164,3.0000011920928955
1.093999981880188,0.9950000643730164,3.0000057220458984
1.1220000982284546,0.9930000901222229,3.0000059604644775
1.2689999341964722,0.9849998950958252,3.0000059604644775
1.065000057220459,0.9940000772476196,3.0000059604644775
1.2320001125335693,0.9940000772476196,2.999987840652466
1.1480001211166382,0.9940000772476196,3.0000014305114746
1.2160000801086426,0.9850000143051147,3.0000057220458984
1.0549999475479126,0.9950000643730164,3.0000054836273193
1.1050000190734863,0.9940000772476196,2.9999992847442627
1.124000072479248,0.9940000772476196,2.9999966621398926
1.0740000009536743,0.9950000643730164,3.0000061988830566
1.063999891281128,0.9930000305175781,3.000004529953003
1.4539999961853027,0.9900000691413879,3.0000040531158447
1.2600001096725464,0.9950000643730164,2.999995470046997
1.090999960899353,0.9920000433921814,3.0000059604644775
1.156000018119812,0.9880000352859497,3.0000061988830566
1.2769999504089355,0.9880000352859497,2.999999761581421
1.5189999341964722,0.9820000529289246,2.999998092651367
1.1679998636245728,0.9869999885559082,3.000001907348633
1.0860000848770142,0.9930000901222229,3.0000057220458984
1.2890000343322754,0.9890000224113464,2.999990940093994
1.3149999380111694,0.9860000014305115,3.0000014305114746
1.2599999904632568,0.9880000352859497,3.0000057220458984
1.0640000104904175,0.9950000643730164,3.0000054836273193
1.0950000286102295,0.9930000901222229,2.99999737739563
1.0359998941421509,0.9950000643730164,3.000005006790161
1.3589999675750732,0.9759999513626099,2.9999923706054688
1.0500000715255737,0.9940000772476196,3.0000057220458984
1.0859999656677246,0.9880000352859497,3.000004768371582
1.0730000734329224,0.9880000352859497,3.0000052452087402
1.066999912261963,0.9900000095367432,3.0000061988830566
1.0789999961853027,0.9950000643730164,3.0000059604644775
1.0779999494552612,0.9930000305175781,2.9999969005584717
1.591999888420105,0.9820000529289246,2.999995470046997
1.0590001344680786,0.9950000643730164,3.0000061988830566
1.0479999780654907,0.9950000643730164,3.0000052452087402
1.724000096321106,0.9780000448226929,2.9999940395355225
1.277000069618225,0.9900001287460327,2.999999523162842
1.2569999694824219,0.9900001287460327,3.0000040531158447
1.2680000066757202,0.9830000400543213,3.0000064373016357
1.100000023841858,0.9890000820159912,3.0000057220458984
1.0609999895095825,0.9920001029968262,3.0000052452087402
1.128000020980835,0.9910000562667847,3.0000014305114746
1.2120001316070557,0.9839999675750732,3.0000057220458984
1.2580000162124634,0.9910001158714294,3.0000035762786865
1.0470000505447388,0.9950000643730164,3.000005006790161
1.215999960899353,0.9880000352859497,2.9999966621398926
1.0839998722076416,0.9940000772476196,3.000002145767212
1.4970000982284546,0.9869999885559082,3.0000009536743164
1.1139999628067017,0.9890000224113464,3.0000054836273193
1.1130000352859497,0.9850000143051147,3.0000059604644775
1.0709999799728394,0.9920001029968262,3.000004768371582
1.1230000257492065,0.9950000643730164,2.999997138977051
1.281000018119812,0.9890000224113464,2.9999938011169434
1.1059999465942383,0.9880000352859497,2.9999961853027344
1.0839998722076416,0.9940000772476196,3.0000054836273193
1.7699999809265137,0.9829999804496765,3.000002861022949
1.403999924659729,0.9819999933242798,3.0000009536743164
1.192000150680542,0.9880000352859497,2.9999969005584717
1.0940001010894775,0.9890000224113464,3.0000057220458984
1.1299999952316284,0.9890000224113464,3.0000057220458984
1.2540000677108765,0.9799999594688416,3.0000016689300537
1.152999997138977,0.9890000224113464,3.000001907348633
1.0649999380111694,0.9950000643730164,3.0000061988830566
1.034999966621399,0.9930000901222229,3.0000052452087402
1.0850000381469727,0.9920001029968262,3.0000061988830566
1.1690000295639038,0.9910001158714294,2.99999737739563
1.1489999294281006,0.9900000691413879,2.999988555908203
1.125,0.9880000948905945,3.000001907348633
1.1130000352859497,0.9869999289512634,3.0000054836273193
1.2269999980926514,0.9950000643730164,3.000002384185791
1.1129999160766602,0.9930000305175781,3.0000052452087402
1.1169999837875366,0.9950000643730164,3.0000057220458984
1.087999939918518,0.9940000772476196,2.9999961853027344
1.0320000648498535,0.9950000643730164,3.000005006790161
1.1129999160766602,0.9920001029968262,3.000005006790161
1.1160000562667847,0.98499995470047,3.0000054836273193
1.062000036239624,0.9920001029968262,3.0000011920928955
1.0339999198913574,0.9950000643730164,3.000005006790161
1.0989999771118164,0.9940000772476196,3.0000057220458984
1.152999997138977,0.9879999756813049,3.0000054836273193
1.13100004196167,0.9950000643730164,2.9999969005584717
1.133000135421753,0.9890000224113464,3.0000054836273193
1.1469999551773071,0.9920001029968262,2.999997138977051
1.0520001649856567,0.9950000643730164,3.0000052452087402
1.2910000085830688,0.9849998950958252,2.9999969005584717
1.0689998865127563,0.9950000643730164,3.0000057220458984
1.0409998893737793,0.9930000901222229,3.0000054836273193
1.1839998960494995,0.9900001287460327,3.0000057220458984
1.1069999933242798,0.9920000433921814,3.0000054836273193
1.194000005722046,0.9950000643730164,2.999997854232788
1.1109999418258667,0.9890000820159912,2.99999737739563
1.1039999723434448,0.9930000901222229,2.999997138977051
1.0479999780654907,0.9940000772476196,3.0000054836273193
1.0709999799728394,0.9900000691413879,3.0000052452087402
1.178999900817871,0.9900001287460327,3.0000016689300537
1.4020001888275146,0.9819999933242798,2.999997615814209
1.0540000200271606,0.9950000643730164,3.0000052452087402
1.1419998407363892,0.9900000095367432,2.999995470046997
1.1820000410079956,0.9910001158714294,3.0000009536743164
1.1069998741149902,0.9890000224113464,3.0000059604644775
1.1370000839233398,0.9900000691413879,2.99999737739563
1.1290000677108765,0.9890000820159912,2.999997138977051
1.225000023841858,0.9840000867843628,2.9999964237213135
1.2919999361038208,0.9880000352859497,2.9999983310699463
1.1480000019073486,0.9850000739097595,3.000005006790161
1.0770000219345093,0.9890000224113464,3.0000052452087402
1.0859999656677246,0.9920001029968262,3.0000061988830566
1.1480000019073486,0.9869999885559082,3.000005006790161
1.1979999542236328,0.9900000691413879,3.0000059604644775
1.0600000619888306,0.9930000901222229,3.0000064373016357
1.1299999952316284,0.9920000433921814,2.9999964237213135
1.1060000658035278,0.9950000643730164,3.0000040531158447
1.0869998931884766,0.9950000643730164,3.0000014305114746
1.0740000009536743,0.9930000901222229,3.0000054836273193
1.0870000123977661,0.9900000691413879,3.0000057220458984
1.0470000505447388,0.9940000772476196,3.000004768371582
1.1080000400543213,0.9930000901222229,2.999997138977051
1.0870000123977661,0.9920001029968262,3.0000059604644775
1.2089999914169312,0.9879999756813049,2.9999923706054688
1.2239999771118164,0.9850000739097595,3.000001907348633
1.102000117301941,0.9900000691413879,2.9999966621398926
1.0509999990463257,0.9950000643730164,3.0000057220458984
1.1470000743865967,0.987000048160553,2.999997138977051
1.093999981880188,0.9940000772476196,3.0000014305114746
1.1159999370574951,0.9890000820159912,3.0000054836273193
1.253000020980835,0.9890000820159912,3.0000035762786865
1.0540000200271606,0.9950000643730164,3.000004529953003
1.0799999237060547,0.9889999628067017,3.000005006790161
1.122999906539917,0.9880000352859497,3.0000057220458984
1.1389999389648438,0.9879999756813049,3.0000057220458984
1.0889999866485596,0.9910000562667847,3.0000054836273193
1.0760000944137573,0.9910001158714294,3.0000057220458984
1.057999849319458,0.9930000901222229,3.0000057220458984
1.0779998302459717,0.9920000433921814,3.0000064373016357
1.1030000448226929,0.9940000772476196,3.0000057220458984
1.0440000295639038,0.9940000772476196,3.0000054836273193
1.0559998750686646,0.9930000901222229,3.000004768371582
1.1750000715255737,0.9880000352859497,3.0000059604644775
1.0419999361038208,0.9940000772476196,3.000005006790161
1.1460000276565552,0.9900001287460327,2.9999966621398926
1.1420000791549683,0.987000048160553,2.9999964237213135
1.0789999961853027,0.9920000433921814,3.000005006790161
1.0739998817443848,0.9930000901222229,3.0000014305114746
1.1090000867843628,0.9900000691413879,3.0000057220458984
1.084999918937683,0.9950000643730164,2.999999523162842
1.1019999980926514,0.9910000562667847,3.0000054836273193
1.066999912261963,0.9940000772476196,3.0000054836273193
1.053999900817871,0.9950000643730164,3.0000054836273193
1.0699999332427979,0.9890000820159912,3.000005006790161
1.0929999351501465,0.9900001287460327,3.0000052452087402
1.0550000667572021,0.9950000643730164,3.0000057220458984
1.0730000734329224,0.9900001287460327,3.000004768371582
1.0740000009536743,0.9880000352859497,3.0000052452087402
1.128999948501587,0.9880000352859497,3.000005006790161
1.062999963760376,0.9950000643730164,3.000005006790161
1.1179999113082886,0.9930000901222229,3.0000057220458984
1.090999960899353,0.9880000352859497,3.0000057220458984
1.0360000133514404,0.9930000901222229,3.0000052452087402
1.0269999504089355,0.9940000772476196,3.0000052452087402
1.0759999752044678,0.9930000901222229,3.0000057220458984
1.0480000972747803,0.9950000643730164,3.0000054836273193
1.1409999132156372,0.9950000643730164,2.99999737739563
1.027999997138977,0.9950000643730164,3.0000059604644775
1.0260001420974731,0.9950000643730164,3.000004768371582
1.0989999771118164,0.9869999885559082,3.0000057220458984
1.0239999294281006,0.9940000772476196,3.000005006790161
1.055999994277954,0.9910001158714294,3.000004529953003
1.033000111579895,0.9909999966621399,3.000004529953003
