1.0430306196212769,0.9450000524520874,1.1440645456314087
1.0270800590515137,0.9700000286102295,1.0796895027160645
1.024999976158142,0.9750000238418579,1.155314564704895
1.0363308191299438,0.9550000429153442,1.0759395360946655
1.024999976158142,0.9750000238418579,1.0328145027160645
1.024999976158142,0.9750000238418579,1.0475021600723267
1.024999976158142,0.9750000238418579,1.032970666885376
1.0375635623931885,0.9550000429153442,1.2301582098007202
1.041567325592041,0.9350000619888306,1.742814540863037
1.024999976158142,0.9750000238418579,1.0723457336425781
1.0406477451324463,0.9500000476837158,1.6039081811904907
1.0424572229385376,0.9500000476837158,1.6300019025802612
1.0337507724761963,0.9500000476837158,1.3806270360946655
1.024999976158142,0.9750000238418579,1.048595666885376
1.024999976158142,0.9750000238418579,1.047189474105835
1.0422639846801758,0.9500000476837158,1.2251582145690918
1.024999976158142,0.9750000238418579,1.0243769884109497
1.024999976158142,0.9750000238418579,1.0389082431793213
1.024999976158142,0.9750000238418579,1.0584393739700317
1.024999976158142,0.9750000238418579,1.0401581525802612
1.024999976158142,0.9750000238418579,1.0353143215179443
1.0271220207214355,0.9700000286102295,1.1200019121170044
1.024999976158142,0.9750000238418579,1.0232832431793213
1.024999976158142,0.9750000238418579,1.0454707145690918
1.0354321002960205,0.9550000429153442,1.1653144359588623
1.024999976158142,0.9750000238418579,1.0254708528518677
1.0409085750579834,0.9500000476837158,1.0851582288742065
1.024999976158142,0.9750000238418579,1.030158281326294
1.024999976158142,0.9750000238418579,1.0275019407272339
1.0363308191299438,0.9550000429153442,1.0712519884109497
1.0199999809265137,0.9800000190734863,1.0445332527160645
1.024999976158142,0.9750000238418579,1.0153144598007202
