436
20
186
473
350
303
349
498
305
197
460
281
67
231
81
300
279
213
271
185
287
477
389
49
326
22
254
487
30
302
286
181
314
437
206
71
420
464
270
134
355
80
267
28
110
278
111
388
160
209
450
50
116
259
469
3
409
360
381
465
331
461
282
372
191
426
280
265
152
195
336
222
9
119
194
200
377
384
481
416
172
85
241
180
478
58
485
154
150
118
276
290
139
390
247
46
88
463
264
273
368
261
108
182
313
262
57
343
312
228
397
94
18
113
297
101
112
467
6
42
458
223
238
342
258
162
167
257
245
347
288
369
396
301
376
496
124
225
99
475
96
66
106
362
240
339
455
315
117
157
462
165
93
410
105
323
480
457
21
175
37
292
495
73
14
90
367
15
427
449
393
486
289
295
184
48
45
414
70
252
97
63
32
492
169
269
316
216
177
421
490
61
356
170
438
168
26
227
192
380
52
89
146
361
198
482
266
120
479
208
251
333
275
75
418
179
285
100
189
309
27
215
43
497
129
452
158
199
250
153
211
178
91
328
470
205
422
407
244
33
202
318
212
359
132
419
386
236
308
321
293
348
193
468
196
405
133
103
317
488
344
235
371
439
140
127
78
413
430
434
163
435
234
382
107
311
364
34
87
95
370
256
401
135
130
304
138
29
373
19
237
233
145
230
174
60
68
447
47
424
345
329
64
385
210
147
255
249
53
155
341
446
65
144
8
411
243
13
190
466
35
115
59
319
220
217
491
5
141
239
325
322
102
444
398
320
334
24
291
55
131
453
366
374
31
352
298
79
400
229
151
442
218
340
263
379
403
338
0
357
164
412
143
365
448
173
207
408
204
406
54
260
137
310
268
