1043
766
1041
139
317
1056
416
169
782
632
881
634
931
543
163
619
778
367
1059
200
596
411
1044
718
426
511
187
392
1007
366
809
405
1063
1020
91
158
369
1076
275
806
43
31
304
630
65
129
155
697
1011
456
258
282
179
698
711
836
954
213
612
14
234
720
481
523
216
144
564
693
20
156
728
635
510
834
776
49
395
799
530
613
228
918
196
423
468
443
1006
912
314
327
995
442
769
644
95
134
298
906
838
844
111
310
264
894
23
373
675
183
714
250
709
224
689
888
621
241
863
478
908
849
198
55
819
408
917
565
818
662
633
54
1039
739
117
424
937
671
203
925
377
879
1050
824
516
859
872
955
504
64
272
350
1062
400
218
882
136
436
787
292
205
124
1053
69
112
580
676
682
360
993
245
477
620
796
237
265
1069
936
341
560
153
905
971
146
403
397
816
1075
991
527
996
977
4
483
994
22
529
687
195
1055
976
672
814
981
326
223
789
557
375
542
430
186
938
0
102
491
208
114
706
451
284
509
495
140
110
570
372
915
705
539
70
668
324
775
52
839
123
815
210
404
876
470
496
67
370
446
544
379
488
870
484
673
344
506
690
558
585
80
1018
950
66
707
38
608
984
380
409
469
193
723
628
338
257
342
556
861
783
88
201
1071
988
501
188
472
439
933
651
617
10
572
99
376
794
868
24
960
867
947
180
353
191
335
513
1010
920
318
808
8
308
25
595
399
813
889
202
517
323
670
15
419
786
121
659
1061
986
