10417
2592
8145
7106
1658
4619
9640
3319
9915
8700
7626
3351
5266
2829
2888
9639
1361
2973
10227
3071
6468
5128
9232
10340
6060
1448
5311
1320
7681
2932
8721
10101
3822
943
4702
6179
3520
8849
9252
3390
4327
7702
939
4426
6890
7296
10420
2130
181
1467
1868
4998
8012
3685
6780
5964
8534
1749
6302
1173
4977
10195
2806
4626
3628
2646
4188
9566
8210
4848
4308
8475
7309
4677
9673
4832
7530
9014
8826
8437
4170
3371
8333
4873
9397
7314
5018
525
1372
10114
5155
6583
5950
7600
1686
2122
9596
8633
6668
4865
6658
9101
3911
5419
6440
3696
571
9941
3337
4100
1016
4810
416
1704
4071
6071
8544
8611
5569
4565
4109
564
9546
3261
1272
9620
47
190
4324
4167
5467
1759
1331
7659
2703
4945
3924
5388
9896
3640
1926
5459
5424
8708
3459
8757
5269
4403
10462
7555
8059
9700
8592
8211
9876
5142
6834
587
10107
3826
1051
536
5908
8106
5134
7795
8146
3462
9295
5973
3347
5956
7250
3623
5662
10033
6458
1635
3426
3227
8794
3945
7193
9107
8229
2676
9436
6388
9577
8827
3190
5735
2379
8409
5777
8870
9221
4267
8917
9943
7779
2774
6029
7070
3925
2827
5006
6163
1299
837
1905
9772
9455
6311
3000
4429
5546
2148
9065
7432
1227
5987
7979
3992
8893
963
1334
7745
8364
6976
9564
8599
3270
6865
10501
7396
7683
6642
3871
1673
7915
4295
2908
2415
10132
4834
4578
4079
4871
2635
8714
6075
8958
478
8895
1258
9355
10263
6870
7412
7152
3341
4786
4797
9725
7096
4579
10465
1444
2366
3314
2325
5742
5603
7329
8219
8008
3334
2982
7056
716
6054
8798
5080
4212
3980
9371
5151
4437
7678
1843
4843
4930
3062
10419
10135
9662
7829
6065
2574
7094
10550
2916
1127
5857
8502
8166
1797
7540
4829
2600
9203
7003
8988
3047
1031
10108
6031
2645
2924
5925
4490
686
3406
6686
3522
1021
9601
10567
7695
8628
784
6678
1637
510
1806
1100
2524
5440
7222
2226
7639
10269
3052
3472
10179
725
2252
4467
7892
5163
9768
9875
4050
8647
3961
278
8221
8770
1205
10092
2158
4331
10020
9472
8567
6170
9922
6591
8468
8187
5538
10390
99
2035
2732
2329
5559
5751
10500
8825
3788
631
7248
517
6042
7269
8394
1363
4958
6647
1699
3514
1854
8961
3336
3592
10242
6572
10362
380
6397
8853
9398
699
5625
7598
294
5864
7031
3120
10532
2565
8284
2798
9890
1821
476
9562
3757
10026
7035
2815
2245
42
1049
7280
796
8006
2936
4876
10186
9425
7403
6553
5478
7199
7228
5594
6088
2730
3791
2990
565
9224
3280
8274
808
2556
8942
9424
4165
9389
3820
6194
581
3810
8891
10409
8498
1841
4819
25
8057
87
8541
3717
8725
945
2693
6439
6196
5202
239
5698
9491
3185
8278
8197
10322
9535
797
4272
6172
1540
4568
7953
10554
9712
9399
1764
5273
6048
3042
9854
7689
4540
6315
4160
624
4383
666
7347
8104
1252
7802
6873
10178
3490
2938
3827
4207
366
8581
7287
8074
2513
7487
9269
3919
8869
7959
7145
8286
1663
6049
540
3679
4888
9386
4478
9395
2321
8424
2954
197
1245
5785
9619
5292
2841
2820
8669
9000
3889
2713
1090
10484
7355
4883
412
6191
5095
5125
7545
5306
3553
4643
2566
5135
2588
4711
229
10375
8454
7610
2049
5685
5165
8946
8658
5683
1521
5265
8950
877
251
4343
6131
1756
10383
770
8807
8515
6795
1344
9763
3706
8445
9953
9438
9762
9060
9591
3180
7764
5008
10487
8356
10611
8147
10017
1683
10004
7089
2087
3198
5254
3328
8314
4301
1956
9498
10021
9904
8573
6575
8829
8831
430
9319
4083
6962
104
8732
6268
2749
5659
7692
4174
8670
2356
1076
9489
1695
3923
10117
2340
4362
6185
7444
9859
1550
8967
9811
2149
2650
5062
5545
4735
2081
1230
3438
5261
3688
5660
5118
8556
9613
1703
8160
1681
1125
5927
3464
8976
6773
3277
2581
2705
1481
783
8934
3137
7685
1500
906
1362
6139
1796
2051
1825
8749
4439
4933
7522
2353
2377
2162
2217
7738
8277
400
6146
7150
474
10006
2995
2687
1329
9634
7568
4407
1390
10085
5794
1529
7847
2867
750
4006
9844
4316
4430
5494
5297
4080
6037
7078
5279
7602
2644
667
10057
7190
3256
4217
5027
3099
8088
7343
4464
2003
298
5813
8692
2139
226
2443
4448
7214
8495
4537
3095
9112
6283
5558
88
9197
6556
3394
2297
5475
1963
9306
8283
4054
4408
6728
10627
1763
4987
5058
10062
828
3398
1110
1447
6984
10030
10436
1611
2707
2077
2842
4879
500
3609
7378
4330
2061
9509
2305
9035
1041
5402
5797
6486
9431
5028
1760
7131
2098
6534
9444
5948
8253
2960
9312
8715
240
9350
4634
1618
1894
6636
5488
8846
10622
4365
9858
3840
5156
8529
7985
5881
8351
2470
9217
8121
9795
5669
8551
1487
10072
6505
1680
7492
3708
3132
6846
28
3589
7993
337
8002
8835
4292
5218
3216
9110
5780
9332
4194
7786
5703
5946
9343
5829
6238
2053
7418
10388
8083
1469
9664
3404
1232
3759
2792
6946
7596
5839
1013
836
8871
2307
10275
6144
2969
8279
10243
2702
3068
7869
1153
8258
6267
201
5268
3496
2349
5515
3653
4477
9948
1471
2910
1123
9142
9367
1038
9241
7520
7698
741
6811
3008
6077
8617
3769
7783
1942
6203
10190
3753
8102
9986
5296
6690
4370
8867
8566
7164
3045
8966
6000
5784
1130
10537
9091
1751
5675
3415
8654
6916
8492
4014
8620
1654
7037
8416
6269
3993
5014
9583
9215
4416
5247
9441
10581
5807
3629
5900
5337
7446
5504
6926
8568
7284
6351
10414
8347
8673
9707
1168
3218
2233
10213
673
1203
9012
2096
5205
10160
829
4696
5078
1861
10054
2179
7425
6335
10221
2533
1596
4359
2410
9028
8718
7217
4164
1028
3579
3131
6132
7358
113
2486
9951
6859
6832
7019
7541
7305
9206
5260
3195
1916
10444
4571
4990
3258
9317
2183
8823
2236
6205
4734
1723
8122
5029
7447
10215
6496
970
8378
6918
3305
7983
1306
4778
10193
7994
6959
2127
2822
6251
7981
2286
3160
4736
4401
9413
3531
5856
7827
2153
1702
4975
5072
2825
722
5577
4950
2589
4069
1368
8488
4802
1994
8740
8110
3873
94
4766
7735
8082
7125
3643
5903
5706
9651
8014
9966
9183
9493
8997
4922
1184
5600
10401
6456
9701
8273
7327
1772
10153
5590
4628
6723
4690
4129
8745
5565
4209
2473
8830
4452
8629
10103
928
6151
3147
1442
6546
9135
7495
7266
2282
10136
10395
964
1146
5534
5484
7042
7207
120
6169
437
3473
9321
82
5244
6595
4222
7682
6368
10347
7867
9190
3368
5482
4706
317
7797
2394
1545
8761
4955
9744
2761
4897
10177
9297
7377
6667
8730
6229
7651
8512
594
6381
2754
9025
2256
5581
9024
9817
7906
959
1640
3044
3787
3331
9188
9148
10519
7391
2469
7870
5653
7422
8408
6092
7933
7449
1571
5263
7255
7751
1394
2691
8929
1690
2526
2438
3703
7104
1072
4043
6615
3965
1657
3975
2881
9478
6313
3632
4045
7782
5799
6713
4366
4344
636
7034
3080
196
3750
1639
6032
3397
5846
7380
3482
227
4920
9459
297
3839
5447
2875
8149
8426
7471
514
9678
8188
2418
9105
6707
7647
8560
3069
7488
490
3935
10037
4911
5870
8293
2092
4718
4545
5901
3125
8358
2771
2186
7755
2576
1282
799
4166
2838
10000
6653
2065
10517
7132
2506
3468
10523
8713
7793
7762
5924
2441
3815
8368
8697
5634
4341
9814
1497
6909
10497
2062
1286
9351
1885
1370
2445
7664
6931
3561
8579
1606
6831
6648
5179
6904
8832
9777
472
5387
7219
2115
6655
5609
5913
6982
6932
5638
4633
10290
6214
9062
3920
7230
7913
2389
4183
5889
9745
6835
272
987
7478
1067
9513
8220
5631
4844
2503
4556
8616
4716
8272
5362
4737
52
2030
4238
8049
5444
3731
3954
2458
4273
7788
6631
6110
7298
9
5176
143
371
5325
8719
9301
817
9316
9677
7997
7233
3687
3133
2227
1217
7627
2008
9580
4925
5679
792
4590
1746
7462
6173
671
6220
1152
8453
1803
2975
10369
3969
5433
1989
6319
1048
6507
4124
884
1204
6827
281
681
2390
1279
9933
275
5524
1570
3884
4239
4854
2993
4584
7660
645
5187
1947
7784
311
6120
5323
1824
1527
5013
9626
3031
5102
5955
10381
2904
3102
1256
5805
1257
5483
3726
1940
5508
7061
4465
2591
2546
6015
3971
7865
1287
3686
10316
4377
9036
9149
690
1097
806
1088
10520
4724
2150
391
5977
9991
69
1975
3832
10582
7740
2570
5720
8499
3534
1844
3057
6965
10513
4205
4835
996
228
6497
3872
3356
1043
1574
1835
3779
10287
8491
2776
6888
10446
9739
4801
1814
3622
10019
7803
832
6253
4824
1019
731
6171
7123
786
1354
5291
3734
3352
9981
9824
4036
9056
6767
347
5792
3145
2886
5210
9569
4650
7815
5588
7315
5531
1572
2579
10173
6734
2492
10370
1349
3217
899
1190
1650
5998
3968
168
1985
8370
4772
5270
9992
1378
7208
3546
781
2413
7792
39
8959
9551
7322
9272
6033
7069
10279
8778
5922
9426
9366
3359
2341
2712
5596
4943
1624
8340
6484
7331
3564
8992
7633
9723
498
9379
2708
4605
7066
8538
8098
5480
5859
8118
4708
7581
8427
5976
3854
10286
1015
2046
2054
4396
1439
3789
2199
6586
4391
8944
1148
1409
3867
10486
5967
233
10333
6702
2499
8257
2466
3723
582
8506
4436
825
4889
9717
10493
1912
2901
4872
9080
8979
8919
2384
1484
1281
6190
7963
6701
862
4527
1071
5715
0
593
4024
10219
5111
858
6186
704
6600
2934
3760
2714
3205
8028
5398
4500
7509
948
9615
8276
316
575
2619
6064
9249
7460
401
8415
2657
9234
6056
4029
4263
7059
1302
7931
7569
1255
2873
3702
2416
10575
10346
9225
9857
4442
9996
9304
8175
3066
7706
6012
7831
7350
7838
5732
9401
8540
568
3229
8679
6851
6406
5237
7501
8928
2164
10109
5552
5375
3619
7170
1296
635
7649
1108
1007
4541
3078
1234
9545
29
872
650
7389
8776
3582
6683
6111
714
9290
7130
1677
3612
7330
8010
9923
1248
43
9567
9998
5714
2095
63
6102
2315
4455
8061
6053
3260
10097
10260
1689
2804
6664
111
6020
10393
9950
5677
5672
9764
8521
1393
8691
9738
8639
1969
4202
1682
8143
1535
4909
7669
5962
10155
7631
5174
2274
8407
6085
3395
6389
8555
4386
1584
2866
4885
7823
2961
1903
3475
10449
9949
1783
3635
4220
6948
9403
8650
10200
6704
4463
3166
5186
6248
9617
7962
938
5968
5275
9348
6323
905
708
1768
10003
5960
6739
604
5617
7772
1121
10389
3224
8828
8850
2326
5471
730
8336
9354
3620
4228
6504
8168
459
4671
1422
687
5773
8485
1403
10429
5055
4051
4249
3163
9344
7716
6405
5035
6103
4428
4281
7242
969
5845
10543
4038
834
4818
8634
248
1236
3126
2259
7090
1020
822
7992
1625
9518
10345
5816
1995
5891
8093
4172
60
6116
10415
10577
8259
4393
6895
8553
5530
9668
182
6884
10098
8164
7263
4986
10064
1778
370
9756
10187
6899
6318
8068
6548
4517
10296
5842
2500
9404
3181
3489
1293
3861
7605
8174
1781
8896
3556
9752
6382
1117
2284
7182
7054
6836
9227
3272
2727
9753
7805
5578
7952
4828
3862
10564
3129
5329
10119
3616
7729
9242
845
1096
3732
3962
1878
3858
3701
8034
5121
2281
2623
1174
3999
1513
4112
7223
2543
8152
7563
283
726
1644
2474
912
9541
4627
4098
6684
350
5710
2401
4303
4691
1812
6043
6055
1241
10607
7357
4286
398
2412
3467
6766
6738
6821
6459
7218
7169
6751
4686
9691
10063
7200
3712
8091
2659
4105
8638
1972
4226
9172
7904
7107
3304
6167
9749
9652
4882
814
2229
876
4018
6198
1114
6297
1240
9760
619
4773
2782
6747
3811
8973
1641
389
9791
1094
1429
1186
6100
6614
757
6587
3193
3570
4387
3140
336
4348
4052
1687
9445
2452
7567
2998
2549
6567
1613
6660
3716
6396
280
6379
9298
6086
2032
4283
396
8073
5281
2949
10075
6035
10086
9581
1101
4867
4118
6416
4095
2903
7736
8117
4309
3284
2478
908
3385
1902
9129
3560
543
10302
1544
3846
894
8459
615
191
3004
9437
288
617
2080
10572
1647
3124
6216
9335
9369
1775
4130
4996
3509
9178
3436
3380
8726
3250
7139
4723
10094
4253
9655
1271
5939
3770
1229
4489
4227
274
6861
5684
1424
1735
7984
4528
4526
7796
10095
2790
7072
4855
10191
2392
9536
896
1670
2738
3127
6802
5848
8385
10538
8451
1990
9383
9470
6745
9747
2972
7201
5654
1730
8970
9742
2633
9007
3860
8295
5938
6431
7128
9908
35
5506
3440
5959
8981
3767
10440
2578
2981
7559
8949
8921
1417
5300
2220
4282
4102
8683
10558
9706
4606
2991
4067
243
6303
6133
9658
4742
1278
2360
6138
1425
7675
5458
7817
9330
2342
8079
4928
3970
1383
2462
3821
9914
10176
2104
5899
4761
7318
4617
9382
3654
4887
4665
3844
5160
10384
9648
7862
7785
8791
10530
5739
6081
1081
4375
7866
5313
4518
3794
562
4895
7710
9500
1617
2298
865
7285
4583
5719
4748
5280
4880
531
4615
8055
732
7929
1181
3418
492
5928
3254
6481
6843
2706
10050
9938
8242
6584
9733
1711
5099
10081
10310
10380
7439
8965
10280
4586
8195
1609
9667
9610
4293
9155
1512
7533
6551
10515
1660
10214
9570
955
3022
9647
3312
2877
5299
1440
321
9624
2898
4438
3232
6530
8614
10594
3094
4126
4585
19
6736
354
7947
4421
1701
7726
8036
2071
6941
3751
7372
5034
2021
462
2481
6568
3303
5728
9837
747
6604
839
892
6052
8438
7768
3748
7918
742
8775
1391
595
10185
2670
6444
5420
2034
1099
9984
8383
4765
8119
6902
1615
9925
6182
9450
574
3268
4638
3070
7229
6970
751
3877
7927
5326
5795
10336
1226
4423
1561
5417
7534
3967
10341
7632
8717
6364
10139
2202
4135
5878
10222
5226
676
2611
4504
3598
8326
10096
8622
8311
10024
1326
9954
1420
6402
7303
3590
3681
6199
1324
8114
1801
626
3532
2704
509
3448
5723
5586
10606
6270
8938
4394
4279
5548
7552
8291
4339
5712
7643
8338
6489
4574
2809
2787
4473
788
6002
1311
1506
4270
3457
3416
7249
5485
606
90
2594
3471
174
8075
4173
9305
4812
9243
7060
4655
974
8270
696
9473
105
2038
7440
8705
5936
8060
4536
4457
3311
9402
4280
2152
5633
2136
1343
3892
9094
10398
10137
9126
2467
5089
10617
5583
8554
4179
7027
1773
9773
6301
9191
5618
2261
6263
151
6699
6093
736
8990
9822
9594
2141
9905
6552
6466
4068
10402
8063
6847
325
850
2974
2048
10127
5930
4769
9928
6652
9965
3118
1176
6792
2540
7324
7871
8859
10563
309
9582
5894
7046
364
2026
1435
5875
33
7900
3153
8619
83
2055
7464
10231
7679
10394
9660
9299
2273
10512
6445
5258
10171
8771
9384
3036
4839
2109
1880
3369
1782
4789
1037
7258
4447
2031
1897
6592
7542
4631
8490
9675
6650
5438
6503
2064
4451
7274
5393
9761
3796
3886
9917
9494
10163
1939
7244
5005
7256
9466
6353
7686
6774
9758
137
9534
3634
9685
7588
7800
8379
9342
3392
6506
1156
9898
1601
3322
8908
2120
7917
6252
9331
6979
7920
6634
6641
7946
5298
2814
3818
9326
7136
3469
3058
2622
9071
8547
3719
6332
3055
3494
4913
8217
6247
9226
1283
4917
8248
2656
844
7701
7344
3010
7662
9072
2224
7864
9843
193
7477
3039
6391
2157
8287
4048
8820
10330
5621
131
8789
2050
493
6045
2812
5426
9166
6187
5408
121
5182
4139
6150
6544
10156
5690
9642
3926
6421
4011
4022
9538
2917
2760
7722
2931
3742
8787
7491
1367
3624
8226
1595
2651
2943
7941
9529
8126
4981
7135
9517
276
9365
1717
10435
8439
10433
10232
524
10238
5428
1884
4288
1
8009
1047
5079
2530
7910
2103
9476
5571
2112
8743
4250
4162
461
2807
9502
6482
2514
2291
2391
1289
2527
3113
7851
2123
7638
7593
1826
3259
6488
7554
5104
2403
776
8680
9940
7282
9432
6625
7759
3007
3028
1046
2833
2752
5030
3262
3613
4900
9185
1582
5441
8433
8649
10267
5278
1270
8712
8811
9878
6275
842
8250
2690
6877
7326
1389
7625
6598
1462
1834
5701
3801
6677
10431
688
5347
6993
4497
5716
4346
1304
2485
9525
4290
8755
2385
2308
2851
9033
1766
1960
7898
8321
8165
4186
2011
3149
9246
34
10060
2170
10527
10115
8800
5713
3271
5395
2919
460
539
3566
7320
8701
7584
8682
7011
6156
724
2425
932
4841
2354
2249
6849
1676
3273
6044
10509
3083
8660
8671
3746
7360
1748
10066
9971
3744
291
8101
4123
826
3157
4749
10332
4294
544
8466
5605
5526
8040
4042
7062
10628
4302
10317
6565
4651
5059
9635
6925
9870
1163
7837
1957
2027
4858
10460
4337
3001
9970
1155
127
2857
5206
6095
5293
9887
1533
6511
7791
4681
4779
1592
7116
9201
5416
715
4782
1549
7704
3573
9462
9165
3804
3931
4474
3913
4243
3946
4593
9254
6290
6632
4851
10128
7873
7801
7897
6860
8046
8435
9801
9929
7012
9587
9357
7767
7642
3581
2383
7196
5783
2328
3499
4125
6818
4322
4800
10278
6154
8662
9323
5907
10464
10288
2187
1737
6378
1977
9645
2661
6122
8434
2800
2505
7972
3793
8487
3986
4215
9558
3223
658
1747
5835
1988
7612
157
4192
10180
949
9253
7086
4637
7426
7227
7194
7510
10048
5622
3951
4459
4020
4595
7392
8991
1330
4498
3246
10489
2039
5120
10154
9670
8508
9078
8457
9041
2971
1872
7672
3038
5
1268
983
6578
6168
10164
7172
3728
426
10321
8203
8191
7198
6046
9373
8505
8678
1470
8999
2175
7353
5560
1405
5542
9390
6571
5831
6717
6090
9832
2681
8905
4456
9063
8621
8462
9479
703
1253
7508
8894
8546
809
6321
6398
7980
2922
5611
6435
5561
1546
2169
7611
760
6469
2689
8656
2911
428
3762
57
10201
734
8108
483
2323
9363
10422
5370
2781
527
9098
10205
4890
5705
9661
3756
5396
4899
10261
10579
3357
728
8105
6161
6262
8593
6755
7502
2784
915
7623
3064
7641
5188
6175
3922
7999
9932
1715
7482
5646
3944
6349
2637
522
5997
9980
2188
107
8526
553
2616
7237
3842
1943
7894
7986
7424
8029
6231
6735
5726
7203
1358
5161
5341
7265
7176
3525
1705
3348
5004
810
9637
9695
2846
1150
2358
1786
284
9260
9064
1576
3644
6622
7025
629
1328
3699
3507
4616
9680
4814
5321
9274
1489
9880
7073
9095
7112
8367
9273
6968
2044
8796
2542
5450
1018
6830
4672
4491
9531
4138
2601
1342
51
3330
323
7205
10529
4678
8346
9799
956
141
6350
5932
7087
4376
6676
2434
3235
5332
6437
5972
3143
2465
1345
9571
3790
3082
762
7925
6602
5119
9532
3916
900
2535
3274
1413
2381
9726
8953
998
7257
9778
