669
450
446
735
376
985
961
726
400
853
227
734
712
802
864
742
500
275
939
683
725
957
169
423
118
371
393
1031
0
764
466
579
622
716
184
596
601
284
912
724
165
187
468
171
783
403
603
480
220
175
574
56
868
123
286
394
1014
796
287
301
337
485
316
870
818
357
338
914
739
386
586
213
992
1042
11
268
208
249
168
217
608
504
98
706
470
406
644
855
216
541
476
598
687
306
75
922
443
1064
177
654
200
157
100
253
1039
385
588
372
792
475
1
510
861
139
984
24
379
114
188
1013
599
628
8
614
160
232
975
330
18
318
884
69
488
1020
431
336
787
748
339
866
221
960
291
229
226
760
878
668
245
803
548
699
895
496
359
404
990
547
776
1038
297
41
473
262
309
121
533
561
817
303
427
781
103
987
146
199
447
138
611
150
89
166
1044
16
759
1001
767
849
955
445
396
163
519
994
257
87
463
125
997
486
609
401
626
477
926
460
292
373
481
181
420
130
918
702
518
127
919
356
514
572
366
211
295
474
26
155
79
219
1021
3
978
1043
956
801
10
90
204
754
743
355
740
747
14
1016
821
721
228
487
947
637
307
459
847
600
210
1017
913
243
405
963
115
321
615
938
428
977
149
641
326
72
564
1004
937
97
927
80
178
74
1000
723
837
120
104
1055
659
766
367
602
580
272
915
93
441
176
351
1030
454
1046
20
111
126
625
462
942
727
810
59
516
544
78
432
991
542
839
624
901
865
711
1061
37
788
40
1056
344
113
347
1054
1051
86
934
950
719
402
50
322
298
826
828
650
320
107
869
565
489
948
591
399
185
932
762
21
965
897
58
553
882
362
179
931
334
694
436
341
281
267
539
812
794
102
22
416
575
63
848
156
704
384
718
589
524
387
170
148
749
328
302
158
967
490
896
77
983
143
247
583
616
497
238
651
791
807
538
23
958
830
750
203
888
84
417
201
924
147
1009
244
260
250
892
709
835
898
241
285
585
540
633
670
522
85
437
505
773
797
528
194
891
811
689
314
129
1002
57
64
105
17
944
860
557
678
273
134
132
834
535
1057
874
741
277
789
730
46
282
881
733
440
798
382
48
108
552
772
666
52
852
844
422
67
854
959
806
30
893
1032
909
921
674
590
346
71
520
429
546
240
198
966
744
862
174
923
430
846
315
696
729
1006
582
1066
377
62
364
1041
620
929
885
397
1005
112
995
478
375
640
720
972
109
1022
581
563
809
700
106
819
237
1015
136
672
778
1070
358
325
