4227
9352
9450
4314
4085
10083
9792
10173
1585
4656
10014
8871
4430
4902
6402
7388
244
5468
2466
5887
120
9507
6086
617
4767
6039
424
1992
8320
4143
8646
4779
387
7629
10017
2675
3624
8852
405
4400
5594
5437
7061
3709
2519
8194
8298
137
1756
988
6508
8306
10621
6270
3315
201
4273
9607
5359
6507
1444
840
885
8433
8107
7207
203
6461
7107
8877
1950
4991
5132
5903
7344
5783
3373
134
7989
8962
1181
7819
796
10042
2909
2769
4175
7573
1413
4537
1454
4343
4212
9653
3819
2338
2691
3420
7749
3281
3427
6204
2401
7364
9783
3440
2682
4291
2459
7323
5069
6061
8689
10454
6259
1424
8568
8217
1149
9147
3072
8428
5886
7795
928
5177
6379
992
5501
4995
4655
3939
2840
3023
8273
9882
3302
7220
8958
9343
10216
2379
189
8430
407
2024
6464
6025
4783
8737
8612
7000
8065
2396
3396
9073
3947
9616
6276
4002
3485
6182
9390
231
1290
459
1060
7669
5723
2949
6090
3481
2515
384
3268
3751
8159
3149
1650
502
4592
7394
8928
9000
1730
5180
3972
8941
3419
590
10227
5351
586
5623
1007
3689
10628
4417
5889
6121
3977
4589
3852
8157
9225
9103
2151
3486
581
8286
1482
10604
7711
5933
10579
5912
7009
5196
3010
7961
3809
3236
6812
9546
7217
5276
10578
8604
1202
6520
3775
4297
1407
920
10601
2080
907
3120
10507
6575
5122
5006
10592
6585
4220
7496
251
2030
8731
5957
5342
2620
270
4854
8026
616
3337
10386
5821
8450
1625
448
5298
10612
6103
5105
886
10384
7513
4502
3945
795
6386
624
2055
9015
6088
2904
8678
5
2446
5663
4445
3893
4251
4992
1835
7692
377
5242
8045
4707
10366
10487
7408
8340
5630
4363
6148
1988
8413
9412
8357
5317
4913
8423
5004
8828
520
10351
9229
2593
7306
4952
2087
9822
425
5397
918
1961
5384
8365
6036
4074
5260
7887
5577
5613
2146
8527
847
9374
3969
6873
8495
9033
9368
8552
773
7597
8936
3418
3986
5717
6776
8405
8064
1234
8260
3093
940
4415
1945
1498
7234
162
10067
3630
634
5579
10027
6631
7666
10302
1955
9053
8305
4754
1611
936
10608
5708
8977
8279
8591
8002
9449
5268
980
1901
10088
4786
741
2665
2746
4077
4163
338
5175
234
8985
7531
8100
10547
4008
8182
7447
9704
7467
1030
3356
5671
8244
5451
10217
7570
6523
8132
8223
4500
1347
50
1047
4271
7065
9166
4447
7713
1813
4587
3536
52
6787
7657
9558
1214
9520
887
4084
1674
3765
3448
2743
7688
2552
100
2727
5095
3103
5647
10556
7771
9600
7149
10098
1743
5457
2074
3557
5967
8016
9037
2298
2323
7104
4366
1494
9515
3052
3540
6823
1154
4708
873
4381
554
3722
4304
5692
10524
2137
1724
6156
1858
4205
7983
8935
3680
6105
8522
7832
1886
1878
8233
3190
9725
5239
5356
4200
2540
7965
4278
2439
4054
9246
3675
7006
8835
1185
3498
9359
5315
3077
8971
2049
5291
5981
2660
4738
5709
8047
8282
7133
2701
1719
3237
3677
6910
7318
5544
915
3910
2192
2232
9129
2278
4713
9483
5741
8742
6586
