811
1050
983
990
141
266
29
207
805
746
297
308
333
358
22
443
191
139
505
159
560
172
336
510
10
332
748
378
232
327
380
1049
856
937
16
143
982
656
39
972
894
1077
1037
50
24
419
43
240
263
1073
611
490
795
678
971
349
539
616
879
254
461
40
578
160
235
780
822
1055
320
679
433
770
775
696
1025
762
397
829
589
75
672
35
57
1041
1033
138
1030
458
871
557
312
1062
867
934
1032
340
501
653
566
555
204
899
858
493
549
192
565
1013
410
954
817
383
500
813
170
509
621
154
906
868
199
21
272
78
189
864
885
1068
608
372
633
571
638
782
661
962
1029
328
376
556
409
86
734
619
156
896
111
431
302
821
757
243
477
752
80
1061
694
531
202
665
944
168
774
429
104
761
125
635
790
294
424
580
73
663
798
721
206
683
1011
234
401
249
374
342
667
708
574
48
751
570
600
781
436
946
28
722
957
1047
776
81
233
462
1043
918
689
132
225
161
968
287
1058
4
519
313
363
221
334
881
754
34
442
449
167
268
592
1021
660
641
1020
174
893
99
494
467
931
773
101
1040
523
281
280
299
270
210
362
252
82
596
685
1010
903
321
110
14
298
886
330
1039
353
991
445
950
779
460
692
68
151
213
452
430
1056
205
610
1036
425
840
526
60
145
837
165
91
463
418
652
680
702
1064
1
980
89
42
767
183
771
614
615
361
323
223
866
190
305
874
439
389
515
686
109
365
484
41
350
940
843
1074
861
459
226
713
95
930
468
