540
693
377
650
959
735
102
469
953
185
428
114
139
1061
260
214
222
229
798
38
87
788
224
971
984
582
871
716
262
14
748
450
791
135
596
1015
803
675
819
54
89
519
698
1031
376
659
64
445
169
158
104
998
476
730
861
127
708
126
854
42
911
558
178
480
705
77
1077
744
599
812
502
1024
226
576
1009
928
414
403
72
373
429
365
554
78
595
906
1039
603
591
474
1073
95
164
939
732
895
65
57
387
1008
522
1058
935
741
836
572
555
105
844
517
402
890
657
820
170
197
479
233
249
742
867
71
850
669
397
637
805
785
929
1048
647
699
1032
909
1072
1064
141
988
930
635
9
362
329
176
483
227
923
855
756
842
1067
783
500
801
1046
980
544
225
210
838
992
