190
900
973
152
348
465
592
543
135
401
1054
76
140
524
424
656
624
1039
521
940
412
479
525
69
86
391
662
505
127
340
995
964
120
317
256
179
439
1011
621
144
502
944
1069
635
523
582
807
271
596
687
436
970
921
430
37
52
1070
851
375
705
356
729
691
73
794
816
443
1071
554
998
762
137
448
174
491
751
736
351
497
779
489
119
128
283
653
1013
167
224
169
838
418
458
669
2
290
28
499
868
792
61
503
326
680
642
727
854
1050
107
693
341
593
853
18
893
63
924
626
590
27
737
842
862
293
628
249
252
19
963
500
835
68
238
20
191
742
43
264
4
1037
64
902
658
609
631
295
151
1042
496
7
400
297
777
983
773
330
296
338
160
294
176
138
945
664
629
261
310
24
855
59
788
1019
89
376
761
866
57
959
812
552
304
824
699
279
542
155
343
381
1032
84
74
1058
719
785
859
829
888
371
896
828
1016
36
716
722
584
342
6
686
416
892
951
643
196
276
922
102
598
941
682
99
484
1010
98
909
796
322
606
188
377
101
242
891
364
15
0
267
697
60
865
389
778
703
370
665
710
403
428
165
818
437
572
34
752
513
187
961
539
519
217
1028
486
23
783
882
1023
1014
248
712
183
200
223
899
955
1077
345
997
576
396
657
634
415
433
746
65
831
560
12
118
781
541
586
413
275
406
194
244
536
730
350
173
980
767
700
958
22
877
39
221
108
156
601
848
177
230
739
146
849
265
207
455
623
784
655
981
45
1002
367
312
398
476
916
578
517
255
480
932
142
731
358
652
388
11
228
1046
638
1063
553
797
619
612
88
280
153
384
100
175
696
374
1049
815
810
811
551
83
826
840
679
383
749
867
35
237
25
937
632
172
780
347
411
70
864
654
993
51
765
488
603
512
92
141
1030
977
825
498
162
97
755
136
390
232
208
527
563
328
538
640
477
821
522
93
850
648
928
549
833
117
40
715
744
802
431
327
801
8
1068
315
440
199
871
644
514
534
530
1000
533
1027
1047
286
462
558
989
879
889
947
565
645
213
361
470
528
365
362
131
718
234
289
168
9
954
775
967
420
1052
844
285
898
193
1053
990
741
87
1025
795
685
1006
547
202
589
770
349
974
720
569
110
62
667
48
344
708
211
599
659
474
969
876
298
115
482
776
926
145
373
352
31
1059
591
880
1033
195
44
936
714
1024
887
641
663
622
759
311
698
105
1012
832
72
1041
116
291
804
143
459
688
29
717
883
953
852
501
158
66
47
