1
272
308
1028
110
794
157
570
667
470
936
441
909
79
64
306
552
517
244
505
316
1034
349
292
395
519
8
700
155
371
737
890
83
747
865
109
289
384
789
819
223
913
99
0
123
247
1014
993
855
500
668
221
414
212
4
258
1012
811
142
61
171
13
147
1046
779
415
484
545
640
895
871
834
786
665
116
248
675
990
603
896
684
610
1030
309
699
1067
352
798
448
1052
589
702
976
524
92
928
609
611
193
967
2
84
572
182
953
581
259
790
169
937
219
125
298
421
36
696
126
768
331
588
495
405
439
952
314
1048
772
1042
900
397
485
1037
776
189
626
146
513
375
1075
632
192
763
820
569
1057
382
181
396
1004
991
987
135
647
1056
994
975
613
274
932
934
387
