139
173
461
419
4
225
307
114
13
316
258
182
220
377
233
411
370
392
66
222
387
65
171
172
169
318
446
74
452
484
186
327
323
329
181
460
176
451
431
340
160
498
49
37
442
453
400
308
158
40
295
95
373
141
279
94
336
61
197
447
379
149
432
84
50
121
97
309
212
287
399
262
132
199
285
339
170
288
294
216
166
241
349
231
237
428
247
280
468
206
438
232
454
420
350
267
109
355
157
425
347
46
245
259
213
260
137
111
195
71
184
401
266
276
108
154
395
415
38
497
353
55
293
348
255
315
374
78
156
112
89
459
474
256
398
67
476
3
286
136
88
59
217
434
402
416
120
21
300
364
478
127
91
52
410
28
421
73
469
325
202
253
298
118
152
499
56
29
418
7
282
268
178
60
440
142
228
122
302
299
35
0
48
472
290
130
263
54
53
386
134
483
462
243
310
278
124
208
187
257
63
271
424
155
342
193
390
481
312
480
164
388
467
423
5
473
223
126
236
143
175
11
153
301
26
240
239
140
408
443
174
20
375
304
18
17
116
159
98
189
396
106
269
365
270
64
422
68
311
320
