417
444
860
481
617
704
362
659
94
634
432
440
924
575
592
306
378
377
583
86
383
185
802
585
374
323
883
437
497
747
996
667
582
322
644
349
80
491
593
150
889
982
465
663
181
201
506
343
302
838
967
7
540
68
340
937
902
311
287
1014
163
190
1076
621
463
539
141
941
455
196
729
613
917
886
183
978
1019
858
1005
527
1058
850
642
573
370
338
413
891
814
207
46
794
680
179
943
1002
633
1065
406
596
480
753
172
636
347
203
288
397
108
368
438
568
793
752
25
754
316
271
901
1040
921
54
520
518
509
1006
103
148
1028
733
325
1008
390
679
522
435
1030
743
118
1026
386
685
837
144
774
121
502
192
949
5
548
534
903
898
84
681
1004
337
725
135
560
