1.0810000896453857,0.9920001029968262,3.0000052452087402
1.1859999895095825,0.9920001029968262,2.999992609024048
2.0759999752044678,0.9769999980926514,2.9999914169311523
1.2549998760223389,0.9930000901222229,3.0000016689300537
1.1679999828338623,0.9930000901222229,2.999995470046997
1.194000005722046,0.9909999966621399,3.0000054836273193
1.1399999856948853,0.9910000562667847,3.0000016689300537
1.122999906539917,0.9930000305175781,3.0000057220458984
1.2209999561309814,0.9919999837875366,3.0000059604644775
1.2750000953674316,0.9860000610351562,3.0000035762786865
1.1109999418258667,0.9889999628067017,3.0000059604644775
1.2120001316070557,0.9910001158714294,3.0000009536743164
1.36899995803833,0.9910001158714294,3.000002861022949
1.2269999980926514,0.987000048160553,3.0000061988830566
1.3259999752044678,0.9860000014305115,2.9999969005584717
4.717000484466553,0.9440000057220459,3.00000262260437
1.3980000019073486,0.9910000562667847,3.000002384185791
1.0660001039505005,0.9950000643730164,3.0000064373016357
1.2709999084472656,0.9890000820159912,3.0000014305114746
1.0509999990463257,0.9960000514984131,3.0000057220458984
1.0529999732971191,0.9960000514984131,3.0000054836273193
1.0780000686645508,0.9960000514984131,3.0000057220458984
1.1610000133514404,0.9930000901222229,3.0000011920928955
1.2190001010894775,0.9960000514984131,2.999997138977051
1.0789998769760132,0.9950000643730164,3.0000052452087402
2.4800002574920654,0.9709999561309814,3.000002861022949
1.2300000190734863,0.987000048160553,3.000002145767212
1.2350000143051147,0.9880000948905945,3.0000014305114746
1.312999963760376,0.9920000433921814,2.9999961853027344
1.4620000123977661,0.98499995470047,3.0000014305114746
1.0820000171661377,0.9930000901222229,3.0000052452087402
1.465000033378601,0.9920000433921814,2.9999983310699463
1.4739999771118164,0.9860000610351562,2.9999969005584717
3.192000150680542,0.9660000205039978,2.9999940395355225
1.6719999313354492,0.9859999418258667,2.999990940093994
1.9210001230239868,0.981999933719635,3.0
2.502000093460083,0.9739999175071716,2.9999983310699463
1.1990001201629639,0.9900001287460327,3.0000054836273193
1.2319999933242798,0.9910001158714294,3.0000011920928955
2.140000104904175,0.9699999690055847,2.9999990463256836
2.011000156402588,0.9769999384880066,2.9999914169311523
1.184999942779541,0.9909999966621399,3.0000014305114746
2.125,0.9780000448226929,2.999995470046997
1.220000147819519,0.9900000095367432,3.0000057220458984
1.2109999656677246,0.9900000691413879,2.9999969005584717
4.430999755859375,0.9450000524520874,3.0000011920928955
1.1920000314712524,0.9900001287460327,3.0000057220458984
1.1269999742507935,0.9950000643730164,3.0000057220458984
1.190999984741211,0.9930000901222229,2.999988317489624
1.305999994277954,0.98499995470047,2.9999966621398926
1.096000075340271,0.9950000643730164,3.0000059604644775
1.058000087738037,0.9940000176429749,3.0000059604644775
2.0169999599456787,0.9700000286102295,3.000002861022949
1.225000023841858,0.9879999756813049,3.0000057220458984
1.3149999380111694,0.987000048160553,2.9999969005584717
1.3160001039505005,0.9880000352859497,3.0000038146972656
1.1589999198913574,0.9930000305175781,3.000005006790161
1.090000033378601,0.9940000772476196,3.0000059604644775
1.3060001134872437,0.9890000224113464,3.000004291534424
1.0239999294281006,0.9960000514984131,3.000004768371582
1.3190001249313354,0.9850000143051147,3.0000011920928955
1.683000087738037,0.987000048160553,2.9999969005584717
1.2720000743865967,0.9900000691413879,2.9999969005584717
1.2619999647140503,0.9930000901222229,3.000004291534424
1.3089998960494995,0.9850000143051147,3.0000057220458984
1.2089999914169312,0.9940000772476196,2.999992847442627
1.1640000343322754,0.9940000772476196,3.0000011920928955
1.8899999856948853,0.9860000014305115,2.9999969005584717
1.3600000143051147,0.9900000095367432,3.0000014305114746
1.0879998207092285,0.9950000643730164,3.0000061988830566
1.0490000247955322,0.9960000514984131,3.0000052452087402
1.187999963760376,0.9960000514984131,2.999990701675415
1.215000033378601,0.9880000352859497,3.0000059604644775
1.2540000677108765,0.9860000610351562,3.0000009536743164
1.1829999685287476,0.9940000772476196,3.000002861022949
1.2319999933242798,0.9940000772476196,2.999988079071045
1.722000002861023,0.9860000014305115,2.9999990463256836
1.1319999694824219,0.9890000224113464,2.9999969005584717
1.0870000123977661,0.9940000772476196,2.9999966621398926
1.3010001182556152,0.9930000305175781,2.999999523162842
1.3310000896453857,0.9910001158714294,2.999997138977051
1.1640000343322754,0.9950000643730164,3.0000052452087402
1.13100004196167,0.9940000772476196,3.0000057220458984
1.190999984741211,0.9960000514984131,2.999992847442627
1.2960000038146973,0.9860000014305115,3.0000011920928955
1.936000108718872,0.9790000319480896,2.999987840652466
1.0989999771118164,0.9950000643730164,3.0000059604644775
1.3189998865127563,0.9909999966621399,3.0000011920928955
1.1910001039505005,0.9950000643730164,3.0000038146972656
1.066999912261963,0.9960000514984131,3.0000059604644775
1.2139999866485596,0.9920000433921814,3.000004291534424
1.1429998874664307,0.9920000433921814,3.0000064373016357
1.0840001106262207,0.9960000514984131,3.0000061988830566
1.026999831199646,0.9960000514984131,3.0000052452087402
1.3040000200271606,0.9900000691413879,2.9999969005584717
1.2310000658035278,0.9910001158714294,2.999992609024048
1.1130000352859497,0.9950000643730164,3.0000052452087402
1.1399999856948853,0.9940000772476196,3.0000059604644775
1.1890000104904175,0.9890000224113464,3.0000061988830566
1.0529999732971191,0.9950000643730164,3.0000057220458984
1.2120000123977661,0.98499995470047,3.0000057220458984
1.2050000429153442,0.9879999756813049,3.0000057220458984
1.3230000734329224,0.98499995470047,2.999997138977051
1.5149999856948853,0.9809999465942383,2.999992609024048
1.1319999694824219,0.9910001158714294,3.0000054836273193
1.5019999742507935,0.9799999594688416,2.999992609024048
4.021000385284424,0.9750000238418579,2.9999966621398926
1.7510000467300415,0.9779999852180481,3.000001907348633
1.1339999437332153,0.9920001029968262,3.0000054836273193
1.2769999504089355,0.9920000433921814,2.999999523162842
1.2340000867843628,0.9950000643730164,3.000002145767212
1.0640000104904175,0.9950000643730164,3.0000016689300537
1.2210001945495605,0.9900000095367432,3.0000014305114746
1.2969999313354492,0.9880000352859497,2.9999992847442627
1.0959999561309814,0.9930000901222229,3.0000059604644775
1.1610000133514404,0.9930000901222229,3.0000057220458984
1.1829999685287476,0.9900001287460327,3.000004291534424
1.5080000162124634,0.9869999289512634,2.999997615814209
1.5910000801086426,0.9849998950958252,2.9999969005584717
1.099000096321106,0.9950000643730164,3.0000054836273193
1.2869999408721924,0.9920001029968262,3.0000040531158447
1.3030000925064087,0.9860000610351562,2.999995708465576
1.4840000867843628,0.9810000658035278,2.999999761581421
1.1120001077651978,0.9930000901222229,3.0000052452087402
1.9110000133514404,0.9729999899864197,2.9999923706054688
1.3569999933242798,0.9860000014305115,3.000005006790161
1.373000144958496,0.9940000772476196,2.999995231628418
2.182999849319458,0.9859999418258667,2.999997138977051
2.36899995803833,0.981999933719635,2.999990940093994
1.1369999647140503,0.9950000643730164,2.9999969005584717
1.128999948501587,0.9940000772476196,3.0000009536743164
1.5540001392364502,0.984000027179718,2.999997138977051
1.6730000972747803,0.9860000014305115,2.9999935626983643
2.2700002193450928,0.9720000624656677,2.999987840652466
1.2050000429153442,0.9880000352859497,2.9999966621398926
1.196000099182129,0.987000048160553,3.0000057220458984
1.569000005722046,0.9800000190734863,3.0000054836273193
1.2670000791549683,0.9920000433921814,2.999992609024048
1.3250000476837158,0.9850000143051147,3.0000011920928955
1.3230000734329224,0.9869999289512634,3.0000014305114746
1.3380000591278076,0.9869999289512634,3.0000011920928955
1.159000039100647,0.9960000514984131,3.0000057220458984
1.3880001306533813,0.9900000095367432,3.0000009536743164
1.3610000610351562,0.9940000772476196,2.999995470046997
1.3769999742507935,0.9830000400543213,3.00000262260437
1.4320000410079956,0.9879999756813049,3.000004768371582
1.317000150680542,0.9880000352859497,3.0000059604644775
1.0720000267028809,0.9940000772476196,3.0000054836273193
1.5079998970031738,0.984000027179718,2.999995708465576
1.095999836921692,0.9950000643730164,3.0000057220458984
1.2039999961853027,0.9910000562667847,3.000004291534424
1.2980000972747803,0.9910001158714294,3.000004291534424
1.1169999837875366,0.9950000643730164,3.0000052452087402
1.3450000286102295,0.9950000643730164,2.999988555908203
1.3529998064041138,0.987000048160553,3.0000061988830566
1.1339999437332153,0.9930000305175781,3.0000057220458984
1.1059999465942383,0.9940000772476196,3.0000057220458984
1.128999948501587,0.9950000643730164,3.000005006790161
1.2100000381469727,0.9869999885559082,3.0000011920928955
1.2130000591278076,0.9850000143051147,3.0000057220458984
1.349000096321106,0.9839999675750732,3.0000016689300537
1.5420000553131104,0.9790000319480896,2.9999992847442627
1.2709999084472656,0.9860000610351562,2.9999966621398926
1.1829999685287476,0.9890000820159912,2.999997138977051
1.1239999532699585,0.9900000095367432,3.0000054836273193
1.4220000505447388,0.9810000061988831,3.0000016689300537
1.5450000762939453,0.9839999675750732,3.000002861022949
1.348000168800354,0.9829999804496765,3.0000009536743164
1.3140000104904175,0.9920000433921814,2.999992609024048
1.28600013256073,0.9860000014305115,2.999992609024048
1.095000147819519,0.9940000176429749,3.0000061988830566
1.062000036239624,0.9960000514984131,3.0000057220458984
1.1449999809265137,0.9940000772476196,2.999997615814209
1.1230000257492065,0.9940000772476196,3.0000059604644775
1.1400001049041748,0.9930000901222229,3.0000059604644775
1.3790000677108765,0.9839999675750732,2.999999761581421
1.277000069618225,0.9890000224113464,3.0000040531158447
1.2139999866485596,0.9839999675750732,3.0000061988830566
1.28000009059906,0.9819999933242798,3.0000016689300537
1.0920000076293945,0.9950000643730164,3.0000061988830566
1.4290000200271606,0.9910000562667847,2.9999983310699463
1.062000036239624,0.9960000514984131,3.0000057220458984
1.0700000524520874,0.9920001029968262,3.0000054836273193
1.1480000019073486,0.9890000224113464,3.0000009536743164
1.2120000123977661,0.9880000352859497,3.000000476837158
1.7850000858306885,0.9829999804496765,3.00000262260437
1.0790001153945923,0.9919999837875366,3.0000052452087402
1.1559998989105225,0.9930000901222229,3.0000057220458984
1.1970000267028809,0.9880000352859497,3.0000057220458984
1.440000057220459,0.9850000143051147,3.0000054836273193
1.1740000247955322,0.9950000643730164,3.0000011920928955
1.8670001029968262,0.9769999980926514,3.0000040531158447
1.1280001401901245,0.9930000901222229,3.0000057220458984
1.628999948501587,0.9810000658035278,2.9999923706054688
1.13100004196167,0.9950000643730164,3.0000014305114746
1.1169999837875366,0.9960000514984131,2.9999966621398926
1.5899999141693115,0.9789999723434448,3.00000262260437
1.0830000638961792,0.9940000772476196,3.0000057220458984
1.5490000247955322,0.9869999289512634,3.0000038146972656
1.656999945640564,0.9869999289512634,3.000004529953003
1.8280000686645508,0.9859999418258667,3.000000238418579
1.1990001201629639,0.9860000014305115,3.0000059604644775
1.4550001621246338,0.9809999465942383,3.0000040531158447
1.4040000438690186,0.9790000319480896,3.0000052452087402
1.090000033378601,0.9920000433921814,3.0000057220458984
1.2630000114440918,0.9950000643730164,2.9999921321868896
1.1770000457763672,0.9920000433921814,3.0000059604644775
1.056999921798706,0.9950000643730164,3.000005006790161
1.0409998893737793,0.9960000514984131,3.0000057220458984
2.765000104904175,0.9760000109672546,2.999995708465576
2.3410000801086426,0.9859999418258667,2.9999992847442627
1.100000023841858,0.9940000772476196,2.9999966621398926
1.308000087738037,0.9839999675750732,3.0000054836273193
1.1059999465942383,0.9900001287460327,3.0000057220458984
1.1729999780654907,0.9910000562667847,3.0000057220458984
1.4950000047683716,0.972000002861023,3.0000059604644775
1.1290000677108765,0.9920000433921814,3.0000057220458984
1.2860000133514404,0.9930000901222229,2.999992609024048
1.3339998722076416,0.9829999804496765,2.999987840652466
1.377000093460083,0.9930000901222229,2.9999964237213135
1.1980000734329224,0.9900000691413879,3.0000054836273193
1.1370000839233398,0.9950000643730164,3.0000011920928955
1.1050001382827759,0.9920001029968262,3.0000057220458984
1.4000000953674316,0.9869999885559082,2.9999966621398926
1.4189999103546143,0.9819999933242798,2.9999923706054688
1.1720001697540283,0.9909999966621399,3.0000052452087402
1.1679999828338623,0.9880000948905945,3.0000059604644775
1.156000018119812,0.9930000901222229,3.0000057220458984
1.1390000581741333,0.9900000095367432,3.0000054836273193
1.1370000839233398,0.9890000224113464,3.0000016689300537
1.1800001859664917,0.9900000691413879,2.9999966621398926
1.102000117301941,0.9950000643730164,3.0000057220458984
1.2309999465942383,0.9860000610351562,3.0000059604644775
1.2609999179840088,0.9869999289512634,3.0000054836273193
1.5670000314712524,0.9890000224113464,2.999997138977051
1.337999939918518,0.9880000352859497,2.9999988079071045
2.0250000953674316,0.9869999885559082,2.999997138977051
1.0640000104904175,0.9950000643730164,3.0000054836273193
1.0889999866485596,0.9900000691413879,3.0000064373016357
1.1990000009536743,0.98499995470047,3.0000014305114746
1.430999994277954,0.9879999756813049,3.00000262260437
1.3830000162124634,0.9930000901222229,2.9999988079071045
1.304999828338623,0.9940000772476196,2.9999938011169434
1.0889999866485596,0.9920001029968262,3.0000054836273193
1.0660001039505005,0.9940000176429749,3.0000057220458984
1.0469999313354492,0.9950000643730164,3.000005006790161
1.1560001373291016,0.9860000014305115,3.000005006790161
1.4320000410079956,0.9819999933242798,3.0000011920928955
1.0729999542236328,0.9910000562667847,3.000004768371582
1.159999966621399,0.9910000562667847,3.0000064373016357
1.0910000801086426,0.9920000433921814,3.0000054836273193
1.1160000562667847,0.9910000562667847,3.0000061988830566
1.4490001201629639,0.9769999980926514,3.0000009536743164
1.093000054359436,0.9940000772476196,3.0000059604644775
1.1940001249313354,0.9890000224113464,2.9999969005584717
1.3380000591278076,0.9890000820159912,2.9999969005584717
1.3580000400543213,0.9860000610351562,2.9999959468841553
1.1880000829696655,0.9910001158714294,2.9999969005584717
1.1679999828338623,0.9850000143051147,3.0000052452087402
1.0679998397827148,0.9950000643730164,3.0000016689300537
1.128000020980835,0.9890000820159912,3.000005006790161
1.0819998979568481,0.9920000433921814,3.0000059604644775
1.2350000143051147,0.9950000643730164,2.9999990463256836
1.4880001544952393,0.9869999885559082,2.9999990463256836
1.3339999914169312,0.986000120639801,2.9999983310699463
1.2220001220703125,0.9920001029968262,2.999992609024048
1.0720000267028809,0.9950000643730164,3.0000059604644775
1.092000126838684,0.9940000772476196,3.0000059604644775
1.0800000429153442,0.9960000514984131,2.9999988079071045
1.258000135421753,0.9890000224113464,3.0000038146972656
1.2370001077651978,0.9940000176429749,2.999999761581421
1.378000020980835,0.9819999933242798,3.0000014305114746
1.1749999523162842,0.9900000095367432,3.0000061988830566
1.965999960899353,0.9699999690055847,2.999999761581421
1.1260000467300415,0.9920000433921814,3.0000057220458984
1.0390000343322754,0.9960000514984131,3.0000059604644775
1.1160000562667847,0.9950000643730164,3.0000059604644775
1.0850000381469727,0.9950000643730164,3.0000057220458984
1.3839999437332153,0.9839999675750732,3.000002145767212
2.184000015258789,0.972000002861023,2.999995708465576
1.3650000095367432,0.9930000901222229,3.0000040531158447
1.1749999523162842,0.9940000772476196,3.0000038146972656
1.1670000553131104,0.9930000901222229,3.0000059604644775
1.600000023841858,0.9789999723434448,2.9999940395355225
1.2120000123977661,0.9890000224113464,3.000004291534424
1.1039999723434448,0.9960000514984131,3.0000016689300537
1.1039998531341553,0.9950000643730164,3.0000059604644775
1.6160000562667847,0.9749999642372131,3.000005006790161
1.1779999732971191,0.9920000433921814,3.0000054836273193
1.1629999876022339,0.9930000901222229,3.0000014305114746
1.2369999885559082,0.9879999756813049,3.0000064373016357
1.4850001335144043,0.9850000143051147,2.999999761581421
1.318000078201294,0.9820000529289246,2.999997138977051
1.5260001420974731,0.9779999852180481,3.0000059604644775
1.0830000638961792,0.9940000772476196,3.0000052452087402
1.162000060081482,0.9900000095367432,3.0000011920928955
1.0780000686645508,0.9910001158714294,3.0000052452087402
1.1089999675750732,0.9940000772476196,2.99999737739563
1.4139999151229858,0.9879999160766602,2.9999945163726807
1.9160000085830688,0.9709998965263367,2.9999964237213135
1.4880000352859497,0.9829999804496765,2.999999523162842
1.3650001287460327,0.9800000190734863,2.9999969005584717
1.2960000038146973,0.9940000772476196,3.0
1.2109999656677246,0.9910001158714294,3.0000054836273193
1.2360000610351562,0.987000048160553,2.999997615814209
1.1129999160766602,0.9930000901222229,3.0000007152557373
1.2070000171661377,0.9879999756813049,3.0000057220458984
1.2349997758865356,0.9900000095367432,2.999995708465576
1.3869998455047607,0.9800000190734863,3.000002861022949
1.2899999618530273,0.9900000691413879,3.0000054836273193
1.3329999446868896,0.9860000610351562,2.99999737739563
1.3310000896453857,0.9859999418258667,2.9999966621398926
1.558000087738037,0.9780000448226929,3.0000033378601074
1.2330000400543213,0.9890000224113464,2.999992609024048
1.2239999771118164,0.9919999837875366,3.0000014305114746
1.3650000095367432,0.9880000352859497,2.9999942779541016
1.0510001182556152,0.9950000643730164,3.0000057220458984
1.363999843597412,0.9810000061988831,2.999992609024048
1.1090000867843628,0.9920000433921814,3.0000059604644775
1.0740000009536743,0.9960000514984131,3.000001907348633
1.3940000534057617,0.9890000820159912,3.0000011920928955
1.2560001611709595,0.9910000562667847,2.999988079071045
1.1149998903274536,0.9920001029968262,3.0000057220458984
1.2179999351501465,0.9890000224113464,3.0000054836273193
1.1149998903274536,0.9910000562667847,3.0000007152557373
1.1419999599456787,0.9930000901222229,3.0000061988830566
1.152000069618225,0.9930000901222229,3.0000057220458984
1.2390000820159912,0.9880000352859497,3.000005006790161
1.1320000886917114,0.9930000901222229,3.0000057220458984
1.313999891281128,0.9910001158714294,3.0000014305114746
1.067000150680542,0.9960000514984131,3.0000011920928955
1.090999960899353,0.9960000514984131,3.0000059604644775
1.1170001029968262,0.9940000772476196,3.0000057220458984
1.2869999408721924,0.9859999418258667,3.0000057220458984
1.0720000267028809,0.9950000643730164,3.0000059604644775
1.2310000658035278,0.9950000643730164,2.999987840652466
1.1350001096725464,0.9960000514984131,3.0000011920928955
1.227000117301941,0.9850000143051147,3.0000057220458984
1.0619999170303345,0.9950000643730164,3.0000054836273193
1.1039999723434448,0.9950000643730164,2.9999992847442627
1.1290000677108765,0.9940000772476196,2.9999969005584717
1.062999963760376,0.9960000514984131,3.0000061988830566
1.0689998865127563,0.9930000305175781,3.000004529953003
1.4390000104904175,0.9920001029968262,2.999999523162842
1.354000210762024,0.9950000643730164,2.9999966621398926
1.0870000123977661,0.9930000305175781,3.0000054836273193
1.1579999923706055,0.9890000224113464,3.0000064373016357
1.2719999551773071,0.9900000691413879,2.999999523162842
1.4839999675750732,0.984000027179718,2.999998092651367
1.2239999771118164,0.9890000224113464,3.000001907348633
1.0800000429153442,0.9950000643730164,3.0000057220458984
1.2690000534057617,0.9900000095367432,2.9999935626983643
1.3229998350143433,0.9869999885559082,3.0000054836273193
1.350000023841858,0.9880000352859497,3.0000040531158447
1.0699999332427979,0.9950000643730164,3.0000057220458984
1.0950000286102295,0.9940000772476196,2.999997138977051
1.0519999265670776,0.9950000643730164,3.0000054836273193
1.3919999599456787,0.9769999384880066,2.999992609024048
1.069000005722046,0.9940000772476196,3.0000057220458984
1.1180000305175781,0.9890000224113464,3.000005006790161
1.0890001058578491,0.9880000352859497,3.000005006790161
1.0799999237060547,0.9920000433921814,3.0000059604644775
1.1140000820159912,0.9950000643730164,3.0000011920928955
1.090000033378601,0.9940000772476196,2.9999969005584717
1.7079999446868896,0.984000027179718,2.9999923706054688
1.062000036239624,0.9950000643730164,3.0000061988830566
1.0440000295639038,0.9960000514984131,3.0000057220458984
1.815000057220459,0.9820000529289246,2.9999942779541016
1.2480000257492065,0.9920001029968262,2.999999523162842
1.3860000371932983,0.9900001287460327,2.999999761581421
1.2790000438690186,0.9830000400543213,3.0000059604644775
1.1169999837875366,0.9890000820159912,3.0000054836273193
1.0649999380111694,0.9920001029968262,3.0000054836273193
1.1269999742507935,0.9930000305175781,3.0000014305114746
1.2320001125335693,0.9859999418258667,3.0000059604644775
1.2510000467300415,0.9930000901222229,2.9999988079071045
1.0450000762939453,0.9960000514984131,3.000005006790161
1.2139999866485596,0.9900000095367432,2.9999966621398926
1.091999888420105,0.9940000772476196,3.000002145767212
1.504000186920166,0.9890000224113464,3.00000262260437
1.1299999952316284,0.9890000224113464,3.0000054836273193
1.1230000257492065,0.9880000352859497,3.0000014305114746
1.0789999961853027,0.9920001029968262,3.000004768371582
1.1200000047683716,0.9960000514984131,2.999997138977051
1.3170000314712524,0.9920000433921814,2.9999938011169434
1.1159999370574951,0.9900000691413879,3.0000007152557373
1.08899986743927,0.9940000772476196,3.0000054836273193
1.9270000457763672,0.984000027179718,3.00000262260437
1.462999939918518,0.9819999933242798,3.0000052452087402
1.186000108718872,0.9910000562667847,2.9999923706054688
1.1340000629425049,0.9900000095367432,3.0000059604644775
1.128000020980835,0.9900000095367432,3.0000059604644775
1.281000018119812,0.9819999933242798,3.000001907348633
1.1399999856948853,0.9909999966621399,3.0000016689300537
1.0720000267028809,0.9950000643730164,3.0000064373016357
1.0689998865127563,0.9930000901222229,3.0000054836273193
1.090000033378601,0.9930000901222229,3.0000059604644775
1.180999994277954,0.9910001158714294,2.99999737739563
1.1409999132156372,0.9920000433921814,2.999992847442627
1.2200000286102295,0.9890000820159912,2.99999737739563
1.1130000352859497,0.9879999160766602,3.0000054836273193
1.2200000286102295,0.9960000514984131,2.999998092651367
1.1109999418258667,0.9940000176429749,3.0000052452087402
1.1230000257492065,0.9950000643730164,3.0000057220458984
1.0839999914169312,0.9950000643730164,2.9999966621398926
1.031000018119812,0.9960000514984131,3.000004768371582
1.1079999208450317,0.9930000901222229,3.000004768371582
1.1280001401901245,0.9869999885559082,3.0000057220458984
1.0889999866485596,0.9920001029968262,3.0000011920928955
1.0379998683929443,0.9950000643730164,3.000005006790161
1.0920000076293945,0.9950000643730164,3.0000054836273193
1.152999997138977,0.9900000095367432,3.0000052452087402
1.1260000467300415,0.9960000514984131,2.9999969005584717
1.1370000839233398,0.9900000095367432,3.0000052452087402
1.1449999809265137,0.9930000901222229,2.999997138977051
1.0790001153945923,0.9950000643730164,3.0000052452087402
1.3040000200271606,0.9869999289512634,2.9999964237213135
1.087999939918518,0.9950000643730164,3.0000057220458984
1.0389999151229858,0.9950000643730164,3.0000057220458984
1.188999891281128,0.9910001158714294,3.0000052452087402
1.0950000286102295,0.9950000643730164,3.0000054836273193
1.2039999961853027,0.9950000643730164,2.999998092651367
1.11899995803833,0.9900000691413879,2.999997138977051
1.0820000171661377,0.9950000643730164,2.999995231628418
1.0540000200271606,0.9950000643730164,3.0000057220458984
1.0920000076293945,0.9920001029968262,3.0000057220458984
1.1769999265670776,0.9920001029968262,3.0000016689300537
1.4060001373291016,0.9819999933242798,2.999997854232788
1.062000036239624,0.9950000643730164,3.0000052452087402
1.126999855041504,0.9930000305175781,2.999995231628418
1.1970000267028809,0.9910001158714294,3.0000009536743164
1.1029999256134033,0.9920000433921814,3.0000054836273193
1.2110000848770142,0.9910001158714294,2.999997138977051
1.1290000677108765,0.9910000562667847,2.999997138977051
1.277999997138977,0.9840000867843628,2.9999966621398926
1.337999939918518,0.9880000352859497,2.999998092651367
1.187000036239624,0.9850000739097595,3.000005006790161
1.0789999961853027,0.9910000562667847,3.0000054836273193
1.090999960899353,0.9920001029968262,3.0000061988830566
1.1369999647140503,0.9900000095367432,3.000005006790161
1.2059999704360962,0.9910000562667847,3.0000057220458984
1.0890001058578491,0.9930000901222229,3.0000061988830566
1.1200000047683716,0.9930000305175781,2.9999964237213135
1.1050000190734863,0.9960000514984131,3.0000059604644775
1.1099998950958252,0.9950000643730164,3.0000016689300537
1.0700000524520874,0.9940000772476196,3.0000054836273193
1.090000033378601,0.9910000562667847,3.0000057220458984
1.0460000038146973,0.9950000643730164,3.000004768371582
1.1190000772476196,0.9930000901222229,2.999997138977051
1.0839999914169312,0.9940000772476196,3.0000059604644775
1.222000002861023,0.9890000224113464,2.999992609024048
1.2660000324249268,0.9870001077651978,2.9999992847442627
1.0970001220703125,0.9910000562667847,2.9999969005584717
1.055999994277954,0.9950000643730164,3.0000057220458984
1.1540000438690186,0.987000048160553,2.9999969005584717
1.090999960899353,0.9950000643730164,3.0000057220458984
1.1360000371932983,0.9900000691413879,3.0000014305114746
1.2990000247955322,0.9910001158714294,3.000000476837158
1.0460000038146973,0.9960000514984131,3.000004768371582
1.1009999513626099,0.9889999628067017,3.0000052452087402
1.1649998426437378,0.9880000352859497,3.0000059604644775
1.1679999828338623,0.9879999756813049,3.0000059604644775
1.1260000467300415,0.9920001029968262,3.0000054836273193
1.0860000848770142,0.9910001158714294,3.0000057220458984
1.053999900817871,0.9950000643730164,3.0000059604644775
1.0989998579025269,0.9930000901222229,3.0000061988830566
1.1060000658035278,0.9950000643730164,3.0000057220458984
1.0479999780654907,0.9950000643730164,3.0000059604644775
1.0489999055862427,0.9950000643730164,3.000005006790161
1.2030000686645508,0.9890000820159912,3.0000059604644775
1.0399999618530273,0.9950000643730164,3.000005006790161
1.1390000581741333,0.9920001029968262,2.9999966621398926
1.165000081062317,0.9880000948905945,3.0000009536743164
1.0729999542236328,0.9930000305175781,3.000005006790161
1.0719999074935913,0.9940000772476196,3.0000011920928955
1.1190000772476196,0.9900000691413879,3.0000054836273193
1.0929999351501465,0.9950000643730164,2.999999523162842
1.093999981880188,0.9920000433921814,3.0000057220458984
1.087999939918518,0.9940000772476196,3.0000057220458984
1.0619999170303345,0.9950000643730164,3.0000054836273193
1.0609999895095825,0.9900000691413879,3.0000052452087402
1.1019999980926514,0.9910001158714294,3.0000052452087402
1.0470000505447388,0.9960000514984131,3.0000054836273193
1.0839999914169312,0.9900001287460327,3.000004768371582
1.0740000009536743,0.9900000095367432,3.0000052452087402
1.149999976158142,0.9890000820159912,3.000005006790161
1.065999984741211,0.9950000643730164,3.000005006790161
1.1439999341964722,0.9930000901222229,3.0000054836273193
1.1089999675750732,0.9880000352859497,3.0000057220458984
1.071000099182129,0.9930000901222229,3.0000052452087402
1.028999924659729,0.9940000772476196,3.0000052452087402
1.0830000638961792,0.9940000772476196,3.0000054836273193
1.071000099182129,0.9950000643730164,3.000005006790161
1.218999981880188,0.9950000643730164,2.99999737739563
1.0379999876022339,0.9950000643730164,3.0000057220458984
1.0230001211166382,0.9960000514984131,3.000004768371582
1.1359999179840088,0.9869999885559082,3.0000059604644775
1.0369999408721924,0.9950000643730164,3.0000052452087402
1.0759999752044678,0.9920001029968262,3.000000238418579
1.037000060081482,0.9930000305175781,3.000004768371582
