1.0304737091064453,0.9600000381469727,1.1221320629119873
1.0304737091064453,0.9600000381469727,1.1221320629119873
1.0453356504440308,0.8899999856948853,3.316092014312744
1.0270017385482788,0.9700000286102295,1.2664719820022583
1.0306593179702759,0.9600000381469727,1.5676920413970947
1.0361536741256714,0.9500000476837158,1.1775619983673096
1.0315507650375366,0.9550000429153442,1.18887197971344
1.0303244590759277,0.9600000381469727,1.6286420822143555
1.032076358795166,0.9550000429153442,1.2295619249343872
1.0440491437911987,0.9300000667572021,1.3907819986343384
1.041340708732605,0.9450000524520874,1.155701994895935
1.0416454076766968,0.9500000476837158,1.3204619884490967
1.0371201038360596,0.9550000429153442,1.325551986694336
1.045693039894104,0.9350000619888306,1.7714120149612427
1.037807583808899,0.940000057220459,1.9270219802856445
1.1180731058120728,0.7049999833106995,4.226302146911621
1.0245370864868164,0.9650000333786011,1.6151820421218872
1.0229462385177612,0.9750000238418579,1.1078219413757324
1.0264253616333008,0.9550000429153442,1.5859020948410034
1.0199999809265137,0.9800000190734863,1.037611961364746
1.0199999809265137,0.9800000190734863,1.0595120191574097
1.024999976158142,0.9750000238418579,1.0994120836257935
1.0294445753097534,0.9650000333786011,1.1811420917510986
1.024999976158142,0.9750000238418579,1.1538819074630737
1.0212531089782715,0.9750000238418579,1.2165420055389404
1.0472966432571411,0.8499999642372131,2.5658118724823
1.0468658208847046,0.9350000619888306,1.5995819568634033
1.0418391227722168,0.940000057220459,1.6802021265029907
1.0241667032241821,0.9650000333786011,2.1964221000671387
1.0450842380523682,0.9250000715255737,1.8181120157241821
1.0231412649154663,0.9700000286102295,1.1063719987869263
1.0307507514953613,0.9550000429153442,1.4279320240020752
1.0413576364517212,0.9300000667572021,2.0629220008850098
1.0843483209609985,0.8400000333786011,2.924852132797241
1.0444767475128174,0.9350000619888306,1.5995820760726929
1.0486705303192139,0.9100000262260437,1.7333821058273315
1.0635069608688354,0.8650000095367432,2.4570720195770264
1.041887879371643,0.9550000429153442,1.245252013206482
1.0431379079818726,0.9550000429153442,1.2384620904922485
1.0532891750335693,0.8550000190734863,2.8418519496917725
1.0465149879455566,0.8750000596046448,2.792652130126953
1.0277234315872192,0.9550000429153442,1.507591962814331
1.049024224281311,0.8850000500679016,3.7031619548797607
1.0290237665176392,0.9550000429153442,2.0642120838165283
1.044095754623413,0.9450000524520874,1.184462070465088
1.1077754497528076,0.7400000095367432,4.052802085876465
1.0327491760253906,0.9600000381469727,1.2072420120239258
1.0310440063476562,0.9650000333786011,1.0746419429779053
1.0229723453521729,0.9700000286102295,1.2570021152496338
1.0467520952224731,0.9250000715255737,1.680962085723877
1.0199999809265137,0.9800000190734863,1.1352919340133667
1.0228098630905151,0.9700000286102295,1.2648121118545532
1.0651801824569702,0.8500000238418579,2.5754621028900146
1.039727807044983,0.940000057220459,1.8441119194030762
1.044801115989685,0.9300000667572021,1.8700720071792603
1.0406200885772705,0.9350000619888306,1.4640921354293823
1.0292145013809204,0.9600000381469727,1.1468719244003296
1.0267120599746704,0.9700000286102295,1.1268119812011719
1.0396654605865479,0.940000057220459,1.5803319215774536
1.0199999809265137,0.9800000190734863,1.025771975517273
1.0452111959457397,0.9250000715255737,1.8917620182037354
1.0431838035583496,0.9300000667572021,1.8113219738006592
1.0373563766479492,0.9500000476837158,1.2691419124603271
1.0248814821243286,0.9700000286102295,1.2516419887542725
1.044990062713623,0.9300000667572021,1.8824821710586548
1.0217326879501343,0.9750000238418579,1.1652820110321045
1.0258257389068604,0.9700000286102295,1.1306520700454712
1.0353847742080688,0.9350000619888306,2.1893019676208496
1.0269824266433716,0.9550000429153442,1.413392186164856
1.0199999809265137,0.9800000190734863,1.0778919458389282
1.0199999809265137,0.9800000190734863,1.0330818891525269
1.0199999809265137,0.9800000190734863,1.1330020427703857
1.0375251770019531,0.9450000524520874,1.3100019693374634
1.0522302389144897,0.9300000667572021,1.7481720447540283
1.021986722946167,0.9750000238418579,1.1126919984817505
1.0218950510025024,0.9700000286102295,1.2305619716644287
1.0317103862762451,0.9300000667572021,1.9466019868850708
1.033278465270996,0.9450000524520874,1.3545520305633545
1.0269733667373657,0.9700000286102295,1.1202820539474487
1.0238136053085327,0.9700000286102295,1.2212820053100586
1.0367794036865234,0.9600000381469727,1.198612093925476
1.024999976158142,0.9750000238418579,1.1458919048309326
1.027871012687683,0.9650000333786011,1.2031320333480835
1.024999976158142,0.9750000238418579,1.240831971168518
1.0352343320846558,0.9350000619888306,2.0775020122528076
1.0570493936538696,0.880000114440918,2.626782178878784
1.0199999809265137,0.9800000190734863,1.1276319026947021
1.0335432291030884,0.9550000429153442,1.255281925201416
1.024999976158142,0.9750000238418579,1.147022008895874
1.0199999809265137,0.9800000190734863,1.058232069015503
1.028816819190979,0.9650000333786011,1.3557920455932617
1.03242027759552,0.9600000381469727,1.4116920232772827
1.024999976158142,0.9750000238418579,1.0830219984054565
1.0199999809265137,0.9800000190734863,1.0402320623397827
1.0394068956375122,0.9550000429153442,1.369022011756897
1.0373878479003906,0.9600000381469727,1.2192119359970093
1.0199999809265137,0.9800000190734863,1.0655421018600464
1.0231101512908936,0.9700000286102295,1.2054619789123535
1.0407627820968628,0.9450000524520874,1.2406920194625854
1.024999976158142,0.9750000238418579,1.044801950454712
1.0411921739578247,0.9250000715255737,1.2939720153808594
1.0391689538955688,0.940000057220459,1.258952021598816
1.047160267829895,0.9250000715255737,1.2851918935775757
1.047361969947815,0.9050000905990601,2.207361936569214
1.0371414422988892,0.9550000429153442,1.1560919284820557
1.0368173122406006,0.9100000262260437,2.6776320934295654
1.0485479831695557,0.880000114440918,2.865882158279419
1.0608984231948853,0.8950001001358032,2.6561219692230225
1.0320903062820435,0.9600000381469727,1.2592720985412598
1.024552822113037,0.9650000333786011,1.4222819805145264
1.0216363668441772,0.9750000238418579,1.249582052230835
1.0295226573944092,0.9700000286102295,1.0634419918060303
1.0251604318618774,0.9600000381469727,1.3865419626235962
1.0333813428878784,0.9500000476837158,1.2676420211791992
1.0243510007858276,0.9650000333786011,1.1496920585632324
1.0239371061325073,0.9700000286102295,1.143541932106018
1.033798098564148,0.9500000476837158,1.4880620241165161
1.0617314577102661,0.9300000667572021,1.3055219650268555
1.0624363422393799,0.9300000667572021,1.3053219318389893
1.0199999809265137,0.9800000190734863,1.0654819011688232
1.0337135791778564,0.9550000429153442,1.6881619691848755
1.0348820686340332,0.9350000619888306,1.5809119939804077
1.0474658012390137,0.9100000262260437,1.5569820404052734
1.0242187976837158,0.9700000286102295,1.2574419975280762
1.0661540031433105,0.8700000643730164,1.8564320802688599
1.0455282926559448,0.9250000715255737,1.62922203540802
1.0258005857467651,0.9700000286102295,1.24822199344635
1.0513099431991577,0.9300000667572021,2.2411720752716064
1.0594127178192139,0.9200000762939453,2.350921869277954
1.0199999809265137,0.9800000190734863,1.1285820007324219
1.0275797843933105,0.9650000333786011,1.1604520082473755
1.0504467487335205,0.9200000762939453,1.9318820238113403
1.0445622205734253,0.9300000667572021,1.9680020809173584
1.068878173828125,0.8600000739097595,2.3299620151519775
1.0361690521240234,0.9450000524520874,1.2407819032669067
1.040381908416748,0.9350000619888306,1.5735920667648315
1.052770972251892,0.9100000858306885,2.2575719356536865
1.0325515270233154,0.9550000429153442,1.4154521226882935
1.0449177026748657,0.9250000715255737,1.8200820684432983
1.0677884817123413,0.9300000667572021,1.2809020280838013
1.0634229183197021,0.9350000619888306,1.2807520627975464
1.0199999809265137,0.9800000190734863,1.12348210811615
1.02584707736969,0.9550000429153442,1.7170219421386719
1.022581934928894,0.9750000238418579,1.1955119371414185
1.0495270490646362,0.9150000810623169,1.5510419607162476
1.0317033529281616,0.940000057220459,1.9815119504928589
1.0315334796905518,0.940000057220459,2.0228819847106934
1.0230987071990967,0.9750000238418579,1.1347320079803467
1.0369105339050293,0.9200000762939453,1.9525120258331299
1.022491455078125,0.9700000286102295,1.3282920122146606
1.0376375913619995,0.9550000429153442,1.3506419658660889
1.0244320631027222,0.9600000381469727,2.179311990737915
1.0199999809265137,0.9800000190734863,1.0717219114303589
1.024999976158142,0.9750000238418579,1.1930519342422485
1.0449016094207764,0.9350000619888306,1.6115220785140991
1.026111125946045,0.9650000333786011,1.4177320003509521
1.0299999713897705,0.9700000286102295,1.1705819368362427
1.021130919456482,0.9750000238418579,1.1927319765090942
1.0501147508621216,0.9300000667572021,1.5138521194458008
1.0521023273468018,0.9250000715255737,1.4680919647216797
1.060768485069275,0.9200000762939453,1.604282021522522
1.0609759092330933,0.9050000905990601,1.8470920324325562
1.0466961860656738,0.9350000619888306,1.424072027206421
1.0391323566436768,0.9500000476837158,1.3861418962478638
1.0385128259658813,0.9450000524520874,1.5149519443511963
1.0638411045074463,0.9000000953674316,1.8395320177078247
1.061194896697998,0.9100000262260437,2.1689019203186035
1.066823959350586,0.9000000953674316,1.967561960220337
1.0258123874664307,0.9600000381469727,1.3185319900512695
1.0411937236785889,0.9300000667572021,1.7614619731903076
1.0273786783218384,0.9650000333786011,1.2492320537567139
1.024999976158142,0.9750000238418579,1.0995020866394043
1.0216697454452515,0.9750000238418579,1.2225719690322876
1.0248489379882812,0.9700000286102295,1.1430820226669312
1.0267934799194336,0.9650000333786011,1.2848420143127441
1.0529143810272217,0.9100000858306885,1.4040119647979736
1.0337989330291748,0.9500000476837158,1.3027620315551758
1.056777834892273,0.9200000762939453,1.3217220306396484
1.066003441810608,0.9050000905990601,1.3503819704055786
1.024999976158142,0.9750000238418579,1.0599520206451416
1.0296505689620972,0.9550000429153442,1.7919321060180664
1.024999976158142,0.9750000238418579,1.0535320043563843
1.0242159366607666,0.9650000333786011,1.352052092552185
1.0359936952590942,0.9450000524520874,1.3618919849395752
1.0349019765853882,0.9500000476837158,1.6887720823287964
1.0436772108078003,0.9150000810623169,1.8366820812225342
1.036287784576416,0.9550000429153442,1.3131918907165527
1.0259044170379639,0.9650000333786011,1.5967119932174683
1.0450044870376587,0.9300000667572021,1.3348619937896729
1.0404828786849976,0.9250000715255737,1.9478520154953003
1.026500940322876,0.9650000333786011,1.1260919570922852
1.0596736669540405,0.8800000548362732,2.654491901397705
1.0288760662078857,0.9650000333786011,1.2830018997192383
1.0461269617080688,0.9100000858306885,2.469062089920044
1.02201509475708,0.9750000238418579,1.236311912536621
1.024999976158142,0.9750000238418579,1.108251929283142
1.0590156316757202,0.8949999809265137,2.5863821506500244
1.0320079326629639,0.9600000381469727,1.1887319087982178
1.0551005601882935,0.9350000619888306,1.5317919254302979
1.0567783117294312,0.9300000667572021,1.5271719694137573
1.0535311698913574,0.9300000667572021,1.5737221240997314
1.032528042793274,0.940000057220459,1.5684620141983032
1.051384449005127,0.9100000858306885,1.892842173576355
1.0617730617523193,0.8950001001358032,1.8679720163345337
1.0277429819107056,0.9600000381469727,1.1966520547866821
1.022227168083191,0.9750000238418579,1.2417919635772705
1.0241830348968506,0.9650000333786011,1.5059518814086914
1.0264633893966675,0.9700000286102295,1.093022108078003
1.024999976158142,0.9750000238418579,1.0481020212173462
1.0759931802749634,0.8750000596046448,3.4185521602630615
1.0534803867340088,0.9300000667572021,2.564582109451294
1.0296224355697632,0.9650000333786011,1.1251020431518555
1.045485496520996,0.9300000667572021,1.5360119342803955
1.0310934782028198,0.9600000381469727,1.159332036972046
1.0265612602233887,0.9600000381469727,1.5588921308517456
1.0729073286056519,0.8600000143051147,1.7506020069122314
1.0265743732452393,0.9600000381469727,1.5299019813537598
1.0257887840270996,0.9650000333786011,1.3152719736099243
1.041164755821228,0.9200000762939453,1.5851320028305054
1.0234191417694092,0.9700000286102295,1.5697720050811768
1.0331554412841797,0.9500000476837158,1.7550818920135498
1.02424156665802,0.9700000286102295,1.3253920078277588
1.0370899438858032,0.9550000429153442,1.1702719926834106
1.0393425226211548,0.940000057220459,1.645382046699524
1.05581796169281,0.9000000953674316,2.010862112045288
1.0318443775177002,0.9550000429153442,1.2470719814300537
1.0361064672470093,0.940000057220459,1.6777020692825317
1.0302261114120483,0.9650000333786011,1.1110519170761108
1.0336568355560303,0.9550000429153442,1.1061220169067383
1.0341618061065674,0.940000057220459,1.3081120252609253
1.0326155424118042,0.9500000476837158,1.5183418989181519
1.024999976158142,0.9750000238418579,1.0863820314407349
1.0509073734283447,0.9300000667572021,1.5989118814468384
1.0451828241348267,0.9350000619888306,1.5357118844985962
1.038464069366455,0.9500000476837158,1.6501020193099976
1.0306061506271362,0.9500000476837158,1.5710519552230835
1.0391331911087036,0.9200000762939453,2.811661958694458
1.031996726989746,0.9650000333786011,1.1306520700454712
1.033889651298523,0.9500000476837158,1.2929821014404297
1.0418599843978882,0.9300000667572021,1.537551999092102
1.036461353302002,0.9450000524520874,1.8683321475982666
1.031569242477417,0.9600000381469727,1.3224420547485352
1.0264285802841187,0.9650000333786011,1.4008220434188843
1.0329090356826782,0.9600000381469727,1.5333420038223267
1.0304977893829346,0.9650000333786011,1.1696220636367798
1.026584267616272,0.9700000286102295,1.0812819004058838
1.0451990365982056,0.9350000619888306,1.499891996383667
1.0525901317596436,0.9050000905990601,1.6771819591522217
1.0413991212844849,0.940000057220459,1.190991997718811
1.032059907913208,0.9550000429153442,1.3368619680404663
1.0269571542739868,0.9650000333786011,1.218991994857788
1.0349329710006714,0.9550000429153442,1.090351939201355
1.0526776313781738,0.8800000548362732,2.5970418453216553
1.0245391130447388,0.9700000286102295,1.2173919677734375
1.0325735807418823,0.9500000476837158,1.244711995124817
1.036431908607483,0.9450000524520874,1.5254319906234741
1.0368176698684692,0.9300000071525574,2.060281991958618
1.0426087379455566,0.9550000429153442,1.1636419296264648
1.0526752471923828,0.9200000762939453,1.456521987915039
1.0199999809265137,0.9800000190734863,1.0716021060943604
1.0412821769714355,0.940000057220459,1.5007619857788086
1.0282469987869263,0.9600000381469727,1.2969719171524048
1.024999976158142,0.9750000238418579,1.2186720371246338
1.0494831800460815,0.9300000667572021,1.7001320123672485
1.0408079624176025,0.9300000667572021,1.7543919086456299
1.0432732105255127,0.9550000429153442,1.288432002067566
1.0287688970565796,0.9700000286102295,1.0935319662094116
1.0248812437057495,0.9700000286102295,1.1292920112609863
1.0199999809265137,0.9800000190734863,1.1083821058273315
1.035364031791687,0.9500000476837158,1.1757420301437378
1.0293517112731934,0.9600000381469727,1.4564920663833618
1.053737998008728,0.9100000262260437,2.095842123031616
1.0328924655914307,0.9550000429153442,1.190101981163025
1.0647975206375122,0.8499999642372131,2.5904221534729004
1.0270464420318604,0.9650000333786011,1.1533219814300537
1.0199999809265137,0.9800000190734863,1.0390419960021973
1.0271350145339966,0.9700000286102295,1.1588919162750244
1.029870629310608,0.9650000333786011,1.0900020599365234
1.0391771793365479,0.9150000810623169,2.1730520725250244
1.0626025199890137,0.8550000190734863,2.7645020484924316
1.0220974683761597,0.9700000286102295,1.430272102355957
1.0223807096481323,0.9700000286102295,1.3149420022964478
1.0246790647506714,0.9650000333786011,1.3085520267486572
1.059371829032898,0.9000000953674316,1.5851819515228271
1.037257194519043,0.9500000476837158,1.5541719198226929
1.024999976158142,0.9750000238418579,1.1377919912338257
1.024999976158142,0.9750000238418579,1.0874520540237427
1.055338978767395,0.8800000548362732,1.7869319915771484
1.0297473669052124,0.9600000381469727,1.2016521692276
1.0285985469818115,0.9550000429153442,1.3315620422363281
1.0447338819503784,0.9300000071525574,1.7587720155715942
1.0496232509613037,0.9250000715255737,2.35630202293396
1.058415174484253,0.9050000905990601,2.2153921127319336
1.0599987506866455,0.89000004529953,2.6491219997406006
1.021429181098938,0.9750000238418579,1.1205220222473145
1.0354290008544922,0.9500000476837158,1.421612024307251
1.0273762941360474,0.9600000381469727,1.6388421058654785
1.0283825397491455,0.9650000333786011,1.1755719184875488
1.0419654846191406,0.9350000619888306,2.0227720737457275
1.0675312280654907,0.8549999594688416,3.340131998062134
1.0570287704467773,0.9100000858306885,1.904162049293518
1.0527948141098022,0.9000000953674316,2.060352087020874
1.0223569869995117,0.9750000238418579,1.3596720695495605
1.0302700996398926,0.9600000381469727,1.3437020778656006
1.0396801233291626,0.9350000619888306,1.9569920301437378
1.0328505039215088,0.9600000381469727,1.2498220205307007
1.0408909320831299,0.9350000619888306,1.6182920932769775
1.0338635444641113,0.9500000476837158,1.493981957435608
1.0602807998657227,0.9000000953674316,2.010162115097046
1.0414453744888306,0.9450000524520874,1.425592064857483
1.049303412437439,0.9300000667572021,1.6396620273590088
1.0493192672729492,0.9200000762939453,1.6983120441436768
1.0487735271453857,0.9000000953674316,2.048352003097534
1.0396027565002441,0.940000057220459,1.6493721008300781
1.0384669303894043,0.9500000476837158,1.2646420001983643
1.0439245700836182,0.940000057220459,2.3878118991851807
1.0199999809265137,0.9800000190734863,1.0853420495986938
1.0491552352905273,0.9100000262260437,2.698482036590576
1.038385272026062,0.9500000476837158,1.4950319528579712
1.028061866760254,0.9700000286102295,1.0749820470809937
1.041614294052124,0.9450000524520874,1.6491519212722778
1.0308672189712524,0.9550000429153442,1.6807219982147217
1.0343523025512695,0.9600000381469727,1.1855318546295166
1.0326285362243652,0.9450000524520874,1.659812092781067
1.0276494026184082,0.9650000333786011,1.2236319780349731
1.0285416841506958,0.9650000333786011,1.4327319860458374
1.0303572416305542,0.9600000381469727,1.259302020072937
1.0284732580184937,0.9500000476837158,1.994912028312683
1.0249253511428833,0.9700000286102295,1.2514420747756958
1.038618564605713,0.9550000429153442,1.1835119724273682
1.0199999809265137,0.9800000190734863,1.048811912536621
1.024999976158142,0.9750000238418579,1.1333420276641846
1.0283234119415283,0.9650000333786011,1.1321419477462769
1.0674803256988525,0.9300000667572021,1.2807520627975464
1.0199999809265137,0.9800000190734863,1.0589419603347778
1.0213335752487183,0.9750000238418579,1.530142068862915
1.0245362520217896,0.9750000238418579,1.1719521284103394
1.0458909273147583,0.925000011920929,2.049612045288086
1.0199999809265137,0.9800000190734863,1.0605919361114502
1.021597146987915,0.9750000238418579,1.169551968574524
1.027503252029419,0.9700000286102295,1.3218920230865479
1.0199999809265137,0.9800000190734863,1.0353419780731201
1.0281903743743896,0.9650000333786011,1.2626819610595703
1.0408565998077393,0.9500000476837158,1.318892002105713
1.0199999809265137,0.9800000190734863,1.175812005996704
1.0308711528778076,0.9600000381469727,1.2902820110321045
1.0318225622177124,0.9450000524520874,1.6392719745635986
1.034848690032959,0.9500000476837158,1.3568320274353027
1.046410083770752,0.9150000810623169,1.7179720401763916
1.0417124032974243,0.940000057220459,1.270941972732544
1.0297185182571411,0.9650000333786011,1.151021957397461
1.0291461944580078,0.9500000476837158,1.790362000465393
1.0395158529281616,0.940000057220459,1.570992112159729
1.0414843559265137,0.940000057220459,1.436531901359558
1.0199999809265137,0.9800000190734863,1.0782819986343384
1.0331497192382812,0.9650000333786011,1.1478520631790161
1.024999976158142,0.9750000238418579,1.0508819818496704
1.06313157081604,0.89000004529953,2.331821918487549
1.0199999809265137,0.9800000190734863,1.0831419229507446
1.0336277484893799,0.9500000476837158,1.1719119548797607
1.0380717515945435,0.9450000524520874,1.2197518348693848
1.0357671976089478,0.9550000429153442,1.1185619831085205
1.0199999809265137,0.9800000190734863,1.0639618635177612
1.0199999809265137,0.9800000190734863,1.0657520294189453
1.0455105304718018,0.9200000762939453,2.900402307510376
1.024999976158142,0.9750000238418579,1.0515720844268799
1.024999976158142,0.9750000238418579,1.0535420179367065
1.0587478876113892,0.9050000905990601,2.4589619636535645
1.0448685884475708,0.9550000429153442,1.2183420658111572
1.0399999618530273,0.9600000381469727,1.2136319875717163
1.0496593713760376,0.9150000810623169,1.505802035331726
1.0364220142364502,0.9500000476837158,1.162511944770813
1.032111406326294,0.9600000381469727,1.156472086906433
1.0279074907302856,0.9600000381469727,1.2217220067977905
1.0405150651931763,0.9250000715255737,1.6970218420028687
1.0343276262283325,0.9600000381469727,1.308501958847046
1.024999976158142,0.9750000238418579,1.0571221113204956
1.0410164594650269,0.9450000524520874,1.5475620031356812
1.020976185798645,0.9750000238418579,1.1880619525909424
1.040380597114563,0.9450000524520874,1.6779320240020752
1.0356378555297852,0.9500000476837158,1.171441912651062
1.0454846620559692,0.9350000619888306,1.3907320499420166
1.0292742252349854,0.9600000381469727,1.342311978340149
1.0199999809265137,0.9800000190734863,1.2366620302200317
1.033951759338379,0.9500000476837158,2.2606120109558105
1.0330150127410889,0.9500000476837158,1.3583918809890747
1.0269951820373535,0.9700000286102295,1.5334420204162598
1.050182819366455,0.9200000762939453,2.7003121376037598
1.0424565076828003,0.9150000810623169,2.25327205657959
1.0337425470352173,0.9550000429153442,1.3650219440460205
1.0418976545333862,0.9450000524520874,1.1124119758605957
1.039945125579834,0.9450000524520874,1.4508520364761353
1.0599173307418823,0.9050000309944153,2.0247719287872314
1.0365283489227295,0.9450000524520874,1.7175520658493042
1.0199999809265137,0.9800000190734863,1.0596920251846313
1.0221004486083984,0.9750000238418579,1.0877621173858643
1.029593586921692,0.9650000333786011,1.1234920024871826
1.0382732152938843,0.9600000381469727,1.2983219623565674
1.0303773880004883,0.9550000429153442,1.5123519897460938
1.0352399349212646,0.9500000476837158,1.2833219766616821
1.0425077676773071,0.9350000619888306,1.3755121231079102
1.0199999809265137,0.9800000190734863,1.193552017211914
1.024267554283142,0.9700000286102295,1.3445719480514526
1.0199999809265137,0.9800000190734863,1.1345919370651245
1.0264906883239746,0.9700000286102295,1.1633418798446655
1.024999976158142,0.9750000238418579,1.050601840019226
1.0355453491210938,0.9600000381469727,1.2362220287322998
1.0489184856414795,0.9300000667572021,1.5755020380020142
1.0266149044036865,0.9700000286102295,1.0656520128250122
1.024999976158142,0.9750000238418579,1.0361919403076172
1.0263456106185913,0.9700000286102295,1.2785019874572754
1.0352708101272583,0.9500000476837158,1.3584219217300415
1.0199999809265137,0.9800000190734863,1.1460620164871216
1.0386615991592407,0.9500000476837158,1.469081997871399
1.0258042812347412,0.9650000333786011,1.2474420070648193
1.0199999809265137,0.9800000190734863,1.0575319528579712
1.0544298887252808,0.9350000619888306,1.3058619499206543
1.024999976158142,0.9750000238418579,1.0645320415496826
1.0229276418685913,0.9750000238418579,1.1189719438552856
1.0367794036865234,0.9600000381469727,1.198612093925476
1.0268137454986572,0.9650000333786011,1.118481993675232
1.0199999809265137,0.9800000190734863,1.243311882019043
1.038623571395874,0.9500000476837158,1.336832046508789
1.0265246629714966,0.9700000286102295,1.083561897277832
1.027860403060913,0.9700000286102295,1.071071982383728
1.0370557308197021,0.9500000476837158,1.195012092590332
1.034082055091858,0.9600000381469727,1.3400120735168457
1.0493594408035278,0.9150000810623169,1.8899619579315186
1.0199999809265137,0.9800000190734863,1.0375418663024902
1.0279043912887573,0.9600000381469727,1.4297120571136475
1.0369278192520142,0.9550000429153442,1.4126819372177124
1.0259042978286743,0.9550000429153442,1.2325620651245117
1.032006025314331,0.9600000381469727,1.4786720275878906
1.0391030311584473,0.9500000476837158,1.3728018999099731
1.0427501201629639,0.925000011920929,1.949671983718872
1.0313255786895752,0.9500000476837158,2.016672134399414
1.0383055210113525,0.9350000023841858,2.38263201713562
1.0325531959533691,0.9550000429153442,1.1258920431137085
1.029178500175476,0.9650000333786011,1.041592001914978
1.04096257686615,0.940000057220459,1.956902027130127
1.033600926399231,0.9600000381469727,1.3269120454788208
1.027500033378601,0.9700000286102295,1.065821886062622
1.0222673416137695,0.9650000333786011,1.3092421293258667
1.024999976158142,0.9750000238418579,1.0619820356369019
1.024999976158142,0.9750000238418579,1.0776419639587402
1.0314439535140991,0.9650000333786011,1.1284018754959106
1.031602382659912,0.9550000429153442,1.280932068824768
1.0222786664962769,0.9750000238418579,1.1176820993423462
1.0257151126861572,0.9700000286102295,1.1999820470809937
1.0241413116455078,0.9700000286102295,1.3103818893432617
1.0377461910247803,0.9450000524520874,1.6692720651626587
1.049752116203308,0.9350000619888306,1.6053420305252075
1.0339314937591553,0.9500000476837158,1.3713419437408447
1.024999976158142,0.9750000238418579,1.0695419311523438
1.0401142835617065,0.940000057220459,1.2315219640731812
1.0212563276290894,0.9750000238418579,1.1131221055984497
1.037733554840088,0.9500000476837158,1.1865620613098145
1.0485432147979736,0.9450000524520874,1.1835119724273682
1.0199999809265137,0.9800000190734863,1.0929219722747803
1.042976975440979,0.9450000524520874,1.137972116470337
1.0489140748977661,0.940000057220459,1.2728220224380493
1.0415878295898438,0.9450000524520874,1.5806820392608643
1.0243667364120483,0.9650000333786011,1.2179820537567139
1.0380712747573853,0.9550000429153442,1.220542073249817
1.0234555006027222,0.9700000286102295,1.1204019784927368
1.027594804763794,0.9650000333786011,1.1168919801712036
1.0199999809265137,0.9800000190734863,1.1655420064926147
1.0283029079437256,0.9700000286102295,1.0692819356918335
1.0261764526367188,0.9700000286102295,1.1477019786834717
1.035903811454773,0.9500000476837158,1.3751020431518555
1.0285354852676392,0.9700000286102295,1.0645819902420044
1.0376087427139282,0.9600000381469727,1.1619619131088257
1.0368077754974365,0.9450000524520874,1.5945121049880981
1.0309314727783203,0.9600000381469727,1.2174521684646606
1.0248461961746216,0.9700000286102295,1.2013620138168335
1.0357139110565186,0.9500000476837158,1.3361319303512573
1.024999976158142,0.9750000238418579,1.092311978340149
1.0353773832321167,0.9550000429153442,1.395151972770691
1.0269542932510376,0.9700000286102295,1.1170519590377808
1.0199999809265137,0.9800000190734863,1.1151819229125977
1.0366895198822021,0.9500000476837158,1.1758419275283813
1.0345256328582764,0.9600000381469727,1.101011872291565
1.0199999809265137,0.9800000190734863,1.0285720825195312
1.0424124002456665,0.9500000476837158,1.101011872291565
1.0331382751464844,0.9500000476837158,1.2932720184326172
1.0356831550598145,0.9500000476837158,1.770442008972168
1.0199999809265137,0.9800000190734863,1.1126818656921387
1.0216264724731445,0.9750000238418579,1.301292061805725
1.043172001838684,0.9450000524520874,1.3927220106124878
1.0245226621627808,0.9750000238418579,1.033932089805603
1.0271437168121338,0.9700000286102295,1.030392050743103
1.0223569869995117,0.9750000238418579,1.1514719724655151
1.024999976158142,0.9750000238418579,1.0702719688415527
1.024999976158142,0.9750000238418579,1.1517419815063477
1.024999976158142,0.9750000238418579,1.053272008895874
1.0199999809265137,0.9800000190734863,1.0370019674301147
1.0525470972061157,0.9350000619888306,1.2593719959259033
1.0199999809265137,0.9800000190734863,1.0402820110321045
1.031751036643982,0.9600000381469727,1.301252007484436
1.0322250127792358,0.9600000381469727,1.09551203250885
