693
751
813
755
397
1031
231
564
485
141
632
434
664
152
1070
955
380
120
871
941
939
240
342
802
721
883
1073
997
400
171
206
673
26
763
570
103
942
630
115
557
609
303
879
413
134
378
972
225
412
617
762
823
392
738
200
594
676
1017
807
65
512
160
788
864
117
680
258
22
221
726
789
232
909
395
45
850
212
1058
913
891
555
247
77
499
420
270
613
431
584
90
577
1036
1028
618
698
484
866
740
573
173
315
263
1029
611
455
946
636
463
649
67
209
1076
20
629
163
945
669
355
728
41
87
856
326
692
0
1011
220
987
917
50
559
1026
304
736
31
520
735
135
926
690
458
487
72
616
3
93
330
219
440
428
1037
442
343
1057
944
805
995
1001
259
369
907
308
10
588
1014
27
310
348
234
713
438
350
317
283
924
885
151
640
184
1034
780
528
346
261
257
439
770
486
267
514
1064
638
448
787
551
293
746
300
302
523
186
1033
914
9
129
549
981
375
786
764
978
653
110
130
345
1063
201
183
208
765
931
265
803
1049
837
645
847
235
311
601
863
189
154
34
1009
901
388
696
637
749
1021
478
791
253
238
1006
101
558
441
81
202
840
898
376
904
920
748
427
471
940
919
37
862
71
718
66
952
961
529
1000
571
1056
132
275
706
825
7
181
266
604
14
646
703
482
663
930
759
195
912
859
1046
742
331
966
545
833
473
943
358
453
779
241
832
390
309
501
32
204
778
936
980
716
1018
884
621
112
635
547
956
766
612
296
619
734
852
271
973
356
203
857
490
105
836
68
722
623
148
533
887
709
298
481
268
19
1040
21
794
191
54
96
251
772
396
905
367
731
720
816
865
237
387
125
953
725
108
29
701
104
479
59
1042
166
560
910
929
48
177
627
521
83
58
1044
488
205
281
889
580
743
156
1025
489
188
1060
359
860
651
451
450
1003
335
402
712
554
744
839
705
1065
808
461
264
1008
1024
668
858
1077
28
223
1061
136
89
511
546
409
1004
880
279
418
18
923
782
457
168
868
312
150
614
1051
881
222
798
641
792
493
1022
643
1055
538
893
873
316
1039
949
305
86
433
260
39
996
911
918
975
410
456
999
218
70
932
888
509
436
733
536
654
830
210
464
468
1038
695
462
671
1020
370
686
679
361
797
366
624
800
596
498
116
715
255
607
694
362
344
107
587
935
180
286
99
248
958
483
140
1023
938
535
4
729
745
64
174
870
678
877
111
575
761
861
277
95
176
474
925
670
437
194
1005
1071
569
933
432
276
796
282
964
937
118
56
162
126
351
875
674
916
516
314
414
615
250
610
684
906
915
519
1
707
526
983
750
890
55
784
565
44
822
495
1016
393
338
224
363
518
246
872
60
158
196
928
582
934
592
774
285
572
1052
970
242
1030
16
465
1007
40
848
197
179
648
974
243
537
207
239
842
145
323
336
459
124
245
568
290
894
53
591
896
1050
767
1072
530
38
756
812
46
947
843
122
138
589
656
244
708
337
622
631
113
1053
1069
895
1075
472
193
532
846
1047
480
143
508
1041
899
542
354
976
552
688
288
691
284
986
562
198
262
497
35
793
988
252
128
599
667
799
13
278
443
23
1059
75
445
147
699
6
199
650
178
979
167
711
211
687
502
164
657
853
962
467
1067
655
851
849
449
33
1066
30
91
783
11
998
57
121
531
332
826
785
757
217
1010
818
421
908
739
515
820
989
368
730
272
598
98
384
230
900
327
321
94
254
1002
959
307
543
809
371
951
92
927
950
876
831
886
769
334
119
633
534
385
460
595
347
280
74
510
182
522
15
422
1032
700
291
78
36
717
892
878
144
249
525
882
429
1043
1027
322
867
574
606
273
137
69
662
724
971
841
702
968
801
723
527
697
652
675
727
415
969
49
476
374
