195
199
303
146
69
393
87
475
134
442
333
123
353
231
171
367
66
185
181
437
299
284
448
347
12
42
249
417
384
432
278
108
267
220
491
85
104
229
354
187
479
288
266
431
348
400
25
443
321
19
147
290
331
135
215
407
405
308
216
322
242
416
458
298
84
94
499
374
454
121
11
37
132
92
300
8
124
77
377
305
232
247
23
399
277
296
316
385
311
130
219
457
211
293
129
329
22
320
368
150
474
426
245
149
82
428
125
364
323
378
425
137
95
265
430
304
357
111
424
381
441
106
97
403
162
447
390
395
18
372
120
109
415
203
57
309
248
460
438
476
452
190
221
179
34
159
414
346
47
186
