1.0890001058578491,0.9910001158714294,3.000004768371582
1.1899999380111694,0.9910001158714294,2.999988079071045
2.0280001163482666,0.9769999980926514,2.999995231628418
1.251999855041504,0.9930000901222229,2.999997138977051
1.1779999732971191,0.9920001029968262,2.99999737739563
1.1970000267028809,0.9900000095367432,3.0000059604644775
1.1469999551773071,0.9900000691413879,3.000001907348633
1.1449998617172241,0.9920000433921814,3.0000059604644775
1.2369999885559082,0.9900000095367432,3.0000057220458984
1.2640000581741333,0.9860000610351562,3.0000033378601074
1.1149998903274536,0.9879999756813049,3.0000059604644775
1.196000099182129,0.9900001287460327,3.0000054836273193
1.3959999084472656,0.9900001287460327,3.000002861022949
1.2559999227523804,0.984000027179718,3.0000064373016357
1.3220000267028809,0.984000027179718,2.9999969005584717
5.28000020980835,0.9340000152587891,3.000002861022949
1.371999979019165,0.9910000562667847,3.000002384185791
1.0730000734329224,0.9940000772476196,3.0000064373016357
1.253999948501587,0.9880000352859497,2.9999969005584717
1.0549999475479126,0.9950000643730164,3.0000057220458984
1.0829999446868896,0.9950000643730164,3.0000054836273193
1.0940001010894775,0.9950000643730164,3.0000059604644775
1.1480000019073486,0.9930000901222229,3.0000011920928955
1.227000117301941,0.9950000643730164,3.0
1.0819998979568481,0.9940000772476196,3.0000054836273193
2.7390003204345703,0.9679999351501465,3.0000030994415283
1.2289999723434448,0.987000048160553,3.000002384185791
1.2369999885559082,0.987000048160553,3.0000014305114746
1.3209999799728394,0.9910000562667847,2.9999961853027344
1.4620000123977661,0.9839999675750732,3.0000011920928955
1.0780000686645508,0.9930000901222229,3.0000052452087402
1.5,0.9900000691413879,2.999995470046997
1.4930000305175781,0.9850000739097595,2.999997138977051
3.0820000171661377,0.9649999737739563,2.9999938011169434
1.6150000095367432,0.9859999418258667,2.999990701675415
1.9230000972747803,0.9809999465942383,2.99999737739563
2.6110000610351562,0.9709999561309814,2.9999988079071045
1.1910001039505005,0.9900001287460327,3.0000054836273193
1.2370001077651978,0.9900001287460327,3.0000014305114746
2.122000217437744,0.965999960899353,2.9999988079071045
2.0889999866485596,0.9729999303817749,2.9999914169311523
1.1990000009536743,0.9890000224113464,2.999997138977051
2.2279999256134033,0.9760000109672546,2.9999918937683105
1.2150001525878906,0.9900000095367432,3.0000057220458984
1.2259999513626099,0.9890000820159912,2.9999969005584717
4.4639997482299805,0.9420000314712524,3.0000011920928955
1.1720000505447388,0.9900001287460327,3.0000054836273193
1.1699999570846558,0.9930000901222229,3.000004291534424
1.2289999723434448,0.9920001029968262,2.999988079071045
1.2860000133514404,0.9829999804496765,2.9999969005584717
1.095000147819519,0.9950000643730164,3.0000059604644775
1.064000129699707,0.9930000305175781,3.0000059604644775
1.9809999465942383,0.968999981880188,3.0000030994415283
1.2269999980926514,0.9869999885559082,3.0000057220458984
1.3229999542236328,0.9860000610351562,2.9999966621398926
1.3380000591278076,0.987000048160553,3.0000040531158447
1.1869999170303345,0.9920000433921814,3.0000052452087402
1.087999939918518,0.9940000772476196,3.0000061988830566
1.321000099182129,0.9880000352859497,3.000004291534424
1.0299999713897705,0.9950000643730164,3.000004768371582
1.315000057220459,0.9850000143051147,3.0000011920928955
1.7190001010894775,0.9850000143051147,2.9999966621398926
1.3050000667572021,0.987000048160553,2.999997138977051
1.2489999532699585,0.9930000901222229,3.0000040531158447
1.309999942779541,0.9839999675750732,3.0000057220458984
1.1949999332427979,0.9940000772476196,2.999992847442627
1.1490000486373901,0.9940000772476196,3.0000014305114746
1.912000060081482,0.9850000143051147,2.9999966621398926
1.3370000123977661,0.9900000095367432,3.0000016689300537
1.0879998207092285,0.9950000643730164,3.0000061988830566
1.0529999732971191,0.9950000643730164,3.0000052452087402
1.1929999589920044,0.9950000643730164,2.999990940093994
1.2280000448226929,0.9869999885559082,3.0000057220458984
1.246000051498413,0.9860000610351562,3.0000011920928955
1.1769999265670776,0.9930000305175781,3.00000262260437
1.2369999885559082,0.9930000901222229,2.999988317489624
1.681999921798706,0.984000027179718,2.9999988079071045
1.1339999437332153,0.9880000352859497,2.9999969005584717
1.0839999914169312,0.9940000772476196,2.9999966621398926
1.2910001277923584,0.9930000305175781,2.9999992847442627
1.3330000638961792,0.9900001287460327,2.999992609024048
1.16100013256073,0.9950000643730164,3.000005006790161
1.1370000839233398,0.9930000901222229,3.0000057220458984
1.2039999961853027,0.9950000643730164,2.999995231628418
1.3119999170303345,0.9839999675750732,3.0000014305114746
2.0340001583099365,0.9750000238418579,2.999988079071045
1.096000075340271,0.9950000643730164,3.0000059604644775
1.3399999141693115,0.9900000095367432,3.0000009536743164
1.1759999990463257,0.9950000643730164,3.0000038146972656
1.097999930381775,0.9950000643730164,3.0000057220458984
1.2540000677108765,0.9910000562667847,3.000004291534424
1.1409999132156372,0.9920000433921814,3.0000064373016357
1.093000054359436,0.9950000643730164,3.0000059604644775
1.0319998264312744,0.9950000643730164,3.0000052452087402
1.2939999103546143,0.9900000691413879,2.999997138977051
1.2230000495910645,0.9910001158714294,2.999992847442627
1.1050000190734863,0.9950000643730164,3.0000052452087402
1.1440000534057617,0.9920000433921814,3.0000059604644775
1.196000099182129,0.9880000352859497,3.0000059604644775
1.0509999990463257,0.9950000643730164,3.0000057220458984
1.2160000801086426,0.9839999675750732,3.0000059604644775
1.2030000686645508,0.9869999885559082,3.0000057220458984
1.311000108718872,0.9829999208450317,2.999997138977051
1.5449999570846558,0.9779999852180481,2.999992847442627
1.1339999437332153,0.9900001287460327,3.0000054836273193
1.472000002861023,0.9799999594688416,2.999992609024048
3.943000316619873,0.9740000367164612,2.9999966621398926
1.7130000591278076,0.9750000238418579,3.000001907348633
1.1359999179840088,0.9910001158714294,3.0000052452087402
1.2839999198913574,0.9890000224113464,2.999999523162842
1.2660000324249268,0.9930000901222229,3.000002145767212
1.069000005722046,0.9940000772476196,3.0000014305114746
1.2120001316070557,0.9900000095367432,3.0000014305114746
1.2009999752044678,0.9880000352859497,3.0000009536743164
1.1159999370574951,0.9920001029968262,3.0000059604644775
1.1469999551773071,0.9930000901222229,3.0000059604644775
1.2020000219345093,0.9890000820159912,3.000004291534424
1.537000060081482,0.9839999079704285,2.99999737739563
1.558000087738037,0.9839999079704285,2.999997138977051
1.093000054359436,0.9950000643730164,3.0000054836273193
1.3259999752044678,0.9900000691413879,2.9999992847442627
1.2760001420974731,0.9840000867843628,3.0
1.4800000190734863,0.9810000658035278,2.999999761581421
1.127000093460083,0.9920001029968262,3.000005006790161
1.843000054359436,0.9709999561309814,2.9999923706054688
1.3609999418258667,0.9850000143051147,3.0000052452087402
1.3640002012252808,0.9940000772476196,2.999995231628418
2.2189998626708984,0.9839999079704285,2.9999969005584717
2.259000062942505,0.981999933719635,2.9999938011169434
1.1349999904632568,0.9950000643730164,2.9999969005584717
1.150999903678894,0.9920001029968262,3.0000009536743164
1.5410001277923584,0.984000027179718,2.9999966621398926
1.659000039100647,0.9860000014305115,2.9999935626983643
2.451000213623047,0.9700000286102295,2.9999911785125732
1.2380000352859497,0.9869999885559082,2.9999966621398926
1.196000099182129,0.987000048160553,3.0000057220458984
1.6759999990463257,0.9760000109672546,3.0000057220458984
1.2700001001358032,0.9910000562667847,2.999992847442627
1.3359999656677246,0.9829999804496765,3.0000014305114746
1.3360000848770142,0.9849998950958252,3.0000014305114746
1.3539999723434448,0.9849998950958252,3.0000011920928955
1.1890000104904175,0.9950000643730164,3.0000057220458984
1.373000144958496,0.9900000095367432,2.9999964237213135
1.4350000619888306,0.9930000901222229,2.9999985694885254
1.3809999227523804,0.9820000529289246,3.00000262260437
1.4790000915527344,0.9859999418258667,3.000004529953003
1.3200000524520874,0.987000048160553,3.0000057220458984
1.0820000171661377,0.9930000901222229,3.0000054836273193
1.557999849319458,0.9819999933242798,2.9999961853027344
1.1249998807907104,0.9930000901222229,3.0000057220458984
1.2260000705718994,0.9900000691413879,3.0000040531158447
1.253000020980835,0.9910001158714294,3.0000054836273193
1.1129999160766602,0.9950000643730164,3.0000052452087402
1.3240000009536743,0.9950000643730164,2.999988317489624
1.341999888420105,0.987000048160553,3.0000059604644775
1.1339999437332153,0.9920000433921814,3.0000054836273193
1.1029999256134033,0.9930000901222229,3.0000057220458984
1.1329998970031738,0.9940000772476196,3.000005006790161
1.2139999866485596,0.9860000014305115,3.0000014305114746
1.2090001106262207,0.9850000143051147,3.0000057220458984
1.3630000352859497,0.981999933719635,3.0000016689300537
1.5250000953674316,0.9790000319480896,2.9999992847442627
1.2639999389648438,0.9850000143051147,2.9999964237213135
1.180999994277954,0.9880000948905945,2.999997138977051
1.1579999923706055,0.9880000352859497,3.0000052452087402
1.444000005722046,0.9789999723434448,3.0000016689300537
1.5500000715255737,0.9809999465942383,3.00000262260437
1.379000186920166,0.9799999594688416,3.0000009536743164
1.3589999675750732,0.9900000691413879,2.999992609024048
1.352000117301941,0.9829999804496765,2.9999923706054688
1.099000096321106,0.9930000305175781,3.0000061988830566
1.0750000476837158,0.9950000643730164,3.0000057220458984
1.1429998874664307,0.9940000772476196,2.999997615814209
1.156000018119812,0.9930000901222229,3.0000061988830566
1.1460001468658447,0.9920001029968262,3.0000061988830566
1.4070000648498535,0.9819999933242798,2.999999761581421
1.2740000486373901,0.9890000224113464,3.0000040531158447
1.215999960899353,0.9829999804496765,3.0000059604644775
1.3200000524520874,0.9799999594688416,3.000001907348633
1.0860000848770142,0.9950000643730164,3.0000059604644775
1.440000057220459,0.9900000691413879,2.9999983310699463
1.065999984741211,0.9950000643730164,3.0000054836273193
1.0570000410079956,0.9920001029968262,3.0000052452087402
1.1469999551773071,0.9890000224113464,3.0000007152557373
1.2020000219345093,0.9880000352859497,3.000000476837158
1.7009999752044678,0.9829999804496765,3.00000262260437
1.0800001621246338,0.9909999966621399,3.0000054836273193
1.156999945640564,0.9920001029968262,3.0000059604644775
1.2080000638961792,0.9860000014305115,3.0000057220458984
1.4810000658035278,0.9830000400543213,3.0000054836273193
1.2059999704360962,0.9930000305175781,3.0000011920928955
1.937000036239624,0.9749999642372131,3.0000040531158447
1.1220000982284546,0.9930000901222229,3.0000059604644775
1.6180000305175781,0.9790000319480896,2.9999923706054688
1.1460000276565552,0.9940000772476196,3.0000014305114746
1.128999948501587,0.9950000643730164,2.999997138977051
1.5989999771118164,0.9779999256134033,3.00000262260437
1.1110000610351562,0.9920001029968262,3.0000054836273193
1.5450000762939453,0.9859999418258667,3.0000038146972656
1.6699999570846558,0.9849998950958252,3.000004768371582
1.8270000219345093,0.9859999418258667,3.000000238418579
1.2050000429153442,0.984000027179718,3.0000059604644775
1.4370001554489136,0.9799999594688416,3.0000040531158447
1.402999997138977,0.9769999980926514,3.0000052452087402
1.0850000381469727,0.9910000562667847,3.0000057220458984
1.2710000276565552,0.9940000772476196,2.9999923706054688
1.165000081062317,0.9920000433921814,3.0000061988830566
1.059999942779541,0.9940000772476196,3.000005006790161
1.0629998445510864,0.9950000643730164,3.0000059604644775
2.809000015258789,0.972000002861023,2.999995708465576
2.332000255584717,0.9849998950958252,2.9999990463256836
1.1080000400543213,0.9930000901222229,2.9999966621398926
1.305999994277954,0.9839999675750732,3.0000054836273193
1.097999930381775,0.9900001287460327,3.0000057220458984
1.1699999570846558,0.9910000562667847,3.0000057220458984
1.4930000305175781,0.9709999561309814,3.0000057220458984
1.13100004196167,0.9910000562667847,3.0000057220458984
1.2910000085830688,0.9910000562667847,2.999992609024048
1.3279998302459717,0.9829999804496765,2.999988079071045
1.3650001287460327,0.9930000901222229,2.9999966621398926
1.186000108718872,0.9900000691413879,3.0000057220458984
1.2070001363754272,0.9920000433921814,3.0000014305114746
1.1120001077651978,0.9910001158714294,3.0000057220458984
1.377000093460083,0.9869999885559082,2.9999969005584717
1.4309998750686646,0.9799999594688416,2.9999923706054688
1.1790001392364502,0.9890000224113464,3.0000052452087402
1.1770000457763672,0.9870001077651978,3.0000059604644775
1.1410000324249268,0.9930000901222229,3.0000057220458984
1.124000072479248,0.9900000095367432,3.0000054836273193
1.2400001287460327,0.9860000014305115,3.000001907348633
1.1600000858306885,0.9900000691413879,3.0000009536743164
1.0980000495910645,0.9950000643730164,3.0000057220458984
1.2289999723434448,0.9860000610351562,3.0000057220458984
1.2579998970031738,0.9859999418258667,3.0000054836273193
1.534999966621399,0.9879999756813049,2.99999737739563
1.3249999284744263,0.9880000352859497,2.9999985694885254
2.1700000762939453,0.9819999933242798,2.999997138977051
1.0959999561309814,0.9930000901222229,3.0000052452087402
1.0950000286102295,0.9890000820159912,3.0000059604644775
1.1950000524520874,0.9839999079704285,3.0000014305114746
1.428999900817871,0.9869999885559082,3.000002384185791
1.4200000762939453,0.9910001158714294,2.9999988079071045
1.3259998559951782,0.9920001029968262,2.9999940395355225
1.0839999914169312,0.9920001029968262,3.0000054836273193
1.0740001201629639,0.9930000305175781,3.0000057220458984
1.0439999103546143,0.9940000772476196,3.000005006790161
1.1530001163482666,0.9860000014305115,3.000004768371582
1.4500000476837158,0.9800000190734863,3.0000011920928955
1.0870000123977661,0.9880000352859497,3.000004768371582
1.180999994277954,0.9890000224113464,3.0000064373016357
1.0820000171661377,0.9909999966621399,3.0000052452087402
1.1120001077651978,0.9910000562667847,3.0000061988830566
1.4420000314712524,0.9739999771118164,3.0000009536743164
1.0980000495910645,0.9920001029968262,3.0000059604644775
1.2510000467300415,0.9860000014305115,2.9999969005584717
1.289000153541565,0.9880000948905945,3.0000014305114746
1.3480000495910645,0.9850000739097595,2.9999959468841553
1.192000150680542,0.9900001287460327,2.999997138977051
1.1669999361038208,0.9839999675750732,3.000005006790161
1.0839998722076416,0.9940000772476196,3.0000061988830566
1.1360000371932983,0.9870001077651978,3.000005006790161
1.1029999256134033,0.9910000562667847,3.0000057220458984
1.2319999933242798,0.9950000643730164,2.9999990463256836
1.4940001964569092,0.9860000014305115,2.9999990463256836
1.3179999589920044,0.9840000867843628,2.9999983310699463
1.224000096321106,0.9910001158714294,2.999992609024048
1.090000033378601,0.9940000772476196,3.0000061988830566
1.1010000705718994,0.9930000901222229,3.0000057220458984
1.1110000610351562,0.9950000643730164,2.9999988079071045
1.2370001077651978,0.9880000352859497,3.0000057220458984
1.2730001211166382,0.9920000433921814,3.0
1.409000039100647,0.9810000061988831,3.0000016689300537
1.1749999523162842,0.9900000095367432,3.0000061988830566
1.9670000076293945,0.968999981880188,3.0
1.124000072479248,0.9920000433921814,3.0000057220458984
1.0420000553131104,0.9950000643730164,3.0000059604644775
1.1290000677108765,0.9940000772476196,3.0000059604644775
1.1220000982284546,0.9930000305175781,3.0000054836273193
1.3889999389648438,0.9829999804496765,3.000002384185791
2.2239999771118164,0.9679999947547913,2.999995470046997
1.337999939918518,0.9930000901222229,3.0000040531158447
1.180999994277954,0.9930000901222229,3.0000038146972656
1.1710000038146973,0.9920001029968262,3.0000061988830566
1.5679999589920044,0.9789999723434448,2.9999942779541016
1.3380000591278076,0.9869999885559082,3.000004291534424
1.1139999628067017,0.9950000643730164,2.9999969005584717
1.1029998064041138,0.9950000643730164,3.0000059604644775
1.5730000734329224,0.9739999771118164,3.0000052452087402
1.1649999618530273,0.9909999966621399,3.0000052452087402
1.2389999628067017,0.9900000691413879,3.0000014305114746
1.25,0.9860000014305115,3.0000061988830566
1.4840000867843628,0.984000027179718,2.999999523162842
1.343000054359436,0.9800000786781311,2.99999737739563
1.532000184059143,0.9759999513626099,3.0000057220458984
1.0789999961853027,0.9940000772476196,3.0000052452087402
1.1800000667572021,0.9890000224113464,3.0000014305114746
1.0759999752044678,0.9910001158714294,3.0000052452087402
1.1239999532699585,0.9930000901222229,2.99999737739563
1.4209998846054077,0.9869999289512634,2.9999945163726807
1.9950000047683716,0.966999888420105,2.9999964237213135
1.5509999990463257,0.9799999594688416,2.999999523162842
1.352000117301941,0.9789999723434448,2.9999969005584717
1.2660000324249268,0.9940000772476196,3.0
1.2089999914169312,0.9900000691413879,3.0000054836273193
1.2370001077651978,0.9860000610351562,2.999997138977051
1.1749999523162842,0.9920001029968262,3.0000009536743164
1.2209999561309814,0.9859999418258667,3.0000057220458984
1.2559998035430908,0.9890000224113464,2.999995708465576
1.3759998083114624,0.9800000190734863,3.0000030994415283
1.3220000267028809,0.9880000352859497,3.0000054836273193
1.3299999237060547,0.9850000143051147,2.999997138977051
1.38100004196167,0.9829999208450317,2.9999969005584717
1.540000081062317,0.9780000448226929,2.9999990463256836
1.2470000982284546,0.9869999885559082,2.9999923706054688
1.2549999952316284,0.9900000095367432,3.0000011920928955
1.434000015258789,0.9860000014305115,2.9999940395355225
1.0480000972747803,0.9950000643730164,3.0000061988830566
1.3649998903274536,0.9799999594688416,2.999988317489624
1.1450001001358032,0.9900000691413879,3.0000057220458984
1.0950000286102295,0.9940000772476196,3.0000016689300537
1.3980000019073486,0.9880000352859497,2.9999966621398926
1.2530001401901245,0.9910000562667847,2.999988079071045
1.1129999160766602,0.9920001029968262,3.0000057220458984
1.2339999675750732,0.9880000352859497,3.0000054836273193
1.1109999418258667,0.9900000691413879,3.0000009536743164
1.1340000629425049,0.9930000901222229,3.0000064373016357
1.162000060081482,0.9920001029968262,3.0000059604644775
1.2250001430511475,0.9880000352859497,3.000005006790161
1.124000072479248,0.9930000901222229,3.0000057220458984
1.3749998807907104,0.9890000820159912,3.000004291534424
1.0720001459121704,0.9950000643730164,3.0000011920928955
1.0959999561309814,0.9950000643730164,3.0000059604644775
1.1380001306533813,0.9930000901222229,3.0000057220458984
1.2899999618530273,0.9849998950958252,3.0000057220458984
1.068000078201294,0.9940000772476196,3.0000059604644775
1.2380000352859497,0.9940000772476196,2.999987840652466
1.1510001420974731,0.9940000772476196,3.0000014305114746
1.221000075340271,0.9850000143051147,3.0000057220458984
1.0589998960494995,0.9950000643730164,3.0000054836273193
1.1089999675750732,0.9940000772476196,2.9999992847442627
1.127000093460083,0.9940000772476196,2.9999969005584717
1.0729999542236328,0.9950000643730164,3.0000059604644775
1.0689998865127563,0.9930000305175781,3.000004529953003
1.5109999179840088,0.9900000691413879,2.999999761581421
1.3050001859664917,0.9950000643730164,2.999995708465576
1.0980000495910645,0.9920000433921814,3.0000057220458984
1.156000018119812,0.9880000352859497,3.0000061988830566
1.312999963760376,0.9880000352859497,2.999999523162842
1.6100000143051147,0.9820000529289246,2.999994993209839
1.2079999446868896,0.9869999885559082,3.0000016689300537
1.1190000772476196,0.9930000901222229,3.0000057220458984
1.312000036239624,0.9890000224113464,2.999990701675415
1.3279999494552612,0.9860000014305115,3.0000011920928955
1.312000036239624,0.9880000352859497,3.0000040531158447
1.0699999332427979,0.9950000643730164,3.0000057220458984
1.0989999771118164,0.9930000901222229,2.999997138977051
1.0439999103546143,0.9950000643730164,3.0000052452087402
1.3830000162124634,0.9759999513626099,2.999992609024048
1.059000015258789,0.9940000772476196,3.0000057220458984
1.1110000610351562,0.9880000352859497,3.000005006790161
1.0860000848770142,0.9880000352859497,3.000005006790161
1.0829999446868896,0.9900000095367432,3.0000061988830566
1.1100000143051147,0.9950000643730164,3.0000011920928955
1.097000002861023,0.9930000305175781,3.0000016689300537
1.813999891281128,0.9820000529289246,2.9999923706054688
1.0590001344680786,0.9950000643730164,3.0000061988830566
1.0529999732971191,0.9950000643730164,3.0000057220458984
1.880000114440918,0.9780000448226929,2.9999938011169434
1.3289999961853027,0.9900001287460327,2.999999523162842
1.308000087738037,0.9900001287460327,2.999999523162842
1.2720000743865967,0.9830000400543213,3.0000059604644775
1.1139999628067017,0.9890000820159912,3.0000054836273193
1.0619999170303345,0.9920001029968262,3.0000054836273193
1.1369999647140503,0.9910000562667847,3.0000016689300537
1.2390000820159912,0.9839999675750732,3.0000059604644775
1.2880001068115234,0.9910001158714294,3.0000033378601074
1.0510001182556152,0.9950000643730164,3.000005006790161
1.2259999513626099,0.9880000352859497,2.9999966621398926
1.08899986743927,0.9940000772476196,2.99999737739563
1.5530002117156982,0.9869999885559082,3.00000262260437
1.121999979019165,0.9890000224113464,3.0000057220458984
1.1349999904632568,0.9850000143051147,3.0000059604644775
1.0749999284744263,0.9920001029968262,3.000004768371582
1.1360000371932983,0.9950000643730164,2.999997138977051
1.3029999732971191,0.9890000224113464,2.9999938011169434
1.1319999694824219,0.9880000352859497,2.9999964237213135
1.084999918937683,0.9940000772476196,3.0000054836273193
1.8920000791549683,0.9829999804496765,3.000002861022949
1.434000015258789,0.9819999933242798,3.0000007152557373
1.2440000772476196,0.9880000352859497,2.999992609024048
1.1090000867843628,0.9890000224113464,3.0000057220458984
1.1360000371932983,0.9890000224113464,3.0000059604644775
1.284000039100647,0.9799999594688416,3.000001907348633
1.1699999570846558,0.9890000224113464,3.0000016689300537
1.069000005722046,0.9950000643730164,3.0000064373016357
1.060999870300293,0.9930000901222229,3.0000052452087402
1.093999981880188,0.9920001029968262,3.0000061988830566
1.1740000247955322,0.9910001158714294,2.999997138977051
1.1519999504089355,0.9900000691413879,2.999988555908203
1.1970000267028809,0.9880000948905945,2.99999737739563
1.1150000095367432,0.9869999289512634,3.0000054836273193
1.2440000772476196,0.9950000643730164,3.00000262260437
1.1149998903274536,0.9930000305175781,3.0000052452087402
1.1209999322891235,0.9950000643730164,3.0000057220458984
1.0980000495910645,0.9940000772476196,2.9999966621398926
1.0320000648498535,0.9950000643730164,3.000005006790161
1.122999906539917,0.9920001029968262,3.000005006790161
1.1390000581741333,0.98499995470047,3.0000057220458984
1.0770000219345093,0.9920001029968262,3.0000009536743164
1.0349998474121094,0.9950000643730164,3.000005006790161
1.1150000095367432,0.9940000772476196,3.0000057220458984
1.1729999780654907,0.9879999756813049,3.0000052452087402
1.1390000581741333,0.9950000643730164,2.9999969005584717
1.1390000581741333,0.9890000224113464,3.0000052452087402
1.149999976158142,0.9920001029968262,2.999997138977051
1.0730000734329224,0.9950000643730164,3.0000054836273193
1.3140000104904175,0.9849998950958252,2.9999966621398926
1.0779999494552612,0.9950000643730164,3.0000057220458984
1.0479998588562012,0.9930000901222229,3.0000052452087402
1.1909998655319214,0.9900001287460327,3.0000054836273193
1.1380000114440918,0.9920000433921814,3.0000054836273193
1.2020000219345093,0.9950000643730164,2.999997854232788
1.1230000257492065,0.9890000820159912,2.999997138977051
1.1269999742507935,0.9930000901222229,2.999997138977051
1.0500000715255737,0.9940000772476196,3.0000057220458984
1.1159999370574951,0.9900000691413879,3.0000057220458984
1.1839998960494995,0.9900001287460327,3.0000016689300537
1.40500009059906,0.9819999933242798,2.999997854232788
1.0519999265670776,0.9950000643730164,3.0000052452087402
1.1719998121261597,0.9900000095367432,2.999995470046997
1.1940001249313354,0.9910001158714294,3.0000009536743164
1.1329998970031738,0.9890000224113464,3.0000057220458984
1.190999984741211,0.9900000691413879,2.99999737739563
1.13100004196167,0.9890000820159912,2.999997138977051
1.2619999647140503,0.9840000867843628,2.9999966621398926
1.3259999752044678,0.9880000352859497,2.9999983310699463
1.1769999265670776,0.9850000739097595,3.000005006790161
1.1039999723434448,0.9890000224113464,3.0000054836273193
1.0889999866485596,0.9920001029968262,3.0000064373016357
1.1579999923706055,0.9869999885559082,3.0000052452087402
1.2070000171661377,0.9900000691413879,3.0000057220458984
1.0820000171661377,0.9930000901222229,3.0000061988830566
1.1340000629425049,0.9920000433921814,2.9999964237213135
1.1230000257492065,0.9950000643730164,3.0000059604644775
1.09499990940094,0.9950000643730164,3.0000014305114746
1.0800000429153442,0.9930000901222229,3.0000054836273193
1.0889999866485596,0.9900000691413879,3.0000057220458984
1.0499999523162842,0.9940000772476196,3.000004768371582
1.1150000095367432,0.9930000901222229,2.9999969005584717
1.097000002861023,0.9920001029968262,3.0000057220458984
1.2239999771118164,0.9879999756813049,2.999992609024048
1.2610000371932983,0.9850000739097595,2.9999992847442627
1.1140000820159912,0.9900000691413879,2.9999966621398926
1.0549999475479126,0.9950000643730164,3.0000057220458984
1.1540000438690186,0.987000048160553,2.9999969005584717
1.0999999046325684,0.9940000772476196,3.0000059604644775
1.1369999647140503,0.9890000820159912,3.0000057220458984
1.3360000848770142,0.9890000820159912,3.0000007152557373
1.0640000104904175,0.9950000643730164,3.000004529953003
1.0969998836517334,0.9889999628067017,3.000005006790161
1.150999903678894,0.9880000352859497,3.0000059604644775
1.156000018119812,0.9879999756813049,3.0000059604644775
1.1260000467300415,0.9910000562667847,3.0000054836273193
1.0830000638961792,0.9910001158714294,3.0000057220458984
1.0679999589920044,0.9930000901222229,3.0000057220458984
1.085999846458435,0.9920000433921814,3.0000064373016357
1.1069999933242798,0.9940000772476196,3.0000057220458984
1.0520000457763672,0.9940000772476196,3.0000057220458984
1.0779999494552612,0.9930000901222229,3.000004768371582
1.190999984741211,0.9880000352859497,3.0000059604644775
1.0489999055862427,0.9940000772476196,3.000005006790161
1.1700000762939453,0.9900001287460327,2.9999964237213135
1.1779999732971191,0.987000048160553,3.0000007152557373
1.0809999704360962,0.9920000433921814,3.000005006790161
1.0749999284744263,0.9930000901222229,3.0000011920928955
1.1120001077651978,0.9900000691413879,3.0000054836273193
1.0899999141693115,0.9950000643730164,2.999999523162842
1.1119999885559082,0.9910000562667847,3.0000054836273193
1.0779999494552612,0.9940000772476196,3.0000059604644775
1.0559998750686646,0.9950000643730164,3.0000054836273193
1.0720000267028809,0.9890000820159912,3.000005006790161
1.0989999771118164,0.9900001287460327,3.0000052452087402
1.059000015258789,0.9950000643730164,3.0000052452087402
1.0780000686645508,0.9900001287460327,3.000004768371582
1.0839999914169312,0.9880000352859497,3.0000052452087402
1.1449999809265137,0.9880000352859497,3.000005006790161
1.0640000104904175,0.9950000643730164,3.000005006790161
1.1399998664855957,0.9930000901222229,3.0000054836273193
1.1049998998641968,0.9880000352859497,3.0000054836273193
1.058000087738037,0.9930000901222229,3.0000052452087402
1.0269999504089355,0.9940000772476196,3.0000052452087402
1.0830000638961792,0.9930000901222229,3.0000054836273193
1.0600000619888306,0.9950000643730164,3.0000052452087402
1.2049999237060547,0.9950000643730164,3.000000238418579
1.0320000648498535,0.9950000643730164,3.0000054836273193
1.0350000858306885,0.9950000643730164,3.000005006790161
1.125999927520752,0.9869999885559082,3.0000059604644775
1.0449999570846558,0.9940000772476196,3.000005006790161
1.0769999027252197,0.9910001158714294,3.000000238418579
1.039000153541565,0.9909999966621399,3.000004768371582
