1.0425387620925903,0.9450000524520874,1.1301583051681519
1.0270800590515137,0.9700000286102295,1.0779707431793213
1.024999976158142,0.9750000238418579,1.1542208194732666
1.0363308191299438,0.9550000429153442,1.0760958194732666
1.024999976158142,0.9750000238418579,1.032970666885376
1.024999976158142,0.9750000238418579,1.0376583337783813
1.024999976158142,0.9750000238418579,1.032814383506775
1.0375635623931885,0.9550000429153442,1.2303144931793213
1.0411598682403564,0.9350000619888306,1.7437520027160645
1.024999976158142,0.9750000238418579,1.0717207193374634
1.0453484058380127,0.9450000524520874,1.5654706954956055
1.0424572229385376,0.9500000476837158,1.637033224105835
1.0336427688598633,0.9500000476837158,1.3826582431793213
1.024999976158142,0.9750000238418579,1.0421894788742065
1.024999976158142,0.9750000238418579,1.0453144311904907
1.0422639846801758,0.9500000476837158,1.2248456478118896
1.024999976158142,0.9750000238418579,1.023908257484436
1.024999976158142,0.9750000238418579,1.0337520837783813
1.024999976158142,0.9750000238418579,1.0571893453598022
1.024999976158142,0.9750000238418579,1.039376974105835
1.024999976158142,0.9750000238418579,1.035939335823059
1.0272548198699951,0.9700000286102295,1.1093770265579224
1.024999976158142,0.9750000238418579,1.0242207050323486
1.024999976158142,0.9750000238418579,1.0456269979476929
1.0354321002960205,0.9550000429153442,1.1665644645690918
1.024999976158142,0.9750000238418579,1.0253145694732666
1.0402839183807373,0.9500000476837158,1.077033281326294
1.024999976158142,0.9750000238418579,1.030470848083496
1.024999976158142,0.9750000238418579,1.0278143882751465
1.0363308191299438,0.9550000429153442,1.0712519884109497
1.024999976158142,0.9750000238418579,1.0423457622528076
1.024999976158142,0.9750000238418579,1.0146894454956055
