778
509
735
352
346
14
847
528
330
148
185
767
136
993
177
489
546
951
930
821
812
71
994
161
809
742
244
832
581
933
205
949
163
310
665
106
1031
12
235
474
590
770
35
434
62
443
857
702
164
456
256
297
75
924
462
976
759
1050
419
171
468
503
298
666
596
415
1018
291
576
586
705
39
807
368
476
782
996
965
400
833
926
180
213
635
1076
776
718
114
391
42
539
11
749
131
998
769
557
533
627
953
140
791
16
318
555
282
300
1036
305
31
320
10
96
678
423
408
108
278
592
563
72
856
505
8
642
347
772
183
652
104
763
567
56
200
466
322
657
275
247
1070
194
1040
638
359
230
541
193
242
109
452
598
1047
1063
335
897
560
433
751
637
332
428
388
559
317
887
736
155
804
569
122
212
1003
631
660
201
848
960
26
117
120
307
485
186
967
1026
645
717
844
651
156
272
34
389
283
601
724
903
602
274
135
781
846
607
708
524
355
326
424
262
548
222
876
690
620
940
918
288
925
875
372
932
650
127
773
991
146
793
663
1014
279
588
695
697
370
992
237
739
226
1041
1056
158
521
63
464
542
302
775
677
453
514
232
407
864
648
255
132
1030
128
1012
536
966
725
471
968
978
233
987
771
199
714
280
845
625
1059
343
192
385
490
184
358
984
870
728
268
873
679
304
694
995
149
879
229
1024
142
948
1069
353
448
923
64
898
797
261
267
506
23
218
732
203
599
1037
416
253
851
515
618
240
830
738
216
606
450
147
465
1020
360
451
89
40
83
922
741
698
381
929
882
755
647
303
413
1054
813
137
777
444
849
808
871
959
865
550
473
975
706
225
141
316
306
919
187
622
583
595
986
324
710
938
228
1042
459
802
626
481
824
215
165
877
527
931
51
480
780
86
100
593
422
1068
470
46
906
743
409
611
301
210
376
630
284
319
429
399
1008
82
649
636
764
80
522
198
17
463
612
819
21
565
587
458
386
486
623
99
1067
98
173
573
32
425
439
119
393
312
823
209
1062
554
891
281
266
373
837
412
594
644
673
727
974
264
526
1002
676
153
543
95
639
469
603
396
43
345
888
944
126
219
946
437
709
827
899
349
123
271
579
19
124
483
700
143
668
790
921
18
1010
1009
1035
941
38
914
118
37
248
1075
893
758
861
972
238
610
251
927
1045
754
613
107
276
356
398
295
935
544
574
0
701
334
858
854
520
822
580
329
529
371
704
1048
436
224
621
999
502
338
703
838
1004
265
50
545
682
908
351
101
