844
795
625
28
508
460
319
1069
143
647
953
40
751
830
273
366
296
32
650
630
776
771
291
619
116
373
569
624
970
135
755
286
991
694
846
607
507
674
418
597
545
176
920
884
916
620
277
67
178
461
58
781
1053
429
80
872
670
1006
791
517
522
1004
734
142
261
1030
106
416
53
350
47
615
589
527
696
156
768
649
998
687
301
565
488
661
864
558
52
298
188
485
479
259
767
194
985
954
534
481
465
292
1046
400
658
322
392
875
701
632
430
467
174
926
1035
890
692
185
923
1042
146
402
909
963
855
223
896
887
724
128
371
531
662
506
42
929
79
868
676
577
947
244
1011
307
1072
541
666
175
1048
980
951
473
89
515
107
33
437
943
821
782
320
222
119
