362
179
51
287
279
385
347
5
391
174
206
521
455
252
271
487
155
478
397
263
239
18
114
526
13
380
39
316
499
224
481
159
367
255
466
93
359
430
162
101
122
55
511
417
204
199
2
165
67
412
432
449
298
259
371
342
364
308
467
522
372
314
337
121
170
53
157
187
186
472
320
133
95
458
34
356
280
395
424
292
493
523
3
41
123
396
479
77
269
84
492
203
524
52
348
300
24
319
405
392
351
205
410
23
63
142
68
226
311
81
193
246
313
409
439
169
29
436
283
443
334
89
304
482
118
7
209
183
110
282
322
431
264
276
177
453
336
124
427
346
97
233
361
242
258
485
158
310
413
119
293
281
76
231
435
45
525
115
406
516
213
168
365
394
197
227
350
140
130
253
71
414
232
148
459
468
462
519
103
331
112
219
128
332
161
14
401
36
464
102
508
149
250
235
248
178
228
315
474
72
527
1
156
181
11
325
434
408
360
9
78
423
180
353
96
173
390
290
125
54
333
429
296
92
377
495
368
83
207
212
210
328
303
31
57
329
214
384
388
514
294
163
433
506
383
191
379
111
222
494
375
188
117
42
373
267
518
422
86
327
452
247
129
245
