1.0336472988128662,0.9600000381469727,1.0717207193374634
1.0220800638198853,0.9750000238418579,1.0679707527160645
1.0199999809265137,0.9800000190734863,1.1689083576202393
1.0313308238983154,0.9600000381469727,1.0735957622528076
1.0199999809265137,0.9800000190734863,1.0323456525802612
1.024999976158142,0.9750000238418579,1.040783405303955
1.024999976158142,0.9750000238418579,1.032970666885376
1.0375635623931885,0.9550000429153442,1.2318769693374634
1.0351324081420898,0.9450000524520874,1.841720700263977
1.0199999809265137,0.9800000190734863,1.0687519311904907
1.0433298349380493,0.9500000476837158,1.6089081764221191
1.0424572229385376,0.9500000476837158,1.6392207145690918
1.0287507772445679,0.9550000429153442,1.4490644931793213
1.0199999809265137,0.9800000190734863,1.0440644025802612
1.024999976158142,0.9750000238418579,1.0387519598007202
1.0422639846801758,0.9500000476837158,1.2248456478118896
1.024999976158142,0.9750000238418579,1.0229706764221191
1.024999976158142,0.9750000238418579,1.0320333242416382
1.0199999809265137,0.9800000190734863,1.0520331859588623
1.024999976158142,0.9750000238418579,1.0387519598007202
1.0199999809265137,0.9800000190734863,1.0350018739700317
1.024999976158142,0.9750000238418579,1.0595332384109497
1.024999976158142,0.9750000238418579,1.0229706764221191
1.0199999809265137,0.9800000190734863,1.0476582050323486
1.0354321002960205,0.9550000429153442,1.1660956144332886
1.024999976158142,0.9750000238418579,1.0257833003997803
1.0336472988128662,0.9600000381469727,1.0717207193374634
1.024999976158142,0.9750000238418579,1.0307832956314087
1.024999976158142,0.9750000238418579,1.0281269550323486
1.0363308191299438,0.9550000429153442,1.0718770027160645
1.0199999809265137,0.9800000190734863,1.0445332527160645
1.024999976158142,0.9750000238418579,1.0115644931793213
