899
628
819
1077
792
672
459
621
337
135
812
175
859
699
1063
376
298
804
189
987
235
275
232
525
744
827
257
302
1041
490
296
709
813
52
500
8
99
254
83
78
443
739
916
24
645
866
874
583
366
314
61
763
134
687
532
891
627
202
686
871
1065
1046
414
343
211
786
1016
102
404
1008
445
831
220
454
974
652
465
276
565
442
43
740
641
530
560
700
1058
719
106
240
723
488
94
58
807
994
66
578
33
777
689
657
604
154
476
273
1062
115
205
401
695
72
412
464
612
755
1013
346
279
566
769
743
855
862
209
884
935
1035
427
952
969
450
728
594
92
998
320
898
243
960
617
805
247
588
338
706
87
779
200
142
514
953
265
153
649
197
636
249
434
523
31
246
624
697
180
54
591
911
924
489
484
585
301
108
409
603
44
666
1047
15
567
18
941
1073
458
1028
872
665
814
674
101
518
995
678
508
462
553
846
541
169
260
270
497
704
342
570
764
349
1038
374
1001
13
756
162
1076
399
51
356
590
65
796
417
498
702
683
901
1074
222
579
802
316
55
982
1039
345
28
456
155
919
992
1037
40
113
281
146
171
1012
577
1
558
876
493
729
163
667
7
863
460
656
1002
521
647
923
321
968
887
651
900
36
857
184
1023
685
544
999
824
1049
682
605
600
601
918
289
851
555
179
140
259
949
661
856
159
132
242
251
602
277
534
71
536
610
129
178
23
749
49
230
405
368
199
284
1032
185
773
806
608
354
79
692
791
381
718
978
225
336
141
120
975
737
581
669
223
904
596
527
548
993
53
996
475
335
1019
503
29
126
981
1018
241
424
297
829
614
705
803
727
869
986
971
736
112
437
26
244
303
499
954
408
893
1014
449
204
963
283
174
504
524
64
622
586
598
820
644
324
556
753
422
757
965
841
430
432
883
35
943
268
832
554
854
797
479
329
187
894
62
60
39
852
932
752
80
119
515
315
327
906
358
264
1061
168
659
721
930
90
961
988
221
587
1060
318
216
139
512
790
105
77
676
816
250
1071
372
1009
502
734
491
229
798
390
236
711
457
453
1030
707
361
384
186
526
561
967
801
844
940
774
915
767
821
505
716
45
990
14
291
1048
158
413
91
485
778
980
956
310
183
238
1042
885
597
983
754
256
104
435
385
21
84
984
1068
116
252
285
675
908
234
410
1066
176
870
73
543
742
1003
957
375
182
733
20
266
69
696
130
730
572
551
834
970
373
1025
547
156
722
1067
396
96
559
701
839
355
421
466
552
766
32
501
837
224
150
860
326
353
306
1024
379
818
865
748
0
428
873
482
191
294
794
196
206
1011
921
395
934
3
1055
468
325
403
738
507
1057
203
170
1026
843
98
340
38
726
237
528
881
945
286
37
452
34
331
937
607
877
1064
531
896
110
160
2
936
910
569
360
226
371
690
768
776
496
323
322
1034
263
966
351
1015
771
787
389
359
364
25
433
511
357
74
671
109
22
333
694
563
920
89
849
420
463
173
467
123
365
219
124
397
840
282
218
341
589
650
529
833
654
947
772
629
27
912
646
418
253
545
979
451
1020
165
714
231
643
741
517
483
720
1004
1006
976
144
619
426
269
1007
1072
1044
1050
67
477
227
950
955
1021
549
478
411
1056
339
631
380
795
680
761
470
148
939
419
317
664
691
710
889
122
75
917
215
606
1036
595
212
808
394
391
926
817
634
861
913
875
922
118
245
17
444
50
575
363
195
367
822
312
648
826
290
93
438
48
688
1000
1022
447
262
951
535
446
198
248
892
5
655
100
550
972
388
190
538
781
584
799
136
439
879
157
708
304
474
448
280
228
751
319
811
679
1054
192
609
350
747
85
233
416
152
732
964
261
989
274
568
309
630
492
1075
469
770
161
928
977
348
637
