301
347
212
399
14
478
232
266
224
209
206
229
419
331
433
367
219
208
213
279
124
386
215
98
20
524
106
350
380
153
92
348
61
260
444
362
518
515
95
168
468
178
122
193
412
245
131
93
240
203
477
379
38
509
51
396
100
152
170
59
220
66
65
446
43
86
271
143
80
121
119
84
40
462
360
144
227
506
146
358
455
484
303
304
302
218
34
233
25
314
156
365
267
339
58
325
255
126
75
322
19
33
26
272
74
55
36
294
264
109
346
378
85
435
438
167
355
516
70
265
404
501
428
249
287
292
9
102
96
417
205
278
104
180
145
418
463
196
308
429
24
71
288
323
252
318
137
221
155
372
172
336
387
259
76
377
105
442
525
479
512
321
204
447
285
176
300
195
420
130
138
459
510
132
222
280
262
191
261
44
436
293
458
385
482
241
505
120
511
421
190
494
223
90
185
97
197
202
317
508
161
397
295
188
356
343
67
341
320
495
139
39
154
503
64
504
12
487
452
283
22
192
158
13
0
289
4
216
247
7
437
56
337
299
381
523
54
291
214
16
60
127
507
401
237
11
79
432
248
173
338
78
147
177
476
460
405
194
52
384
416
422
107
1
88
373
329
276
448
520
483
394
217
244
30
305
201
48
406
344
268
469
29
364
256
199
140
142
284
297
179
257
389
392
275
63
164
31
311
41
491
351
128
111
391
18
157
369
451
366
457
307
327
230
210
408
427
115
15
234
334
324
296
175
425
73
402
499
174
359
236
370
333
374
519
125
352
77
186
228
273
361
340
211
21
207
375
8
89
171
423
316
184
169
470
108
87
53
465
493
135
151
10
81
133
498
342
183
226
286
250
471
246
134
17
388
281
110
431
32
45
46
398
2
42
492
489
310
410
309
449
382
94
166
312
231
