1.0396679639816284,0.9450000524520874,1.0810956954956055
1.0270800590515137,0.9700000286102295,1.0690644979476929
1.024999976158142,0.9750000238418579,1.167033314704895
1.0363308191299438,0.9550000429153442,1.074845790863037
1.024999976158142,0.9750000238418579,1.0321894884109497
1.024999976158142,0.9750000238418579,1.0376583337783813
1.024999976158142,0.9750000238418579,1.0307831764221191
1.0375635623931885,0.9550000429153442,1.2379707098007202
1.0390336513519287,0.9350000619888306,1.839220643043518
1.024999976158142,0.9750000238418579,1.0687519311904907
1.0439597368240356,0.9450000524520874,1.6468769311904907
1.0424572229385376,0.9500000476837158,1.6507831811904907
1.032905101776123,0.9500000476837158,1.4396895170211792
1.024999976158142,0.9750000238418579,1.0423457622528076
1.024999976158142,0.9750000238418579,1.0318769216537476
1.0422639846801758,0.9500000476837158,1.2256269454956055
1.024999976158142,0.9750000238418579,1.0235956907272339
1.024999976158142,0.9750000238418579,1.0295332670211792
1.024999976158142,0.9750000238418579,1.0521893501281738
1.024999976158142,0.9750000238418579,1.0362519025802612
1.024999976158142,0.9750000238418579,1.0348455905914307
1.024999976158142,0.9700000286102295,1.060470700263977
1.024999976158142,0.9750000238418579,1.0254707336425781
1.024999976158142,0.9750000238418579,1.0470331907272339
1.0354321002960205,0.9550000429153442,1.167189359664917
1.024999976158142,0.9750000238418579,1.0257833003997803
1.0396679639816284,0.9500000476837158,1.0676583051681519
1.024999976158142,0.9750000238418579,1.032814621925354
1.024999976158142,0.9750000238418579,1.0287518501281738
1.0363308191299438,0.9550000429153442,1.073283314704895
1.024999976158142,0.9750000238418579,1.0429707765579224
1.024999976158142,0.9750000238418579,1.0114082098007202
