139
282
116
9
486
256
313
3
391
479
407
174
146
196
319
229
99
158
386
441
376
187
350
271
175
240
138
286
171
493
233
472
89
223
296
235
315
306
378
72
192
55
172
442
80
76
112
125
260
360
273
191
188
345
51
1
74
226
136
446
452
325
292
34
329
307
285
234
299
253
443
165
281
108
24
18
69
330
272
382
39
335
49
37
84
495
359
333
372
399
258
163
249
202
439
298
457
471
432
217
478
79
310
334
22
177
180
7
95
43
323
375
371
357
161
309
409
216
92
393
454
447
339
142
220
451
241
111
218
123
52
68
210
255
64
148
275
40
61
303
21
327
247
342
221
332
168
181
194
491
