291
644
448
394
686
7
956
631
438
1008
975
1044
1061
1077
521
426
609
482
994
579
738
752
856
467
325
796
504
271
601
843
945
356
687
1053
250
418
36
1013
259
218
623
529
257
247
629
91
612
138
664
1031
854
286
287
360
839
983
494
596
792
377
496
718
466
524
6
746
826
619
952
8
199
21
65
46
62
991
351
831
362
298
970
269
777
133
707
921
178
459
793
570
637
433
682
859
420
676
962
306
454
974
788
680
48
145
194
474
811
744
721
958
864
1040
81
380
711
246
860
731
933
785
580
702
730
234
337
224
364
763
245
713
288
656
390
693
602
368
447
683
82
89
417
755
475
215
28
414
904
543
581
877
803
430
815
268
1073
464
223
185
423
355
706
894
846
243
44
140
946
932
688
67
70
689
49
168
1041
290
712
979
1065
340
329
1022
955
402
88
996
1006
74
111
951
824
450
1036
769
632
943
85
653
1035
672
757
836
192
863
344
473
997
506
770
141
222
31
1003
129
881
620
617
357
613
152
605
598
818
648
317
10
502
207
123
722
615
977
715
441
273
630
901
590
264
577
973
54
249
116
542
399
39
875
471
551
692
214
594
352
231
953
404
134
1007
674
64
867
513
562
677
840
366
915
16
830
486
60
807
606
741
236
778
534
76
984
195
828
275
80
335
11
527
696
1034
69
519
155
704
253
928
823
315
655
17
1014
428
646
599
827
32
876
993
985
144
384
248
541
51
797
113
300
309
1055
725
175
1012
1026
861
