3427
5858
7737
9258
1955
4006
7781
45
4875
6938
2558
1023
4642
6913
2489
4188
5205
8975
3056
2414
6964
110
10096
2843
8505
572
399
9029
7698
6614
1545
8802
4011
2181
6638
159
5997
10532
2654
1743
4309
2709
4799
4192
7999
2647
8264
1194
1648
8869
9657
8347
5262
1857
3661
4527
10186
2631
723
5904
7040
2274
5975
1964
6900
9791
6828
5927
3847
8102
7936
2431
4869
2088
2652
8481
3454
8240
4769
7809
9912
5732
4077
7271
8859
3418
9051
10308
4593
1573
1620
268
9996
275
1723
6070
9654
5977
164
1836
9239
2232
7151
7581
7921
8194
162
5461
1747
7012
4736
7213
1398
6040
10629
5506
2109
3429
8833
9342
2477
1693
9590
6322
4337
9451
5908
316
2091
819
1975
4804
1781
9870
5900
4322
8418
10158
5127
581
4842
7840
5233
2690
9032
5754
4919
4074
7716
7153
10124
9063
8796
3914
9638
658
5964
5966
1789
1396
10270
6139
6032
10198
4067
8612
3138
9061
4473
1355
9210
10380
9469
2189
5882
800
8992
7649
2033
7323
1624
2060
8882
1882
8344
10387
3382
2208
205
294
6854
3045
3598
8740
7964
2804
6689
1514
3903
5819
4935
4279
2587
7477
10288
10172
898
9323
4233
3019
4697
3680
9005
5011
8752
558
6766
151
6810
10382
9091
6159
3517
935
8945
8989
4934
9634
1449
8281
5003
41
7897
3196
9531
9750
2210
2438
6961
118
4142
2245
4414
4105
9714
3694
2892
2589
7630
6651
3164
4609
7949
10623
8920
9390
4305
282
7327
2106
415
5689
6633
2394
8956
1332
6496
7336
9597
9244
2003
5498
1909
9468
4428
4873
7712
3327
926
1860
7216
9357
8355
8140
10367
7324
5121
6668
6432
1621
8816
9533
6075
9386
3752
9367
9322
8487
9610
3527
7727
2944
5688
4783
7647
703
1534
5332
9955
4587
9651
5036
1829
4672
8736
5913
5276
5501
68
10165
3466
2197
8518
3191
6473
9158
2118
8972
7541
2744
7539
629
3118
9665
10214
4709
9765
144
303
9748
9937
2902
9135
8770
4111
6864
8759
1653
6278
4300
7615
5147
6422
9968
3313
2930
2064
761
6129
1309
1294
3816
3001
1881
7979
3617
4242
4624
9004
6788
1741
1677
7378
7889
6134
6942
1130
4656
1990
7757
9693
9816
2390
9847
10357
8208
2995
9209
5018
4016
8478
7517
3411
6716
3207
1184
1447
6554
6780
3733
1277
102
9369
278
4641
8176
5263
7432
3587
8006
6855
4733
6415
9934
7109
9168
5298
6674
8183
3416
109
7946
9753
8517
8628
1352
4048
9632
10381
9774
4850
2524
417
944
1137
6823
4405
8329
7784
8041
2857
4956
9341
4008
306
4888
1013
2278
5657
2624
3208
7235
8120
5448
8962
2584
4068
5157
9537
5211
3465
7220
10315
5985
9888
593
3576
9963
3528
8384
7612
6126
2830
214
4845
5885
3011
4018
4200
6073
6071
189
2667
146
3245
4042
2517
8029
217
1745
8078
6179
81
1971
8997
4179
9679
1734
1426
6630
8982
4690
6882
3344
4700
8400
4649
1335
7620
2947
3732
5570
10234
8532
2184
1310
6468
8531
8771
4186
6292
9376
715
924
903
9268
7599
3385
7179
3557
2500
509
7657
4612
6348
5690
864
9842
279
3693
436
10179
4497
2368
4533
9675
1415
8503
7813
7874
1933
1757
4264
1316
2013
7646
5667
8293
3027
9281
8086
7420
2731
8237
8323
754
5491
3341
4004
5270
5078
6997
6890
6142
7551
9811
3200
2821
9911
10459
2044
7335
5893
10528
3884
8255
3082
3109
9073
8984
2128
8364
2819
8101
3870
6762
6998
5141
336
7059
6253
287
6684
4333
8613
2630
1798
5000
1440
7911
8303
3403
2015
10589
8876
8617
9871
8874
5742
5176
3007
3375
360
1959
1413
2203
2434
8122
5830
6135
9368
6732
7230
7616
1654
3290
8794
8762
3699
8615
9984
10621
9786
8580
4816
7744
4982
696
6619
4867
3272
9872
9764
6345
5561
8461
6079
731
3764
3938
1872
6518
10125
8231
135
8901
717
5355
9330
331
3121
9375
6149
3270
4430
8094
2878
1469
2098
2575
5517
7301
10277
9850
10433
7852
1694
3910
1880
6376
1017
5500
10331
8022
1595
662
10368
4685
2974
671
4807
7648
7187
9806
611
3690
2985
3406
9544
8005
6481
4080
10008
9951
7126
8334
9867
3496
8160
9177
1134
2156
6449
4384
5420
5868
191
10223
5960
6445
6291
5387
525
4911
6883
5978
1539
10135
7377
8423
10251
2364
7502
7122
5345
3844
8852
3352
150
9178
8661
7014
9844
3139
5665
7764
10581
8097
3440
2809
5322
7585
5672
1868
5832
8970
1810
513
3681
786
994
176
5844
5535
6781
850
119
4788
6452
9035
2020
2887
5530
4185
133
8375
8226
5470
10016
8150
10429
5256
9331
5198
9372
1333
5796
8021
7977
5443
10279
1359
1985
7443
5386
8742
4977
969
10413
2856
5449
1110
169
475
647
3131
6968
7906
10136
7405
4794
8603
7034
3456
9139
664
8695
4650
9111
7730
813
2673
6709
10443
5863
7222
4380
7838
7650
4397
6850
10566
9796
978
1811
4938
10402
8735
8792
8352
4541
3908
866
1808
7132
4201
4728
5621
1558
884
5892
1401
7896
422
1173
3366
3201
966
4929
8486
2420
1924
3436
3823
2794
4732
3309
3377
1322
6419
6711
1210
4097
2596
10138
10149
3945
5558
6723
7031
7400
6743
8669
544
9672
9980
2766
673
168
1951
937
8468
778
7009
9731
854
6941
5353
10039
8533
4597
5296
1275
10242
6136
1176
3754
7146
8345
942
9501
1262
8596
3520
6165
3755
568
5439
1885
8690
7450
6769
388
504
9227
4959
2326
3468
627
2975
6252
10304
9339
4913
5560
9188
6207
6821
4976
2774
7886
8811
6886
8715
3396
13
7021
8080
6825
8983
71
9988
7904
10609
2403
5075
5349
2623
1914
3516
4172
3970
631
708
6756
3593
5840
10588
10594
7709
7914
3336
8348
5440
2590
10509
1456
5434
3831
7273
4250
9406
6337
9346
7722
445
9179
6691
3701
2519
2988
5616
5168
7671
5887
9620
9500
6654
4052
668
7548
6746
3222
8025
485
1582
9110
8560
2218
8564
2780
6276
7478
9333
6166
2177
4459
6582
7812
8018
8924
2046
9523
835
7314
537
4487
1336
1588
7155
1219
8809
4792
8959
2540
6839
1488
2835
2550
6832
1093
7294
6676
4617
8952
6490
9967
3442
2645
3076
3545
10518
1690
2361
4627
6613
9250
5317
848
822
5266
9902
2050
1680
8889
624
4367
9352
7437
5896
1445
8877
8407
5957
5675
4112
6370
5052
450
3400
10285
9497
7832
4215
8312
3388
3649
2459
80
2424
5850
5894
6666
8247
9303
454
3387
8168
4492
1174
5605
7590
10071
5132
6520
825
5031
9058
10261
4812
10155
10083
2813
849
7399
6098
10237
1828
2297
2987
3033
9433
7016
7861
30
10614
8929
7073
2877
1315
6542
3462
11
5105
3278
4838
2239
6260
10627
2464
4660
6534
4047
7411
8056
3627
6016
5291
5755
4504
7194
1205
885
10283
3757
10038
2413
7824
8447
7524
1312
7499
3088
6425
5803
1384
9948
10445
632
9015
5656
4735
6741
7169
9183
3153
1458
10311
5967
1051
553
3920
1537
6429
1852
5040
3630
5877
3580
4033
9284
3986
1553
2134
5073
8065
9795
458
945
8917
1954
1871
8611
5816
9193
704
6033
3224
3048
4239
6758
9539
9614
7083
4948
6879
9436
2591
6423
1891
10280
2511
7206
8246
5815
7717
3691
2747
7198
2585
3361
4121
7457
1376
5711
1211
3887
5223
7139
1010
8618
5081
6072
10584
4513
3311
145
7224
2126
5849
9940
8169
3873
8776
9095
844
9552
1259
9518
7608
8473
557
896
2937
1192
7033
8217
6349
706
2296
9656
1576
10005
5283
9165
1202
6652
7500
2503
820
6871
7669
459
87
4707
9744
9729
3644
8644
10060
4159
3766
10421
8283
6342
1498
3821
8155
1360
2065
8314
4134
10554
6925
9447
3216
8994
9820
6465
4992
6208
2801
7347
8253
1931
7076
10527
9471
9128
9225
6930
1156
6286
370
2058
10450
7865
6696
7738
3081
1002
10360
10606
4460
3838
8664
8721
3128
9924
3305
5823
910
3476
10452
3445
1923
9012
10103
4514
6163
6106
643
1455
7940
9470
3556
9701
1117
9858
9929
10374
7627
2765
6786
501
6909
5028
2075
1681
7149
2710
9216
9776
221
10147
4776
5490
8051
5930
5648
2433
1378
2567
1997
3444
8705
2095
5193
7462
5146
7390
7903
951
3792
655
3049
6168
1209
6413
6911
4078
4319
5254
781
744
195
2787
10562
7136
4136
939
10091
10547
4153
9715
2051
5838
3323
3883
6364
10134
2730
4210
10085
3950
9897
2708
4604
5397
2293
6380
8032
3114
536
4705
2832
6256
7707
6747
6121
8002
3688
2737
8927
6158
2626
8270
2551
9275
6250
3182
2523
7868
707
9526
356
3452
5839
7098
10341
1167
1634
8394
2074
3135
3331
7728
10512
1021
9256
1435
10095
6403
3263
2578
9794
3526
304
953
3014
1670
9294
3171
2416
8663
1270
3750
9722
125
6548
8099
6356
7203
4808
3522
4009
9812
1109
9007
4116
7708
838
5245
495
3189
6131
9742
379
10447
9278
4261
7753
2078
10064
7928
3301
2980
5880
9608
8506
6302
1958
4202
3602
1957
4730
5487
6530
6326
4749
747
10189
2365
6665
3212
5113
9359
9525
4
6861
2454
10087
3241
10268
7870
8438
75
2182
8602
1032
7048
6956
5048
7626
3142
9046
25
4425
5391
1468
2598
10274
3555
7423
8526
9440
6200
1157
1429
4589
639
7185
7556
6801
6916
10477
10394
8838
2577
6125
5526
9563
7069
1353
9320
9990
9379
10190
1227
8575
1049
12
7268
1018
1749
9096
4505
4320
7043
7747
5736
4436
7837
9025
7907
7706
9443
2473
8765
4325
3957
4823
2112
6870
6377
3698
8142
8842
9615
1230
8879
1643
6336
8156
2991
9524
7047
5636
8079
10201
1001
4773
8026
7181
2145
4302
6898
9803
5209
7947
7365
6606
6111
8084
2475
3936
3289
9292
1486
2650
5350
8433
1221
4217
3959
1585
8228
2162
8541
9134
5014
3836
1161
3533
527
4336
9473
5004
7858
4328
9146
2754
6982
8227
3706
3863
930
4069
2846
451
362
9954
6028
2125
285
9617
10440
3337
750
4790
3124
3378
1133
439
4547
2453
653
7866
7283
1248
1481
2085
337
231
956
4381
5918
4881
10510
1974
7511
4022
7778
4129
2729
2756
8925
6993
6656
7586
5021
326
7589
5393
10423
447
7639
5190
9282
5773
6516
3897
4986
4546
4512
1467
3254
4204
10615
7374
5055
1782
1014
467
7473
2529
1301
6389
5181
2750
8837
2382
3102
1195
2913
851
5745
680
2303
9083
5618
1843
1160
6959
9694
2762
2084
7864
3981
5579
8739
7406
3284
5098
9159
743
3148
2321
8681
2372
1943
9414
5372
5801
5507
9865
2067
3487
4060
6626
9441
852
9661
2376
1473
4699
310
6076
1493
1666
9122
7131
6190
6783
3960
1371
4230
5152
1212
1114
8431
777
1066
5573
9488
9978
9797
2277
4340
4957
9627
7593
10453
5625
1825
3749
1311
3087
531
4027
7015
10129
3424
5763
10183
8301
7633
6796
8614
8918
8609
2022
4562
5670
7617
10487
8583
9261
7558
7028
4679
8287
5631
2659
6138
8951
5722
2175
9260
968
3179
10607
684
3734
1863
6480
1849
9085
7950
6991
3795
4271
6715
3329
9452
8000
208
1691
10116
8081
6004
7843
1727
7252
10451
8432
8967
1327
3215
5804
8702
543
4244
4523
6038
9962
378
6984
1668
575
3399
1773
4920
10153
7787
7396
395
8775
8305
2746
8144
192
6319
8907
9542
3250
8440
2861
8417
728
6727
9343
4503
7529
3267
10278
1054
9411
2509
1590
7387
3794
8242
1076
10389
9233
3643
6284
8807
5511
2021
8908
2314
327
7337
26
9344
6235
1831
1453
5933
6006
7926
1936
2310
7990
8421
6752
10529
8626
1279
2370
391
2976
8773
10579
7254
4766
8496
1324
2298
5363
1108
9961
5505
4099
6054
5038
5144
3268
2339
2820
10118
3004
1292
10391
1716
6935
10595
1761
6067
2063
4978
991
3941
9404
289
10194
8529
8774
91
7080
3210
1149
914
3657
7501
2602
6224
5475
5767
10467
4936
9138
10046
7097
5999
10015
1470
2573
4681
8712
3746
8634
9570
7160
9631
8536
8887
6876
5943
3223
165
3682
2443
4132
5207
2427
9254
3718
9474
4927
364
9771
10339
3911
5486
1416
2886
8130
3696
7116
1361
9186
8317
5871
9208
1658
4447
2151
489
4356
7678
482
9667
3989
8567
3578
5476
7364
1718
8551
2481
7026
2205
1812
7351
9305
6724
7044
4085
5143
1598
2014
9415
9643
5241
2837
2968
5954
3467
9423
3240
4969
5235
972
7565
2415
10533
909
7242
742
4748
2
27
7494
1122
3510
7885
5435
3369
7024
3217
5175
5053
3550
6566
2136
8607
3686
7682
6086
2087
3497
1605
7056
10470
7842
7428
6623
9059
6593
6564
1306
2061
4689
10022
1457
6061
5228
7934
2169
7172
7603
10056
2982
4248
9981
7037
8731
9775
8124
9394
4098
7128
3137
2090
10256
3084
6740
3767
6807
3455
6323
5575
8092
965
2959
4876
1884
4465
6308
5417
9334
2716
7055
3044
4402
7993
973
1969
8926
3000
2312
5192
8143
1805
8729
446
7431
6754
4556
4236
3621
3156
4228
5597
8475
3357
3985
6334
2201
10424
10207
6494
2646
9736
10009
6531
2198
4551
4081
6477
5984
5872
8790
6514
2850
8581
1186
6013
1097
2341
3572
9266
5325
5650
2386
4298
7414
2366
6087
1790
5963
6268
8622
5833
10549
3727
4173
35
640
4866
6526
2282
3484
8072
5590
8453
6295
2725
3738
5436
10407
5764
218
8878
4655
5550
6170
6918
6209
9420
10213
8948
8088
6483
7817
6989
521
8368
2435
4664
1742
6816
4408
6568
8888
5094
5215
320
8582
7570
1818
9363
10570
2977
7831
8732
1464
4260
10212
7574
5101
7965
2491
7545
8795
4942
3312
1166
809
7613
7814
9264
8703
6451
5489
185
6181
8013
1045
2786
3837
3225
5810
7667
7791
129
6153
542
7115
10517
8713
3667
10078
236
7909
4056
7660
6338
1472
6722
963
10556
5537
442
2338
1586
997
1171
842
4801
9463
3562
48
7117
1555
5751
8749
2404
841
10140
4950
10246
10310
9045
3069
5807
9362
3389
9477
9232
4479
691
5001
3827
9013
10003
9946
5596
7223
5408
6374
10224
9697
7497
9855
10044
2884
4440
1199
10620
3896
556
307
10462
1317
5239
5698
9877
1738
5979
8284
5340
3898
897
7985
545
6853
6512
9430
2883
8181
1785
240
10378
9896
4820
10559
6063
1633
4259
4622
9039
9150
6549
4198
8220
2426
846
2354
8251
6018
560
8787
2526
8296
8593
4771
7292
10377
2870
8512
2229
9862
9163
2131
1145
2353
4182
6144
8252
3600
8014
8117
3099
10041
8744
10496
8489
7464
3265
561
6661
5324
10349
5406
2430
8256
9561
7442
8100
4582
10275
2367
6390
5271
1751
9810
1403
9908
8464
6584
2595
7421
4643
4494
8131
1369
8881
3968
8462
8939
3591
1902
9574
4175
10228
9516
7259
2831
1451
582
5059
4240
5252
9042
1005
5033
8655
400
6908
7736
2212
1077
7192
6471
8638
7239
5357
7611
4559
5965
5719
10298
8520
7315
5645
5356
3846
6819
1362
9311
6891
9410
3771
1313
4570
8387
6123
4684
7404
8066
1200
2097
3892
4718
7050
736
4115
753
932
1438
9164
1501
9353
4452
4981
2994
5427
8189
2273
2089
7491
8856
9475
1069
5026
6770
420
5186
4762
1271
2026
4013
1978
7621
8835
4364
5603
2681
3579
5663
8046
6546
2925
9504
372
3362
8307
1655
4756
3979
4386
4130
10110
8597
2576
9207
7193
4552
8958
6418
10254
8846
6817
5521
2588
9041
6427
7427
8413
6809
1099
1383
6517
318
353
7967
7092
4800
2054
4530
123
2079
444
361
600
2871
9043
10476
4145
6897
7748
90
5782
3673
7410
7607
10300
319
6094
533
7064
4930
5232
3543
2488
67
8336
3488
10619
2439
2773
7348
8030
8923
2102
3589
10522
5712
10195
2092
3104
1225
2655
4517
2243
10111
9899
2882
7939
9044
5185
5093
10018
5170
5085
8933
474
1337
10499
3230
9459
9747
3062
10159
6223
9053
7822
10236
1991
7388
2122
710
9809
8224
5104
4918
1431
32
1418
9194
3183
3719
2812
6090
99
7815
3371
9522
5914
6290
9861
1269
2138
8902
4128
1926
7507
1848
584
10098
2140
1003
5323
757
831
780
1330
6402
7386
2400
8799
8553
365
1089
357
3413
7067
8961
9527
7912
3345
5633
3283
4984
3975
8801
7269
6975
923
7270
8906
3271
2619
6234
3242
166
7141
7663
1272
2172
2269
2554
414
5199
9327
8381
7214
1941
2675
8158
6595
8572
8266
3722
606
10174
8737
5482
7366
9020
2940
8410
301
2226
7795
5201
498
5257
9655
4787
3256
9536
9777
10521
9596
1323
6099
3535
131
7430
7058
7623
3475
6815
1058
2393
855
2306
5794
957
9879
4893
5972
9037
10314
10516
7641
328
7079
5084
10176
1040
1489
6609
8119
4921
5706
10534
9653
5759
7467
6066
7555
5067
5246
1629
4249
7408
1622
6228
9514
5737
1510
9148
4701
433
8135
2740
5213
9242
7469
1730
70
5368
2840
7785
1228
6704
6829
4519
7176
10330
8031
982
3294
2955
8415
962
7188
5162
1012
8472
6062
6707
4245
3310
506
4141
1515
5793
516
10507
4135
10370
7531
5051
10113
3363
4265
4793
806
10358
8223
2784
746
139
2779
9274
2689
8328
3129
9989
2855
6024
1549
10011
532
6421
10508
8798
931
1339
3188
10422
9784
4222
1854
4963
4195
4426
900
775
10301
9356
112
1754
9380
4755
5442
4822
1152
1930
1862
7140
4255
6113
2958
7446
2788
425
1308
9454
471
6282
9818
2687
2904
1127
3817
1124
601
3043
5315
4373
3819
1656
7484
248
3536
8645
3373
7918
8556
8198
3670
1714
1787
4155
5459
10321
4652
266
7867
6779
7429
4965
3744
8105
1191
2150
726
7466
6813
5769
1009
9892
6725
3509
9507
5641
7685
5495
6433
9307
8829
6948
2287
7412
5989
3601
1705
9673
321
1512
764
4170
7489
8276
6822
8016
2945
4138
4010
5668
9822
9752
4598
9506
9453
756
4941
10598
6045
2474
9494
8389
2492
833
1554
4631
5783
2206
1293
8369
5637
5926
9510
4983
3669
7826
4094
8324
9807
7528
5950
1450
4840
9492
8011
3343
5666
5854
4409
2486
9237
5041
5644
9434
4184
1740
3261
1817
4247
3161
10132
8800
8273
4257
1204
10208
9528
6847
3930
1816
523
5792
8653
6160
9555
550
4502
7816
1886
10513
10561
9644
1252
702
7859
4050
2259
4648
1103
4868
10127
3822
5627
6580
481
5529
9296
3616
5065
6499
5629
3080
3715
4163
6274
7129
8089
4694
3773
5937
2613
5305
10112
3922
5264
1701
578
1972
6447
1717
4540
5725
7196
2803
3262
5272
1441
8449
6703
4621
8637
8113
10108
8699
6176
1853
1511
83
2185
5883
6919
7544
1946
3292
1381
4229
100
4677
8789
6314
5584
4208
2848
5664
534
82
9906
3169
9660
1408
3848
5216
4904
3300
5995
1321
5538
4117
6287
465
7062
638
5407
518
1283
6629
5074
2264
5379
7526
5870
3623
5029
9255
6863
7228
8743
10050
9399
6843
7790
9567
10369
9094
8691
7081
6180
300
3177
9297
6401
0
6406
5888
8479
6196
2455
9075
8172
312
4100
10385
1945
7913
7642
1721
6391
6840
9175
7006
7782
6970
8040
4818
2836
6157
2949
6928
8157
1424
2444
9172
2315
9519
3804
7053
10240
29
6262
8403
3174
8191
9856
8557
2332
6173
8523
5923
9932
1345
178
4406
8186
3554
6881
1792
2869
9600
6472
6990
6199
9270
9350
8392
7066
2981
8179
7157
8598
9630
251
712
171
8429
2962
3935
10523
10444
10243
1257
7217
7604
7210
9622
8747
2512
7704
216
3538
2041
5938
3167
7622
9184
5710
5453
10289
8803
2301
9140
4476
7543
8978
7509
1949
5798
8623
1918
5008
3721
8028
5370
8363
8318
8379
10457
9692
3759
5477
4347
6439
7492
3348
5676
7417
6751
200
6320
9030
2997
8136
6604
9751
7701
916
3708
3512
9162
974
694
7260
7090
8061
9251
4692
2392
745
8500
901
2692
6535
8692
3656
2476
899
4848
2213
7519
10390
779
16
904
6640
7452
10273
1645
9808
9385
4536
6608
6174
2698
2105
209
9586
8371
6681
5255
4588
9884
8446
10294
1338
6672
6611
6101
7916
9995
2194
8651
149
1342
10362
5346
4187
6221
6753
890
1505
4046
10024
7002
4285
7714
3302
4262
5445
4999
989
7413
670
6387
8211
9821
39
3546
2814
3604
5543
824
2738
4501
411
8548
10235
4214
9171
7959
2847
2918
9412
5154
10090
3316
406
4654
1129
998
3702
10399
4458
2868
2104
7027
10550
1340
7003
3280
5378
5879
5122
5523
2452
4251
8870
6771
6448
7595
10586
10000
4744
9214
1181
1155
619
3963
10497
4864
4290
6620
2419
4411
5046
10227
3976
7962
2862
3770
7745
8076
3314
6226
1288
3872
8574
242
7591
10092
1564
8460
7976
2498
6197
5335
4952
1147
8456
10355
7330
7798
2632
7403
3654
10604
3145
7110
3704
3849
9429
5118
86
2421
5642
8866
9972
2302
6714
3569
9097
10249
2049
9424
677
9690
7894
2721
4329
4226
7171
225
622
1256
1577
2824
4207
4795
5508
8204
8466
5946
2389
6658
4368
1439
2553
4871
7422
2817
6240
6791
570
6435
2934
8483
5188
2017
2324
8519
9868
385
2919
6624
3298
7454
9100
10296
1528
2679
4731
2401
3307
9853
432
6275
4529
2705
793
6901
2581
1561
6081
234
5131
7566
8477
7537
4714
10442
8062
2103
1422
10
9935
865
5469
2437
6478
5047
5762
5733
10137
5865
314
845
2254
5806
961
6826
719
9484
3391
4647
2499
9395
3083
9730
8916
4967
6799
7125
2990
993
6205
2715
4366
9337
6346
807
4987
6396
1935
7773
5563
1614
3622
235
10350
403
9442
1519
5884
5017
2757
1927
9971
6553
1873
4353
9460
928
2556
8279
3463
4268
10414
4450
9009
10439
7480
8077
5661
3434
10239
463
9263
3214
8758
1284
3724
3853
10567
7440
10410
805
651
6137
8588
921
3291
3629
517
4125
3092
10542
6985
7808
1027
4580
4455
4443
4301
8385
2290
2954
7850
6105
4907
3944
5064
3492
590
7163
1164
8530
9662
4191
10602
2791
10029
7944
4024
6521
1123
5917
9426
7297
9845
1580
3811
10028
5855
7546
9338
8411
9953
4498
8537
5970
5472
2035
2127
9913
1636
9074
2979
5585
8840
232
9017
3875
1770
6924
9003
9979
6945
2029
10058
512
3020
6408
2130
1550
5906
4767
9229
2628
2263
6712
6216
6733
9621
8734
5187
7644
8805
6293
695
5845
3243
6561
7035
3176
2770
5632
182
8552
1443
1708
1517
9108
6053
5158
10052
7821
7743
3828
7618
2108
6204
3608
902
2822
5016
9483
2070
889
633
735
1057
9710
2011
5377
9772
645
3417
7148
3066
3181
229
8928
4826
3560
4577
8073
6280
10061
9637
9686
8826
2147
9273
4791
8993
5173
3635
10348
10401
5874
3799
6719
3685
687
1044
2204
1850
4508
9180
7397
6182
6400
2374
54
1981
2230
1112
1801
4544
313
7869
7801
2305
2953
3977
9646
625
6784
6550
4666
2741
10128
8291
8941
6947
2146
4827
2458
10299
7444
9304
6271
1053
9584
5630
5077
4972
10478
6021
10049
7765
8265
8274
2935
2322
6002
9480
2571
648
6978
7418
4628
6979
6556
7676
9407
1667
7882
10247
1900
3861
7311
2440
656
1767
10538
847
8457
9840
4661
5969
3408
2569
9197
6443
3594
141
6659
5720
2764
4619
2833
8451
2040
8861
7694
7158
167
4377
7503
3335
3490
3854
8173
3412
7424
2601
9398
5777
2100
2268
4026
9582
5620
5580
7219
8733
1874
201
3596
8258
5076
10313
7084
9783
6369
9069
2346
9114
6721
4466
1966
6313
7871
7124
2532
9520
8008
7018
7900
6905
4404
9381
1996
7001
3364
8946
8133
9027
10395
3485
3625
7779
940
6987
4958
3648
5889
4758
9834
7186
8858
5418
1078
1128
5212
6858
238
4870
8667
5559
5617
2176
9925
5748
8038
342
22
4891
10328
7675
8513
9071
3231
8164
1557
4829
2246
3575
198
5049
1289
4477
8727
4429
5716
5876
10120
10608
1907
5612
6836
1485
199
2073
2734
752
1994
9066
6329
5398
8419
3042
6225
2463
9345
10494
6104
3798
9914
5553
675
4299
7792
6118
10253
1796
3204
1526
730
7533
4274
4989
4971
7860
6059
1611
6506
9196
2343
3386
811
4442
2670
2053
4291
2059
6953
8049
10225
8285
4469
4856
10026
6352
3175
2191
9848
4884
6793
2816
9455
5727
7776
4232
4658
7236
2441
7154
3021
7665
3160
6622
4944
10338
4933
8201
3619
7513
3626
3664
8245
455
713
6708
9674
7045
6838
2166
2557
1250
4797
4863
10472
2397
1638
7495
2536
7883
1074
6806
8834
10612
6663
8310
9106
7915
4635
964
5381
4317
1646
9685
7025
3264
2387
6848
1399
10557
9900
8154
9466
1344
2167
7910
3993
9267
9969
2696
6133
10326
1263
1898
4640
6340
9235
9141
6011
4964
9081
5862
5861
8053
6749
10537
8936
2291
9575
3663
3998
5945
6976
8839
1769
380
990
4853
2933
5681
4549
4102
3933
2233
8445
7042
3394
10613
5658
881
3247
8254
8685
9944
2916
7854
2663
8563
5494
9513
2942
4360
7102
1984
1487
6773
8036
7164
7542
8568
9975
7369
5236
8380
5012
4506
6547
1538
5224
7487
10271
3782
9599
2863
4560
4839
5371
3919
1126
3885
7833
5729
1771
9031
8751
250
3714
50
4550
3567
1434
2062
2752
3901
9479
6607
2257
397
299
1182
10001
7956
1840
4726
3515
6184
10590
6015
1616
7279
9910
856
9815
449
4806
2535
8085
5060
3676
2154
6255
10366
1779
8139
7563
7434
8636
620
9155
2851
6083
9886
8190
2732
7142
4438
9082
6279
5460
1115
8964
9859
2007
2924
8275
1696
8996
6486
492
6588
5145
5772
6679
1613
6965
6590
1477
3937
9405
4571
3926
8229
6354
8037
1019
7451
6060
4915
7679
1861
2789
7973
1165
9444
7381
2903
10057
4000
3071
8404
9505
5640
2081
8090
3304
8629
3999
7674
6463
3651
1689
6569
5512
3068
257
97
1356
4645
1071
9418
6453
284
10364
5282
4310
4925
6124
9931
2494
4651
2742
9187
456
5659
9580
3126
5119
5901
3549
1692
9864
9365
1242
7095
511
2309
305
8034
5206
291
10558
6265
2261
6232
72
6921
8327
8942
9958
9481
4644
8534
10210
4722
6457
8639
1203
274
2545
6055
6366
10500
7957
7135
3053
5789
10036
9993
293
7666
9532
6844
1948
2888
7892
5178
2482
10010
7211
7710
2965
5821
1229
6670
2137
1869
1347
2057
1665
6877
1685
2854
6570
9529
8718
5303
1325
2405
4272
7441
3741
2860
7929
596
7007
5043
3581
5248
6161
2235
6310
5433
3308
6009
5250
5805
3660
10400
1364
5493
2501
7771
3130
8171
8277
2069
7227
6068
10552
4602
9328
5800
6381
5765
6266
7715
7562
1139
7304
8709
8723
3647
660
9725
7996
7360
4435
4258
5308
1286
4490
142
1463
7966
1196
6049
3736
1795
6912
2618
6511
8710
3285
8649
6245
9118
1507
2266
1276
10352
10563
2560
6667
3534
8701
9120
1151
5987
8271
4331
426
8095
1461
7389
3339
5334
6594
2694
6669
6557
8650
8409
1889
3506
1875
10133
9219
7483
10427
10295
9745
9049
7453
1169
10072
2842
1261
7241
3900
8359
2048
505
4144
3039
10535
7393
2674
10340
1175
6986
9195
5780
9592
2782
2893
10624
7208
4813
9831
875
9238
3730
9021
3758
1707
4348
9994
7215
2117
9435
9716
4811
126
4770
10069
9515
8893
5156
1664
4471
2745
4413
8788
1258
5342
8207
8219
705
6219
9781
2220
9702
7191
6156
6417
6610
3407
5993
794
6385
6513
876
3172
10122
7573
6034
10193
73
7407
58
2411
7756
8766
5412
6412
4779
1623
1879
1570
8904
10066
9768
4949
7255
7984
1428
3282
7156
6042
7536
4324
9652
8592
1499
9249
1090
2180
3433
3877
3379
6545
9703
5019
1687
4462
3046
3553
5859
548
10094
3653
7670
10344
5189
84
1395
2504
7204
4573
5374
6214
10151
1218
8763
2119
3855
4723
4023
7927
8372
7793
3227
7969
4238
7180
2036
952
276
1542
7075
7363
3340
4002
9723
3359
5846
9382
9798
7288
7825
5191
6558
9833
9036
7774
7770
3423
9269
10435
8129
8654
10027
9827
3566
9024
7099
4423
686
9843
5852
7742
615
4768
1967
4657
5338
10156
6460
3170
3893
5723
4734
9641
540
3503
7218
8689
3086
6341
3325
4398
3857
7256
4327
7899
8339
3115
6178
6464
3003
9593
4092
3105
5857
4475
2682
9949
3483
7872
9754
9205
2549
8821
7605
840
4110
2513
5383
8476
8205
1150
7550
2677
2006
3060
2383
678
3338
6119
4316
4613
6384
10504
9676
8665
7802
7138
3125
8540
5951
9047
9132
9623
374
9008
8070
6682
7994
40
4760
6213
6738
5343
6085
8868
4252
7754
7498
4687
6315
9642
8714
8003
6627
4997
8525
8494
6683
4374
2375
6007
10099
5600
2280
7096
5890
2527
3459
2894
709
8880
3529
390
7686
8586
3501
180
10035
4108
8391
10481
1794
4433
8620
2124
7231
5204
3709
4554
9299
5455
8686
3751
9392
8884
2410
3540
1178
4401
8309
5774
3609
5574
4371
6237
1495
7199
9127
1096
7594
6519
4606
480
7684
9782
10229
9762
920
2173
8233
2352
8595
5786
5392
7094
7307
2702
5196
9427
6662
9078
10076
6103
10592
4667
7762
8238
3187
7577
4488
9402
8401
9594
3707
3705
10023
5280
7023
1238
5968
6294
1700
748
6523
1596
8746
987
4600
5992
8717
347
9449
5734
787
6218
8195
7306
5567
1153
2908
483
1617
7780
7201
6655
6428
10501
3640
2662
4633
4095
992
1239
690
5384
3326
1249
3521
7702
10488
6052
2971
5928
407
8953
7305
5347
10152
9668
4837
1334
5164
10530
5431
5319
9678
2669
2685
612
5496
5533
1120
5701
6324
8146
3095
7931
4854
10610
9550
3244
1758
8402
5484
8234
8054
2018
5744
3469
6776
3974
9220
9705
2797
7688
4266
9956
5851
7568
8012
5639
3599
9758
10466
1297
2317
3276
7425
9618
3642
3451
2592
5260
2445
7811
9773
3784
1260
2472
6357
2113
6878
9863
5195
4461
10302
4535
9396
4286
4307
10464
4326
10204
2772
8244
9938
7951
3040
4646
5983
5411
6647
7354
1213
9489
5565
89
1986
1827
8507
15
1802
1968
6700
5117
7662
7952
7165
2505
10546
10075
8108
9181
4596
272
8630
2222
1530
3100
2952
7552
6127
821
6372
7308
7409
1118
484
9364
4834
6600
1547
3123
9799
8326
2999
5009
7486
2149
6368
9026
4877
10119
8632
2083
5125
7713
6872
9461
8850
6359
8570
2580
6461
393
6565
2265
9099
4088
6328
9866
1698
2528
5746
10162
3915
5416
3780
8321
3584
4882
7587
826
6660
610
7266
7361
9851
9830
1367
4351
122
431
8990
1281
1568
514
5309
4146
5686
3374
6441
853
880
473
10418
1950
2525
8428
5718
9787
6239
3595
7358
5856
2355
8337
7740
10334
6974
3447
6612
1752
10192
3229
908
2548
7448
7082
10233
7197
2252
6229
3874
5589
5344
2163
1887
1925
4775
4979
10425
7695
547
5389
9147
9839
2706
9551
4539
1962
3425
938
4089
6617
8895
6899
6373
5682
10531
3306
7262
88
4821
9279
3763
1592
10503
5438
147
9587
605
8501
6933
6777
1341
1835
4729
4751
4437
8182
868
8578
9437
9759
3785
1953
5268
6643
7233
4051
8886
2228
5948
5492
6091
6742
2350
10067
1631
472
8756
7195
2555
10600
6616
157
5359
2236
10181
3731
6999
7004
346
922
8539
4592
721
9055
7987
6949
5940
1180
5242
10168
452
1839
5713
10605
5834
3472
10222
6498
5045
1744
7474
7331
975
9943
5394
8830
5728
4916
2068
3180
3544
6761
7789
8728
3108
3899
6787
6649
4594
6785
1373
7370
466
2815
5775
2432
1409
5708
8813
340
1911
3110
10353
9601
7147
6805
566
6772
10221
1268
7578
9928
7463
7729
6859
4079
215
995
9737
7108
3321
621
528
3405
7863
381
6748
211
8860
524
546
8823
4342
8455
8471
3219
837
6841
8444
700
187
5382
1904
6677
3913
7571
10596
7597
7325
4499
5499
4557
5671
759
6187
4161
2111
3513
4422
1138
5539
2120
5878
949
4712
10541
4057
3287
8867
9823
10051
3101
3570
9605
2661
5395
8915
60
7
6350
9991
5578
5480
8509
4703
4662
3650
2323
10073
7371
3146
10014
9942
5375
3991
4289
8370
6581
2785
3078
7087
5424
8125
5339
5647
9804
56
5566
10079
255
6693
383
3194
1448
5166
6981
9817
5286
7114
1851
4781
6914
7029
9048
5593
698
9283
4659
10245
3564
6248
5622
4114
934
1942
4427
5752
8260
9788
10219
6201
6321
6625
4444
2479
4954
4412
9828
1385
9316
2442
3151
1085
10386
247
4910
6140
9681
2946
6995
9131
4653
6802
4912
772
4124
6536
2828
9230
2148
564
6306
9040
3493
4296
5311
8601
5083
1965
1000
9457
9741
9054
7476
6635
7759
9019
4576
4382
1394
2371
4341
2711
6050
6943
8682
8871
9136
551
9566
927
9241
7830
1610
10184
4293
4738
10012
3133
8625
1246
1652
6378
4671
9873
3012
8488
8589
4923
1240
7804
4955
6827
457
7145
3351
3432
6236
8152
244
10573
4566
7819
4890
7888
4639
2748
9397
5217
9650
8177
8662
8832
9191
3471
2237
6194
788
3384
3997
3865
10272
7955
858
9876
5602
8711
6360
3840
1354
555
4190
8931
8134
7352
8495
2932
5841
7554
4243
3571
768
9947
8621
9022
508
5159
5924
9174
1890
8659
8680
5790
21
7130
8671
5068
4994
5971
1750
5781
3779
128
2460
2448
8043
3269
6835
773
4390
2337
2579
3918
8015
8684
296
3955
6603
202
10555
5428
7845
9573
9885
8724
1711
3093
4126
8716
4865
4118
6210
3632
4608
6048
4896
2099
519
2380
3551
2541
1375
8458
9852
8914
2207
3347
3275
7810
138
6931
1736
1430
1119
4075
5273
669
8892
2004
6952
10491
2799
196
5451
9957
2617
8390
5120
9448
1837
8351
6277
6267
3113
7718
3070
9838
8299
6096
3097
1185
7302
6351
2139
3332
2911
6868
10262
5293
197
2196
322
3628
8048
9166
7282
3315
6395
960
5947
10322
5471
6537
2217
7202
8573
9377
7683
1222
2634
6814
2340
8585
10267
1820
2760
5265
1187
4123
9629
2876
1349
2510
6467
4096
9698
8288
7182
1618
1755
9373
10206
6110
7696
2564
9070
7017
3984
9891
6958
5853
2726
1060
4288
4064
3978
4626
4980
9739
4470
5056
10393
9116
6541
796
2377
1894
9579
2759
3582
1952
2642
5931
3023
5203
6508
882
8764
10248
3710
6589
6596
3252
2921
1008
5082
4947
2480
6983
2428
592
7523
3398
1304
5962
5092
3590
3611
5034
10126
8104
3586
5886
7922
4521
6206
6765
4284
6880
1809
5749
8378
8045
7758
5555
2722
1660
3881
345
3277
1826
10489
1197
3523
9391
4020
7264
5172
1599
423
4314
1768
7532
724
7394
179
9318
863
888
3461
1234
8297
7610
6000
7700
5373
9511
10160
3328
4157
8263
1254
6846
1859
2023
6969
1274
9880
6641
9010
4830
394
2552
4931
1897
1397
1343
4339
8822
1917
5990
7656
8315
4005
4171
9336
1632
2422
7937
4481
4759
7221
3232
6383
9985
2313
4041
8976
8855
4985
9802
2240
4511
9062
2506
4137
6379
5057
10055
8986
9265
5099
5010
6058
6056
6078
6775
7078
5153
9543
6436
9154
1253
699
2900
1235
1916
3866
2867
6963
1320
1830
4782
7981
1591
8741
6824
7318
3674
6414
7253
5466
1604
9329
10053
10282
2199
3162
1033
9728
10580
798
7760
6335
1630
6367
7334
5674
10033
1405
6097
10089
2898
1597
6697
3036
1683
8111
8910
3150
9554
4680
8313
6575
85
10004
791
3742
9933
911
9089
6820
692
10209
5594
440
1475
6307
6764
418
3839
7063
8007
8538
7978
9309
814
7113
4478
10030
1241
10182
3988
5944
10498
1419
6980
1363
7177
9895
7687
10480
676
1686
8059
9540
6562
2627
7345
4267
10479
3961
8857
8295
3063
8235
343
2334
2865
5169
3253
9145
5221
6344
2223
6790
2728
8358
7133
1961
2076
7246
10415
6304
4973
1075
4750
10286
2792
7357
7835
207
3678
2398
7312
4061
6469
8437
6578
9602
5864
1663
1678
8213
8017
4515
2672
10154
258
6361
2767
2037
10002
7295
1807
5024
1720
8656
9285
7008
623
790
1302
2701
567
1201
5679
8783
2723
7902
4181
3879
8913
8949
10449
4359
10238
4058
5366
2926
6798
9199
10316
4180
9936
3441
9378
4526
5551
7606
7828
4761
6837
1482
8010
1581
10343
832
2508
3739
1086
10202
552
4472
5546
1420
4346
5915
5227
8467
7796
1541
5259
9130
1095
8044
5606
277
9289
94
4632
9553
9464
1042
5920
10086
4143
3880
741
1462
8342
637
2331
2193
941
3030
6845
3006
8502
8366
8781
10144
408
657
2143
6495
1144
3633
650
9064
7123
9780
4070
4825
2751
8068
7333
2957
4810
3500
8635
8963
10577
9733
5483
1913
1088
6491
9829
5358
1436
1893
4995
2248
7989
31
2276
3002
818
7212
4833
2657
6399
9326
7930
883
5419
2996
8504
1970
210
5615
5503
7398
5750
8847
8434
6407
341
729
804
1159
7372
9769
1797
2010
6300
4561
9416
5766
5279
8239
9509
1068
3737
3077
9546
3481
4019
2402
9348
7794
6962
8386
1908
4563
1094
5095
9746
9417
3350
4895
7919
1503
3697
5069
5167
828
1672
9604
7341
2777
8937
6331
917
8230
2948
10347
9649
8947
7953
10255
4270
6130
3034
1064
6739
7829
1603
2200
2485
10593
9837
2055
3075
4693
5691
5362
2152
6257
10292
10611
78
10417
2304
9167
7677
2727
6621
8128
4518
2693
3655
2132
9295
2700
5106
4196
7925
4263
6001
3090
5811
3620
9874
2543
487
9760
763
585
8325
1688
3072
8670
1778
7958
10048
5161
4084
419
3524
2285
4843
98
5788
5301
4087
3716
1029
8688
1039
6318
9033
1529
9521
6031
1912
765
1870
8262
5614
7898
769
3419
8167
5974
6706
8459
10139
10177
9482
1380
8292
3995
9400
288
6833
4615
8353
55
8151
1571
2047
7072
1806
405
2202
10515
2943
1847
6686
4235
5405
10448
2800
5976
10460
1799
7426
9252
683
10200
6856
7367
9695
4663
3631
871
1999
5760
4109
219
9347
5959
988
5747
1030
1783
8320
4901
4449
8452
10327
3147
5107
5464
8042
2144
3683
5826
10032
2133
8426
8666
3079
8470
3296
1050
4534
6325
10375
355
1815
8367
8754
4786
1046
9841
6238
1504
834
10463
8236
5619
10351
10469
4219
186
7103
2155
2378
549
7820
2703
1615
1729
1446
8784
1011
1833
1492
2467
9098
2906
6717
5735
9306
10131
9589
4053
9439
1762
8357
3360
8966
7963
10166
4844
315
10307
9636
3966
3008
3103
4485
8439
8202
7945
7298
1947
2114
6145
3658
8579
6866
738
4975
7772
3886
4197
243
8215
5847
2743
8545
6904
1675
784
5738
2676
6458
10093
7834
8750
5542
5998
2688
3203
10363
2008
1987
10020
1020
1834
4385
290
4906
1732
6459
9548
10361
2373
4835
4206
3233
5787
5991
5312
46
9735
6830
2561
9206
9761
3410
4721
7530
3322
6922
8562
8594
4636
19
1657
4489
5588
8827
4082
4946
6634
8988
2644
10250
554
9445
5669
9403
6046
6797
6241
503
5982
5238
3597
725
5292
4691
933
6037
2625
6507
6108
8109
2522
1764
3675
350
618
2826
1532
7549
9534
5825
9738
2071
4399
6409
5684
2660
10372
468
3808
10287
1305
1232
8137
10260
10081
10524
2967
1406
5027
65
559
7691
10436
8249
4836
2704
4493
2651
1715
3618
49
9290
7849
8624
10031
3769
3810
8599
8185
9243
8302
3931
5219
6889
2319
7091
1578
6171
9458
1842
5328
2027
5916
10007
3639
9508
1082
1237
4572
1004
9903
4358
8166
1619
7803
4665
2005
5179
5797
4174
8282
5110
9711
6220
1703
9358
4076
8147
3209
5006
5136
5741
5135
3573
7285
434
6929
5761
7887
4752
8058
2534
3029
5848
667
1973
7992
5564
8261
6026
4897
5415
344
4928
8259
3638
5313
9503
5208
10305
3404
6923
4861
3790
10059
1266
574
5022
10519
4275
3185
617
476
751
6211
6563
5935
158
5385
2845
10474
4120
4453
1307
8112
3894
283
649
8780
7538
9887
4998
4395
9262
59
7672
1982
7205
4483
9691
4753
2336
8845
6598
2347
4189
5730
8075
6332
8522
6420
4629
1379
1410
1960
9595
9889
3568
2066
3370
1298
7588
10505
2559
6849
1932
6247
2260
5996
3122
3511
8748
212
1560
3878
9248
2969
3397
4669
5715
9374
7105
4154
9153
5321
1105
1673
4961
10514
792
10290
3796
878
6456
3832
9986
4318
9092
3895
6645
3013
6462
5827
6493
2808
591
5295
4932
8977
2806
7419
5284
5171
2984
6005
887
929
3482
1920
4802
7402
10082
220
870
10485
7161
3067
1244
5705
2562
10088
4256
4448
8383
5795
2379
7190
2572
3980
7699
4166
5973
4599
2678
7054
9743
9916
3448
5160
5934
2496
2542
6664
2294
3833
6263
10574
3197
9387
1780
222
7013
52
4282
6800
7982
3132
7471
3803
108
3614
6896
4785
3234
1612
3098
7800
2928
5413
5426
9456
7583
7602
2807
10572
1143
1116
7416
7445
6500
2281
5726
5548
3684
3552
9302
682
8132
10309
6375
1888
10063
7733
9068
10551
10042
783
10017
10323
5608
4338
10511
7178
5423
9893
5452
1766
4246
3218
6231
9257
2818
115
10169
1111
5516
6572
4917
5649
9898
6842
4424
9598
8298
7234
8187
6077
10396
2970
8395
4568
4914
685
1454
598
4178
7924
7569
9883
749
3324
96
2436
10312
8720
1318
1733
5677
688
8203
4400
6203
1644
5939
7046
801
3713
2539
1016
6249
5785
7575
9607
9121
4548
6141
9087
8791
4160
9421
3266
10388
4044
4601
6299
5980
8957
1141
5441
5128
6107
8096
5817
33
3428
1065
874
5316
3565
2170
6074
4281
9557
737
9706
3958
9919
869
4218
1627
7209
5341
8469
8808
5881
9176
1198
10520
3904
2362
4039
5253
3152
626
8569
2186
7761
5066
2515
3825
8341
3334
2671
5352
3505
1162
4410
4899
7287
6273
2771
7692
4898
7935
7267
1562
5138
5717
1679
4343
1659
6186
281
4224
760
9720
3772
2907
5955
2001
2329
7070
789
1548
1788
6599
3141
2351
4287
2227
460
1421
2495
7697
469
3687
4676
352
3745
6114
1846
9922
3971
970
7596
9832
1142
5623
6244
9647
4491
9271
1070
9973
2116
7207
5243
714
9438
6937
3929
10231
479
2307
576
5638
3430
9770
6312
9112
3354
10618
10468
5569
8610
5086
2852
3637
7775
6051
2839
1544
3
5770
7281
950
7175
7923
4585
3119
3842
5525
8148
6100
4990
3928
3969
9371
7077
5102
740
3367
6152
9849
802
8107
4012
9413
1674
4590
6147
2648
4216
4567
1784
4205
4119
4616
829
63
2563
530
10068
4516
3317
10492
1531
5932
10525
1637
10545
2956
1372
2192
5230
9370
230
5329
4375
7635
10486
2909
5369
894
7534
6082
7290
3729
8694
2707
6095
2356
895
3916
9313
7582
4815
2802
10114
4017
2077
8527
2129
6120
4066
4951
5226
663
8354
4223
984
8004
5921
5437
9977
461
4150
4376
9572
5554
8083
396
9624
10617
2135
873
5524
5108
7724
226
8170
4062
3756
8646
5956
3753
1024
7942
2043
971
5300
3085
4383
8875
5994
4878
4717
9123
3460
1906
9050
5063
2348
1979
7680
5635
5258
416
2929
3508
5519
7189
905
7879
2531
8377
4090
732
722
7144
4937
6504
6774
10123
5214
7470
9846
535
5061
6084
8804
7459
7326
1243
6189
3320
6917
10265
5182
8899
8817
4156
6115
6927
4988
10218
3480
6671
3768
3047
6450
6365
2574
8854
5652
7340
7036
2989
7723
6750
6895
5613
1326
1866
2002
3537
2775
7376
5114
3563
1412
2275
8921
8405
2251
190
9144
7338
6744
9732
8499
5
4007
3948
5776
10107
4193
9565
755
7751
3376
2599
8841
3258
6150
823
213
1572
6017
8896
4035
10411
8558
4221
3519
175
79
8340
7322
6155
2461
5380
6966
6254
4713
9202
996
6865
2565
9814
7250
1377
10084
6789
3761
6169
5610
2214
5299
4695
767
5556
817
2891
4564
9983
1255
1583
4086
8408
5598
6988
6955
4014
366
5249
9626
7011
2951
6862
6687
8118
2514
727
2300
9927
3016
7289
5450
1079
2171
762
3518
5768
7609
4510
6043
6192
6222
4778
9234
5320
8980
2142
4578
6437
10252
3158
3239
10226
3342
160
7651
1236
8693
8535
10397
8425
4045
877
9335
10188
7510
4345
8474
644
4531
8885
3613
1217
1331
348
1671
373
8969
10471
10303
239
4306
10431
10601
9223
8627
9904
1899
1063
5653
491
1348
116
3288
3934
5634
9905
237
1280
9664
8063
4273
10461
697
9813
8508
1100
6699
8648
1290
843
10215
10170
8199
448
7624
9801
10404
7783
6143
8149
5941
9324
7339
9616
7638
4688
5399
2123
10437
4315
1803
3634
5458
4905
6690
2593
1963
4131
1566
308
4419
7512
5285
6888
1368
3871
8550
5090
7284
3380
9462
7970
3962
5478
6128
1559
7786
10376
9669
7085
9577
2328
7373
9713
2768
7752
7847
3890
5929
6289
9999
8565
1190
955
4168
172
4857
3994
2016
9018
3106
3830
9628
1491
1387
5758
1697
7933
5814
3372
6088
6303
766
4164
1910
5149
7878
9658
3645
1821
8755
2188
4522
3293
2299
5183
4908
155
5462
2028
6650
9726
9213
10441
9408
6270
2009
3912
4349
2190
716
8020
6398
1028
1125
6272
2658
9727
3783
69
6688
4031
4332
836
4507
6393
10383
5124
8333
6540
8745
3858
2369
233
8087
9388
2931
5194
10199
2487
4742
4294
8322
5197
9792
9332
2286
4028
10365
1295
8863
2714
3925
3531
4393
7435
2582
7238
1731
3547
8985
1404
1291
7908
2094
4858
2490
8911
3864
3236
4167
66
4227
9976
252
6794
782
4127
8338
6488
3992
9671
6358
1601
8272
6164
488
9901
5473
5911
8159
3499
6713
8484
1052
2858
6025
6102
4303
8812
1804
8987
2879
9200
3636
891
1474
5148
8427
1647
3891
5802
2834
8673
9502
681
37
1382
3805
2973
6701
9609
6020
4352
9287
5843
8193
2881
642
7905
5042
3149
9633
9023
1226
253
3775
6887
1391
5103
3190
3834
106
265
8546
1329
6804
8023
8824
2533
1516
8162
2761
6692
9107
6873
4211
9535
398
3494
6183
3679
7461
10006
8145
1026
9670
1639
9109
7485
815
9160
5981
999
1856
9312
5595
8528
8110
8981
3814
8248
5274
1819
3791
5337
10148
7019
5756
5087
9547
7652
6728
8577
5583
2666
10196
10293
5365
2292
3414
5714
8864
3346
443
1425
10241
3061
7265
9779
7274
401
5562
2680
5660
4106
7300
2483
6333
2253
8657
3009
6047
9790
8909
3477
1513
5002
8319
430
8064
1497
1170
8498
3395
1838
1905
3299
1038
9472
9215
4966
1136
8561
7049
10587
6977
1183
9231
7746
10037
3841
9894
6482
6146
4855
803
2795
5361
9717
44
3829
249
3089
2810
1146
4743
6851
3168
2030
2429
8786
5150
8785
8619
10336
4817
7553
10454
8382
2470
2262
4113
260
404
7382
3659
8677
6678
3711
5784
3279
4253
1393
689
4032
5275
3449
7257
5454
7120
6767
3446
1388
8316
8250
4357
7664
8306
3996
7567
4805
9930
4313
6022
5842
1896
4403
1233
1928
9355
6559
9310
3905
507
8362
659
3507
9724
9319
5097
2342
7619
7362
2607
3677
7068
6019
7954
6615
4049
2972
6705
5818
9612
1563
4432
10560
8039
9941
5336
6298
2781
6470
10257
438
2409
1628
7320
2449
1832
6539
7258
7673
2344
3793
7725
3381
3238
7183
8549
2271
862
563
1389
6397
8267
5360
1374
6694
3717
2778
5025
4831
1579
3949
3435
5089
6489
4625
10416
