1.0354737043380737,0.9550000429153442,1.1185320615768433
1.0354737043380737,0.9550000429153442,1.1210620403289795
1.0503356456756592,0.8849999904632568,3.2264719009399414
1.0320017337799072,0.9650000333786011,1.2625619173049927
1.0306593179702759,0.9600000381469727,1.5658221244812012
1.0361536741256714,0.9500000476837158,1.1917719841003418
1.036550760269165,0.9500000476837158,1.186851978302002
1.0303244590759277,0.9600000381469727,1.6206220388412476
1.0339902639389038,0.9550000429153442,1.2179919481277466
1.0390491485595703,0.9350000619888306,1.3929920196533203
1.0463407039642334,0.940000057220459,1.1553820371627808
1.0371201038360596,0.9550000429153442,1.3441219329833984
1.0366454124450684,0.9550000429153442,1.3387420177459717
1.0499426126480103,0.9200000762939453,2.032341957092285
1.0448825359344482,0.9250000715255737,2.193042039871216
1.1298398971557617,0.6850000023841858,4.2517619132995605
1.0295370817184448,0.9600000381469727,1.6038020849227905
1.0279462337493896,0.9700000286102295,1.102952003479004
1.0291820764541626,0.9450000524520874,1.582922101020813
1.024999976158142,0.9750000238418579,1.0479120016098022
1.024999976158142,0.9750000238418579,1.0748820304870605
1.024999976158142,0.9750000238418579,1.0981320142745972
1.0294445753097534,0.9650000333786011,1.1775619983673096
1.0199999809265137,0.9800000190734863,1.1564018726348877
1.0262531042099,0.9700000286102295,1.2171019315719604
1.0529296398162842,0.8399999737739563,2.4577620029449463
1.0468658208847046,0.9350000619888306,1.5983519554138184
1.0431644916534424,0.9350000619888306,1.6668020486831665
1.0291666984558105,0.9600000381469727,2.187152147293091
1.0500842332839966,0.9200000762939453,1.7799019813537598
1.0281412601470947,0.9650000333786011,1.1606619358062744
1.0357507467269897,0.9500000476837158,1.4356019496917725
1.0463576316833496,0.9250000715255737,2.0347821712493896
1.0924880504608154,0.8300000429153442,3.0852622985839844
1.0422300100326538,0.9350000619888306,1.598952054977417
1.0536705255508423,0.9050000309944153,1.712942123413086
1.0671236515045166,0.8650000095367432,2.4793219566345215
1.0468878746032715,0.9500000476837158,1.2360420227050781
1.0431379079818726,0.9550000429153442,1.234362006187439
1.062206745147705,0.8299999833106995,2.751581907272339
1.0524048805236816,0.8650000095367432,2.655672073364258
1.0340280532836914,0.9450000524520874,1.4931720495224
1.0507631301879883,0.8800000548362732,3.6218321323394775
1.0340237617492676,0.9500000476837158,2.0447120666503906
1.044095754623413,0.9450000524520874,1.1858420372009277
1.1189987659454346,0.7199999690055847,4.090612411499023
1.03696608543396,0.9550000429153442,1.2106120586395264
1.0310440063476562,0.9650000333786011,1.0747820138931274
1.0243667364120483,0.9650000333786011,1.2528520822525024
1.0480252504348755,0.9150000810623169,1.7263320684432983
1.0199999809265137,0.9800000190734863,1.1352919340133667
1.0278098583221436,0.9650000333786011,1.261702060699463
1.0660498142242432,0.8450000286102295,2.5393121242523193
1.0447278022766113,0.9350000619888306,1.832461953163147
1.0398011207580566,0.9350000619888306,1.874101996421814
1.0406200885772705,0.9350000619888306,1.4535820484161377
1.0292145013809204,0.9600000381469727,1.1439619064331055
1.0267120599746704,0.9700000286102295,1.1314220428466797
1.0396654605865479,0.940000057220459,1.5731619596481323
1.024999976158142,0.9750000238418579,1.0300219058990479
1.0452111959457397,0.9250000715255737,1.8814520835876465
1.048183798789978,0.9250000715255737,1.803171992301941
1.0477627515792847,0.9350000619888306,1.2727019786834717
1.0248814821243286,0.9700000286102295,1.2516419887542725
1.0498425960540771,0.9200000762939453,1.8736921548843384
1.0267326831817627,0.9700000286102295,1.1573020219802856
1.0258257389068604,0.9700000286102295,1.1405220031738281
1.0413541793823242,0.9250000715255737,2.1836819648742676
1.0260089635849,0.9600000381469727,1.43296217918396
1.024999976158142,0.9750000238418579,1.0768120288848877
1.024999976158142,0.9750000238418579,1.0352219343185425
1.024999976158142,0.9750000238418579,1.13112211227417
1.04342520236969,0.9350000619888306,1.3556619882583618
1.0522302389144897,0.9300000667572021,1.7420920133590698
1.0279934406280518,0.9700000286102295,1.1455520391464233
1.0268950462341309,0.9650000333786011,1.2238218784332275
1.0377695560455322,0.9200000762939453,1.9242119789123535
1.0382784605026245,0.940000057220459,1.3494120836257935
1.0219733715057373,0.9750000238418579,1.1185719966888428
1.0238136053085327,0.9700000286102295,1.2212820053100586
1.0467793941497803,0.9500000476837158,1.1967120170593262
1.024999976158142,0.9750000238418579,1.14467191696167
1.027871012687683,0.9650000333786011,1.2028720378875732
1.0199999809265137,0.9800000190734863,1.249541997909546
1.044482707977295,0.9200000762939453,2.019021987915039
1.0531976222991943,0.880000114440918,2.603722333908081
1.024999976158142,0.9750000238418579,1.1222419738769531
1.0385432243347168,0.9500000476837158,1.2448619604110718
1.024999976158142,0.9750000238418579,1.1432920694351196
1.0199999809265137,0.9800000190734863,1.058232069015503
1.0388168096542358,0.9550000429153442,1.320012092590332
1.03242027759552,0.9600000381469727,1.4093819856643677
1.024999976158142,0.9750000238418579,1.0827020406723022
1.024999976158142,0.9750000238418579,1.0424619913101196
1.0444068908691406,0.9500000476837158,1.3667320013046265
1.042387843132019,0.9550000429153442,1.2169219255447388
1.024999976158142,0.9750000238418579,1.0716021060943604
1.028110146522522,0.9650000333786011,1.243232011795044
1.0443272590637207,0.940000057220459,1.2743020057678223
1.024999976158142,0.9750000238418579,1.0450819730758667
1.0461922883987427,0.9200000762939453,1.2927120923995972
1.0441689491271973,0.9350000619888306,1.2685920000076294
1.0540968179702759,0.9150000810623169,1.3265819549560547
1.0527640581130981,0.8950001001358032,2.1879420280456543
1.0421414375305176,0.9500000476837158,1.1560219526290894
1.0378764867782593,0.9050000309944153,2.6212520599365234
1.053547978401184,0.8750001192092896,2.7650721073150635
1.0680391788482666,0.8850001096725464,2.8537819385528564
1.0370903015136719,0.9550000429153442,1.2600520849227905
1.0353446006774902,0.9450000524520874,1.799921989440918
1.0231101512908936,0.9700000286102295,1.2468019723892212
1.0295226573944092,0.9700000286102295,1.0626319646835327
1.0316894054412842,0.9500000476837158,1.4026719331741333
1.0358452796936035,0.9450000524520874,1.2565020322799683
1.029350996017456,0.9600000381469727,1.1477420330047607
1.0289371013641357,0.9650000333786011,1.1665019989013672
1.0373625755310059,0.9450000524520874,1.4784220457077026
1.065101981163025,0.9250000715255737,1.3158519268035889
1.0695466995239258,0.9200000762939453,1.34089195728302
1.024999976158142,0.9750000238418579,1.0701119899749756
1.036699652671814,0.9500000476837158,1.6839920282363892
1.0380582809448242,0.9250000715255737,1.5982019901275635
1.052465796470642,0.9050000309944153,1.5562419891357422
1.0336283445358276,0.9600000381469727,1.2462819814682007
1.07822585105896,0.8550000190734863,1.8518019914627075
1.0455282926559448,0.9250000715255737,1.6310420036315918
1.0208005905151367,0.9750000238418579,1.255162000656128
1.0513099431991577,0.9300000667572021,2.3701720237731934
1.0664024353027344,0.9100000858306885,2.4510319232940674
1.024999976158142,0.9750000238418579,1.1262619495391846
1.0296498537063599,0.9600000381469727,1.1725620031356812
1.0504467487335205,0.9200000762939453,1.9253720045089722
1.0445622205734253,0.9300000667572021,1.9595820903778076
1.0777159929275513,0.8500000834465027,2.3040518760681152
1.0394268035888672,0.9350000619888306,1.2378919124603271
1.040381908416748,0.9350000619888306,1.5698119401931763
1.0634256601333618,0.8900001049041748,2.2630720138549805
1.0325515270233154,0.9550000429153442,1.479012131690979
1.0415165424346924,0.9250000715255737,1.8993120193481445
1.0727884769439697,0.9250000715255737,1.2803521156311035
1.0634229183197021,0.9350000619888306,1.2833220958709717
1.024999976158142,0.9750000238418579,1.1192522048950195
1.0308470726013184,0.9500000476837158,1.6798919439315796
1.0286633968353271,0.9650000333786011,1.1939619779586792
1.0545270442962646,0.9100000858306885,1.5507819652557373
1.037593126296997,0.9300000667572021,2.171731948852539
1.0365334749221802,0.9350000619888306,2.026681900024414
1.0314527750015259,0.9650000333786011,1.129591941833496
1.0393626689910889,0.9100000858306885,1.9182120561599731
1.022491455078125,0.9700000286102295,1.3905320167541504
1.042637586593628,0.9500000476837158,1.3367819786071777
1.0294320583343506,0.9550000429153442,2.130091905593872
1.0199999809265137,0.9800000190734863,1.0717219114303589
1.0199999809265137,0.9800000190734863,1.2039419412612915
1.039901614189148,0.940000057220459,1.630162000656128
1.0311111211776733,0.9600000381469727,1.4130719900131226
1.03339684009552,0.9650000333786011,1.165861964225769
1.0261309146881104,0.9700000286102295,1.1977119445800781
1.0501147508621216,0.9300000667572021,1.5133720636367798
1.0521023273468018,0.9250000715255737,1.4662519693374634
1.069666862487793,0.9100000858306885,1.5864120721817017
1.0696024894714355,0.8950001001358032,1.8168220520019531
1.0538815259933472,0.9250000715255737,1.397752046585083
1.0457990169525146,0.940000057220459,1.3908718824386597
1.0435128211975098,0.940000057220459,1.4834219217300415
1.0660265684127808,0.8950001001358032,1.7949919700622559
1.0661948919296265,0.9050000309944153,2.1281020641326904
1.066823959350586,0.9000000953674316,1.9528120756149292
1.032165765762329,0.9500000476837158,1.380642056465149
1.0492054224014282,0.9200000762939453,1.9240520000457764
1.0273786783218384,0.9650000333786011,1.2487720251083374
1.0199999809265137,0.9800000190734863,1.1027920246124268
1.0266697406768799,0.9700000286102295,1.2205220460891724
1.0248489379882812,0.9700000286102295,1.1430820226669312
1.0267934799194336,0.9650000333786011,1.2848420143127441
1.0529143810272217,0.9100000858306885,1.3895219564437866
1.0387989282608032,0.9450000524520874,1.2954621315002441
1.0600510835647583,0.9150000810623169,1.315101981163025
1.0685622692108154,0.9000000953674316,1.346451997756958
1.024999976158142,0.9750000238418579,1.059931993484497
1.0346505641937256,0.9500000476837158,1.7826820611953735
1.0199999809265137,0.9800000190734863,1.0545920133590698
1.029215931892395,0.9600000381469727,1.3731220960617065
1.0359936952590942,0.9450000524520874,1.360002040863037
1.0411983728408813,0.940000057220459,1.6630220413208008
1.0429378747940063,0.9200000762939453,1.8270220756530762
1.036287784576416,0.9550000429153442,1.3115818500518799
1.0309044122695923,0.9600000381469727,1.5963419675827026
1.0400044918060303,0.9350000619888306,1.3333020210266113
1.0478665828704834,0.9150000810623169,1.928502082824707
1.026500940322876,0.9650000333786011,1.334671974182129
1.0619738101959229,0.8750000596046448,2.6081318855285645
1.0288760662078857,0.9650000333786011,1.2885619401931763
1.0495251417160034,0.8950001001358032,2.4328620433807373
1.0270150899887085,0.9700000286102295,1.2359319925308228
1.024999976158142,0.9750000238418579,1.1058619022369385
1.0535264015197754,0.8999999761581421,2.5840020179748535
1.0299686193466187,0.9650000333786011,1.2139719724655151
1.0586470365524292,0.9300000667572021,1.5296720266342163
1.0567783117294312,0.9300000667572021,1.5308120250701904
1.048531174659729,0.9350000619888306,1.5745121240615845
1.0411252975463867,0.9250000715255737,1.5270719528198242
1.055400013923645,0.9000000953674316,1.8623220920562744
1.0639086961746216,0.8900001049041748,1.8486520051956177
1.032742977142334,0.9550000429153442,1.2123420238494873
1.0272271633148193,0.9700000286102295,1.2366719245910645
1.029183030128479,0.9600000381469727,1.4859718084335327
1.0264633893966675,0.9700000286102295,1.0922220945358276
1.024999976158142,0.9750000238418579,1.0557020902633667
1.0828901529312134,0.8600000739097595,3.3990421295166016
1.0581684112548828,0.9250000715255737,2.4449520111083984
1.0296224355697632,0.9650000333786011,1.1238020658493042
1.0470936298370361,0.9250000715255737,1.5304019451141357
1.0393667221069336,0.9500000476837158,1.1550920009613037
1.031561255455017,0.9550000429153442,1.5431621074676514
1.0779073238372803,0.8550000190734863,1.728671908378601
1.0315743684768677,0.9550000429153442,1.5269819498062134
1.0320395231246948,0.9550000429153442,1.3048820495605469
1.0461647510528564,0.9150000810623169,1.5759921073913574
1.0284191370010376,0.9650000333786011,1.557252049446106
1.0331554412841797,0.9500000476837158,1.7373720407485962
1.0292415618896484,0.9650000333786011,1.3951319456100464
1.0370899438858032,0.9550000429153442,1.1682020425796509
1.0393924713134766,0.940000057220459,1.6339019536972046
1.053486704826355,0.9050000905990601,1.962172031402588
1.0391756296157837,0.9450000524520874,1.2459319829940796
1.037402868270874,0.9350000619888306,1.6543021202087402
1.0302261114120483,0.9650000333786011,1.11148202419281
1.0354291200637817,0.9500000476837158,1.1250720024108887
1.0414206981658936,0.9300000667572021,1.4309319257736206
1.0276155471801758,0.9550000429153442,1.522481918334961
1.024999976158142,0.9750000238418579,1.087831974029541
1.0509073734283447,0.9300000667572021,1.5967519283294678
1.042819857597351,0.9350000619888306,1.5267019271850586
1.043366551399231,0.940000057220459,1.617442011833191
1.0356061458587646,0.9450000524520874,1.5710519552230835
1.0460692644119263,0.9150000810623169,2.8268020153045654
1.0269967317581177,0.9700000286102295,1.1293721199035645
1.0388896465301514,0.9450000524520874,1.2976421117782593
1.0468599796295166,0.9250000715255737,1.5193519592285156
1.0444434881210327,0.9350000619888306,1.8612220287322998
1.0331261157989502,0.9550000429153442,1.3150221109390259
1.031428575515747,0.9600000381469727,1.3819420337677002
1.0279090404510498,0.9650000333786011,1.5287519693374634
1.0304977893829346,0.9650000333786011,1.1703521013259888
1.026584267616272,0.9700000286102295,1.1004818677902222
1.050199031829834,0.9300000667572021,1.4965519905090332
1.057590126991272,0.9000000953674316,1.6594619750976562
1.0413991212844849,0.940000057220459,1.1992919445037842
1.038671612739563,0.9450000524520874,1.3538819551467896
1.028813123703003,0.9550000429153442,1.211601972579956
1.0349329710006714,0.9550000429153442,1.091641902923584
1.0576776266098022,0.8750000596046448,2.5526318550109863
1.0328123569488525,0.9600000381469727,1.2158019542694092
1.0372297763824463,0.940000057220459,1.2240619659423828
1.0414319038391113,0.940000057220459,1.491652011871338
1.0418176651000977,0.925000011920929,2.048271894454956
1.047608733177185,0.9500000476837158,1.1840620040893555
1.0526752471923828,0.9200000762939453,1.4405019283294678
1.0266565084457397,0.9700000286102295,1.1080321073532104
1.0433903932571411,0.9350000619888306,1.4907820224761963
1.0332469940185547,0.9550000429153442,1.3002618551254272
1.024999976158142,0.9750000238418579,1.2148021459579468
1.0494831800460815,0.9300000667572021,1.6973919868469238
1.042749285697937,0.9250000715255737,1.7565619945526123
1.0432732105255127,0.9550000429153442,1.2838521003723145
1.0287688970565796,0.9700000286102295,1.0939220190048218
1.029881238937378,0.9650000333786011,1.122641921043396
1.0199999809265137,0.9800000190734863,1.1083821058273315
1.044350266456604,0.940000057220459,1.1960020065307617
1.0293517112731934,0.9600000381469727,1.4777320623397827
1.0487380027770996,0.9150000214576721,2.0914220809936523
1.037892460823059,0.9500000476837158,1.1899219751358032
1.0664540529251099,0.8449999690055847,2.5593321323394775
1.0320464372634888,0.9600000381469727,1.1512119770050049
1.024999976158142,0.9750000238418579,1.038301944732666
1.0221350193023682,0.9750000238418579,1.15585196018219
1.029870629310608,0.9650000333786011,1.1426820755004883
1.0391771793365479,0.9150000810623169,2.170222043991089
1.067207932472229,0.8500000238418579,2.708281993865967
1.027097463607788,0.9650000333786011,1.4340519905090332
1.0273807048797607,0.9650000333786011,1.3153220415115356
1.0246790647506714,0.9650000333786011,1.3001019954681396
1.059371829032898,0.9000000953674316,1.5856419801712036
1.050741195678711,0.9350000619888306,1.5768120288848877
1.024999976158142,0.9750000238418579,1.1344319581985474
1.0199999809265137,0.9800000190734863,1.0884519815444946
1.0624524354934692,0.8700000643730164,1.7603920698165894
1.026262640953064,0.9600000381469727,1.1981821060180664
1.03359854221344,0.9500000476837158,1.4933520555496216
1.03973388671875,0.9350000023841858,1.75599205493927
1.0546232461929321,0.9200000762939453,2.308892011642456
1.0617077350616455,0.9000000953674316,2.1579620838165283
1.0599987506866455,0.89000004529953,2.670691967010498
1.0264291763305664,0.9700000286102295,1.1173319816589355
1.03709876537323,0.9450000524520874,1.4144920110702515
1.0273762941360474,0.9600000381469727,1.6450620889663696
1.0283825397491455,0.9650000333786011,1.1887919902801514
1.0369654893875122,0.940000057220459,2.03068208694458
1.076878309249878,0.8349999189376831,3.2562220096588135
1.0566943883895874,0.9050000905990601,1.8766419887542725
1.0541679859161377,0.8950001001358032,2.0128118991851807
1.0273569822311401,0.9700000286102295,1.324172019958496
1.039049744606018,0.9500000476837158,1.3580820560455322
1.0396801233291626,0.9350000619888306,1.9569920301437378
1.0328505039215088,0.9600000381469727,1.2490220069885254
1.0448248386383057,0.9300000667572021,1.6219121217727661
1.029686689376831,0.9500000476837158,1.4953519105911255
1.0602807998657227,0.9000000953674316,2.003972053527832
1.043449878692627,0.940000057220459,1.4513120651245117
1.0510128736495972,0.9250000715255737,1.636322021484375
1.0508984327316284,0.9150000810623169,1.6745920181274414
1.0548778772354126,0.8900001049041748,1.991042137145996
1.0446027517318726,0.9350000619888306,1.5837221145629883
1.0384669303894043,0.9500000476837158,1.2911120653152466
1.0403944253921509,0.940000057220459,2.3925418853759766
1.0199999809265137,0.9800000190734863,1.0853420495986938
1.0554797649383545,0.9000000357627869,2.643742084503174
1.038385272026062,0.9500000476837158,1.4942419528961182
1.028061866760254,0.9700000286102295,1.0752620697021484
1.041614294052124,0.9450000524520874,1.6355419158935547
1.0308672189712524,0.9550000429153442,1.674612045288086
1.0343523025512695,0.9600000381469727,1.1848119497299194
1.0312983989715576,0.9500000476837158,1.6184720993041992
1.0313688516616821,0.9550000429153442,1.2420719861984253
1.0285416841506958,0.9650000333786011,1.4227919578552246
1.0303572416305542,0.9600000381469727,1.2530920505523682
1.0347565412521362,0.940000057220459,1.9788520336151123
1.0299253463745117,0.9650000333786011,1.2356120347976685
1.0484298467636108,0.9450000524520874,1.1834920644760132
1.0199999809265137,0.9800000190734863,1.048811912536621
1.024999976158142,0.9750000238418579,1.132881999015808
1.0283234119415283,0.9650000333786011,1.1368119716644287
1.072480320930481,0.9250000715255737,1.2803521156311035
1.029536247253418,0.9700000286102295,1.0790919065475464
1.0263335704803467,0.9700000286102295,1.5227221250534058
1.029536247253418,0.9700000286102295,1.1774320602416992
1.0426825284957886,0.9300000071525574,2.0389621257781982
1.024999976158142,0.9750000238418579,1.0675820112228394
1.0265971422195435,0.9700000286102295,1.1689319610595703
1.027503252029419,0.9700000286102295,1.321202039718628
1.0199999809265137,0.9800000190734863,1.0353419780731201
1.0281903743743896,0.9650000333786011,1.2624019384384155
1.0408565998077393,0.9500000476837158,1.3453919887542725
1.0199999809265137,0.9800000190734863,1.175812005996704
1.0308711528778076,0.9600000381469727,1.2966020107269287
1.0368225574493408,0.940000057220459,1.6282219886779785
1.0384721755981445,0.940000057220459,1.3753020763397217
1.046410083770752,0.9150000810623169,1.741652011871338
1.036712408065796,0.9450000524520874,1.2706120014190674
1.0247184038162231,0.9700000286102295,1.1477919816970825
1.0341461896896362,0.9450000524520874,1.7718820571899414
1.0472854375839233,0.9300000667572021,1.5467721223831177
1.0364843606948853,0.9450000524520874,1.4221019744873047
1.024999976158142,0.9750000238418579,1.0767220258712769
1.0331497192382812,0.9650000333786011,1.1475520133972168
1.024999976158142,0.9750000238418579,1.0544519424438477
1.0646919012069702,0.8850000500679016,2.3790018558502197
1.0273414850234985,0.9700000286102295,1.1093519926071167
1.03644597530365,0.940000057220459,1.230762004852295
1.0399181842803955,0.940000057220459,1.2212119102478027
1.0331487655639648,0.9550000429153442,1.1209620237350464
1.024999976158142,0.9750000238418579,1.0703918933868408
1.0271408557891846,0.9700000286102295,1.1479719877243042
1.0497621297836304,0.9150000810623169,2.8788321018218994
1.024999976158142,0.9750000238418579,1.0522921085357666
1.024999976158142,0.9750000238418579,1.0549819469451904
1.0669007301330566,0.8900001049041748,2.8028018474578857
1.0498685836791992,0.9500000476837158,1.2405719757080078
1.0498685836791992,0.9500000476837158,1.2405719757080078
1.0496593713760376,0.9150000810623169,1.5043920278549194
1.0414220094680786,0.9450000524520874,1.165202021598816
1.0271114110946655,0.9650000333786011,1.1573721170425415
1.0300878286361694,0.9600000381469727,1.252642035484314
1.041606068611145,0.9200000762939453,1.6654618978500366
1.039327621459961,0.9550000429153442,1.3394320011138916
1.024999976158142,0.9750000238418579,1.0571221113204956
1.0437943935394287,0.940000057220459,1.5457819700241089
1.020976185798645,0.9750000238418579,1.1880619525909424
1.0420900583267212,0.940000057220459,1.662011981010437
1.0406378507614136,0.9450000524520874,1.1652019023895264
1.036465048789978,0.9450000524520874,1.4026820659637451
1.0292742252349854,0.9600000381469727,1.340101957321167
1.024999976158142,0.9750000238418579,1.2175520658493042
1.0389517545700073,0.9450000524520874,2.120242118835449
1.037692904472351,0.940000057220459,1.3488019704818726
1.0269951820373535,0.9700000286102295,1.5333420038223267
1.0548709630966187,0.9150000810623169,2.5966920852661133
1.0431784391403198,0.9150000810623169,2.235732078552246
1.0359880924224854,0.9450000524520874,1.4202519655227661
1.0395159721374512,0.9500000476837158,1.193471908569336
1.039945125579834,0.9450000524520874,1.4455519914627075
1.056706190109253,0.9050000309944153,2.024672031402588
1.0357890129089355,0.9500000476837158,1.7473920583724976
1.024999976158142,0.9750000238418579,1.0598920583724976
1.0285073518753052,0.9650000333786011,1.1585921049118042
1.031643271446228,0.9600000381469727,1.1247220039367676
1.0432732105255127,0.9550000429153442,1.28616201877594
1.0330144166946411,0.9500000476837158,1.503051996231079
1.0404243469238281,0.940000057220459,1.3380119800567627
1.0425077676773071,0.9350000619888306,1.3744721412658691
1.024999976158142,0.9750000238418579,1.219372034072876
1.0292675495147705,0.9650000333786011,1.3444719314575195
1.0199999809265137,0.9800000190734863,1.1345919370651245
1.0264906883239746,0.9700000286102295,1.1679619550704956
1.024999976158142,0.9750000238418579,1.0509718656539917
1.0305453538894653,0.9650000333786011,1.2457020282745361
1.0513596534729004,0.9300000667572021,1.5507019758224487
1.033279299736023,0.9600000381469727,1.0845520496368408
1.024999976158142,0.9750000238418579,1.0390318632125854
1.021345615386963,0.9750000238418579,1.287182092666626
1.038987159729004,0.940000057220459,1.3596419095993042
1.024999976158142,0.9750000238418579,1.1369320154190063
1.041968822479248,0.9450000524520874,1.4621220827102661
1.0308042764663696,0.9600000381469727,1.2403919696807861
1.024999976158142,0.9750000238418579,1.0653018951416016
1.061964750289917,0.9250000715255737,1.3151419162750244
1.024999976158142,0.9750000238418579,1.065201997756958
1.0293598175048828,0.9650000333786011,1.1184920072555542
1.0417793989181519,0.9550000429153442,1.1951720714569092
1.0318137407302856,0.9600000381469727,1.1244419813156128
1.024999976158142,0.9750000238418579,1.2369219064712524
1.0362216234207153,0.9500000476837158,1.336482048034668
1.0245164632797241,0.9700000286102295,1.082581877708435
1.027860403060913,0.9700000286102295,1.072842001914978
1.0320557355880737,0.9550000429153442,1.1946721076965332
1.0418516397476196,0.9500000476837158,1.3191721439361572
1.0543594360351562,0.9100000858306885,1.8860819339752197
1.024999976158142,0.9750000238418579,1.0380219221115112
1.0289855003356934,0.9550000429153442,1.4078820943832397
1.0369278192520142,0.9550000429153442,1.4059618711471558
1.0243035554885864,0.9550000429153442,1.2560820579528809
1.0337104797363281,0.9550000429153442,1.4568021297454834
1.0441030263900757,0.9450000524520874,1.377531886100769
1.0477501153945923,0.9200000166893005,2.013322114944458
1.0380151271820068,0.940000057220459,1.9836421012878418
1.043305516242981,0.9300000071525574,2.3591721057891846
1.0375638008117676,0.9450000524520874,1.1267319917678833
1.0341784954071045,0.9600000381469727,1.0413320064544678
1.0459625720977783,0.9350000619888306,1.958251953125
1.0400793552398682,0.9500000476837158,1.372372031211853
1.0293011665344238,0.9650000333786011,1.0702118873596191
1.027267336845398,0.9600000381469727,1.3019720315933228
1.024999976158142,0.9750000238418579,1.0633320808410645
1.024999976158142,0.9750000238418579,1.0874719619750977
1.0314439535140991,0.9650000333786011,1.1314918994903564
1.0366023778915405,0.9500000476837158,1.2773619890213013
1.0272786617279053,0.9700000286102295,1.1163920164108276
1.0307151079177856,0.9650000333786011,1.1883220672607422
1.0311458110809326,0.9600000381469727,1.2918518781661987
1.0377461910247803,0.9450000524520874,1.6337120532989502
1.0472286939620972,0.9350000619888306,1.5843019485473633
1.0339314937591553,0.9500000476837158,1.3684519529342651
1.024999976158142,0.9750000238418579,1.071221947669983
1.045114278793335,0.9350000619888306,1.228052020072937
1.0262563228607178,0.9700000286102295,1.1062320470809937
1.0427335500717163,0.9450000524520874,1.2044620513916016
1.0485432147979736,0.9450000524520874,1.1834920644760132
1.024999976158142,0.9750000238418579,1.0862820148468018
1.042976975440979,0.9450000524520874,1.1378121376037598
1.0489140748977661,0.940000057220459,1.2692821025848389
1.0427703857421875,0.940000057220459,1.5621421337127686
1.0243667364120483,0.9650000333786011,1.2040519714355469
1.0380712747573853,0.9550000429153442,1.21589195728302
1.0234555006027222,0.9700000286102295,1.1460520029067993
1.0295950174331665,0.9600000381469727,1.1468418836593628
1.0283968448638916,0.9700000286102295,1.1572619676589966
1.0283029079437256,0.9700000286102295,1.0553518533706665
1.0273278951644897,0.9650000333786011,1.1631020307540894
1.0369707345962524,0.9450000524520874,1.3892920017242432
1.0285354852676392,0.9700000286102295,1.066472053527832
1.0426087379455566,0.9550000429153442,1.1667720079421997
1.043899416923523,0.9350000619888306,1.5543420314788818
1.0309314727783203,0.9600000381469727,1.2158621549606323
1.02984619140625,0.9650000333786011,1.1975220441818237
1.0357139110565186,0.9500000476837158,1.3345818519592285
1.024999976158142,0.9750000238418579,1.0936418771743774
1.0353773832321167,0.9550000429153442,1.3916219472885132
1.0269542932510376,0.9700000286102295,1.1174719333648682
1.024999976158142,0.9750000238418579,1.1052318811416626
1.0416895151138306,0.9450000524520874,1.171441912651062
1.0424124002456665,0.9500000476837158,1.0973619222640991
1.0199999809265137,0.9800000190734863,1.0285720825195312
1.0424124002456665,0.9500000476837158,1.0973619222640991
1.036182165145874,0.9450000524520874,1.2932720184326172
1.03701651096344,0.9450000524520874,1.7547619342803955
1.024999976158142,0.9750000238418579,1.1119719743728638
1.0272208452224731,0.9650000333786011,1.288182020187378
1.0453076362609863,0.940000057220459,1.3694519996643066
1.0325250625610352,0.9650000333786011,1.0491122007369995
1.0271437168121338,0.9700000286102295,1.0303120613098145
1.028847098350525,0.9650000333786011,1.1515820026397705
1.024999976158142,0.9750000238418579,1.0739719867706299
1.024999976158142,0.9750000238418579,1.15106201171875
1.024999976158142,0.9750000238418579,1.0547220706939697
1.0199999809265137,0.9800000190734863,1.0370019674301147
1.0475471019744873,0.940000057220459,1.2553520202636719
1.028626561164856,0.9700000286102295,1.0692920684814453
1.0324740409851074,0.9550000429153442,1.2952420711517334
1.0372250080108643,0.9550000429153442,1.106152057647705
