1.042770266532898,0.9450000524520874,1.1207833290100098
1.0270800590515137,0.9700000286102295,1.078752040863037
1.024999976158142,0.9750000238418579,1.1545332670211792
1.0363308191299438,0.9550000429153442,1.0750019550323486
1.024999976158142,0.9750000238418579,1.0332832336425781
1.024999976158142,0.9750000238418579,1.0454708337783813
1.024999976158142,0.9750000238418579,1.0323456525802612
1.0375635623931885,0.9550000429153442,1.2289081811904907
1.0413621664047241,0.9350000619888306,1.7350019216537476
1.024999976158142,0.9750000238418579,1.070783257484436
1.0454981327056885,0.9450000524520874,1.5571894645690918
1.0424572229385376,0.9500000476837158,1.6276582479476929
1.0336952209472656,0.9500000476837158,1.3806270360946655
1.024999976158142,0.9750000238418579,1.047189474105835
1.024999976158142,0.9750000238418579,1.0314081907272339
1.0422639846801758,0.9500000476837158,1.2254706621170044
1.024999976158142,0.9750000238418579,1.0235956907272339
1.024999976158142,0.9750000238418579,1.0339082479476929
1.024999976158142,0.9750000238418579,1.0581269264221191
1.024999976158142,0.9750000238418579,1.0396894216537476
1.024999976158142,0.9750000238418579,1.032033085823059
1.0268019437789917,0.9700000286102295,1.0992207527160645
1.024999976158142,0.9750000238418579,1.0231269598007202
1.024999976158142,0.9750000238418579,1.0454707145690918
1.0354321002960205,0.9550000429153442,1.1664081811904907
1.024999976158142,0.9750000238418579,1.0253145694732666
1.0409682989120483,0.9500000476837158,1.0762519836425781
1.024999976158142,0.9750000238418579,1.0293771028518677
1.024999976158142,0.9750000238418579,1.0273456573486328
1.0363308191299438,0.9550000429153442,1.0720332860946655
1.024999976158142,0.9750000238418579,1.0431269407272339
1.024999976158142,0.9750000238418579,1.0145331621170044
