6101
2867
4394
10409
737
5980
300
1
4213
7144
2522
1255
4555
10451
5146
8967
8194
5275
5027
8395
7374
9767
10380
7321
6918
81
9054
5306
776
1016
3598
8484
5300
4583
7052
2250
5889
108
4259
3635
6895
7638
9819
2981
3738
7448
3138
5014
5953
4388
3610
5715
1666
6463
3550
9999
8760
3503
7551
8200
4988
4505
3656
396
10150
253
3157
1754
7240
51
7531
1737
1553
5489
6808
1425
4264
10129
518
4516
2499
3806
2306
550
8018
4924
6127
2120
9359
4364
4535
1236
9503
5876
4734
4500
8097
7010
6424
3707
7558
4174
2956
4110
2348
850
1350
2528
7676
6811
1109
8221
3914
57
8984
10038
4265
6663
10446
6420
6341
2328
10096
830
1729
7000
4573
4623
1707
463
2904
246
3736
2696
10379
7766
6006
9244
9209
3017
10556
5096
3338
8780
6185
6289
7850
2710
5042
5685
735
4160
6803
9659
1300
8705
5783
4231
7509
9885
1644
5607
4022
2428
5313
6990
9713
9866
6699
5948
2903
8482
6477
140
1783
3938
4628
8545
7396
4784
6164
8275
3083
3705
785
9784
4272
8028
5684
9039
4030
724
2090
10271
7691
3163
6740
1022
9151
2066
555
5714
6254
741
2860
2477
22
5531
758
8458
9271
958
1512
4993
1324
993
5569
610
1663
5360
2403
7050
6941
1693
8615
3948
8520
2367
1210
8662
7807
6170
5966
1442
1568
5645
8664
9307
1444
4176
7877
2327
10473
5899
2112
1821
9619
9945
5073
5509
6427
7636
6653
2262
6541
4558
1720
2760
1564
1760
3645
9450
7330
8267
1647
6179
8231
7963
6433
6824
6374
6465
1292
1671
1738
3986
1809
440
7794
2964
2177
1223
7960
4208
9136
3883
397
9851
7045
9066
9327
3220
2260
9666
3210
8159
8378
4228
7222
2460
674
9080
3896
9513
8869
6763
2206
3724
7176
4093
5638
1619
9042
4676
4569
9896
7340
3703
2786
6775
404
5504
2346
557
6197
10082
6631
5433
4081
8827
10311
7025
1216
2883
6777
9386
4453
5086
5413
9765
4435
467
3472
10356
8618
6331
8754
9048
9004
10432
1187
9000
2936
416
141
2378
1674
3961
1000
7463
10100
7364
2235
276
4753
2183
9116
638
3664
4797
7518
4814
3033
7903
4703
2086
1828
8066
489
7973
1261
8515
668
2188
10629
6788
3215
2847
8324
6689
4903
2562
3446
5420
5247
10314
4832
3958
5557
7192
9929
125
6927
5188
9744
6692
256
216
5191
10148
6332
9412
5445
973
650
3342
2734
3733
72
2809
1549
7577
9814
5935
9413
9243
6841
5837
9980
4873
7702
8729
667
6750
1582
3044
4152
1430
9703
7660
7629
5122
7547
3689
7166
3188
9609
8456
9876
1930
4427
3897
6253
4718
1363
9238
4455
7206
7428
2357
6558
7947
10482
5605
777
4751
8140
8070
9809
4173
4562
8428
570
9658
10547
4658
8652
3107
996
7515
9853
7116
6684
4540
5621
454
5311
1595
1908
875
1613
289
711
101
3
4294
8813
9948
10375
812
6403
9668
7339
1837
10072
2457
3575
2637
871
6573
1676
3790
825
6882
6838
2646
5316
7056
8096
4128
9783
9987
3587
6456
6971
10000
7714
9715
3861
2207
10154
530
4053
6277
3941
4714
4791
9033
10187
10208
5833
2972
1283
9402
4501
5976
4603
5056
3595
10115
4092
4780
8479
3250
3827
2458
8834
4288
1238
1158
8736
1903
10353
981
327
8407
282
9072
7338
5926
10132
4381
5448
2933
2043
1845
3223
3633
7097
1045
8569
244
6064
4982
3531
6241
8471
6118
2017
4568
5485
7005
371
7981
1941
565
116
5447
1322
3780
8499
2197
1875
4084
4347
975
7015
1113
6614
614
115
5045
6195
2993
6900
4310
5754
1049
8896
65
4777
1877
5881
9732
7369
6288
6874
349
9252
5435
5284
9748
4087
10188
7570
9380
11
2023
4888
803
7773
6669
4130
5100
7314
2996
2364
6681
6724
9787
7872
6802
9741
1846
9994
10069
7834
6868
8713
21
8876
10457
2252
5941
8845
516
4013
4410
7889
857
4908
6813
2845
7325
8058
7521
1275
10196
5800
3175
39
2121
8150
7043
6875
5593
4915
8416
9995
205
5183
3657
10226
2266
3289
891
8956
9882
496
4399
5566
8624
1838
9810
7504
7326
7848
270
2091
9288
34
3310
8546
2618
6255
9395
967
8091
9827
9988
6553
3432
4639
9365
8593
7535
5460
7186
5025
1168
7640
5334
980
2558
3727
8320
7062
8088
1381
5564
8592
2753
2383
6182
990
6835
548
9062
1555
7391
8646
8534
9421
257
9764
3303
10113
2326
2440
9542
2292
2104
5633
5066
2482
3842
9392
2878
7561
1054
3194
215
10051
30
9229
10181
1375
7653
6273
3191
7287
3346
7404
8560
9024
4480
5757
1724
62
10189
9538
1826
3043
4820
6410
2540
3350
5138
9397
7760
2007
2833
8848
4948
4563
8328
3530
1972
3318
2210
10019
6735
2037
2815
8629
9971
6707
2991
5765
2727
4491
5809
10028
2483
204
6360
9675
3979
5516
3281
951
2803
7367
48
8415
9442
3006
6506
3607
7545
5776
6398
7915
5644
5035
10412
6832
10524
8840
1434
10172
5511
8778
10248
6584
6814
6769
6193
5157
7765
4754
6915
9955
2200
626
5102
6474
10298
7315
8311
7194
5875
10009
970
4018
8542
5920
8279
7033
3464
2510
3536
7115
3473
2840
4585
7574
3422
9884
5507
8722
4052
6429
1457
5261
1589
2834
6320
9291
1956
7665
9720
8063
7572
7553
1771
4870
4643
3870
9654
1778
10625
5378
4618
474
1257
10145
4439
8864
4508
8401
8491
5373
9313
4850
8779
5118
5855
4215
5946
9902
4807
5402
235
8202
5550
4859
1389
4232
9925
4834
8590
6568
2685
4305
3843
9800
4979
5248
1526
8723
8266
6881
6106
4939
3956
309
2105
4177
9488
10559
4708
9253
4012
5459
4486
718
6496
6583
8225
7713
2610
7818
4223
6965
10178
9175
2316
6094
8372
8907
8920
6639
7796
7592
2606
7593
7897
8356
5299
4612
2443
1328
5266
6543
4785
7948
5890
5944
9400
940
6570
10576
1065
997
5199
5233
3370
2948
5409
1189
9515
2631
10278
3903
6522
213
6470
6161
4023
2822
9480
663
2968
793
6223
10319
8494
4978
6991
954
7777
6767
9661
7811
712
9111
2547
8790
5410
9356
4913
9996
6704
3221
7264
1162
6239
7104
1499
461
7675
3507
9299
3661
9555
5215
2307
2635
2161
2597
3463
10539
705
6565
10572
3877
2149
6555
9556
9461
464
4592
9394
8748
3379
4787
829
9689
5093
9323
10123
8493
3277
2475
1762
9185
7603
9865
2928
9161
619
2567
3246
3867
6924
2630
9297
1419
292
4759
1925
4207
4015
5492
7683
9352
3486
909
8847
605
6264
6916
6178
9053
2586
4275
2463
7258
10211
3706
2664
4521
9629
8219
3814
7179
4434
6703
3932
6765
820
10018
2672
3640
6316
4935
2668
7891
4308
4016
2853
7564
1534
4872
9920
8531
6122
10302
1441
243
1056
1789
6294
9618
1758
5135
3345
9598
533
9156
9309
7076
10415
5515
8875
3305
5973
1565
2366
9192
2118
2967
5114
3797
10514
2439
165
111
1313
314
7004
7381
1450
2703
6015
10513
1687
2870
1929
10387
9778
2332
10535
7964
443
2040
10049
7405
9148
5362
9623
1364
4865
2309
2106
9436
2353
1245
4773
10239
2534
3004
2119
10037
6544
832
3128
4680
2805
8806
4890
5038
7153
2265
7858
4810
7014
938
4877
1842
6326
28
2102
9678
5113
8325
4666
5279
4366
91
9930
10461
9265
2271
2915
5721
5979
9315
3634
2196
6085
358
2452
4029
1948
7110
431
6987
5563
3597
9890
8571
744
3748
8375
5151
4383
6876
3763
3857
562
1605
3671
4339
9438
198
8594
5301
10007
159
97
10107
3155
6960
4334
7953
2689
6352
3218
7384
3567
4032
5019
6207
7335
9203
1060
2790
2720
5239
6130
9514
8854
9447
5195
3480
7637
6156
1907
3021
1438
5457
1871
7437
10399
4061
1918
1742
6910
9305
7160
625
9364
2381
3846
786
6063
281
569
1530
2229
1338
3765
5052
5063
7467
5501
5177
1147
2601
714
7557
1319
6789
6333
3103
4970
5671
2130
6168
4837
3272
3186
2780
9759
220
10463
7735
1214
6754
5643
9912
10269
2294
8051
1561
6521
4192
1416
8853
6845
331
564
2257
4955
6225
3715
1560
6978
9993
3279
8683
3669
8846
6793
4557
8092
5062
1766
10243
8696
1935
7007
273
8392
7686
1052
3923
5363
1887
5310
3921
8633
3564
502
6014
4855
8138
7493
8747
6630
3452
5359
3786
7355
4653
7737
1409
9682
7297
3439
4695
2097
1107
10340
9705
10557
4359
209
2813
9259
9316
9615
3154
3018
4936
4168
180
8485
8822
1330
7286
5325
903
6596
7725
10106
3529
2880
2208
6782
8340
3868
10377
4133
7843
9162
7196
298
9571
7417
2418
9936
7322
8454
5043
3502
720
488
8539
1286
3488
7824
9139
1822
4544
10466
5910
7837
9190
1985
6174
7419
7108
620
3749
8974
885
9071
5424
4155
7343
7356
2641
6989
3268
2866
9688
9547
10411
9337
6238
8280
2773
4660
7699
6142
4020
1608
6742
6984
3483
3718
4373
5672
3127
9772
1921
1540
2008
7276
4184
6840
6567
5907
2825
4237
1435
1967
1508
6849
3654
4460
10536
6595
10368
5502
593
6385
8961
8153
3390
8914
5958
3088
6384
9469
6617
6378
6799
679
7087
1262
9821
8680
5872
693
9381
172
2864
7447
9647
8316
5568
8110
8691
8887
7752
10071
8812
6974
4669
8476
9095
173
2282
8195
8901
719
2682
9188
6535
2653
8361
10205
8501
9199
7618
10095
3829
1233
4990
6878
1492
7205
2109
1880
4433
1714
7856
8444
421
2099
1362
4974
2620
6889
3391
4805
2757
7853
5432
6822
7844
3984
5060
1035
5731
4009
3636
1276
8435
4683
9037
318
2839
35
2876
321
6694
10020
856
5592
7154
893
6359
1987
8541
7957
3824
2107
10416
4515
6774
4113
7285
1382
9745
2680
2512
1099
1934
8011
627
7802
10328
2799
792
9811
2513
8815
2341
6795
527
7040
5342
878
1440
4589
9341
3825
3926
9907
6641
6819
10295
8163
2253
5466
9578
2331
8001
3394
5416
4408
10442
5124
7191
2648
4321
5584
4079
3557
1280
3077
2350
8944
7068
10083
84
10478
9563
5635
2974
2179
6564
8191
5307
2429
8205
5972
6381
6731
4817
7970
5669
1798
2377
7819
5337
2351
5602
7451
4822
2394
9328
3978
299
2280
4437
287
664
7707
10318
2752
8021
2804
7031
8917
7142
6004
6232
9685
9295
4060
9858
1836
3515
1373
7711
1401
3852
2277
6975
6688
6345
3966
4587
10222
7248
1695
4254
6772
1504
406
2469
2718
10185
1253
4662
6246
3162
9939
4446
10609
2227
8188
6441
3407
4080
9383
10200
781
5900
10541
2190
333
1372
6659
10389
2379
7994
8079
7697
9860
6348
6829
7568
1352
6022
1708
465
959
6842
8979
844
6680
5795
595
5781
10525
2417
7785
4008
5075
1024
10117
2970
2329
2212
8422
2491
5198
10016
9909
1295
1529
9532
3539
3807
8004
6778
5681
4116
10329
9390
3201
107
7754
112
9952
4614
1105
7562
7862
8152
4621
9738
4607
10067
1104
473
4744
4235
5497
6600
10193
6355
3754
7336
1121
4889
4929
6227
9997
3366
2152
8031
4104
7870
5464
9269
3260
5149
2612
7199
5691
9276
8639
3360
10606
8259
3490
3284
6421
607
769
8587
4760
1621
8599
1001
6219
7571
6136
6237
6624
10577
1523
9564
7230
4198
3436
10418
4419
2830
9792
3999
9822
9477
7671
10573
7954
46
2874
5286
9077
8938
10003
2505
7265
3468
1399
3426
3410
8897
1410
7433
7621
4380
6365
7305
6450
6761
892
9616
1527
120
1752
1781
1469
6220
2084
4196
2218
4317
5254
3701
10055
10431
2293
4266
6536
5472
9178
7626
9300
5632
5218
450
2026
10307
9001
4989
1640
2985
10523
5818
8547
6499
10277
5193
3090
3730
6552
4225
2714
3647
8794
8314
6637
10366
6507
8321
7949
7413
10371
4615
181
8490
3066
10321
9263
5614
53
10065
448
3509
5468
2669
1722
3820
10099
1897
8043
6461
540
9147
9695
2430
3792
9179
8775
2692
10531
2387
5647
2164
4289
9281
1414
4937
6327
7371
7385
632
8306
2711
3253
8579
4923
9122
4467
1904
4210
7443
1668
6818
5197
9296
541
9728
9457
3783
8209
6590
2770
9260
6726
9495
10595
3034
9408
10102
5924
2527
8467
7974
8062
3726
3025
1368
8526
8007
1336
5513
410
394
3174
2925
899
126
10507
8745
6865
466
855
6323
5500
4340
665
128
8530
3224
5923
3709
2754
8132
3466
2589
10118
6321
9090
4771
7835
4112
2899
5659
9611
1476
1635
7238
4282
1940
8009
8289
2887
2639
10294
4960
6904
6268
2263
2039
5578
9739
8283
617
8174
8217
6625
2521
9523
2272
9631
1623
8347
5567
7145
9211
5217
4954
10402
7494
8912
1853
9870
5179
4395
4067
8645
7308
4866
9736
1966
3774
8016
929
9196
1027
1757
4048
10544
10419
10062
6210
9449
8982
1566
10152
2189
5417
4946
6236
10471
114
3092
7006
8630
10235
5143
7051
9233
9558
5294
5817
5428
8981
7657
1919
3934
6708
10259
239
2044
6598
1318
8607
8762
701
4025
9803
1243
7290
8510
10601
6301
6638
10262
7036
5547
4510
3206
7218
8601
688
2893
1547
5793
2024
1269
10336
9078
10404
2431
4818
1458
3142
5656
2683
6645
4478
9850
984
6758
6016
1977
8945
9025
9275
8992
9145
10497
5950
704
7901
9249
6931
965
9468
2258
10094
6937
6766
7213
584
3614
7208
7633
7659
7658
5510
1120
6272
1102
4901
9526
1961
10022
1423
7709
10218
8820
1235
6481
3951
9548
7500
6619
36
8608
10437
6426
6034
7011
1171
7548
2154
3501
9287
1585
811
6791
3007
5641
9171
9439
1501
1148
8952
9621
1122
2640
9141
1342
7395
5171
6807
10221
7184
388
7401
5826
8792
2011
1986
1803
6548
174
4420
3160
4120
433
5178
1203
4444
8817
3582
2449
8709
6738
92
7573
4707
1284
10618
6581
10584
6498
6635
10583
3385
1717
10460
1393
4341
7120
3208
3045
1604
2163
9448
4445
8831
1084
1932
1042
6747
7473
7351
490
1500
5735
2405
4736
2584
6068
4045
6399
7859
3874
5269
7544
2254
7089
5283
3685
3581
4962
2821
6610
9222
1688
8502
7390
10503
7091
3392
2178
3124
7261
5624
1252
266
6283
6737
9672
7065
6023
7546
2944
8948
5694
2896
894
3970
2454
10458
9248
4827
4593
6189
5613
5810
2182
8208
10253
3003
7944
5581
7692
8676
9725
1260
5245
6887
2663
5723
2408
6851
5712
7444
2061
8985
10053
12
4769
9606
1391
837
3099
9452
1232
4386
7041
7627
728
4506
5841
9574
7190
6886
2549
3580
10029
10417
760
1563
4757
3823
2583
5232
7143
4372
5706
4227
4594
1800
7833
7357
5181
6110
2858
1516
7667
6123
5367
4107
2537
911
6131
628
4657
2842
20
9164
4362
4088
503
7370
10229
9208
9052
8540
1037
5828
2168
8582
8093
3311
7678
3187
5201
6675
5561
9845
3448
7247
4824
4811
8197
233
5365
45
456
1849
7705
514
1994
5437
4617
9567
7996
7461
9391
6346
647
5967
6662
9824
10549
7530
8927
6898
5990
6035
5095
7019
651
10124
8175
8103
4793
1883
543
1379
4306
6500
5317
1630
8185
10616
2022
5381
7526
779
7758
8273
5577
1176
10484
963
6644
10530
7559
9852
3907
2067
4956
6700
3794
8868
10425
4368
3234
8389
5072
9121
9707
7013
9977
637
1734
10590
6872
5541
5256
320
385
4631
10212
4702
7453
1728
10156
3878
2759
9351
3762
991
338
3768
2818
5454
2971
8929
3408
9671
787
9428
752
7359
2248
10426
2516
8970
2748
7412
4883
8433
170
7771
4224
6312
9273
9220
7200
5559
7838
2608
948
9984
8581
6780
1620
5937
7865
32
10430
1244
3027
8996
10288
9931
7352
8383
10588
2170
1118
6796
3617
2436
8388
9338
1950
7533
9272
7399
8933
646
8839
6861
7373
8223
9363
8726
2746
5190
3016
7519
3891
3040
699
5226
1489
9549
2145
3137
6060
3078
5749
9493
6099
4862
5354
7958
6627
6879
8165
1744
3586
6243
5308
8268
4969
10433
6844
188
5753
670
806
8710
10603
5111
6668
3365
9708
2096
3520
1885
9256
3376
398
5346
2979
644
4407
8928
7201
7020
9290
7409
2615
2827
3844
992
5479
8913
3892
5911
9008
10035
5352
1857
3965
268
2573
8886
3946
5508
7632
8201
7382
10348
3729
6942
335
8049
1046
4226
8934
6580
8563
7512
9459
9225
10005
3608
8885
4699
616
3756
4803
10260
9041
8636
9166
8246
8127
3876
10593
2888
1047
487
545
8423
5242
1007
7159
1542
10608
252
5880
2852
982
1914
4014
4745
8787
1505
8642
1293
5048
5303
10443
8470
3615
9915
9293
2988
4071
1108
2401
3200
5323
7722
5788
9655
2005
962
2137
6867
5174
6304
7804
8104
877
6562
3732
2763
3863
5662
6373
5078
8030
8120
1087
4942
917
7468
9808
6800
4311
501
1868
4230
8971
8130
8305
6394
9009
7761
775
918
1019
1944
764
10388
5091
3940
3165
3561
6032
5499
1470
7830
1478
5068
16
10621
7529
8836
6733
1743
3307
9189
5430
1076
4976
2875
5815
7138
2492
5918
1937
4402
9201
2284
7394
8782
6074
5688
6211
5709
3739
7423
6102
3735
5761
2187
2750
3112
8583
8060
3915
7388
8333
1290
3953
8247
4350
4026
1061
7169
5763
5453
400
9285
9056
4236
10444
4416
9044
3105
166
3276
10322
7774
3551
8218
1538
6242
8577
1030
1145
5407
8708
1160
3517
6532
2998
3882
6533
6162
5088
9415
10249
9195
6
4723
5588
8706
3293
8753
10217
8536
2837
10182
6899
5347
2305
8179
2123
5349
8345
4351
8250
2769
9110
5355
8406
6817
4802
9539
3497
9926
4775
9372
6648
4431
5498
9445
2885
3728
6939
7288
3382
7079
6003
10565
10160
10176
2931
4574
4813
9366
7088
6976
7446
9065
56
7188
838
577
1355
3837
4779
5263
9573
439
3570
6278
6078
336
1422
4928
3784
4868
2943
5446
3627
9712
2334
6371
9874
10333
1066
10552
8387
5750
1464
7921
5322
8528
7597
4166
377
7118
1267
6980
7829
6757
7053
4058
2756
6379
2701
1997
8452
5692
3081
656
2559
42
1370
2571
100
187
10228
3170
2138
1943
179
1889
10579
3996
370
4806
403
137
5439
3571
7866
2980
9019
1550
7241
2755
8866
2356
4965
7998
10564
10202
5450
9106
768
9487
6820
380
8003
7177
9798
4638
8052
5211
8341
6933
5230
4423
5936
9923
6309
1892
9167
10043
5488
755
2801
6529
7951
1400
3100
10060
2223
3129
10526
5984
10369
3637
746
1517
7606
7226
511
3454
3197
7099
2330
8390
1125
6067
2376
113
1445
1312
6488
9149
2322
4546
5440
9650
6508
6923
24
6487
5687
258
4089
4180
310
3803
6515
4627
4705
1484
5988
7987
5546
9270
6932
1780
6030
3219
4845
7259
2778
10623
7594
10061
8588
7643
8983
7107
8363
9834
4301
2270
6995
7459
9240
3691
8256
8783
9892
596
219
8698
7911
10153
762
9274
6453
9766
2688
4400
1594
7149
7795
8249
5456
2787
10325
9258
6691
4126
6897
164
7478
9403
1428
9348
7387
3745
4494
2624
462
4867
4733
7440
6917
5552
5713
7029
1247
7619
3176
1922
71
26
4062
766
1629
5862
6080
5238
8005
2997
864
3492
478
3847
1298
1482
8133
7610
10624
434
8393
9420
7745
1851
3058
9453
4537
4326
5126
9074
3510
5209
1424
6935
9524
7801
736
3832
3851
1675
4525
4856
7311
4458
8142
89
4209
497
4938
7688
389
9595
8725
5298
3358
9826
3116
5777
3478
9007
3487
6124
5760
4821
2844
8598
1497
8385
854
3097
5164
1376
9729
9868
9704
6234
3019
840
6305
2372
7644
10131
1150
1893
3252
3461
3652
357
1669
3476
1487
4678
1999
8922
10447
551
265
9617
247
2792
4278
7567
10490
5838
8183
6693
8177
1660
9490
1172
9432
7074
6408
3632
9879
10079
9434
7303
6055
4331
1044
1396
5745
7445
4668
3428
8576
9553
10024
7666
827
7997
3306
5403
8878
8160
7249
7585
7840
9433
2259
9100
7591
2412
5620
1008
8682
3593
9318
8597
1123
2733
5945
7458
261
3679
2059
9144
9559
7611
3455
2531
4324
7793
3568
5153
4749
7555
5909
6145
9023
7158
874
8032
558
399
9051
9224
7441
10013
5957
7323
2788
2310
7067
1215
8694
354
2810
8659
7655
6920
7393
1896
5145
4681
2103
7729
339
1559
10488
80
2092
8277
4778
7122
1522
5029
1025
1398
2048
1927
8119
4798
6140
5344
10155
3811
4337
9247
4178
7081
9226
6028
1453
897
1198
9656
8211
344
10267
8353
10467
8707
3051
2766
10605
5886
8116
615
8270
94
2421
2520
7480
6907
4512
6459
601
8958
143
5663
6779
6103
913
2908
6417
9976
8655
5519
413
1242
916
4376
2172
1777
6633
3156
160
2465
6322
3481
5524
5236
7244
7093
3020
3499
10370
950
1281
420
8083
9967
3255
4861
3585
3320
5789
6252
5393
6314
1513
5618
326
477
3091
5293
8468
6952
1770
2504
10225
8417
8240
8308
6172
8040
10501
7496
9894
3504
6221
6298
655
4123
8327
1357
9804
9686
61
9358
7195
9462
4054
9933
553
5481
10354
10427
805
4920
1764
10283
5729
3681
3295
7907
7216
10272
27
347
9422
7183
6913
6407
4864
4930
9427
9266
5897
3772
3831
1865
6271
1813
3720
1294
15
5768
5090
4481
9204
10246
3298
7790
2297
1810
4762
5214
5651
3601
8550
395
6244
4219
9622
9302
9680
686
6592
2817
10224
5619
3695
2484
2019
5429
1266
6318
10304
9642
3096
9785
10173
3977
6751
6337
10626
2219
1411
3624
6604
4899
9849
4576
4996
2147
7882
5870
908
7607
5830
9895
1825
9891
4429
5836
1612
6409
8923
2771
8877
9761
54
618
9181
7131
9221
10504
4164
6977
10345
8858
9716
3371
8413
4360
4490
6269
10255
5703
4263
956
4655
3101
1739
3002
2462
1713
9286
5699
8849
1796
4262
3967
1606
5054
9280
5438
4772
8656
7930
348
3898
1199
2563
5484
2478
3519
2681
7497
4323
3872
7868
7741
648
8071
677
5133
799
8019
1627
5350
3865
9550
5933
1317
8053
8492
6047
2094
4409
7549
9901
3612
9916
1111
10191
6643
3378
9132
8681
2060
10250
9191
10220
6554
6859
7012
7991
4432
7215
3713
2838
10449
4033
9746
4687
130
10163
6425
8253
1320
8136
8384
3858
8296
2424
8506
4438
5678
4193
8176
2087
9454
4378
2978
3336
7895
9210
10476
1503
1646
10180
412
7168
4300
2286
9089
9092
2392
10109
4967
3535
10137
1872
6551
6880
8803
6756
8978
322
3534
2923
3620
7581
9456
1909
3354
10
556
3798
3881
5738
4893
10014
7347
6877
2859
9859
10232
8916
378
4949
4567
7966
4529
4513
6560
2775
6423
1282
9924
2054
6929
1546
10227
8561
7993
4172
376
7127
1490
5241
10068
7628
4352
10581
8307
1344
1064
222
8603
8027
7235
9649
1667
9107
4902
5871
2872
10324
710
8904
8059
1472
5888
2737
740
4405
1584
8658
8999
822
9165
6126
2398
8139
476
5542
9460
10074
1316
2676
6696
1715
168
8701
5720
4983
928
1268
8700
888
4417
4406
2901
1251
6069
7605
7273
2012
1848
7550
274
2298
9123
10070
7042
2886
1639
3516
2224
8258
8816
9483
2020
4876
8895
6816
1701
960
7590
7472
955
5812
2857
8863
9506
9334
2744
10352
4984
3398
9899
7624
675
1126
528
4514
2808
10586
5243
4448
10064
3415
6753
5968
5961
2162
5187
7023
4715
9379
835
4090
8770
9061
10114
1615
8973
2062
5951
10540
6739
5442
8036
9905
7193
4122
2922
4191
5327
1774
9417
6928
6184
4578
9126
10403
5716
5155
8650
9169
8405
3143
10274
7962
271
3009
5668
3135
7926
9093
3073
2
8911
5161
8124
8613
3267
3222
6833
6655
8072
2626
7016
4035
138
1225
5689
6116
4633
6422
3830
7456
8155
4108
7806
6472
1570
9840
7971
4875
9292
1059
2671
9345
7505
5251
8429
9104
18
3911
2826
1622
2548
6546
1151
4542
124
175
6134
9130
79
10491
2605
3697
1011
7985
7809
2184
8553
608
6493
1491
2267
4730
6603
8685
7615
4472
4570
1975
1359
7294
3042
3993
313
2038
9818
1703
3153
5771
1143
7281
6358
5495
6896
2553
642
8464
10428
7576
9701
4313
1751
5173
5503
9694
10273
1392
4559
6432
5039
10589
9914
5804
5755
941
1397
4532
3184
8500
1643
4006
6784
7112
5223
9479
9245
5799
5974
6764
2489
6485
8354
2009
1901
1173
4641
733
697
6071
7397
7565
7257
3273
8614
4156
6324
6049
1026
9679
2435
8338
8898
10230
3031
1138
10448
2984
8548
4065
2627
3913
1727
8285
8351
8677
6864
6084
9534
1891
9317
1981
8087
5140
4981
1224
3688
5280
163
7936
2308
5400
2336
7863
221
902
2358
10398
4385
6372
4828
2518
5037
2740
759
8074
9142
525
10438
8507
5733
8180
6347
9757
4183
10194
4086
5626
9423
3152
4124
532
8852
3743
5655
2217
4713
9376
4217
6400
1485
4189
4686
976
2570
3469
4663
4095
5386
9651
2953
6340
2919
7849
7232
1988
3183
3856
5240
5292
1551
6670
5030
3373
9115
2165
10568
5523
8190
6797
10119
1179
5418
9368
6040
4091
2634
9900
3417
5366
5353
3431
4885
9734
6983
8472
3102
6021
7358
5925
245
8521
6534
6284
9935
1098
2191
1749
8980
890
9470
3964
8144
7704
8238
3937
267
7935
6180
1096
1014
8993
6024
3000
3387
4556
1593
926
1436
5455
9829
9969
4911
7283
3079
4456
7080
7414
9638
687
5594
5076
1085
9076
9214
1558
7105
1860
10339
7435
8129
3362
6922
5441
9528
9242
512
4502
1116
4243
1536
8998
683
7769
147
4044
1902
5697
3699
1732
7857
5766
3890
6066
807
7231
2063
6986
37
3429
6612
3280
9418
10414
8102
2519
6183
7483
1808
9507
3400
3816
176
2935
8657
3678
9250
2816
6786
6717
6415
7277
8000
3035
5667
2693
6128
3337
9698
8039
5548
3269
4504
3742
9604
5664
5131
2352
9639
9350
4393
2193
3026
1951
5558
4721
1698
4947
8720
782
1768
3778
4094
9740
6563
5562
5629
4835
1327
142
10242
4582
3240
4157
5928
3125
6159
8214
4896
4161
8309
8640
5257
3991
6229
9586
8330
5227
3875
2609
6135
2320
773
5034
1767
8585
2438
5970
8865
6115
6117
2339
8518
3299
6530
5207
8643
6088
5864
7228
8461
8203
5282
9793
6430
2507
9401
9522
6464
9241
5312
5085
1089
10285
8269
1186
10054
5184
10135
4847
4205
8026
9182
3030
2686
7920
7731
3442
3355
4918
7690
7464
7876
2456
5084
7378
6369
4139
2871
7398
3245
1254
5600
6587
5698
3367
6260
70
5007
933
3650
7767
3349
5376
8554
328
4316
3611
2150
7679
985
10133
8968
1239
4281
9903
931
7100
5166
5273
7523
5846
3559
9458
2600
3380
8844
10452
8469
757
8386
9847
4518
3076
8085
5787
3859
3022
6606
8437
9887
7668
3625
3864
9382
5163
6478
7057
2850
7069
185
3933
7252
5006
4280
8128
9940
4034
4185
9284
6291
6785
9502
5623
2426
10210
988
8861
520
9831
3315
10562
671
4129
1597
4692
905
4353
7380
3894
5290
10048
521
8409
2798
5506
7786
6815
6618
4075
2736
3869
2013
7694
7334
6936
5128
323
5262
6679
9762
8134
6586
943
1072
2269
1797
10445
2101
602
3449
5004
676
1460
2209
3982
761
2565
8609
6572
2929
3413
3225
5831
7805
3189
5814
8533
8459
1249
8432
6741
4684
7852
7693
453
1321
7348
38
8523
226
2636
7450
9017
6539
10372
6200
944
5281
7893
1448
10441
1332
5397
5046
4838
7239
8824
3752
1864
4577
5528
9917
6994
9464
7534
7429
4829
559
5996
6602
2375
3202
3495
6173
4137
9322
1805
5843
7789
8169
1177
849
7262
4492
9588
3909
2950
7284
2835
4269
611
4645
4003
301
6962
662
4712
7034
2315
8513
882
7763
8623
10073
9186
1794
9816
5476
4597
1196
5287
7782
4028
10395
2906
4543
5399
2255
8418
7580
5938
2713
5863
10533
4296
8611
2699
7375
1588
1775
8370
9510
2136
2419
4441
1365
833
5554
1779
10237
4325
2619
2900
5049
4781
9177
5339
3072
859
10509
9154
4039
9546
8671
5727
3397
372
9485
6196
4250
183
6262
6578
2028
6020
4613
6160
506
6698
6361
4755
6695
8067
2273
7854
6000
3057
8724
4182
7972
2784
703
1511
8772
524
2679
586
3402
4590
8994
8746
6683
1658
7392
9046
5412
5965
1133
6494
5903
6235
8805
5077
6444
3352
1279
6206
9904
1659
2001
3506
1354
5225
1740
492
5305
9552
5595
7182
2947
7554
8605
7119
7242
7652
3173
6622
1869
9684
5221
6601
5854
5064
1475
8114
2173
5235
4200
7026
1202
10582
7085
9587
4222
2656
1285
304
9101
5324
9697
4098
5884
4794
3460
5289
10495
739
8995
3676
10407
7481
3693
6827
5246
471
6192
924
6177
6676
6098
2572
6557
4459
1557
5141
4548
10290
4007
10085
8692
5960
4693
3796
3812
6279
1915
1662
836
2764
7046
7174
9354
7916
1230
8909
4553
800
10215
937
6276
7939
7682
9660
1270
6087
1349
1656
1163
8716
1036
4471
8690
5525
742
2863
9848
6449
102
1048
6111
3687
597
5372
1654
7879
4696
6138
1420
9360
5483
3667
7721
3386
4934
363
2425
9572
5249
7024
4424
5321
7620
2611
9577
5898
5343
5491
2758
8773
366
9473
2743
8619
6672
1858
666
2447
9893
9561
407
5094
5572
7209
9230
9472
7408
9251
3425
2049
4698
1183
4100
5631
6396
7243
2056
8125
5106
4066
9743
1069
2432
9719
7990
979
6890
3094
2002
7813
2716
5260
972
5469
9986
7728
4992
3989
2450
2373
3616
8734
9600
1579
5364
3301
7454
10084
7820
4077
2796
2343
2157
4268
3638
7715
6790
106
9770
2159
1725
802
3826
3930
5927
1124
1468
7641
5902
8473
10231
2989
6125
7084
7980
2288
8936
7457
7066
1131
10436
9906
9496
7885
2523
2960
1802
1945
7516
5730
9801
9535
7649
952
5627
6307
5288
3822
3120
10033
5604
5780
5267
3692
6308
6608
594
6089
9789
382
8168
9779
145
5999
3904
1745
1933
3537
2829
4449
8711
6152
10397
7162
624
3723
9530
6375
7102
6930
5022
269
5717
3997
10622
4846
2666
3916
3888
9797
1028
10204
9312
5759
4737
7896
7861
2359
7955
9846
513
3332
3547
9279
3115
4136
479
1377
1581
8465
5493
2361
6033
5532
8272
7532
10279
8226
9673
3441
3788
9125
8949
2034
9314
2337
3109
9431
1446
1537
7129
8963
5165
8002
509
184
3609
2148
2578
3514
2289
7842
1747
8799
6579
9742
5011
5061
7009
6479
5640
2035
1936
10474
6925
589
426
9796
2317
821
4190
6012
6626
9347
5576
1067
1193
6946
9942
9304
7517
8524
3443
4024
9727
4303
7207
10066
10199
1862
10184
6452
4327
3987
7083
6203
9138
4919
441
9752
10025
8821
9346
10486
2952
2213
6228
8932
1912
1870
6884
613
7588
4101
3440
9747
8752
9120
2236
606
8965
4595
6547
2124
4726
5774
5808
1528
9947
3622
7379
6888
2652
3423
10234
6001
9197
7601
10468
7685
9518
6062
8644
1603
1353
9693
576
9711
5514
10359
1894
1971
3010
2715
4356
3776
826
408
5127
1541
7017
8872
7719
8622
202
5021
5615
4475
9837
10146
1704
5844
5271
8809
5083
3465
4451
4017
510
9992
4134
1535
5840
1164
6151
9717
1325
6363
2279
6473
6734
1866
7109
7181
2762
10465
1923
7302
3782
8210
5682
2371
6259
1012
6313
904
10264
1690
6367
3122
5801
2238
6281
10287
5539
3341
1082
232
4354
9476
3619
3629
5874
6714
7128
6525
4858
846
4926
7772
3228
4825
1691
3554
5579
568
3447
155
5905
3071
10510
2607
5867
9710
2709
6104
8438
2155
7486
5842
1692
6727
6866
1079
828
5040
6743
6588
6706
7246
6097
1209
8379
4363
8672
1618
1931
10052
5380
5778
7634
4652
7254
5785
2360
722
1965
3344
8784
17
9856
4761
3409
6804
1226
7477
4724
5451
8987
8838
9099
3024
2894
8942
9465
895
8262
8811
8397
10045
8572
4057
1685
2389
10599
4507
8290
6215
1641
4534
1831
6188
6419
10021
5268
6862
623
10258
8131
971
4914
9084
2080
4756
10413
5630
2473
5877
6165
3217
8427
5351
1824
6356
7892
1140
1586
7566
7071
495
4004
4804
6343
5291
1237
10596
6658
8234
6523
942
1443
5596
4201
9118
7583
4145
1694
8089
8264
1041
771
5394
10529
7124
7027
5821
1263
8715
7038
345
5964
9632
3931
4396
4611
8348
2577
10373
5637
5993
7540
2395
3238
5175
987
7354
7187
3264
8312
10002
804
5803
6834
9310
8924
7945
1793
1763
6230
2216
4987
6825
6828
6885
4328
4344
3147
5406
7263
6251
9610
2543
5099
4596
7887
7344
4588
8797
4994
5051
9733
3680
1602
1390
6460
4598
4524
2057
2823
6911
169
4620
9143
10546
7883
6762
4336
9605
5309
1192
1911
5690
3899
9013
3364
5434
560
4241
6199
8106
3178
2185
1408
9466
7712
9844
6752
1873
7680
7439
1957
9883
2917
1735
10177
10316
384
6480
1480
2717
2098
6728
2544
1340
3746
9088
2712
3963
9944
3887
1913
1726
2192
3902
74
4150
1607
9157
2593
3095
5805
401
3405
9596
6299
2957
9753
4143
2397
4338
1900
3288
9928
8731
3259
2921
6045
1314
1200
1576
4667
1427
8512
772
2568
7327
381
5639
9129
6837
3146
8774
9755
5991
8045
747
9589
10004
2281
5661
5200
2508
4332
5823
4049
6155
10309
8145
6005
3133
7780
10470
8602
691
3606
1567
4789
8399
7415
4216
5819
9343
7525
9749
9109
5270
4722
9635
9124
10475
2033
6149
9212
7969
7743
1947
3065
3296
8641
6416
798
8514
887
9254
3424
8654
727
801
5404
851
8414
5192
2889
571
927
8568
7622
1094
3093
6026
9983
4728
9968
3600
9525
1406
6855
2806
7175
4796
1649
8167
9791
9264
1772
7204
5670
2739
7950
447
2789
9897
810
9566
6042
7510
10502
4082
8632
3111
7125
4767
351
8310
4849
9974
2811
2211
5573
208
2368
5274
5839
10323
7673
5612
8892
8918
10363
7455
4355
9718
7860
1348
1288
3087
4674
7828
2625
3836
7764
4111
3055
8037
7648
3484
2388
10604
6029
1776
9094
9628
5942
6349
7538
7871
6046
428
9103
4038
8498
9
5959
9357
5536
9554
5560
4833
5228
3670
8786
1415
9097
7542
5390
4056
6181
4904
4830
1278
10036
7846
6258
8890
5807
8322
6577
6686
9714
1938
8931
7059
60
8339
10391
8900
5357
4610
5213
7227
10031
4851
9863
8487
9601
4839
10292
6993
3457
9002
10615
3862
5995
7328
5139
7039
1068
9219
1473
3592
5853
1031
9079
4194
278
2237
7442
1337
9754
3180
8260
250
3998
3048
2125
7147
1741
5574
7710
7563
2345
5537
8137
10382
144
839
823
9979
1820
5648
2046
284
9283
4021
6224
3873
9404
2511
698
6616
4367
7616
6682
4844
4741
6748
2951
6495
2045
3359
5110
9633
5998
3437
405
8366
1213
5748
9070
3388
6213
1439
3278
248
6190
2645
4484
7164
8304
6755
1496
2912
8335
6702
2768
4551
9098
1874
7130
8248
1043
1702
4634
3334
10233
2644
6401
7788
7047
5356
5704
4425
9043
5172
504
5411
7361
5470
10080
8430
8991
3885
609
567
4957
3757
2494
5186
5917
1413
9557
3014
2897
10435
10597
6217
8740
6685
4770
5003
7929
346
3150
8757
10195
1575
9235
3329
6469
7465
4195
4487
10281
6556
2495
3132
9627
4291
8964
8078
3348
3928
5391
2497
7499
1218
4258
2000
7279
7598
1184
10126
1466
9073
5097
10555
572
2848
392
7979
6256
588
3871
8689
9278
8789
8626
7430
8035
96
23
1578
5695
5203
2782
9602
9003
3475
9505
6233
1792
2719
5477
4768
6973
6988
8192
4682
2276
3770
3773
3169
9614
8376
2085
9788
3013
5724
10420
9662
1711
9187
6903
3922
778
9813
1992
6852
375
10386
1572
3975
2761
4732
5244
1532
444
485
8604
5182
6856
2135
1706
3690
4517
5462
5490
8635
1090
5070
795
8532
2659
229
10011
886
4153
3795
767
6542
2795
5860
7647
1367
6007
5711
2561
4879
2729
6218
230
3325
3906
4365
1204
5148
5081
294
6440
6052
5718
218
3942
432
1351
9478
4764
6673
10365
3023
5622
4831
10434
10543
2201
6520
8434
3494
8828
852
8291
5059
7021
9692
1471
1812
210
7781
9484
10136
5806
842
10385
2247
8113
1212
7498
2677
6031
522
4716
6950
784
546
3421
7909
8442
7664
10209
10179
4927
9877
6411
5120
99
8943
2427
3453
633
2194
8679
8940
3493
3343
1712
4530
7914
196
4547
4466
1005
6380
9152
240
3249
9425
7792
4000
2131
8557
10489
7133
531
6002
3791
969
9665
8135
212
9823
7402
7113
2529
9723
7363
2052
3744
2585
6011
6414
308
4776
1127
3420
9957
8230
10098
10305
3085
6176
8910
10610
8448
7672
4616
10493
4977
1807
117
7420
4131
1211
10241
3722
4474
2479
10607
10499
8661
9336
5856
3158
9180
2021
8880
1598
8596
5092
419
4142
8111
1331
6364
10527
6330
5952
1544
10174
4637
7310
4632
10554
8950
3631
8565
8332
538
7424
7578
8346
2455
9409
4358
3533
1852
6439
1146
6445
9954
4382
1804
8425
3108
5276
132
9575
8046
5666
2414
9455
731
5156
6628
1201
10421
9475
7151
5586
4387
8990
7141
6285
3113
8336
4149
8785
8761
862
7910
6589
9540
4454
4886
3573
10122
8242
2006
3179
695
6339
2153
10423
437
640
10585
2132
6240
4267
7035
7103
6468
6883
9531
9959
2249
8504
6114
5802
6397
3566
2113
9581
9637
3089
4740
8411
1220
5744
2411
9005
5237
4522
6096
8976
8489
5071
702
10282
9150
9030
780
6043
1154
6909
1246
3983
1998
8954
7275
4549
756
3577
6462
9569
7220
4117
7421
1533
6107
6798
2932
6143
672
75
4342
7469
8628
4027
4493
1815
4218
10110
7851
6908
2910
1686
4809
7407
7224
2342
3710
6749
6759
7299
9862
2444
2079
3912
8955
4175
341
1926
9498
8245
9501
6979
8186
154
1888
7776
8029
8749
3313
10346
5835
10026
7462
4727
1361
8334
10141
9990
7376
865
1051
1628
1974
3123
5603
6591
816
5142
9342
5008
6716
6611
7639
2776
7552
9200
7256
1039
7406
242
9406
7485
156
129
8193
7803
10164
4377
1736
6389
5932
3290
3613
1756
5415
10183
7349
6387
7826
636
4795
8687
631
2325
9591
8600
953
1973
4302
10343
493
2385
430
1507
2532
391
3050
3061
681
1638
5067
6306
9344
5608
8850
9911
8544
3879
3750
8453
8394
1510
10111
8400
3331
25
3239
254
7136
4602
8204
9326
8926
6076
9410
9645
6661
7055
10406
9246
770
5756
7251
2551
4852
7943
8495
4390
1250
1648
4135
5012
1190
3973
5219
3291
9918
6250
2533
5811
9215
293
297
4874
9063
3526
5401
5606
914
1878
6405
4073
5159
5196
6050
3285
4520
5850
6524
3319
4600
5044
3324
2673
6985
1477
3741
3166
5544
2969
515
4673
4203
4283
10254
2160
9419
2076
3148
7096
4463
2582
8508
1157
4436
8288
2707
5652
3925
7466
2134
6435
1417
3241
6870
4274
7425
3511
7730
7346
1296
9446
925
5701
3080
6418
3840
9536
2591
4421
8688
10515
8712
6999
1928
2604
6486
658
4221
10203
4204
8665
8008
4277
8215
6730
6549
8735
7513
3032
9016
1879
4997
10214
10505
1672
1817
3521
2546
3347
1609
4103
7072
1326
8769
1074
9324
6860
10086
621
6048
10492
3556
3458
8374
8271
2694
8908
6129
1388
414
9058
4900
4255
9812
231
4051
8882
9128
9355
9869
1029
2684
5981
3302
7236
4041
1626
4064
10334
863
2251
6621
4031
1271
3596
3130
9603
6297
1343
3918
696
1264
3433
2480
5449
4917
1301
3572
8975
7320
7098
1333
978
7117
5700
217
3185
5538
2725
2856
9261
1719
7756
2973
8826
4151
5016
1432
5167
2515
7501
1645
6839
8673
5152
8255
4428
629
2819
262
2073
178
249
10591
3450
9777
386
6490
5150
5463
7134
7681
10400
8788
192
10252
10520
5222
6383
6944
547
1139
6615
2082
10251
3711
3271
5775
10175
9663
7881
7836
4991
10057
7058
1404
10023
10326
4440
9081
4812
6607
1017
3117
190
6051
8517
7135
2976
9232
1185
8719
9086
3062
6044
255
7438
3549
3199
422
4144
9981
9331
6302
1167
9830
6286
8972
1315
3555
10128
6351
4701
1784
8637
783
8228
8206
1782
10030
9218
1506
8555
5934
5725
7825
1833
7732
726
4298
10268
8675
1387
2722
5252
1291
6531
5125
1642
5047
5820
1835
4483
4906
8181
4591
1910
7600
4
7197
10512
5328
5824
446
3565
3356
765
4426
3411
4244
8284
1583
1769
7642
10542
7759
2994
1890
5017
4985
2390
9082
8505
1100
4102
9690
9012
7137
9500
9010
3945
10201
10548
10127
2865
8807
3381
8791
922
6858
2245
6599
8660
6406
2312
8398
10351
6491
1418
3957
4286
3039
1081
4011
8148
8810
9687
133
6390
1178
10349
7886
3589
6948
5665
8717
5426
5702
7560
8481
977
9367
5822
8170
3895
6334
3161
8771
8222
1689
4197
9467
9580
7827
9771
7874
6969
7341
4468
1463
7791
8213
2662
3761
10089
8391
8829
6058
6585
3924
1634
6609
2538
9806
3850
5529
6540
5387
2665
7255
10483
373
315
5743
4743
7368
995
8364
7975
2846
8977
7927
819
7586
4220
2140
8606
1053
3562
85
1195
964
10257
3817
152
2890
2678
6853
5597
4252
7899
442
5302
13
4704
3563
2945
8421
2434
9509
4055
3845
5136
1624
9565
2927
9760
4606
9700
3244
7582
843
4245
77
4742
3639
8669
6746
4963
3314
2051
4953
7815
6386
870
10198
867
5160
7716
3282
930
8947
2879
6656
10508
4971
8567
2934
2868
8767
4239
10560
4892
1356
6194
9857
1159
8837
1679
2299
4105
2514
9006
6783
2488
2246
8187
7612
5116
2939
10159
9991
206
7329
5992
685
3435
9966
1552
3980
6368
7747
566
6144
8525
5205
4783
8625
7170
8462
1335
6448
10297
6527
9045
4731
9702
3694
1697
5829
6812
4944
356
5845
7167
5338
2231
10480
6090
2496
3401
5272
1882
1832
989
4511
8455
8265
2613
751
603
7316
2708
7822
5825
1265
4878
9131
2144
3198
5206
4571
4765
4842
1142
2975
8371
4318
1234
3854
8141
8450
3818
8207
3800
6139
1474
1169
3834
2861
2777
3294
8112
8108
1078
7173
8477
5861
87
9817
10592
774
1369
7282
2913
552
883
3172
4895
6711
1995
8793
9424
1086
2382
6205
4941
6501
7484
8535
1721
3815
9519
1980
9021
8042
10357
2598
8617
5677
3544
9294
3008
5649
1297
5220
6678
3838
6222
1306
9934
8475
9140
383
3308
7217
3955
1684
9921
2675
5908
4909
7229
2004
9681
10308
5590
4823
10424
5422
4552
2467
19
6594
947
5385
9963
1855
402
6431
790
5982
3740
2920
2399
923
9545
4697
3974
3642
4214
4069
10158
10063
9910
6209
8559
67
680
5443
393
661
8292
355
1843
9880
66
2617
3630
1709
853
7720
4887
7932
7602
5591
8278
8344
6329
227
3658
4181
3512
7365
4531
8012
411
5041
8061
1548
2895
4720
10162
6300
6503
10518
4973
5250
2918
5026
5032
3952
3330
7902
3995
5533
1091
1942
10125
9644
10266
109
6263
8075
2264
3569
2441
9223
2370
286
367
3929
8620
7609
6095
1117
9194
162
3064
9234
10103
2783
5358
7155
4747
579
10139
9612
7502
6039
7470
1449
1661
5969
9068
7784
5609
9339
9677
4127
2296
10186
6773
7300
8122
6163
1502
2064
7172
8830
3482
3737
9838
5383
10374
3775
6292
1341
6713
2747
5534
6187
6846
7677
10296
10306
223
8420
537
2723
2580
319
9643
3943
1128
8198
4234
7479
3011
10312
9349
8902
8276
10563
5857
5080
2029
3971
4349
9393
9696
1614
847
2930
10286
4398
6968
5954
76
2555
9034
6017
5123
634
6392
7101
8261
3213
2735
5894
8109
3901
745
1664
9960
5583
305
5109
700
491
2557
3802
1867
3005
1705
7733
2472
2203
5326
14
7064
3708
4284
5770
8989
4320
7946
5465
7779
10422
4840
325
9551
3467
7410
9898
507
7233
2226
4659
6391
5851
6212
251
8759
1433
1653
5330
9768
966
4717
2602
5104
1952
4019
7095
5636
6146
7839
4187
10569
7797
3731
6664
2474
5736
9961
0
7418
5467
1174
1479
1682
4579
4147
5779
2304
2156
2369
303
2898
9949
3947
9913
7331
983
31
8166
6458
5955
499
7695
1834
4348
5601
9369
5382
4375
8034
3067
7460
9105
10213
7161
1730
7436
10587
7289
6972
283
3110
4121
5796
1062
7799
1156
6919
2916
6561
8006
8851
5431
4863
5947
9387
4411
3626
2126
3684
8766
1380
2812
6175
3686
7855
9481
1018
9075
6434
8738
3936
68
2300
10223
5419
5398
10600
438
2089
6857
7342
10408
684
3375
7662
9471
6216
529
8154
1847
7317
1587
10313
1839
876
8538
5000
6511
7507
9135
6526
1329
1673
10116
7701
236
5878
2365
3525
2146
49
8755
6081
307
5202
9706
3028
3789
5486
3326
4711
9652
5642
9839
1097
2442
4799
470
10494
5405
6073
6025
6620
6512
9607
6186
1840
2603
5132
5361
2705
5570
9722
8033
7126
7366
845
9774
5033
9159
3054
7933
295
678
5705
912
8298
4584
5036
10088
1761
10532
9951
7878
690
2195
8440
2311
193
272
2690
9489
6147
1960
1786
2987
7698
6265
9543
1339
5520
8118
10347
1655
6629
4470
1334
4115
9430
379
7718
9972
10192
6370
580
5741
182
7150
6538
3389
119
9172
3304
3808
10355
296
7875
4622
7157
1395
1494
2824
2240
6646
2949
5913
6744
6362
2892
3700
2843
5551
9756
4422
9820
5782
6805
10075
5348
7008
3960
82
459
6697
2545
9491
8574
8408
4528
7400
9055
2882
6892
9973
5319
3328
1299
4371
10574
9237
10157
9508
8281
692
2655
4950
5660
9943
4581
7304
8591
2391
2205
5679
10335
5904
2302
353
725
5216
2851
4379
7543
481
3528
1515
3552
8162
10171
369
920
4986
1088
1155
9592
1979
3725
10528
4848
2031
9153
6402
7661
259
4961
6057
645
2774
2966
2111
10151
6998
3393
6038
5887
7030
3668
3254
10012
7237
1241
6296
3312
4932
945
9958
1412
7816
9878
8529
7537
2541
6718
3104
2556
2241
10105
900
4539
10341
5545
7506
2741
7306
5916
2413
2961
365
10472
4443
8480
6335
4801
6484
4898
340
10197
5147
10450
8359
3074
9231
5747
8818
6871
10376
8229
9057
4665
9059
214
6428
2081
7663
9529
4140
10496
4163
10167
5816
561
2999
6247
1134
10617
10392
6311
10138
2986
1403
7389
5869
4403
288
2674
6654
8843
2129
8742
8765
575
7002
2749
9790
6597
612
7278
7003
9932
10362
4523
7968
4496
1119
7978
4792
7
1032
9825
10256
3323
4242
3212
2566
4442
10361
2658
5057
4739
1020
6957
6133
5675
1816
3833
7734
4710
6961
6771
7999
3309
3641
9786
1459
8024
4609
1571
158
2954
1188
8648
7514
7646
7589
5522
8962
8519
7219
796
2660
10469
1149
8855
5767
10464
9763
9022
7063
7541
7656
5297
3721
1920
5117
1455
1791
334
7924
5108
1289
2500
4651
9964
5654
1347
59
3012
8301
5868
8634
5769
5599
5786
2941
3368
7651
153
234
3403
10439
939
5130
8257
7198
1080
8329
2471
2926
994
649
3261
316
8894
2143
8801
4319
6436
9174
9769
896
200
2047
2731
8919
8149
4412
7587
9640
3082
10017
968
3949
9989
4141
8915
2476
3205
8466
3361
10091
4170
4238
2498
2965
5919
2667
3248
103
5517
9780
4854
10046
4010
78
4629
7298
4626
9168
8674
6650
6061
1657
3558
6354
5314
1788
7787
4314
10455
6504
146
3769
285
10602
9832
2354
8146
6943
10627
2409
2010
7596
5882
