20
23
336
337
400
239
120
145
167
210
295
292
66
180
389
153
313
378
242
439
22
364
154
485
527
197
358
183
413
260
211
194
345
370
363
409
423
162
218
189
501
361
181
333
526
414
4
331
464
109
326
393
34
500
396
265
60
316
495
272
408
95
165
224
195
482
200
262
435
31
15
125
522
187
18
277
263
205
257
227
417
461
356
438
79
86
11
240
40
48
155
422
152
105
220
514
278
381
190
384
467
21
516
166
215
365
293
186
352
143
196
448
142
249
420
294
481
510
53
193
19
379
369
128
149
253
385
209
321
373
50
174
47
412
123
246
276
261
241
90
517
280
343
130
355
399
168
451
176
281
427
54
340
317
93
502
41
287
465
434
401
243
433
94
87
279
469
476
268
114
275
228
127
498
499
289
296
208
274
339
7
479
159
234
382
521
148
297
30
449
342
146
513
134
376
74
466
45
442
8
486
179
51
347
245
375
454
161
91
415
236
311
191
374
251
299
341
515
332
357
259
512
238
523
221
141
198
216
310
80
235
402
16
269
459
237
55
473
437
1
33
312
81
133
226
173
494
398
178
232
447
102
61
119
425
346
366
492
150
392
477
302
43
76
