391
7
364
42
890
978
14
615
832
547
261
125
458
937
393
694
480
1021
457
728
935
365
63
817
831
189
57
686
236
965
1002
198
534
821
197
607
808
866
646
169
919
155
706
315
281
857
62
689
775
535
347
876
166
932
3
580
723
305
698
520
1074
163
659
859
109
436
252
420
40
748
67
770
141
427
818
93
399
1028
289
233
996
1052
1022
812
160
773
1026
339
613
1055
182
100
411
10
999
363
573
979
111
433
137
437
290
463
614
358
477
986
707
355
740
30
428
324
948
17
240
702
801
838
900
185
505
397
700
465
225
961
994
319
715
69
33
731
984
35
744
338
214
952
313
232
24
176
536
434
253
854
499
600
104
405
774
410
779
512
1032
76
99
629
757
165
861
326
585
148
587
554
690
977
788
907
18
274
549
422
954
360
34
609
1007
294
509
519
594
864
804
871
991
524
749
284
1051
569
61
488
578
553
110
292
134
64
981
213
320
910
1073
395
184
670
648
557
340
725
1016
813
793
589
647
644
429
94
1039
418
709
664
720
982
761
988
570
604
50
671
231
492
637
927
287
539
546
969
621
249
920
746
953
688
486
388
58
517
809
939
584
582
350
384
566
357
103
331
310
727
558
645
256
297
206
79
98
51
4
601
1020
674
177
45
175
1003
789
747
288
769
814
816
933
259
581
886
828
216
975
400
283
699
1018
860
1061
752
865
392
902
522
179
942
154
784
516
760
873
739
850
0
354
597
764
146
763
401
224
77
260
