368
644
392
174
1034
654
841
606
292
689
219
250
96
369
997
613
679
603
343
430
843
778
524
497
831
140
1033
39
445
857
149
757
45
375
394
898
443
1076
356
520
830
50
0
1056
33
55
482
378
1016
627
100
788
123
984
793
370
1068
211
247
58
438
677
766
824
93
10
422
103
588
126
765
682
38
798
352
90
1032
695
191
329
874
1008
133
161
408
179
204
569
14
459
930
659
417
7
956
305
102
769
373
54
623
206
886
424
117
683
274
224
618
335
346
714
896
966
531
991
1051
1053
817
293
432
684
146
1003
372
687
681
685
807
1025
592
340
806
99
41
770
950
914
376
940
771
297
95
577
229
158
23
127
137
1060
534
579
980
750
416
947
208
321
188
463
49
1014
753
522
699
873
1037
701
1047
742
550
829
589
280
288
503
62
284
547
631
718
796
159
635
823
792
775
139
132
545
342
607
612
223
495
507
18
131
850
910
834
481
175
1022
190
448
67
895
226
816
446
1039
653
147
1031
301
1046
546
720
639
91
974
336
973
353
696
307
621
148
729
185
1073
347
511
472
605
97
921
17
819
109
483
920
634
13
779
704
581
1021
291
263
151
281
171
852
761
398
965
971
298
1010
332
989
1035
846
465
961
913
405
838
447
374
130
673
129
907
789
116
466
331
399
777
486
1044
31
1048
1040
81
597
80
386
611
643
998
217
35
86
773
88
912
760
455
308
176
752
267
493
22
320
167
289
1013
499
85
741
490
667
614
246
270
724
205
656
