1.0354737043380737,0.9550000429153442,1.118232011795044
1.0354737043380737,0.9550000429153442,1.1209620237350464
1.0503356456756592,0.8849999904632568,3.213711977005005
1.0320017337799072,0.9650000333786011,1.2620519399642944
1.0306593179702759,0.9600000381469727,1.5651921033859253
1.031153678894043,0.9550000429153442,1.1829720735549927
1.036550760269165,0.9500000476837158,1.1864919662475586
1.0303244590759277,0.9600000381469727,1.6175620555877686
1.0370763540267944,0.9500000476837158,1.2167919874191284
1.0440491437911987,0.9300000667572021,1.4018419981002808
1.0463407039642334,0.940000057220459,1.1553419828414917
1.0416454076766968,0.9500000476837158,1.3466119766235352
1.0416454076766968,0.9500000476837158,1.3466119766235352
1.0490128993988037,0.9250000715255737,2.031291961669922
1.0475666522979736,0.9250000715255737,2.3045620918273926
1.1369469165802002,0.675000011920929,4.363162040710449
1.0310888290405273,0.9550000429153442,1.5970920324325562
1.0279462337493896,0.9700000286102295,1.1022019386291504
1.034182071685791,0.940000057220459,1.5650920867919922
1.024999976158142,0.9750000238418579,1.0490620136260986
1.024999976158142,0.9750000238418579,1.0778720378875732
1.024999976158142,0.9750000238418579,1.0976920127868652
1.0294445753097534,0.9650000333786011,1.175842046737671
1.024999976158142,0.9750000238418579,1.1517819166183472
1.0262531042099,0.9700000286102295,1.2171519994735718
1.0529296398162842,0.8399999737739563,2.438081979751587
1.0468658208847046,0.9350000619888306,1.5981420278549194
1.0431644916534424,0.9350000619888306,1.6621921062469482
1.0298699140548706,0.9550000429153442,2.1108920574188232
1.0500842332839966,0.9200000762939453,1.7747420072555542
1.0281412601470947,0.9650000333786011,1.1734519004821777
1.0357507467269897,0.9500000476837158,1.438621997833252
1.0463576316833496,0.9250000715255737,2.0351719856262207
1.093457579612732,0.824999988079071,3.1181721687316895
1.0472300052642822,0.9300000667572021,1.5973520278930664
1.0536705255508423,0.9050000309944153,1.7100820541381836
1.0685069561004639,0.8600000143051147,2.4886419773101807
1.0468878746032715,0.9500000476837158,1.235152006149292
1.0431379079818726,0.9550000429153442,1.2332720756530762
1.062206745147705,0.8299999833106995,2.7295517921447754
1.0524048805236816,0.8650000095367432,2.6319921016693115
1.0340280532836914,0.9450000524520874,1.4900120496749878
1.0507631301879883,0.8800000548362732,3.5842318534851074
1.0340237617492676,0.9500000476837158,2.0419020652770996
1.0390957593917847,0.9500000476837158,1.1830220222473145
1.1246159076690674,0.7099999785423279,4.058022499084473
1.0419660806655884,0.9500000476837158,1.2302320003509521
1.0310440063476562,0.9650000333786011,1.074671983718872
1.0293667316436768,0.9600000381469727,1.2355220317840576
1.0480252504348755,0.9150000810623169,1.7443820238113403
1.024999976158142,0.9750000238418579,1.1305420398712158
1.0278098583221436,0.9650000333786011,1.2613821029663086
1.0660498142242432,0.8450000286102295,2.5024819374084473
1.0447278022766113,0.9350000619888306,1.8307418823242188
1.044801115989685,0.9300000667572021,1.8679620027542114
1.0406200885772705,0.9350000619888306,1.4506521224975586
1.0292145013809204,0.9600000381469727,1.1427719593048096
1.0267120599746704,0.9700000286102295,1.1326019763946533
1.0396654605865479,0.940000057220459,1.5699620246887207
1.024999976158142,0.9750000238418579,1.0304019451141357
1.0452111959457397,0.9250000715255737,1.8804020881652832
1.048183798789978,0.9250000715255737,1.7850919961929321
1.0477627515792847,0.9350000619888306,1.2750118970870972
1.029881477355957,0.9650000333786011,1.2380820512771606
1.0498425960540771,0.9200000762939453,1.8718620538711548
1.0267326831817627,0.9700000286102295,1.1565920114517212
1.0258257389068604,0.9700000286102295,1.1433920860290527
1.0413541793823242,0.9250000715255737,2.2224221229553223
1.031982421875,0.9500000476837158,1.4066321849822998
1.024999976158142,0.9750000238418579,1.0764520168304443
1.024999976158142,0.9750000238418579,1.0357218980789185
1.024999976158142,0.9750000238418579,1.131032109260559
1.04342520236969,0.9350000619888306,1.2993019819259644
1.0522302389144897,0.9300000667572021,1.7400120496749878
1.029980182647705,0.9650000333786011,1.1529120206832886
1.0268950462341309,0.9650000333786011,1.2227919101715088
1.0377695560455322,0.9200000762939453,1.9193919897079468
1.0382784605026245,0.940000057220459,1.3482120037078857
1.0269733667373657,0.9700000286102295,1.1231520175933838
1.0288136005401611,0.9650000333786011,1.221951961517334
1.0467793941497803,0.9500000476837158,1.1946721076965332
1.024999976158142,0.9750000238418579,1.1441118717193604
1.027871012687683,0.9650000333786011,1.2026519775390625
1.024999976158142,0.9750000238418579,1.2356319427490234
1.044482707977295,0.9200000762939453,2.010122060775757
1.0581976175308228,0.8750001192092896,2.5213422775268555
1.024999976158142,0.9750000238418579,1.1216518878936768
1.0385432243347168,0.9500000476837158,1.2440919876098633
1.024999976158142,0.9750000238418579,1.1414519548416138
1.024999976158142,0.9750000238418579,1.0636121034622192
1.0388168096542358,0.9550000429153442,1.3153719902038574
1.03242027759552,0.9600000381469727,1.4082720279693604
1.024999976158142,0.9750000238418579,1.0822620391845703
1.024999976158142,0.9750000238418579,1.0424320697784424
1.0444068908691406,0.9500000476837158,1.3664720058441162
1.042387843132019,0.9550000429153442,1.2166619300842285
1.024999976158142,0.9750000238418579,1.0725420713424683
1.0242583751678467,0.9650000333786011,1.2427420616149902
1.0443272590637207,0.940000057220459,1.2797520160675049
1.024999976158142,0.9750000238418579,1.0450419187545776
1.0461922883987427,0.9200000762939453,1.292922019958496
1.0441689491271973,0.9350000619888306,1.2690720558166504
1.0519559383392334,0.9200000762939453,1.332271933555603
1.0538041591644287,0.8900001049041748,2.210092067718506
1.0421414375305176,0.9500000476837158,1.1558119058609009
1.0420085191726685,0.9050000309944153,2.5878820419311523
1.0528663396835327,0.8750001192092896,2.7497122287750244
1.0700430870056152,0.880000114440918,3.11519193649292
1.0370903015136719,0.9550000429153442,1.2583520412445068
1.0353446006774902,0.9450000524520874,1.847491979598999
1.028110146522522,0.9650000333786011,1.2278220653533936
1.0295226573944092,0.9700000286102295,1.0622919797897339
1.0316894054412842,0.9500000476837158,1.4057220220565796
1.040845274925232,0.940000057220459,1.2895619869232178
1.029350996017456,0.9600000381469727,1.14752197265625
1.0289371013641357,0.9650000333786011,1.1695319414138794
1.0373625755310059,0.9450000524520874,1.4708020687103271
1.0701020956039429,0.9200000762939453,1.3468719720840454
1.0695466995239258,0.9200000762939453,1.3468719720840454
1.024999976158142,0.9750000238418579,1.0706719160079956
1.0316996574401855,0.9550000429153442,1.6579320430755615
1.0430582761764526,0.9200000762939453,1.5398920774459839
1.052465796470642,0.9050000309944153,1.556812047958374
1.0336283445358276,0.9600000381469727,1.2391819953918457
1.0732258558273315,0.8600000739097595,1.8716120719909668
1.0455282926559448,0.9250000715255737,1.6214020252227783
1.0208005905151367,0.9750000238418579,1.255162000656128
1.0613099336624146,0.9200000762939453,2.476722002029419
1.0594127178192139,0.9200000762939453,2.3077619075775146
1.024999976158142,0.9750000238418579,1.1259520053863525
1.0296498537063599,0.9600000381469727,1.1749520301818848
1.0504467487335205,0.9200000762939453,1.9227720499038696
1.0445622205734253,0.9300000667572021,1.9568620920181274
1.0777159929275513,0.8500000834465027,2.296962022781372
1.0394268035888672,0.9350000619888306,1.2460918426513672
1.040381908416748,0.9350000619888306,1.5683120489120483
1.0661529302597046,0.8800000548362732,2.2684218883514404
1.0325515270233154,0.9550000429153442,1.4933221340179443
1.047451138496399,0.9150000810623169,1.965142011642456
1.0727884769439697,0.9250000715255737,1.284492015838623
1.073422908782959,0.9250000715255737,1.284492015838623
1.024999976158142,0.9750000238418579,1.1185121536254883
1.0308470726013184,0.9500000476837158,1.6748119592666626
1.0275819301605225,0.9700000286102295,1.1933319568634033
1.0545270442962646,0.9100000858306885,1.5493019819259644
1.037593126296997,0.9300000667572021,2.1931519508361816
1.0365334749221802,0.9350000619888306,2.020901918411255
1.0314527750015259,0.9650000333786011,1.1266520023345947
1.0393626689910889,0.9100000858306885,1.90745210647583
1.0274914503097534,0.9650000333786011,1.4217020273208618
1.042637586593628,0.9500000476837158,1.3321418762207031
1.0294320583343506,0.9550000429153442,2.1231319904327393
1.024999976158142,0.9750000238418579,1.075731873512268
1.024999976158142,0.9750000238418579,1.1891019344329834
1.0449016094207764,0.9350000619888306,1.5980720520019531
1.0311111211776733,0.9600000381469727,1.4135019779205322
1.03339684009552,0.9650000333786011,1.1645419597625732
1.0261309146881104,0.9700000286102295,1.1985219717025757
1.0501147508621216,0.9300000667572021,1.5132620334625244
1.0521023273468018,0.9250000715255737,1.4655719995498657
1.069666862487793,0.9100000858306885,1.583232045173645
1.0659759044647217,0.9000000953674316,1.8212820291519165
1.0538815259933472,0.9250000715255737,1.3933520317077637
1.0457990169525146,0.940000057220459,1.39165198802948
1.0435128211975098,0.940000057220459,1.4784719944000244
1.0636850595474243,0.9000000953674316,1.7883120775222778
1.0661948919296265,0.9050000309944153,2.1224119663238525
1.066823959350586,0.9000000953674316,1.9483919143676758
1.032165765762329,0.9500000476837158,1.3956819772720337
1.0477482080459595,0.9200000762939453,1.9536319971084595
1.0273786783218384,0.9650000333786011,1.2488319873809814
1.024999976158142,0.9750000238418579,1.097912073135376
1.0266697406768799,0.9700000286102295,1.2204320430755615
1.0298489332199097,0.9650000333786011,1.1818320751190186
1.031793475151062,0.9600000381469727,1.2741320133209229
1.0529143810272217,0.9100000858306885,1.3872519731521606
1.0387989282608032,0.9450000524520874,1.2952120304107666
1.0600510835647583,0.9150000810623169,1.3137120008468628
1.0685622692108154,0.9000000953674316,1.3436219692230225
1.024999976158142,0.9750000238418579,1.0600019693374634
1.0346505641937256,0.9500000476837158,1.781722068786621
1.024999976158142,0.9750000238418579,1.054062008857727
1.029215931892395,0.9600000381469727,1.3773820400238037
1.0359936952590942,0.9450000524520874,1.3594120740890503
1.036198377609253,0.9450000524520874,1.6778621673583984
1.0436772108078003,0.9150000810623169,1.815182089805603
1.036287784576416,0.9550000429153442,1.3110018968582153
1.0309044122695923,0.9600000381469727,1.596321940422058
1.0450044870376587,0.9300000667572021,1.3387819528579712
1.0478665828704834,0.9150000810623169,1.925592064857483
1.0215009450912476,0.9700000286102295,1.2809219360351562
1.0619738101959229,0.8750000596046448,2.591491937637329
1.0288760662078857,0.9650000333786011,1.2898319959640503
1.044525146484375,0.9000000953674316,2.433511972427368
1.02201509475708,0.9750000238418579,1.236311912536621
1.024999976158142,0.9750000238418579,1.1049519777297974
1.0621082782745361,0.8899999856948853,2.5612919330596924
1.0320079326629639,0.9600000381469727,1.222991943359375
1.0586470365524292,0.9300000667572021,1.5289720296859741
1.0567783117294312,0.9300000667572021,1.5311319828033447
1.0535311698913574,0.9300000667572021,1.5731121301651
1.0427016019821167,0.9200000762939453,1.509361982345581
1.055400013923645,0.9000000953674316,1.8510020971298218
1.0658859014511108,0.8850001096725464,1.8483420610427856
1.032742977142334,0.9550000429153442,1.2149219512939453
1.0272271633148193,0.9700000286102295,1.2360119819641113
1.029183030128479,0.9600000381469727,1.4841119050979614
1.0264633893966675,0.9700000286102295,1.0919320583343506
1.024999976158142,0.9750000238418579,1.0578420162200928
1.0828901529312134,0.8600000739097595,3.3150720596313477
1.0581684112548828,0.9250000715255737,2.4288620948791504
1.0296224355697632,0.9650000333786011,1.1232820749282837
1.0520936250686646,0.9200000762939453,1.526431918144226
1.0393667221069336,0.9500000476837158,1.154982089996338
1.031561255455017,0.9550000429153442,1.5407720804214478
1.0779073238372803,0.8550000190734863,1.7256419658660889
1.0315743684768677,0.9550000429153442,1.5265419483184814
1.0320395231246948,0.9550000429153442,1.3040519952774048
1.0461647510528564,0.9150000810623169,1.5749320983886719
1.0284191370010376,0.9650000333786011,1.556481957435608
1.0331554412841797,0.9500000476837158,1.731321930885315
1.0308021306991577,0.9600000381469727,1.409301996231079
1.0370899438858032,0.9550000429153442,1.1675920486450195
1.041216254234314,0.9350000619888306,1.6260319948196411
1.05581796169281,0.9000000953674316,1.9526920318603516
1.0391756296157837,0.9450000524520874,1.2565720081329346
1.037402868270874,0.9350000619888306,1.6501320600509644
1.0302261114120483,0.9650000333786011,1.1113519668579102
1.0354291200637817,0.9500000476837158,1.1548019647598267
1.0405205488204956,0.9350000619888306,1.450492024421692
1.0326155424118042,0.9500000476837158,1.5172919034957886
1.0199999809265137,0.9800000190734863,1.0853520631790161
1.0509073734283447,0.9300000667572021,1.596031904220581
1.0478198528289795,0.9300000667572021,1.5148319005966187
1.043366551399231,0.940000057220459,1.6129720211029053
1.0371477603912354,0.940000057220459,1.5609920024871826
1.046684741973877,0.9100000858306885,2.834092140197754
1.031996726989746,0.9650000333786011,1.1404920816421509
1.0388896465301514,0.9450000524520874,1.3011120557785034
1.0468599796295166,0.9250000715255737,1.512802004814148
1.0444434881210327,0.9350000619888306,1.8592721223831177
1.0331261157989502,0.9550000429153442,1.3132719993591309
1.031428575515747,0.9600000381469727,1.3791720867156982
1.0329090356826782,0.9600000381469727,1.5186820030212402
1.0304977893829346,0.9650000333786011,1.170172095298767
1.026584267616272,0.9700000286102295,1.1060818433761597
1.050199031829834,0.9300000667572021,1.496142029762268
1.057590126991272,0.9000000953674316,1.6574019193649292
1.036399006843567,0.9450000524520874,1.1984519958496094
1.038671612739563,0.9450000524520874,1.3587119579315186
1.028813123703003,0.9550000429153442,1.2094119787216187
1.0349329710006714,0.9550000429153442,1.092371940612793
1.059002161026001,0.8700000643730164,2.527371883392334
1.0328123569488525,0.9600000381469727,1.2153719663619995
1.0443452596664429,0.9300000667572021,1.2247819900512695
1.0414319038391113,0.940000057220459,1.4870719909667969
1.0418176651000977,0.925000011920929,2.0332717895507812
1.047608733177185,0.9500000476837158,1.188301920890808
1.0526752471923828,0.9200000762939453,1.4374719858169556
1.024999976158142,0.9750000238418579,1.1127020120620728
1.0433903932571411,0.9350000619888306,1.4859319925308228
1.0332469940185547,0.9550000429153442,1.300981879234314
1.024999976158142,0.9750000238418579,1.2134521007537842
1.0494831800460815,0.9300000667572021,1.696452021598816
1.0443012714385986,0.9200000762939453,1.7554819583892822
1.0432732105255127,0.9550000429153442,1.2814819812774658
1.0287688970565796,0.9700000286102295,1.0936720371246338
1.029881238937378,0.9650000333786011,1.1217619180679321
1.024999976158142,0.9750000238418579,1.1077120304107666
1.044350266456604,0.940000057220459,1.1981220245361328
1.0293517112731934,0.9600000381469727,1.4651720523834229
1.0547806024551392,0.9050000309944153,2.0980920791625977
1.037892460823059,0.9500000476837158,1.1901819705963135
1.0664540529251099,0.8449999690055847,2.581292152404785
1.0320464372634888,0.9600000381469727,1.1507420539855957
1.024999976158142,0.9750000238418579,1.038201928138733
1.0271350145339966,0.9700000286102295,1.164281964302063
1.029870629310608,0.9650000333786011,1.1518220901489258
1.0391771793365479,0.9150000810623169,2.169461965560913
1.0713181495666504,0.8400000333786011,2.671342134475708
1.027097463607788,0.9650000333786011,1.4349920749664307
1.0273807048797607,0.9650000333786011,1.3153220415115356
1.0296790599822998,0.9600000381469727,1.289322018623352
1.061442255973816,0.9000000953674316,1.5795819759368896
1.050741195678711,0.9350000619888306,1.5787420272827148
1.024999976158142,0.9750000238418579,1.1330419778823853
1.024999976158142,0.9750000238418579,1.0928720235824585
1.0603389739990234,0.8750000596046448,1.7532620429992676
1.0297473669052124,0.9600000381469727,1.2157220840454102
1.03359854221344,0.9500000476837158,1.3365720510482788
1.03973388671875,0.9350000023841858,1.7547119855880737
1.0546232461929321,0.9200000762939453,2.319282054901123
1.058415174484253,0.9050000905990601,2.148332118988037
1.0661486387252808,0.8800000548362732,2.666452169418335
1.0264291763305664,0.9700000286102295,1.1169520616531372
1.03709876537323,0.9450000524520874,1.406451940536499
1.0280823707580566,0.9550000429153442,1.6435520648956299
1.0283825397491455,0.9650000333786011,1.1931219100952148
1.0419654846191406,0.9350000619888306,2.0163722038269043
1.076878309249878,0.8349999189376831,3.240772008895874
1.0616943836212158,0.9000000953674316,1.847222089767456
1.0514869689941406,0.9000000953674316,2.004312038421631
1.0273569822311401,0.9700000286102295,1.319032073020935
1.039049744606018,0.9500000476837158,1.359421968460083
1.044680118560791,0.9300000667572021,1.9501219987869263
1.0328505039215088,0.9600000381469727,1.247182011604309
1.0448248386383057,0.9300000667572021,1.6188220977783203
1.0346866846084595,0.9450000524520874,1.498681902885437
1.0602807998657227,0.9000000953674316,2.001692056655884
1.043449878692627,0.940000057220459,1.419152021408081
1.0510128736495972,0.9250000715255737,1.6376320123672485
1.0508984327316284,0.9150000810623169,1.675462007522583
1.0548778772354126,0.8900001049041748,1.985382080078125
1.0430235862731934,0.940000057220459,1.5963521003723145
1.0384669303894043,0.9500000476837158,1.2986019849777222
1.046337604522705,0.9300000667572021,2.3583920001983643
1.024999976158142,0.9750000238418579,1.0816220045089722
1.0543327331542969,0.9050000309944153,2.6131019592285156
1.038385272026062,0.9500000476837158,1.5251718759536743
1.028061866760254,0.9700000286102295,1.0752720832824707
1.0410704612731934,0.9450000524520874,1.6274018287658691
1.0308672189712524,0.9550000429153442,1.6721819639205933
1.0343523025512695,0.9600000381469727,1.1845718622207642
1.033501386642456,0.940000057220459,1.6098921298980713
1.0346717834472656,0.9500000476837158,1.3422019481658936
1.0285416841506958,0.9650000333786011,1.4186320304870605
1.0303572416305542,0.9600000381469727,1.2509520053863525
1.0347565412521362,0.940000057220459,1.9736520051956177
1.0299253463745117,0.9650000333786011,1.2338321208953857
1.0484298467636108,0.9450000524520874,1.1829719543457031
1.024999976158142,0.9750000238418579,1.0519819259643555
1.024999976158142,0.9750000238418579,1.1327420473098755
1.0283234119415283,0.9650000333786011,1.1390019655227661
1.072480320930481,0.9250000715255737,1.284492015838623
1.029536247253418,0.9700000286102295,1.083501935005188
1.0263335704803467,0.9700000286102295,1.5219120979309082
1.029536247253418,0.9700000286102295,1.1802021265029907
1.0458909273147583,0.925000011920929,2.0376720428466797
1.024999976158142,0.9750000238418579,1.0685620307922363
1.0265971422195435,0.9700000286102295,1.1688320636749268
1.027503252029419,0.9700000286102295,1.3208820819854736
1.024999976158142,0.9750000238418579,1.0384119749069214
1.0281903743743896,0.9650000333786011,1.2623419761657715
1.0408565998077393,0.9500000476837158,1.3520119190216064
1.024999976158142,0.9750000238418579,1.180891990661621
1.0308711528778076,0.9600000381469727,1.2980220317840576
1.0368225574493408,0.940000057220459,1.622912049293518
1.0384721755981445,0.940000057220459,1.4868820905685425
1.0484950542449951,0.9100000858306885,1.7434320449829102
1.045066475868225,0.9350000619888306,1.2945719957351685
1.0297185182571411,0.9650000333786011,1.168902039527893
1.0341461896896362,0.9450000524520874,1.7681620121002197
1.0472854375839233,0.9300000667572021,1.5436820983886719
1.0414843559265137,0.940000057220459,1.4255520105361938
1.0199999809265137,0.9800000190734863,1.0782819986343384
1.0331497192382812,0.9650000333786011,1.1474519968032837
1.024999976158142,0.9750000238418579,1.055441975593567
1.0654053688049316,0.8800000548362732,2.3919219970703125
1.0273414850234985,0.9700000286102295,1.0764219760894775
1.03644597530365,0.940000057220459,1.241391897201538
1.0399181842803955,0.940000057220459,1.2207719087600708
1.0381487607955933,0.9500000476837158,1.1303720474243164
1.024999976158142,0.9750000238418579,1.070551872253418
1.028328537940979,0.9650000333786011,1.115671992301941
1.0528464317321777,0.9100000858306885,2.903632164001465
1.024999976158142,0.9750000238418579,1.052272081375122
1.024999976158142,0.9750000238418579,1.0554219484329224
1.0633844137191772,0.8950001001358032,2.866731882095337
1.0498685836791992,0.9500000476837158,1.2446420192718506
1.0498685836791992,0.9500000476837158,1.2446420192718506
1.0496593713760376,0.9150000810623169,1.5035020112991333
1.0414220094680786,0.9450000524520874,1.164721965789795
1.032111406326294,0.9600000381469727,1.1601420640945435
1.032907485961914,0.9550000429153442,1.2616620063781738
1.041606068611145,0.9200000762939453,1.65749192237854
1.039327621459961,0.9550000429153442,1.346101999282837
1.024999976158142,0.9750000238418579,1.0567420721054077
1.0437943935394287,0.940000057220459,1.5184420347213745
1.0259761810302734,0.9700000286102295,1.1871520280838013
1.0448678731918335,0.9350000619888306,1.6558820009231567
1.0406378507614136,0.9450000524520874,1.1636619567871094
1.0485771894454956,0.9300000667572021,1.436202049255371
1.0292742252349854,0.9600000381469727,1.3390519618988037
1.024999976158142,0.9750000238418579,1.2154520750045776
1.0389517545700073,0.9450000524520874,2.0975520610809326
1.037692904472351,0.940000057220459,1.3490018844604492
1.0269951820373535,0.9700000286102295,1.5332220792770386
1.0515207052230835,0.9200000762939453,2.5799221992492676
1.0434966087341309,0.9100000858306885,2.1973021030426025
1.0369724035263062,0.940000057220459,1.5108519792556763
1.0418976545333862,0.9450000524520874,1.1987519264221191
1.039945125579834,0.9450000524520874,1.443701982498169
1.0617061853408813,0.9000000357627869,1.9978619813919067
1.0365283489227295,0.9450000524520874,1.687872052192688
1.024999976158142,0.9750000238418579,1.060271978378296
1.0285073518753052,0.9650000333786011,1.1677221059799194
1.0266432762145996,0.9650000333786011,1.1199520826339722
1.0432732105255127,0.9550000429153442,1.2837918996810913
1.0280144214630127,0.9550000429153442,1.5090420246124268
1.0404243469238281,0.940000057220459,1.3519320487976074
1.0425077676773071,0.9350000619888306,1.374142050743103
1.024999976158142,0.9750000238418579,1.2250620126724243
1.0292675495147705,0.9650000333786011,1.3445320129394531
1.024999976158142,0.9750000238418579,1.129431962966919
1.0264906883239746,0.9700000286102295,1.1694918870925903
1.024999976158142,0.9750000238418579,1.051081895828247
1.0355453491210938,0.9600000381469727,1.2291619777679443
1.053918480873108,0.9250000715255737,1.5351519584655762
1.0282793045043945,0.9650000333786011,1.0757720470428467
1.024999976158142,0.9750000238418579,1.0401118993759155
1.0263456106185913,0.9700000286102295,1.2744320631027222
1.038987159729004,0.940000057220459,1.3594019412994385
1.024999976158142,0.9750000238418579,1.1358920335769653
1.041968822479248,0.9450000524520874,1.4593820571899414
1.0308042764663696,0.9600000381469727,1.2394919395446777
1.024999976158142,0.9750000238418579,1.0661319494247437
1.061964750289917,0.9250000715255737,1.3163319826126099
1.024999976158142,0.9750000238418579,1.0648720264434814
1.0293598175048828,0.9650000333786011,1.119231939315796
1.0467793941497803,0.9500000476837158,1.1946721076965332
1.0318137407302856,0.9600000381469727,1.1494920253753662
1.024999976158142,0.9750000238418579,1.2359119653701782
1.0412216186523438,0.9450000524520874,1.3337420225143433
1.0295164585113525,0.9650000333786011,1.0988619327545166
1.027860403060913,0.9700000286102295,1.0731819868087769
1.0370557308197021,0.9500000476837158,1.2452621459960938
1.0418516397476196,0.9500000476837158,1.3166420459747314
1.0543594360351562,0.9100000858306885,1.8856918811798096
1.024999976158142,0.9750000238418579,1.0377718210220337
1.0339854955673218,0.9500000476837158,1.40801203250885
1.0369278192520142,0.9550000429153442,1.4035719633102417
1.0333375930786133,0.9450000524520874,1.2810020446777344
1.0367904901504517,0.9500000476837158,1.4534521102905273
1.0441030263900757,0.9450000524520874,1.3783119916915894
1.0477501153945923,0.9200000166893005,2.023102045059204
1.0380151271820068,0.940000057220459,1.9746320247650146
1.0477150678634644,0.925000011920929,2.357151985168457
1.0375638008117676,0.9450000524520874,1.1417219638824463
1.0341784954071045,0.9600000381469727,1.0414320230484009
1.0459625720977783,0.9350000619888306,1.9563519954681396
1.0400793552398682,0.9500000476837158,1.384302020072937
1.0293011665344238,0.9650000333786011,1.072171926498413
1.027267336845398,0.9600000381469727,1.3009620904922485
1.024999976158142,0.9750000238418579,1.0636820793151855
1.024999976158142,0.9750000238418579,1.090451955795288
1.0314439535140991,0.9650000333786011,1.1326318979263306
1.0366023778915405,0.9500000476837158,1.275752067565918
1.0272786617279053,0.9700000286102295,1.116062045097351
1.0307151079177856,0.9650000333786011,1.1872020959854126
1.0311458110809326,0.9600000381469727,1.2890018224716187
1.0427463054656982,0.940000057220459,1.62348210811615
1.0538984537124634,0.9250000715255737,1.5729520320892334
1.0339314937591553,0.9500000476837158,1.3677120208740234
1.024999976158142,0.9750000238418579,1.0713119506835938
1.045114278793335,0.9350000619888306,1.2276320457458496
1.0262563228607178,0.9700000286102295,1.1051920652389526
1.0427335500717163,0.9450000524520874,1.2065820693969727
1.0485432147979736,0.9450000524520874,1.1829719543457031
1.024999976158142,0.9750000238418579,1.0852420330047607
1.042976975440979,0.9450000524520874,1.1373820304870605
1.0489140748977661,0.940000057220459,1.266282081604004
1.0427703857421875,0.940000057220459,1.5557620525360107
1.0299732685089111,0.9550000429153442,1.2144620418548584
1.0380712747573853,0.9550000429153442,1.2139520645141602
1.0284554958343506,0.9650000333786011,1.183732032775879
1.027594804763794,0.9650000333786011,1.156891942024231
1.0283968448638916,0.9700000286102295,1.1559820175170898
1.0283029079437256,0.9700000286102295,1.0960519313812256
1.0273278951644897,0.9650000333786011,1.1665319204330444
1.0385223627090454,0.940000057220459,1.404102087020874
1.0285354852676392,0.9700000286102295,1.0670920610427856
1.047608733177185,0.9500000476837158,1.188301920890808
1.043899416923523,0.9350000619888306,1.548882007598877
1.0309314727783203,0.9600000381469727,1.2152321338653564
1.0248461961746216,0.9700000286102295,1.2013620138168335
1.0357139110565186,0.9500000476837158,1.3341318368911743
1.024999976158142,0.9750000238418579,1.093701958656311
1.0353773832321167,0.9550000429153442,1.390421986579895
1.0269542932510376,0.9700000286102295,1.1171319484710693
1.024999976158142,0.9750000238418579,1.1040719747543335
1.0416895151138306,0.9450000524520874,1.1707919836044312
1.0424124002456665,0.9500000476837158,1.0970319509506226
1.024999976158142,0.9750000238418579,1.0280420780181885
1.0424124002456665,0.9500000476837158,1.0970319509506226
1.0411821603775024,0.940000057220459,1.322741985321045
1.0381076335906982,0.940000057220459,1.7224318981170654
1.024999976158142,0.9750000238418579,1.1118419170379639
1.0272208452224731,0.9650000333786011,1.28547203540802
1.043172001838684,0.9450000524520874,1.3650619983673096
1.0325250625610352,0.9650000333786011,1.0515321493148804
1.0271437168121338,0.9700000286102295,1.03016197681427
1.028847098350525,0.9650000333786011,1.1509419679641724
1.024999976158142,0.9750000238418579,1.075111985206604
1.024999976158142,0.9750000238418579,1.1503620147705078
1.024999976158142,0.9750000238418579,1.0549321174621582
1.024999976158142,0.9750000238418579,1.0391819477081299
1.0525470972061157,0.9350000619888306,1.2530419826507568
1.024999976158142,0.9750000238418579,1.0465720891952515
1.0324740409851074,0.9550000429153442,1.290742039680481
1.0289517641067505,0.9650000333786011,1.1026420593261719
