583
649
761
716
237
496
94
669
30
1007
464
260
490
798
180
692
759
933
452
1029
471
611
542
212
633
856
663
420
727
724
135
12
527
63
76
783
966
58
537
641
1067
739
322
425
898
795
325
328
532
591
642
681
1025
418
232
313
55
38
857
858
516
763
419
321
602
396
424
734
977
161
886
817
540
634
191
570
236
747
14
309
453
1003
1000
226
9
327
538
1024
51
123
1051
1074
513
78
343
426
541
428
456
150
32
374
273
228
60
689
1017
81
362
34
392
296
659
489
356
660
908
1033
104
918
87
947
208
115
617
218
415
574
136
317
178
889
1023
1064
998
618
144
311
373
495
705
674
551
567
703
646
197
468
810
1014
312
539
1020
814
784
787
27
243
965
1006
1005
45
891
412
932
132
600
183
500
389
134
621
349
250
383
22
549
106
238
594
352
24
438
553
1075
274
181
946
885
680
890
561
75
1036
339
996
314
209
650
892
1
168
50
733
1009
560
636
1037
256
1019
482
706
955
193
455
599
656
324
905
805
95
186
652
658
841
736
263
881
298
190
198
355
564
40
665
710
822
363
152
381
401
949
548
89
19
155
6
443
509
1052
133
595
387
624
788
176
775
842
807
746
382
125
1077
335
492
258
11
664
915
831
451
37
111
738
515
44
7
281
679
148
997
752
429
878
559
124
804
610
47
909
1057
797
735
760
962
1054
289
179
845
370
67
954
84
838
474
830
337
823
436
942
850
300
958
316
141
606
871
533
902
409
983
174
637
524
929
984
644
833
877
341
751
10
854
648
964
497
1031
563
378
254
8
598
17
242
661
72
693
667
334
820
777
613
922
596
622
28
85
906
203
430
825
799
330
163
819
348
870
535
375
447
21
888
985
995
143
512
175
1069
503
921
639
257
769
371
248
696
782
231
465
307
71
351
620
662
1002
523
376
718
588
272
268
609
137
565
685
1060
816
522
346
224
1026
240
1018
284
285
172
670
725
948
345
629
42
802
1056
1001
220
1012
694
354
578
484
587
113
912
971
261
83
829
779
826
479
460
756
221
305
408
815
68
793
294
754
572
630
239
109
485
331
589
100
481
188
792
169
988
184
897
1041
129
608
157
213
712
457
54
290
269
299
517
414
353
1043
241
556
422
723
229
1068
1063
776
934
683
366
968
992
295
530
473
338
230
204
126
1061
528
477
454
573
39
79
31
719
410
361
1035
1050
195
2
177
914
4
859
360
701
74
521
404
813
61
200
407
1015
357
973
737
837
632
972
332
917
277
803
981
715
223
140
1047
202
26
23
358
164
1072
864
884
592
872
463
836
957
615
720
544
501
435
951
791
963
448
219
406
280
840
626
843
860
780
462
1032
781
808
288
1027
686
25
702
440
16
46
142
475
935
800
519
91
427
794
377
924
120
959
119
741
839
732
121
619
1004
397
53
403
749
446
593
926
192
903
149
772
205
774
393
340
643
558
388
668
206
576
48
771
750
743
498
216
944
151
717
283
790
293
185
207
762
326
930
57
264
557
993
431
773
275
96
266
80
673
873
108
499
488
0
329
65
1034
1028
170
812
785
745
875
302
699
303
796
525
961
1021
534
597
117
394
276
848
1055
742
546
253
36
1038
97
899
982
818
398
847
201
628
287
467
529
907
863
15
979
1016
657
1076
768
640
127
635
222
365
675
604
730
292
70
384
614
575
904
194
165
671
806
20
711
518
844
391
809
66
585
225
114
994
33
138
1058
270
846
1039
507
59
970
651
372
82
623
86
824
439
789
215
69
952
390
385
147
450
960
900
379
110
980
569
271
869
974
1046
684
753
62
896
77
502
940
505
472
320
827
986
1049
647
755
989
416
748
1044
56
262
466
855
244
380
682
554
101
757
601
469
645
562
297
166
547
187
566
