1.0304737091064453,0.9600000381469727,1.1221320629119873
1.0304737091064453,0.9600000381469727,1.1221320629119873
1.044084906578064,0.8949999809265137,3.304651975631714
1.0270017385482788,0.9700000286102295,1.2664719820022583
1.0306593179702759,0.9600000381469727,1.5691320896148682
1.031153678894043,0.9550000429153442,1.174962043762207
1.0315507650375366,0.9550000429153442,1.18887197971344
1.0253244638442993,0.9650000333786011,1.643272042274475
1.0289902687072754,0.9600000381469727,1.2295619249343872
1.0390491485595703,0.9350000619888306,1.3900020122528076
1.041340708732605,0.9450000524520874,1.155701994895935
1.0321201086044312,0.9600000381469727,1.3387420177459717
1.0371201038360596,0.9550000429153442,1.3255019187927246
1.0406930446624756,0.940000057220459,1.6506919860839844
1.037807583808899,0.940000057220459,1.769461989402771
1.1141369342803955,0.7250000238418579,4.3764119148254395
1.0227316617965698,0.9700000286102295,1.6527520418167114
1.0229462385177612,0.9750000238418579,1.1078219413757324
1.0264253616333008,0.9550000429153442,1.5847920179367065
1.0199999809265137,0.9800000190734863,1.037611961364746
1.024999976158142,0.9750000238418579,1.0620319843292236
1.0199999809265137,0.9800000190734863,1.1023420095443726
1.024444580078125,0.9700000286102295,1.1981920003890991
1.0199999809265137,0.9800000190734863,1.1564018726348877
1.0212531089782715,0.9750000238418579,1.2165420055389404
1.0465905666351318,0.8549999594688416,2.587862014770508
1.0418658256530762,0.940000057220459,1.601722002029419
1.032905101776123,0.9500000476837158,1.7260420322418213
1.0298699140548706,0.9550000429153442,2.1933820247650146
1.0450842380523682,0.9250000715255737,1.8181120157241821
1.0221437215805054,0.9750000238418579,1.0491819381713867
1.0294674634933472,0.9600000381469727,1.4279320240020752
1.0382522344589233,0.9350000619888306,2.046922206878662
1.0812329053878784,0.8500000238418579,2.965522289276123
1.039476752281189,0.940000057220459,1.6206520795822144
1.045917272567749,0.9150000214576721,1.7333821058273315
1.0607110261917114,0.875,2.4541819095611572
1.041887879371643,0.9550000429153442,1.244312047958374
1.041887879371643,0.9550000429153442,1.2424720525741577
1.0505187511444092,0.8650000095367432,2.9020419120788574
1.0437417030334473,0.8850000500679016,2.7980520725250244
1.029028058052063,0.9500000476837158,1.5220019817352295
1.0440270900726318,0.89000004529953,3.864531993865967
1.0340237617492676,0.9500000476837158,2.058202028274536
1.0356800556182861,0.9550000429153442,1.1908220052719116
1.1059554815292358,0.7450000047683716,4.156422138214111
1.037749171257019,0.9550000429153442,1.205902099609375
1.0279821157455444,0.9700000286102295,1.074571967124939
1.0229723453521729,0.9700000286102295,1.2640020847320557
1.040622591972351,0.9300000667572021,1.739612102508545
1.024999976158142,0.9750000238418579,1.1336920261383057
1.0228098630905151,0.9700000286102295,1.2648121118545532
1.0581424236297607,0.8600000143051147,2.625662088394165
1.039727807044983,0.940000057220459,1.8441119194030762
1.044801115989685,0.9300000667572021,1.8726119995117188
1.0385128259658813,0.940000057220459,1.4773221015930176
1.024214506149292,0.9650000333786011,1.1566219329833984
1.021712064743042,0.9750000238418579,1.1259520053863525
1.0346654653549194,0.9450000524520874,1.5936620235443115
1.0199999809265137,0.9800000190734863,1.025771975517273
1.0388880968093872,0.9350000619888306,1.893612027168274
1.0418004989624023,0.9350000619888306,1.8271719217300415
1.039362907409668,0.9500000476837158,1.2619119882583618
1.0248814821243286,0.9700000286102295,1.2516419887542725
1.0448426008224487,0.9250000715255737,1.8931421041488647
1.0217326879501343,0.9750000238418579,1.1652820110321045
1.020825743675232,0.9750000238418579,1.1210620403289795
1.0353847742080688,0.9350000619888306,2.1891720294952393
1.0260089635849,0.9600000381469727,1.4061921834945679
1.024999976158142,0.9750000238418579,1.077422022819519
1.0199999809265137,0.9800000190734863,1.0330818891525269
1.024999976158142,0.9750000238418579,1.1322020292282104
1.0375251770019531,0.9450000524520874,1.2919520139694214
1.0427011251449585,0.940000057220459,1.7586820125579834
1.0229934453964233,0.9750000238418579,1.1148120164871216
1.0268950462341309,0.9650000333786011,1.2281019687652588
1.0302633047103882,0.940000057220459,1.978052020072937
1.033278465270996,0.9450000524520874,1.3599120378494263
1.0219733715057373,0.9750000238418579,1.1185719966888428
1.0238136053085327,0.9700000286102295,1.2212820053100586
1.0367794036865234,0.9600000381469727,1.198612093925476
1.0199999809265137,0.9800000190734863,1.148331880569458
1.0228710174560547,0.9700000286102295,1.2039719820022583
1.024999976158142,0.9750000238418579,1.245521903038025
1.0355156660079956,0.9350000619888306,2.077791929244995
1.0471073389053345,0.9050000905990601,2.6948423385620117
1.0199999809265137,0.9800000190734863,1.1276319026947021
1.0335432291030884,0.9550000429153442,1.255281925201416
1.0199999809265137,0.9800000190734863,1.1575120687484741
1.024999976158142,0.9750000238418579,1.0584321022033691
1.0338168144226074,0.9600000381469727,1.3446320295333862
1.0274202823638916,0.9650000333786011,1.415761947631836
1.024999976158142,0.9750000238418579,1.0848020315170288
1.0199999809265137,0.9800000190734863,1.0402320623397827
1.0344069004058838,0.9600000381469727,1.3703219890594482
1.0373878479003906,0.9600000381469727,1.2220219373703003
1.0199999809265137,0.9800000190734863,1.0655421018600464
1.0216363668441772,0.9750000238418579,1.2202919721603394
1.0357627868652344,0.9500000476837158,1.2475320100784302
1.0199999809265137,0.9800000190734863,1.0449919700622559
1.0442557334899902,0.9250000715255737,1.2896220684051514
1.0371968746185303,0.9450000524520874,1.2672719955444336
1.048047423362732,0.9300000667572021,1.2905018329620361
1.043409824371338,0.9150000810623169,2.236042022705078
1.0371414422988892,0.9550000429153442,1.164381980895996
1.0359493494033813,0.9150000214576721,2.690012216567993
1.045424222946167,0.8900001049041748,2.866842269897461
1.059230923652649,0.9000000953674316,2.60846209526062
1.0294215679168701,0.9650000333786011,1.2695720195770264
1.0257518291473389,0.9600000381469727,1.4813320636749268
1.0216363668441772,0.9750000238418579,1.2536619901657104
1.0295226573944092,0.9700000286102295,1.064661979675293
1.0266894102096558,0.9550000429153442,1.3838419914245605
1.0358452796936035,0.9450000524520874,1.2645920515060425
1.0243510007858276,0.9650000333786011,1.1496920585632324
1.0224745273590088,0.9750000238418579,1.1481519937515259
1.0279452800750732,0.9600000381469727,1.5311720371246338
1.0579135417938232,0.9350000619888306,1.3120019435882568
1.0632719993591309,0.9300000667572021,1.3142919540405273
1.0199999809265137,0.9800000190734863,1.0654819011688232
1.028713583946228,0.9600000381469727,1.682752013206482
1.0407533645629883,0.9300000667572021,1.6091220378875732
1.0454245805740356,0.9150000214576721,1.5579819679260254
1.0242187976837158,0.9700000286102295,1.2574419975280762
1.0627294778823853,0.8800000548362732,1.8996120691299438
1.0405282974243164,0.9300000667572021,1.6293920278549194
1.0208005905151367,0.9750000238418579,1.255162000656128
1.0513099431991577,0.9300000667572021,2.2665319442749023
1.0594127178192139,0.9200000762939453,2.350921869277954
1.0199999809265137,0.9800000190734863,1.1285820007324219
1.0296498537063599,0.9600000381469727,1.1636919975280762
1.045446753501892,0.9250000715255737,1.9449020624160767
1.0445622205734253,0.9300000667572021,1.9750621318817139
1.0683648586273193,0.8650000691413879,2.3342320919036865
1.031169056892395,0.9500000476837158,1.2534818649291992
1.0353819131851196,0.940000057220459,1.5802019834518433
1.0489331483840942,0.9150000810623169,2.307961940765381
1.0266788005828857,0.9650000333786011,1.4209520816802979
1.037248969078064,0.9350000619888306,1.7552520036697388
1.0577884912490845,0.940000057220459,1.281752109527588
1.0634229183197021,0.9350000619888306,1.281752109527588
1.0199999809265137,0.9800000190734863,1.12348210811615
1.0308470726013184,0.9500000476837158,1.704901933670044
1.0236634016036987,0.9700000286102295,1.2053719758987427
1.0478018522262573,0.9200000762939453,1.5550320148468018
1.03128981590271,0.940000057220459,1.9815119504928589
1.0310286283493042,0.9450000524520874,2.0687618255615234
1.0230987071990967,0.9750000238418579,1.1347320079803467
1.0330147743225098,0.9200000762939453,1.994212031364441
1.0264517068862915,0.9700000286102295,1.325111985206604
1.032637596130371,0.9600000381469727,1.3725619316101074
1.028460144996643,0.9600000381469727,2.1617119312286377
1.024999976158142,0.9750000238418579,1.0720218420028687
1.0199999809265137,0.9800000190734863,1.2039419412612915
1.039901614189148,0.940000057220459,1.630162000656128
1.0237274169921875,0.9700000286102295,1.4177320003509521
1.024999976158142,0.9750000238418579,1.1767818927764893
1.021130919456482,0.9750000238418579,1.1927319765090942
1.0451147556304932,0.9350000619888306,1.5146820545196533
1.0471023321151733,0.9300000667572021,1.471571922302246
1.060768485069275,0.9200000762939453,1.6242420673370361
1.0646024942398071,0.9000000953674316,1.8470920324325562
1.0466961860656738,0.9350000619888306,1.4297020435333252
1.0391323566436768,0.9500000476837158,1.3861418962478638
1.0385128259658813,0.9450000524520874,1.5149519443511963
1.0540231466293335,0.9150000810623169,1.8580219745635986
1.055991768836975,0.9200000166893005,2.1739020347595215
1.0541296005249023,0.9150000810623169,1.9837520122528076
1.0271657705307007,0.9550000429153442,1.3113820552825928
1.0442054271697998,0.9250000715255737,1.7125619649887085
1.02237868309021,0.9700000286102295,1.2505520582199097
1.0199999809265137,0.9800000190734863,1.1027920246124268
1.0216697454452515,0.9750000238418579,1.2225719690322876
1.0298489332199097,0.9650000333786011,1.1508820056915283
1.0267934799194336,0.9650000333786011,1.2848420143127441
1.0513575077056885,0.9150000810623169,1.4090020656585693
1.0337989330291748,0.9500000476837158,1.3027620315551758
1.0517778396606445,0.9250000715255737,1.3266420364379883
1.0569003820419312,0.9150000810623169,1.364542007446289
1.024999976158142,0.9750000238418579,1.0604519844055176
1.0296505689620972,0.9550000429153442,1.7919321060180664
1.024999976158142,0.9750000238418579,1.0538619756698608
1.0221091508865356,0.9700000286102295,1.3378920555114746
1.0309937000274658,0.9500000476837158,1.364601969718933
1.0349019765853882,0.9500000476837158,1.6887720823287964
1.037937879562378,0.9250000715255737,1.8825820684432983
1.0312877893447876,0.9600000381469727,1.3161919116973877
1.0309044122695923,0.9600000381469727,1.5966119766235352
1.0424063205718994,0.9350000619888306,1.3392720222473145
1.045482873916626,0.9200000762939453,1.943432092666626
1.020867943763733,0.9750000238418579,1.116581916809082
1.057565450668335,0.8850000500679016,2.7151618003845215
1.0288760662078857,0.9650000333786011,1.2796719074249268
1.0426874160766602,0.9100000858306885,2.5069820880889893
1.0270150899887085,0.9700000286102295,1.2347819805145264
1.0199999809265137,0.9800000190734863,1.112831950187683
1.0535264015197754,0.8999999761581421,2.6418919563293457
1.0249686241149902,0.9700000286102295,1.160391926765442
1.0536470413208008,0.9350000619888306,1.5355520248413086
1.0517783164978027,0.9350000619888306,1.5313819646835327
1.0535311698913574,0.9300000667572021,1.5740820169448853
1.030951738357544,0.9450000524520874,1.5832419395446777
1.0440274477005005,0.9200000762939453,1.9439821243286133
1.056773066520691,0.9000000953674316,1.8935320377349854
1.0277429819107056,0.9600000381469727,1.1953920125961304
1.0272271633148193,0.9700000286102295,1.2399519681930542
1.0241830348968506,0.9650000333786011,1.5059518814086914
1.0264633893966675,0.9700000286102295,1.0938020944595337
1.0199999809265137,0.9800000190734863,1.0437120199203491
1.0735533237457275,0.8800000548362732,3.5843820571899414
1.0544064044952393,0.9300000667572021,2.571312189102173
1.0246224403381348,0.9700000286102295,1.1269420385360718
1.045485496520996,0.9300000667572021,1.5408419370651245
1.0393667221069336,0.9500000476837158,1.1578720808029175
1.031561255455017,0.9550000429153442,1.5539522171020508
1.0689849853515625,0.8650000095367432,1.7555919885635376
1.0265743732452393,0.9600000381469727,1.5299019813537598
1.0242526531219482,0.9650000333786011,1.3402819633483887
1.041164755821228,0.9200000762939453,1.5851320028305054
1.0234191417694092,0.9700000286102295,1.5697720050811768
1.0331554412841797,0.9500000476837158,1.7801119089126587
1.022581934928894,0.9750000238418579,1.32669198513031
1.0320899486541748,0.9600000381469727,1.1730719804763794
1.0393924713134766,0.940000057220459,1.6688120365142822
1.0501729249954224,0.9150000810623169,2.0212321281433105
1.0318443775177002,0.9550000429153442,1.248702049255371
1.0361064672470093,0.940000057220459,1.6809720993041992
1.02522611618042,0.9700000286102295,1.1148020029067993
1.0304291248321533,0.9550000429153442,1.1067620515823364
1.033261775970459,0.9450000524520874,1.313812017440796
1.0276155471801758,0.9550000429153442,1.522481918334961
1.0199999809265137,0.9800000190734863,1.0853520631790161
1.0509073734283447,0.9300000667572021,1.600761890411377
1.042819857597351,0.9350000619888306,1.545841932296753
1.0351685285568237,0.9500000476837158,1.6674820184707642
1.032147765159607,0.9450000524520874,1.5911020040512085
1.0378888845443726,0.9300000667572021,2.836912155151367
1.0234718322753906,0.9750000238418579,1.133552074432373
1.032065749168396,0.9550000429153442,1.3062320947647095
1.047131896018982,0.9250000715255737,1.5677419900894165
1.0414613485336304,0.940000057220459,1.8936420679092407
1.0265692472457886,0.9650000333786011,1.3409920930862427
1.0297619104385376,0.9650000333786011,1.3978220224380493
1.0247340202331543,0.9700000286102295,1.5551420450210571
1.0254977941513062,0.9700000286102295,1.1703020334243774
1.0215842723846436,0.9750000238418579,1.0630018711090088
1.0451990365982056,0.9350000619888306,1.499891996383667
1.0525901317596436,0.9050000905990601,1.6771819591522217
1.0343073606491089,0.9500000476837158,1.1930619478225708
1.032059907913208,0.9550000429153442,1.3441720008850098
1.0219571590423584,0.9700000286102295,1.2309919595718384
1.029932975769043,0.9600000381469727,1.0882819890975952
1.0491483211517334,0.89000004529953,2.606881856918335
1.0295391082763672,0.9650000333786011,1.2180819511413574
1.0422298908233643,0.9350000619888306,1.2420220375061035
1.034847617149353,0.9500000476837158,1.5273120403289795
1.0352413654327393,0.9350000023841858,2.0671019554138184
1.0426087379455566,0.9550000429153442,1.161971926689148
1.0427128076553345,0.9350000619888306,1.4674220085144043
1.0199999809265137,0.9800000190734863,1.0716021060943604
1.0383903980255127,0.940000057220459,1.5298420190811157
1.0282469987869263,0.9600000381469727,1.2969719171524048
1.0199999809265137,0.9800000190734863,1.2253221273422241
1.0444831848144531,0.9350000619888306,1.7057819366455078
1.0342559814453125,0.940000057220459,1.7825919389724731
1.0382732152938843,0.9600000381469727,1.2951220273971558
1.0237689018249512,0.9750000238418579,1.0975520610809326
1.0248812437057495,0.9700000286102295,1.1292920112609863
1.0199999809265137,0.9800000190734863,1.1083821058273315
1.0393502712249756,0.9450000524520874,1.1762919425964355
1.0223515033721924,0.9700000286102295,1.4577820301055908
1.053737998008728,0.9100000262260437,2.118201971054077
1.0328924655914307,0.9550000429153442,1.190101981163025
1.0597975254058838,0.8549999594688416,2.601422071456909
1.0270464420318604,0.9650000333786011,1.1533219814300537
1.0199999809265137,0.9800000190734863,1.0390419960021973
1.0221350193023682,0.9750000238418579,1.15585196018219
1.0274744033813477,0.9700000286102295,1.074782133102417
1.0341771841049194,0.9200000762939453,2.1776819229125977
1.0626078844070435,0.8550000190734863,2.771712064743042
1.0220974683761597,0.9700000286102295,1.430272102355957
1.0223807096481323,0.9700000286102295,1.3149420022964478
1.0216766595840454,0.9700000286102295,1.3085520267486572
1.0533983707427979,0.9100000858306885,1.6206419467926025
1.037257194519043,0.9500000476837158,1.5962519645690918
1.0199999809265137,0.9800000190734863,1.1450319290161133
1.0199999809265137,0.9800000190734863,1.0884519815444946
1.0537238121032715,0.8850000500679016,1.8218120336532593
1.0235066413879395,0.9700000286102295,1.21762216091156
1.0260311365127563,0.9650000333786011,1.2416919469833374
1.0447338819503784,0.9300000071525574,1.7633520364761353
1.0469423532485962,0.9300000667572021,2.369852066040039
1.0534151792526245,0.9100000858306885,2.234182119369507
1.0582358837127686,0.8950000405311584,2.733652114868164
1.021429181098938,0.9750000238418579,1.1205220222473145
1.0354290008544922,0.9500000476837158,1.4276920557022095
1.022376298904419,0.9650000333786011,1.6890521049499512
1.0207289457321167,0.9750000238418579,1.1617519855499268
1.0419654846191406,0.9350000619888306,2.0268521308898926
1.0702112913131714,0.8549999594688416,3.4204320907592773
1.0503392219543457,0.9200000762939453,1.941372036933899
1.0451139211654663,0.9100000858306885,2.0967519283294678
1.0273569822311401,0.9700000286102295,1.3469520807266235
1.0340497493743896,0.9550000429153442,1.3540819883346558
1.044680118560791,0.9300000667572021,1.9552021026611328
1.0278505086898804,0.9650000333786011,1.2617219686508179
1.0408909320831299,0.9350000619888306,1.656062126159668
1.028863549232483,0.9550000429153442,1.5066319704055786
1.057057499885559,0.9050000905990601,2.0205721855163574
1.0353639125823975,0.9550000429153442,1.428331971168518
1.0460801124572754,0.9350000619888306,1.644882082939148
1.0480785369873047,0.9250000715255737,1.728682041168213
1.0487735271453857,0.9000000953674316,2.0330421924591064
1.0430874824523926,0.940000057220459,1.6453721523284912
1.0314825773239136,0.9600000381469727,1.2387020587921143
1.0389245748519897,0.9450000524520874,2.4110019207000732
1.0199999809265137,0.9800000190734863,1.0853420495986938
1.0543327331542969,0.9050000309944153,2.680972099304199
1.03030526638031,0.9600000381469727,1.499531865119934
1.028061866760254,0.9700000286102295,1.0732020139694214
1.0389018058776855,0.9500000476837158,1.6788119077682495
1.025867223739624,0.9600000381469727,1.6910319328308105
1.0343523025512695,0.9600000381469727,1.1859718561172485
1.0254255533218384,0.9600000381469727,1.6957920789718628
1.0243464708328247,0.9700000286102295,1.1992119550704956
1.0285416841506958,0.9650000333786011,1.4423819780349731
1.0253572463989258,0.9650000333786011,1.2698520421981812
1.0284732580184937,0.9500000476837158,2.016822099685669
1.0299253463745117,0.9650000333786011,1.24602210521698
1.03572678565979,0.9600000381469727,1.18831205368042
1.0199999809265137,0.9800000190734863,1.048811912536621
1.0199999809265137,0.9800000190734863,1.1340420246124268
1.0233234167099,0.9700000286102295,1.1279319524765015
1.0624803304672241,0.9350000619888306,1.2826321125030518
1.0199999809265137,0.9800000190734863,1.0599318742752075
1.0213335752487183,0.9750000238418579,1.530142068862915
1.024999976158142,0.9750000238418579,1.1690220832824707
1.0408909320831299,0.9300000071525574,2.05019211769104
1.0199999809265137,0.9800000190734863,1.0605919361114502
1.021597146987915,0.9750000238418579,1.169551968574524
1.0225032567977905,0.9750000238418579,1.3230520486831665
1.024999976158142,0.9750000238418579,1.03603196144104
1.0281903743743896,0.9650000333786011,1.262861967086792
1.0368521213531494,0.9550000429153442,1.3030019998550415
1.0199999809265137,0.9800000190734863,1.175812005996704
1.0308711528778076,0.9600000381469727,1.2869620323181152
1.0302073955535889,0.9500000476837158,1.6606919765472412
1.0298486948013306,0.9550000429153442,1.3521320819854736
1.0414100885391235,0.9200000762939453,1.7430620193481445
1.0308490991592407,0.9550000429153442,1.2729220390319824
1.022611141204834,0.9750000238418579,1.1391119956970215
1.0291461944580078,0.9500000476837158,1.790362000465393
1.042285442352295,0.9350000619888306,1.5692120790481567
1.0343708992004395,0.9500000476837158,1.4531019926071167
1.0199999809265137,0.9800000190734863,1.0782819986343384
1.0281497240066528,0.9700000286102295,1.1485720872879028
1.0199999809265137,0.9800000190734863,1.0473819971084595
1.0567737817764282,0.9000000357627869,2.3961918354034424
1.0199999809265137,0.9800000190734863,1.0735719203948975
1.028448224067688,0.9550000429153442,1.1334120035171509
1.0349180698394775,0.9450000524520874,1.2214218378067017
1.0277354717254639,0.9650000333786011,1.1258620023727417
1.0199999809265137,0.9800000190734863,1.0639618635177612
1.0271408557891846,0.9700000286102295,1.0549819469451904
1.0401259660720825,0.9300000667572021,3.047272205352783
1.0199999809265137,0.9800000190734863,1.0518521070480347
1.0199999809265137,0.9800000190734863,1.0532219409942627
1.0474872589111328,0.9200000762939453,2.485611915588379
1.0399999618530273,0.9600000381469727,1.2183420658111572
1.0449999570846558,0.9550000429153442,1.2150219678878784
1.0446593761444092,0.9200000762939453,1.5085821151733398
1.0364220142364502,0.9500000476837158,1.1674920320510864
1.032111406326294,0.9600000381469727,1.1565420627593994
1.032907485961914,0.9550000429153442,1.197532057762146
1.03415048122406,0.9350000619888306,1.7218319177627563
1.0303231477737427,0.9650000333786011,1.2998719215393066
1.0199999809265137,0.9800000190734863,1.0583220720291138
1.0360164642333984,0.9500000476837158,1.5507819652557373
1.020976185798645,0.9750000238418579,1.1880619525909424
1.0353806018829346,0.9500000476837158,1.6985219717025757
1.0321346521377563,0.9550000429153442,1.1749919652938843
1.036465048789978,0.9450000524520874,1.4010419845581055
1.024274230003357,0.9650000333786011,1.3465819358825684
1.0199999809265137,0.9800000190734863,1.2366620302200317
1.03017258644104,0.9600000381469727,2.2680020332336426
1.0280150175094604,0.9550000429153442,1.3724019527435303
1.0269951820373535,0.9700000286102295,1.5336120128631592
1.04683256149292,0.9250000715255737,2.71956205368042
1.035599946975708,0.9300000667572021,2.309842109680176
1.0337425470352173,0.9550000429153442,1.3391720056533813
1.0362427234649658,0.9550000429153442,1.1161218881607056
1.0349451303482056,0.9500000476837158,1.460211992263794
1.0538326501846313,0.9150000214576721,2.044961929321289
1.0357890129089355,0.9500000476837158,1.7618720531463623
1.0199999809265137,0.9800000190734863,1.0596920251846313
1.0221004486083984,0.9750000238418579,1.0877621173858643
1.0266432762145996,0.9650000333786011,1.1283020973205566
1.0432732105255127,0.9550000429153442,1.2959119081497192
1.0253773927688599,0.9600000381469727,1.5191121101379395
1.0354243516921997,0.9450000524520874,1.2788820266723633
1.0425077676773071,0.9350000619888306,1.3762620687484741
1.0199999809265137,0.9800000190734863,1.193552017211914
1.024267554283142,0.9700000286102295,1.3445719480514526
1.0199999809265137,0.9800000190734863,1.1345919370651245
1.0214906930923462,0.9750000238418579,1.160141944885254
1.0199999809265137,0.9800000190734863,1.050191879272461
1.0305453538894653,0.9650000333786011,1.2457020282745361
1.0493824481964111,0.9350000619888306,1.5714620351791382
1.0266149044036865,0.9700000286102295,1.0680819749832153
1.024999976158142,0.9750000238418579,1.0341118574142456
1.021345615386963,0.9750000238418579,1.287182092666626
1.0302708148956299,0.9550000429153442,1.364542007446289
1.0199999809265137,0.9800000190734863,1.1460620164871216
1.0386615991592407,0.9500000476837158,1.4756319522857666
1.0258042812347412,0.9650000333786011,1.2474420070648193
1.0199999809265137,0.9800000190734863,1.0575319528579712
1.0544298887252808,0.9350000619888306,1.3116919994354248
1.0199999809265137,0.9800000190734863,1.0684120655059814
1.0293598175048828,0.9650000333786011,1.1225119829177856
1.0367794036865234,0.9600000381469727,1.198612093925476
1.0268137454986572,0.9650000333786011,1.1210919618606567
1.0199999809265137,0.9800000190734863,1.243311882019043
1.038623571395874,0.9500000476837158,1.3437520265579224
1.0265246629714966,0.9700000286102295,1.0895519256591797
1.0199999809265137,0.9800000190734863,1.0732719898223877
1.0242856740951538,0.9700000286102295,1.1522921323776245
1.0368516445159912,0.9550000429153442,1.3340920209884644
1.0493594408035278,0.9150000810623169,1.8899619579315186
1.0199999809265137,0.9800000190734863,1.0375418663024902
1.0279043912887573,0.9600000381469727,1.4560320377349854
1.0319278240203857,0.9600000381469727,1.4249719381332397
1.0218702554702759,0.9600000381469727,1.232841968536377
1.0270060300827026,0.9650000333786011,1.4948620796203613
1.0374363660812378,0.9550000429153442,1.3728018999099731
1.0404913425445557,0.9300000071525574,1.949671983718872
1.0313255786895752,0.9500000476837158,2.0521819591522217
1.0383055210113525,0.9350000023841858,2.38263201713562
1.0325531959533691,0.9550000429153442,1.1150020360946655
1.029178500175476,0.9650000333786011,1.041592001914978
1.0350656509399414,0.9500000476837158,1.9637119770050049
1.0386009216308594,0.9550000429153442,1.3077620267868042
1.0243011713027954,0.9700000286102295,1.084981918334961
1.027267336845398,0.9600000381469727,1.3064420223236084
1.0199999809265137,0.9800000190734863,1.0626920461654663
1.0199999809265137,0.9800000190734863,1.068992018699646
1.0264439582824707,0.9700000286102295,1.1270519495010376
1.029561161994934,0.9600000381469727,1.2895020246505737
1.0222786664962769,0.9750000238418579,1.1176820993423462
1.0257151126861572,0.9700000286102295,1.1999820470809937
1.0291413068771362,0.9650000333786011,1.30679190158844
1.0380679368972778,0.9500000476837158,1.6669421195983887
1.0447521209716797,0.940000057220459,1.6333119869232178
1.0289314985275269,0.9550000429153442,1.3759620189666748
1.0199999809265137,0.9800000190734863,1.0689918994903564
1.0401142835617065,0.940000057220459,1.2315219640731812
1.0212563276290894,0.9750000238418579,1.1131221055984497
1.037733554840088,0.9500000476837158,1.1842219829559326
1.03572678565979,0.9600000381469727,1.18831205368042
1.0199999809265137,0.9800000190734863,1.0929219722747803
1.0379769802093506,0.9500000476837158,1.1404820680618286
1.041731357574463,0.9500000476837158,1.2860820293426514
1.0427703857421875,0.940000057220459,1.6095620393753052
1.0229723453521729,0.9700000286102295,1.2071720361709595
1.0330712795257568,0.9600000381469727,1.2290420532226562
1.0234555006027222,0.9700000286102295,1.1204019784927368
1.021132230758667,0.9750000238418579,1.0857019424438477
1.024999976158142,0.9750000238418579,1.1640419960021973
1.0199999809265137,0.9800000190734863,1.0466818809509277
1.0211764574050903,0.9750000238418579,1.131701946258545
1.0309038162231445,0.9550000429153442,1.4016220569610596
1.0285354852676392,0.9700000286102295,1.065701961517334
1.0376087427139282,0.9600000381469727,1.1619619131088257
1.0368077754974365,0.9450000524520874,1.597222089767456
1.025931477546692,0.9650000333786011,1.22064208984375
1.0248461961746216,0.9700000286102295,1.2013620138168335
1.0307139158248901,0.9550000429153442,1.337951898574829
1.024999976158142,0.9750000238418579,1.0922319889068604
1.0303773880004883,0.9600000381469727,1.4010119438171387
1.0269542932510376,0.9700000286102295,1.118142008781433
1.0199999809265137,0.9800000190734863,1.1151819229125977
1.0366895198822021,0.9500000476837158,1.1758419275283813
1.0424124002456665,0.9500000476837158,1.1005818843841553
1.0199999809265137,0.9800000190734863,1.0285720825195312
1.0345256328582764,0.9600000381469727,1.1005818843841553
1.036182165145874,0.9450000524520874,1.2932720184326172
1.030683159828186,0.9550000429153442,1.787202000617981
1.0199999809265137,0.9800000190734863,1.1126818656921387
1.0216264724731445,0.9750000238418579,1.3220319747924805
1.043172001838684,0.9450000524520874,1.3955620527267456
1.0245226621627808,0.9750000238418579,1.030522108078003
1.0271437168121338,0.9700000286102295,1.0307320356369019
1.0223569869995117,0.9750000238418579,1.1679120063781738
1.024999976158142,0.9750000238418579,1.071531891822815
1.024999976158142,0.9750000238418579,1.158661961555481
1.0199999809265137,0.9800000190734863,1.05662202835083
1.0199999809265137,0.9800000190734863,1.0370019674301147
1.0484440326690674,0.940000057220459,1.2668119668960571
1.0199999809265137,0.9800000190734863,1.0436220169067383
1.0267510414123535,0.9650000333786011,1.3135720491409302
1.0291932821273804,0.9650000333786011,1.103782057762146
