1.0354737043380737,0.9550000429153442,1.1192220449447632
1.0354737043380737,0.9550000429153442,1.121142029762268
1.0499863624572754,0.8849999904632568,3.2551019191741943
1.0320017337799072,0.9650000333786011,1.2632420063018799
1.0306593179702759,0.9600000381469727,1.5683420896530151
1.0356504917144775,0.9500000476837158,1.1834120750427246
1.036550760269165,0.9500000476837158,1.1871919631958008
1.0303244590759277,0.9600000381469727,1.631392002105713
1.0361223220825195,0.9500000476837158,1.2188420295715332
1.0428342819213867,0.9300000667572021,1.3921719789505005
1.0463407039642334,0.940000057220459,1.1553620100021362
1.0396814346313477,0.9500000476837158,1.3134419918060303
1.0396814346313477,0.9500000476837158,1.3134419918060303
1.0488349199295044,0.9200000762939453,1.855381965637207
1.0469416379928589,0.9200000762939453,2.018091917037964
1.1292096376419067,0.6700000166893005,4.196022033691406
1.0295003652572632,0.9550000429153442,1.5951920747756958
1.0279462337493896,0.9700000286102295,1.1049319505691528
1.0337483882904053,0.940000057220459,1.5631420612335205
1.024999976158142,0.9750000238418579,1.0441219806671143
1.024999976158142,0.9750000238418579,1.062972068786621
1.024999976158142,0.9750000238418579,1.0985521078109741
1.0294445753097534,0.9650000333786011,1.1846120357513428
1.024999976158142,0.9750000238418579,1.1533318758010864
1.0262531042099,0.9700000286102295,1.2166420221328735
1.0528960227966309,0.8399999737739563,2.489971876144409
1.0468658208847046,0.9350000619888306,1.5993820428848267
1.0411617755889893,0.9350000619888306,1.6772021055221558
1.0295603275299072,0.9550000429153442,2.1266322135925293
1.0497099161148071,0.9200000762939453,1.793262004852295
1.0276018381118774,0.9650000333786011,1.1042819023132324
1.0348321199417114,0.9500000476837158,1.4202320575714111
1.044477939605713,0.9250000715255737,2.024092197418213
1.08971107006073,0.824999988079071,2.9379122257232666
1.045999526977539,0.9300000667572021,1.596742033958435
1.0524400472640991,0.9050000309944153,1.7094720602035522
1.0691405534744263,0.8550000190734863,2.426882028579712
1.0458656549453735,0.9500000476837158,1.236232042312622
1.0458656549453735,0.9500000476837158,1.236232042312622
1.0594544410705566,0.8299999833106995,2.7987618446350098
1.0512927770614624,0.8650000095367432,2.6744720935821533
1.0342612266540527,0.9450000524520874,1.5001920461654663
1.0506961345672607,0.8800000548362732,3.6733219623565674
1.0340237617492676,0.9500000476837158,2.04950213432312
1.042763352394104,0.9450000524520874,1.1833420991897583
1.118501901626587,0.7099999785423279,4.020682334899902
1.041334867477417,0.9500000476837158,1.206942081451416
1.0304821729660034,0.9650000333786011,1.0743119716644287
1.0287261009216309,0.9600000381469727,1.2459421157836914
1.0475807189941406,0.9150000810623169,1.6805620193481445
1.024999976158142,0.9750000238418579,1.1316219568252563
1.0278098583221436,0.9650000333786011,1.2621721029281616
1.0646532773971558,0.8450000286102295,2.559852123260498
1.0447278022766113,0.9350000619888306,1.8376120328903198
1.044801115989685,0.9300000667572021,1.8690019845962524
1.0392975807189941,0.9350000619888306,1.4611620903015137
1.0292145013809204,0.9600000381469727,1.1520519256591797
1.0267120599746704,0.9700000286102295,1.1249020099639893
1.0396654605865479,0.940000057220459,1.5783119201660156
1.024999976158142,0.9750000238418579,1.0278319120407104
1.044609785079956,0.9250000715255737,1.886742115020752
1.0470540523529053,0.9250000715255737,1.789091944694519
1.0459716320037842,0.9350000619888306,1.2505319118499756
1.029881477355957,0.9650000333786011,1.2411119937896729
1.0480263233184814,0.9200000762939453,1.8833320140838623
1.0267326831817627,0.9700000286102295,1.1545419692993164
1.0258257389068604,0.9700000286102295,1.1322619915008545
1.0408207178115845,0.9250000715255737,2.192552089691162
1.0313996076583862,0.9500000476837158,1.4347021579742432
1.024999976158142,0.9750000238418579,1.0771819353103638
1.024999976158142,0.9750000238418579,1.0331419706344604
1.024999976158142,0.9750000238418579,1.1318520307540894
1.0419847965240479,0.9350000619888306,1.3214420080184937
1.0499372482299805,0.9300000667572021,1.747892141342163
1.0283639430999756,0.9650000333786011,1.1206820011138916
1.0268950462341309,0.9650000333786011,1.2246918678283691
1.0370007753372192,0.9200000762939453,1.8937419652938843
1.03745698928833,0.940000057220459,1.3512520790100098
1.0269733667373657,0.9700000286102295,1.1218520402908325
1.0288136005401611,0.9650000333786011,1.2098720073699951
1.045314908027649,0.9500000476837158,1.1970620155334473
1.024999976158142,0.9750000238418579,1.1468219757080078
1.027871012687683,0.9650000333786011,1.203342080116272
1.024999976158142,0.9750000238418579,1.241521954536438
1.0444821119308472,0.9200000762939453,2.0318620204925537
1.0560581684112549,0.8750001192092896,2.5676321983337402
1.024999976158142,0.9750000238418579,1.1232919692993164
1.0385432243347168,0.9500000476837158,1.2459518909454346
1.024999976158142,0.9750000238418579,1.1460720300674438
1.024999976158142,0.9750000238418579,1.0579620599746704
1.0375468730926514,0.9550000429153442,1.3190420866012573
1.03242027759552,0.9600000381469727,1.4111319780349731
1.024999976158142,0.9750000238418579,1.0825519561767578
1.024999976158142,0.9750000238418579,1.0407720804214478
1.0430583953857422,0.9500000476837158,1.3666120767593384
1.0410393476486206,0.9550000429153442,1.2168020009994507
1.024999976158142,0.9750000238418579,1.06741201877594
1.0293374061584473,0.9600000381469727,1.2078520059585571
1.0430419445037842,0.940000057220459,1.2506420612335205
1.024999976158142,0.9750000238418579,1.044842004776001
1.04641592502594,0.9200000762939453,1.285952091217041
1.0438977479934692,0.9350000619888306,1.2582820653915405
1.0539741516113281,0.9150000810623169,1.2986918687820435
1.051712989807129,0.8900001049041748,2.148712158203125
1.0408090353012085,0.9500000476837158,1.15352201461792
1.0423551797866821,0.9000000357627869,2.632282257080078
1.0538588762283325,0.8700001239776611,2.757862091064453
1.0654504299163818,0.8750001192092896,2.7748918533325195
1.0371156930923462,0.9550000429153442,1.258802056312561
1.0344873666763306,0.9450000524520874,1.6531720161437988
1.0287904739379883,0.9650000333786011,1.2370420694351196
1.0295226573944092,0.9700000286102295,1.063812017440796
1.0308605432510376,0.9500000476837158,1.3862719535827637
1.0389750003814697,0.940000057220459,1.265131950378418
1.029350996017456,0.9600000381469727,1.1473920345306396
1.0285171270370483,0.9650000333786011,1.1515120267868042
1.0357775688171387,0.9450000524520874,1.482782006263733
1.0657135248184204,0.9200000762939453,1.3048720359802246
1.065300464630127,0.9200000762939453,1.3048720359802246
1.024999976158142,0.9750000238418579,1.0629419088363647
1.036644458770752,0.9500000476837158,1.652772068977356
1.0413880348205566,0.9200000762939453,1.5652620792388916
1.0520259141921997,0.9050000309944153,1.5535820722579956
1.0322016477584839,0.9600000381469727,1.24373197555542
1.070774793624878,0.8550000190734863,1.8436321020126343
1.0449774265289307,0.9250000715255737,1.616621971130371
1.0258005857467651,0.9700000286102295,1.2504019737243652
1.0592505931854248,0.9200000762939453,2.315042018890381
1.0641032457351685,0.9100000858306885,2.395901918411255
1.024999976158142,0.9750000238418579,1.1278719902038574
1.027957797050476,0.9600000381469727,1.1581220626831055
1.0504467487335205,0.9200000762939453,1.9320520162582397
1.0445622205734253,0.9300000667572021,1.966042160987854
1.0753005743026733,0.8500000834465027,2.2798221111297607
1.0374728441238403,0.9350000619888306,1.2408019304275513
1.040381908416748,0.9350000619888306,1.5737420320510864
1.063918948173523,0.8800000548362732,2.2014520168304443
1.032303810119629,0.9550000429153442,1.442642092704773
1.0467491149902344,0.9150000810623169,1.7946220636367798
1.0700794458389282,0.9250000715255737,1.280522108078003
1.0713943243026733,0.9250000715255737,1.280522108078003
1.024999976158142,0.9750000238418579,1.1168221235275269
1.0308470726013184,0.9500000476837158,1.6888718605041504
1.028804898262024,0.9650000333786011,1.185681939125061
1.0533441305160522,0.9100000858306885,1.5497419834136963
1.0370213985443115,0.9300000667572021,2.0924620628356934
1.0364055633544922,0.9350000619888306,2.011121988296509
1.0297842025756836,0.9650000333786011,1.1262019872665405
1.038809061050415,0.9100000858306885,1.9322620630264282
1.0268287658691406,0.9650000333786011,1.3556420803070068
1.0413676500320435,0.9500000476837158,1.335811972618103
1.0293413400650024,0.9550000429153442,2.1389620304107666
1.024999976158142,0.9750000238418579,1.0716419219970703
1.024999976158142,0.9750000238418579,1.192181944847107
1.0449016094207764,0.9350000619888306,1.6107220649719238
1.0294944047927856,0.9600000381469727,1.4110820293426514
1.03166663646698,0.9650000333786011,1.1689319610595703
1.0261309146881104,0.9700000286102295,1.192662000656128
1.0501147508621216,0.9300000667572021,1.5143821239471436
1.0521023273468018,0.9250000715255737,1.4697118997573853
1.069064974784851,0.9100000858306885,1.5946919918060303
1.0669208765029907,0.8950001001358032,1.8316720724105835
1.0514771938323975,0.9250000715255737,1.4123419523239136
1.0441323518753052,0.940000057220459,1.3898218870162964
1.0434317588806152,0.940000057220459,1.4912519454956055
1.060025930404663,0.8950001001358032,1.8258919715881348
1.0656626224517822,0.9050000309944153,2.1395020484924316
1.0659581422805786,0.9000000953674316,1.9620919227600098
1.032065749168396,0.9500000476837158,1.3322720527648926
1.049530029296875,0.9150000810623169,1.829692006111145
1.0273786783218384,0.9650000333786011,1.2491819858551025
1.024999976158142,0.9750000238418579,1.0993520021438599
1.0266697406768799,0.9700000286102295,1.221511960029602
1.0298489332199097,0.9650000333786011,1.152232050895691
1.031793475151062,0.9600000381469727,1.2817920446395874
1.0529288053512573,0.9100000858306885,1.3938020467758179
1.0387989282608032,0.9450000524520874,1.2951821088790894
1.0589429140090942,0.9150000810623169,1.318701982498169
1.0653609037399292,0.9000000953674316,1.3484820127487183
1.024999976158142,0.9750000238418579,1.060081958770752
1.0346505641937256,0.9500000476837158,1.7864720821380615
1.024999976158142,0.9750000238418579,1.0541120767593384
1.0285035371780396,0.9600000381469727,1.361072063446045
1.0359936952590942,0.9450000524520874,1.3629120588302612
1.0399019718170166,0.940000057220459,1.6736221313476562
1.043453335762024,0.9150000810623169,1.8327020406723022
1.036287784576416,0.9550000429153442,1.316131830215454
1.0309044122695923,0.9600000381469727,1.5963720083236694
1.0434919595718384,0.9300000667572021,1.334231972694397
1.0462498664855957,0.9150000810623169,1.9350321292877197
1.0261427164077759,0.9650000333786011,1.2218120098114014
1.0612990856170654,0.8750000596046448,2.648071765899658
1.0288760662078857,0.9650000333786011,1.2813318967819214
1.0486794710159302,0.8950001001358032,2.4490621089935303
1.0270150899887085,0.9700000286102295,1.2352219820022583
1.024999976158142,0.9750000238418579,1.1097619533538818
1.0594550371170044,0.8899999856948853,2.5879719257354736
1.0305347442626953,0.9600000381469727,1.1782619953155518
1.0570874214172363,0.9300000667572021,1.5267720222473145
1.0575685501098633,0.9250000715255737,1.5247619152069092
1.0535311698913574,0.9300000667572021,1.573512077331543
1.0414186716079712,0.9200000762939453,1.5331820249557495
1.0519540309906006,0.9000000953674316,1.8956620693206787
1.0649170875549316,0.8850001096725464,1.8614920377731323
1.031923770904541,0.9550000429153442,1.202631950378418
1.0272271633148193,0.9700000286102295,1.2393419742584229
1.029183030128479,0.9600000381469727,1.4882417917251587
1.0264633893966675,0.9700000286102295,1.0927621126174927
1.024999976158142,0.9750000238418579,1.0474920272827148
1.0798295736312866,0.8600000739097595,3.405912160873413
1.055961012840271,0.9250000715255737,2.5017621517181396
1.0296224355697632,0.9650000333786011,1.1239320039749146
1.051207184791565,0.9200000762939453,1.535111904144287
1.0382585525512695,0.9500000476837158,1.1543920040130615
1.031561255455017,0.9550000429153442,1.549342155456543
1.0759077072143555,0.8550000190734863,1.7395119667053223
1.0315743684768677,0.9550000429153442,1.5277220010757446
1.0308340787887573,0.9550000429153442,1.2936919927597046
1.0461647510528564,0.9150000810623169,1.5796620845794678
1.0284191370010376,0.9650000333786011,1.5589519739151
1.0329614877700806,0.9500000476837158,1.753411889076233
1.0304278135299683,0.9600000381469727,1.3421919345855713
1.0370899438858032,0.9550000429153442,1.1691819429397583
1.0390753746032715,0.9350000619888306,1.638882040977478
1.054815411567688,0.9000000953674316,1.9914220571517944
1.0384713411331177,0.9450000524520874,1.2487820386886597
1.0361064672470093,0.9350000619888306,1.6671820878982544
1.0302261114120483,0.9650000333786011,1.1116719245910645
1.0345633029937744,0.9500000476837158,1.1260919570922852
1.040384292602539,0.9300000667572021,1.3664720058441162
1.0326155424118042,0.9500000476837158,1.5179919004440308
1.024999976158142,0.9750000238418579,1.0863120555877686
1.0509073734283447,0.9300000667572021,1.5986518859863281
1.0459543466567993,0.9300000667572021,1.5296518802642822
1.0424565076828003,0.940000057220459,1.637511968612671
1.0369220972061157,0.940000057220459,1.5664520263671875
1.0452680587768555,0.9100000858306885,2.787292003631592
1.0312724113464355,0.9650000333786011,1.130702018737793
1.0374354124069214,0.9450000524520874,1.2890421152114868
1.0476057529449463,0.9200000762939453,1.5426219701766968
1.043434500694275,0.9350000619888306,1.859192132949829
1.0331405401229858,0.9550000429153442,1.3195019960403442
1.0313366651535034,0.9600000381469727,1.387152075767517
1.0323354005813599,0.9600000381469727,1.5334720611572266
1.0304977893829346,0.9650000333786011,1.169942021369934
1.0270411968231201,0.9700000286102295,1.083871841430664
1.050199031829834,0.9300000667572021,1.4977320432662964
1.0567036867141724,0.9000000953674316,1.6660819053649902
1.0401798486709595,0.940000057220459,1.186601996421814
1.0371801853179932,0.9450000524520874,1.336732029914856
1.0269571542739868,0.9550000429153442,1.2188819646835327
1.0349329710006714,0.9550000429153442,1.0905219316482544
1.055924892425537,0.8700000643730164,2.5675618648529053
1.0318961143493652,0.9600000381469727,1.217221975326538
1.0406781435012817,0.9300000667572021,1.2243119478225708
1.0418888330459595,0.940000057220459,1.5010219812393188
1.0409218072891235,0.925000011920929,2.0501418113708496
1.0460734367370605,0.9500000476837158,1.1688119173049927
1.050451397895813,0.9200000762939453,1.451341986656189
1.026404857635498,0.9700000286102295,1.0908820629119873
1.0433672666549683,0.9350000619888306,1.49960196018219
1.0332469940185547,0.9550000429153442,1.2956619262695312
1.024999976158142,0.9750000238418579,1.2181520462036133
1.0494831800460815,0.9300000667572021,1.6997519731521606
1.0424965620040894,0.9200000762939453,1.7423419952392578
1.0417677164077759,0.9550000429153442,1.2921020984649658
1.0287688970565796,0.9700000286102295,1.0937620401382446
1.029881238937378,0.9650000333786011,1.1271419525146484
1.024999976158142,0.9750000238418579,1.105012059211731
1.0444411039352417,0.940000057220459,1.186792016029358
1.0290664434432983,0.9600000381469727,1.460942029953003
1.0546671152114868,0.9050000309944153,2.0954320430755615
1.037892460823059,0.9500000476837158,1.1896419525146484
1.0662024021148682,0.8449999690055847,2.5725221633911133
1.0320464372634888,0.9600000381469727,1.152642011642456
1.024999976158142,0.9750000238418579,1.0383520126342773
1.0271350145339966,0.9700000286102295,1.159301996231079
1.028821587562561,0.9650000333786011,1.0993320941925049
1.0391771793365479,0.9150000810623169,2.171381950378418
1.0670679807662964,0.8400000333786011,2.7173521518707275
1.027097463607788,0.9650000333786011,1.4309920072555542
1.0273807048797607,0.9650000333786011,1.3148720264434814
1.0277894735336304,0.9600000381469727,1.2979120016098022
1.0612324476242065,0.8950001001358032,1.5802119970321655
1.0484139919281006,0.9350000619888306,1.5422919988632202
1.024999976158142,0.9750000238418579,1.1347320079803467
1.024999976158142,0.9750000238418579,1.088752031326294
1.0624107122421265,0.8700000643730164,1.7686820030212402
1.0297291278839111,0.9550000429153442,1.1952921152114868
1.0332095623016357,0.9500000476837158,1.4045319557189941
1.0444080829620361,0.9300000071525574,1.753722071647644
1.054581880569458,0.9200000762939453,2.3268721103668213
1.060616135597229,0.9000000953674316,2.18585205078125
1.0654804706573486,0.8800000548362732,2.6274421215057373
1.0264291763305664,0.9700000286102295,1.1195520162582397
1.03592050075531,0.9450000524520874,1.4153519868850708
1.0281575918197632,0.9550000429153442,1.6291120052337646
1.027222990989685,0.9650000333786011,1.1755019426345825
1.0419654846191406,0.9350000619888306,2.0212621688842773
1.0740208625793457,0.8349999189376831,3.26436185836792
1.0593984127044678,0.9000000953674316,1.875622034072876
1.0534272193908691,0.8950001001358032,2.032602071762085
1.0273569822311401,0.9700000286102295,1.3412220478057861
1.0378692150115967,0.9500000476837158,1.3445520401000977
1.044680118560791,0.9300000667572021,1.9535020589828491
1.0328505039215088,0.9600000381469727,1.2499120235443115
1.043675422668457,0.9300000667572021,1.6182920932769775
1.0345118045806885,0.9450000524520874,1.4913818836212158
1.0602525472640991,0.9000000953674316,2.0073721408843994
1.043925404548645,0.940000057220459,1.4291720390319824
1.0502338409423828,0.9250000715255737,1.6295520067214966
1.0497655868530273,0.9150000810623169,1.6922920942306519
1.054443597793579,0.8900001049041748,2.0054521560668945
1.0428619384765625,0.9350000619888306,1.5987621545791626
1.0386065244674683,0.9500000476837158,1.2637619972229004
1.0459002256393433,0.9300000667572021,2.3832619190216064
1.024999976158142,0.9750000238418579,1.0824620723724365
1.0535913705825806,0.9000000357627869,2.6542320251464844
1.0367950201034546,0.9500000476837158,1.4939318895339966
1.027500033378601,0.9700000286102295,1.0744720697402954
1.041316270828247,0.940000057220459,1.653221845626831
1.0308672189712524,0.9550000429153442,1.6803120374679565
1.0343523025512695,0.9600000381469727,1.1855019330978394
1.0326828956604004,0.940000057220459,1.6342021226882935
1.0346544981002808,0.9500000476837158,1.2532919645309448
1.0285416841506958,0.9650000333786011,1.4406219720840454
1.0303572416305542,0.9600000381469727,1.2594319581985474
1.033837914466858,0.940000057220459,1.988502025604248
1.0299253463745117,0.9650000333786011,1.244792103767395
1.045884132385254,0.9450000524520874,1.1822819709777832
1.024999976158142,0.9750000238418579,1.0490919351577759
1.024999976158142,0.9750000238418579,1.133392095565796
1.0283234119415283,0.9650000333786011,1.1332520246505737
1.06996488571167,0.9250000715255737,1.280522108078003
1.027956485748291,0.9700000286102295,1.0659818649291992
1.0263335704803467,0.9700000286102295,1.5242420434951782
1.027956485748291,0.9700000286102295,1.1704020500183105
1.0462180376052856,0.925000011920929,2.045102119445801
1.024999976158142,0.9750000238418579,1.0648019313812256
1.0265971422195435,0.9700000286102295,1.1690620183944702
1.027503252029419,0.9700000286102295,1.321992039680481
1.024999976158142,0.9750000238418579,1.0355619192123413
1.0281903743743896,0.9650000333786011,1.2624620199203491
1.0385085344314575,0.9500000476837158,1.319361925125122
1.024999976158142,0.9750000238418579,1.171571969985962
1.0308711528778076,0.9600000381469727,1.2899219989776611
1.0370678901672363,0.940000057220459,1.6362719535827637
1.0375633239746094,0.940000057220459,1.4059020280838013
1.047973394393921,0.9100000858306885,1.7186219692230225
1.0410312414169312,0.9350000619888306,1.2713220119476318
1.0283958911895752,0.9650000333786011,1.1494719982147217
1.0341461896896362,0.9450000524520874,1.7703419923782349
1.0472161769866943,0.9300000667572021,1.5550920963287354
1.0410577058792114,0.940000057220459,1.4226919412612915
1.024999976158142,0.9750000238418579,1.0768520832061768
1.0331497192382812,0.9650000333786011,1.1483820676803589
1.024999976158142,0.9750000238418579,1.0505520105361938
1.064208745956421,0.8800000548362732,2.3238019943237305
1.0254029035568237,0.9700000286102295,1.0745619535446167
1.0361523628234863,0.940000057220459,1.1979320049285889
1.0399835109710693,0.940000057220459,1.2181018590927124
1.0346252918243408,0.9500000476837158,1.1140220165252686
1.024999976158142,0.9750000238418579,1.062621831893921
1.0279914140701294,0.9650000333786011,1.0969120264053345
1.050491213798523,0.9100000858306885,2.8546721935272217
1.024999976158142,0.9750000238418579,1.051672101020813
1.024999976158142,0.9750000238418579,1.053171992301941
1.0625066757202148,0.8900001049041748,2.582592010498047
1.0490608215332031,0.9500000476837158,1.2263619899749756
1.0490608215332031,0.9500000476837158,1.2263619899749756
1.0496593713760376,0.9150000810623169,1.5048720836639404
1.0402758121490479,0.9450000524520874,1.1617920398712158
1.032111406326294,0.9600000381469727,1.1561120748519897
1.0314085483551025,0.9550000429153442,1.205631971359253
1.0393646955490112,0.9200000762939453,1.675581932067871
1.0378084182739258,0.9550000429153442,1.3171319961547852
1.024999976158142,0.9750000238418579,1.057502031326294
1.0429338216781616,0.940000057220459,1.5292919874191284
1.0259761810302734,0.9700000286102295,1.1870319843292236
1.0432567596435547,0.9350000619888306,1.6687419414520264
1.0394916534423828,0.9450000524520874,1.1673918962478638
1.0457813739776611,0.9250000715255737,1.3724420070648193
1.0292742252349854,0.9600000381469727,1.3411719799041748
1.024999976158142,0.9750000238418579,1.2199420928955078
1.0370029211044312,0.9450000524520874,2.1414220333099365
1.0366847515106201,0.940000057220459,1.339521884918213
1.0269951820373535,0.9700000286102295,1.533601999282837
1.0527019500732422,0.9150000810623169,2.6641221046447754
1.0424985885620117,0.9100000858306885,2.241302013397217
1.0367107391357422,0.940000057220459,1.4170420169830322
1.037713646888733,0.9450000524520874,1.1226218938827515
1.039945125579834,0.9450000524520874,1.4483720064163208
1.0604223012924194,0.9000000357627869,2.01583194732666
1.0363044738769531,0.9450000524520874,1.7133519649505615
1.024999976158142,0.9750000238418579,1.0583020448684692
1.0286880731582642,0.9650000333786011,1.1305121183395386
1.0310719013214111,0.9600000381469727,1.1211121082305908
1.0417677164077759,0.9550000429153442,1.2944120168685913
1.031148910522461,0.9500000476837158,1.5097219944000244
1.0397930145263672,0.940000057220459,1.295322060585022
1.0425077676773071,0.9350000619888306,1.3751521110534668
1.024999976158142,0.9750000238418579,1.2002320289611816
1.0292675495147705,0.9650000333786011,1.3445919752120972
1.024999976158142,0.9750000238418579,1.1322519779205322
1.0264906883239746,0.9700000286102295,1.1622718572616577
1.024999976158142,0.9750000238418579,1.0502018928527832
1.0355453491210938,0.9600000381469727,1.235901951789856
1.0521669387817383,0.9250000715255737,1.5482620000839233
1.0328882932662964,0.9600000381469727,1.0744019746780396
1.024999976158142,0.9750000238418579,1.0373518466949463
1.0263456106185913,0.9700000286102295,1.2780120372772217
1.0383238792419434,0.940000057220459,1.356611967086792
1.024999976158142,0.9750000238418579,1.1379320621490479
1.0416430234909058,0.9450000524520874,1.4703819751739502
1.0308042764663696,0.9600000381469727,1.2433419227600098
1.024999976158142,0.9750000238418579,1.0589419603347778
1.0582901239395142,0.9250000715255737,1.3038219213485718
1.024999976158142,0.9750000238418579,1.067512035369873
1.0284022092819214,0.9650000333786011,1.1181719303131104
1.045314908027649,0.9500000476837158,1.1970620155334473
1.0292136669158936,0.9600000381469727,1.123661994934082
1.024999976158142,0.9750000238418579,1.2378818988800049
1.0409057140350342,0.9450000524520874,1.3365119695663452
1.027652382850647,0.9650000333786011,1.0847018957138062
1.0270411968231201,0.9700000286102295,1.0708119869232178
1.0352298021316528,0.9500000476837158,1.1905220746994019
1.0417823791503906,0.9500000476837158,1.3263120651245117
1.0543594360351562,0.9100000858306885,1.8865618705749512
1.024999976158142,0.9750000238418579,1.0369518995285034
1.0336357355117798,0.9500000476837158,1.4151721000671387
1.0369278192520142,0.9550000429153442,1.4114619493484497
1.0298762321472168,0.9450000524520874,1.2494319677352905
1.0350110530853271,0.9500000476837158,1.4768121242523193
1.0374363660812378,0.9450000524520874,1.3764818906784058
1.047658085823059,0.9200000166893005,1.9809820652008057
1.0375100374221802,0.940000057220459,2.0102319717407227
1.0462883710861206,0.925000011920929,2.364422082901001
1.0361065864562988,0.9450000524520874,1.1272820234298706
1.0341784954071045,0.9600000381469727,1.0414619445800781
1.0444139242172241,0.9350000619888306,1.958042025566101
1.0392483472824097,0.9500000476837158,1.33446204662323
1.02916419506073,0.9650000333786011,1.13047194480896
1.027267336845398,0.9600000381469727,1.3036221265792847
1.024999976158142,0.9750000238418579,1.061642050743103
1.024999976158142,0.9750000238418579,1.0785319805145264
1.0314439535140991,0.9650000333786011,1.1285918951034546
1.0361624956130981,0.9500000476837158,1.280542016029358
1.0272786617279053,0.9700000286102295,1.1168420314788818
1.0307151079177856,0.9650000333786011,1.1904621124267578
1.031479835510254,0.9600000381469727,1.2974618673324585
1.0423052310943604,0.940000057220459,1.6437721252441406
1.050054669380188,0.9250000715255737,1.6050920486450195
1.0339314937591553,0.9500000476837158,1.3696119785308838
1.024999976158142,0.9750000238418579,1.070181965827942
1.045114278793335,0.9350000619888306,1.2284220457077026
1.0262563228607178,0.9700000286102295,1.1063220500946045
1.042824387550354,0.9450000524520874,1.1952520608901978
1.0442299842834473,0.9450000524520874,1.1822819709777832
1.024999976158142,0.9750000238418579,1.0876920223236084
1.042976975440979,0.9450000524520874,1.1381421089172363
1.0454614162445068,0.940000057220459,1.2691121101379395
1.0411708354949951,0.940000057220459,1.5712720155715942
1.0291496515274048,0.9550000429153442,1.1904020309448242
1.0380712747573853,0.9550000429153442,1.2251020669937134
1.02870774269104,0.9650000333786011,1.137071967124939
1.028889775276184,0.9600000381469727,1.1152219772338867
1.0266666412353516,0.9700000286102295,1.159332036972046
1.028207540512085,0.9700000286102295,1.0801218748092651
1.0270594358444214,0.9650000333786011,1.1471120119094849
1.0373306274414062,0.940000057220459,1.370542049407959
1.0285354852676392,0.9700000286102295,1.0648319721221924
1.0460734367370605,0.9500000476837158,1.1688119173049927
1.0423924922943115,0.9350000619888306,1.5703620910644531
1.0309314727783203,0.9600000381469727,1.2181521654129028
1.02984619140625,0.9650000333786011,1.1995220184326172
1.0347976684570312,0.9500000476837158,1.3360618352890015
1.024999976158142,0.9750000238418579,1.092331886291504
1.0353773832321167,0.9550000429153442,1.394021987915039
1.0269542932510376,0.9700000286102295,1.1168819665908813
1.024999976158142,0.9750000238418579,1.1106019020080566
1.0416895151138306,0.9450000524520874,1.1728719472885132
1.0404706001281738,0.9500000476837158,1.0985119342803955
1.024999976158142,0.9750000238418579,1.028412103652954
1.0404706001281738,0.9500000476837158,1.0985119342803955
1.0405817031860352,0.940000057220459,1.2969720363616943
1.0376989841461182,0.940000057220459,1.7520719766616821
1.024999976158142,0.9750000238418579,1.1121419668197632
1.0274218320846558,0.9650000333786011,1.2930220365524292
1.0451765060424805,0.940000057220459,1.3766520023345947
1.0306354761123657,0.9650000333786011,1.0384421348571777
1.0271437168121338,0.9700000286102295,1.0302519798278809
1.0285674333572388,0.9650000333786011,1.153541922569275
1.024999976158142,0.9750000238418579,1.0689419507980347
1.024999976158142,0.9750000238418579,1.1529220342636108
1.024999976158142,0.9750000238418579,1.0543020963668823
1.024999976158142,0.9750000238418579,1.0381219387054443
1.0502597093582153,0.9350000619888306,1.2576919794082642
1.0259449481964111,0.9700000286102295,1.0504820346832275
1.032485008239746,0.9550000429153442,1.298132061958313
1.034364938735962,0.9550000429153442,1.0919420719146729
