1.0430306196212769,0.9450000524520874,1.1225019693374634
1.0270800590515137,0.9700000286102295,1.077189564704895
1.024999976158142,0.9750000238418579,1.1601582765579224
1.0363308191299438,0.9550000429153442,1.0759395360946655
1.0199999809265137,0.9800000190734863,1.0323456525802612
1.0199999809265137,0.9800000190734863,1.0378146171569824
1.0199999809265137,0.9800000190734863,1.0309393405914307
1.0375635623931885,0.9550000429153442,1.2312519550323486
1.0351324081420898,0.9450000524520874,1.8054707050323486
1.024999976158142,0.9750000238418579,1.0709394216537476
1.0406477451324463,0.9500000476837158,1.6278144121170044
1.0424572229385376,0.9500000476837158,1.6353144645690918
1.0337507724761963,0.9500000476837158,1.4329707622528076
1.024999976158142,0.9750000238418579,1.044845700263977
1.024999976158142,0.9750000238418579,1.0450019836425781
1.0422639846801758,0.9500000476837158,1.2251582145690918
1.024999976158142,0.9750000238418579,1.0240644216537476
1.024999976158142,0.9750000238418579,1.0387520790100098
1.024999976158142,0.9750000238418579,1.057814359664917
1.024999976158142,0.9750000238418579,1.0389081239700317
1.0199999809265137,0.9800000190734863,1.0350018739700317
1.0271220207214355,0.9700000286102295,1.111251950263977
1.024999976158142,0.9750000238418579,1.0229706764221191
1.024999976158142,0.9750000238418579,1.0457831621170044
1.030432105064392,0.9600000381469727,1.1675019264221191
1.024999976158142,0.9750000238418579,1.0257833003997803
1.0336472988128662,0.9600000381469727,1.073127031326294
1.0199999809265137,0.9800000190734863,1.034064531326294
1.024999976158142,0.9750000238418579,1.0278143882751465
1.0363308191299438,0.9550000429153442,1.0717207193374634
1.0199999809265137,0.9800000190734863,1.0445332527160645
1.024999976158142,0.9750000238418579,1.0142207145690918
