1048
135
271
695
863
283
873
495
206
486
294
577
651
891
1038
836
419
443
500
893
169
235
986
456
708
176
397
1013
767
46
936
684
194
324
371
8
726
252
654
912
166
553
734
1003
233
312
969
448
126
418
382
320
393
56
30
738
343
529
822
476
350
155
965
928
673
203
631
407
192
412
94
377
979
824
99
459
721
1076
196
363
724
1036
134
53
227
250
207
254
7
871
1053
109
1065
926
642
556
709
587
729
765
1015
1054
488
805
806
369
931
905
360
624
202
574
220
179
884
23
159
516
714
260
356
221
368
305
55
339
1029
748
454
80
1019
1051
475
411
105
704
628
713
934
980
1014
36
567
457
793
429
441
918
775
297
388
329
61
662
961
453
993
845
754
244
444
1058
877
340
798
982
348
242
116
521
629
470
415
785
313
555
311
1011
147
846
664
996
449
1027
670
510
469
794
115
268
1068
792
425
900
888
626
367
1
435
90
49
639
272
138
467
52
990
732
579
485
373
703
618
482
1025
81
921
1040
127
966
983
674
977
208
173
892
647
1012
175
1022
491
665
807
438
136
445
623
123
1063
422
108
887
1004
600
1010
803
73
68
829
970
902
463
838
808
139
668
446
171
442
669
391
243
991
27
663
649
771
74
124
1050
85
1032
119
318
182
395
725
275
473
267
24
906
19
876
183
6
536
261
288
989
953
747
366
152
827
1062
394
69
616
224
758
814
416
650
917
287
276
447
144
468
844
916
502
731
42
265
299
575
666
770
1042
745
817
