574
856
843
389
352
282
637
111
60
522
1017
312
609
704
495
127
194
724
732
1027
125
329
390
689
70
325
897
557
952
375
631
905
891
873
556
567
1046
269
663
245
1013
488
643
723
327
673
276
848
496
167
627
747
558
377
428
158
796
802
533
489
913
781
61
102
1041
610
893
726
126
575
328
985
243
183
656
303
279
832
485
367
23
200
165
539
561
779
9
998
534
630
653
116
95
844
1024
353
1059
57
926
398
954
980
925
46
77
1058
758
1075
294
168
909
528
527
898
847
883
248
212
654
591
436
611
464
966
385
722
759
876
506
696
1047
1071
422
51
512
981
433
1074
252
830
45
783
817
128
317
120
1011
605
768
450
551
850
1039
425
437
822
540
163
460
227
791
676
203
618
346
296
384
923
293
852
370
659
192
748
946
786
741
449
1033
858
895
448
354
814
410
773
484
729
403
988
124
25
668
837
559
180
323
716
762
666
10
94
87
14
254
16
977
945
145
969
842
181
501
229
806
799
503
136
508
142
894
661
595
461
853
950
365
548
517
415
486
144
763
424
444
572
772
563
266
584
121
190
754
405
483
26
811
104
941
0
408
549
72
671
288
987
657
971
932
316
301
155
217
101
795
650
55
884
684
169
922
669
651
342
479
542
688
638
452
859
170
767
321
942
1005
593
813
137
225
975
967
453
1052
218
179
216
146
251
48
678
171
478
221
727
903
302
273
134
693
937
547
278
608
446
19
1031
778
826
264
640
219
973
695
