1.0354737043380737,0.9550000429153442,1.1185120344161987
1.0354737043380737,0.9550000429153442,1.121082067489624
1.0503356456756592,0.8849999904632568,3.2256219387054443
1.0320017337799072,0.9650000333786011,1.2625619173049927
1.0306593179702759,0.9600000381469727,1.5658420324325562
1.031153678894043,0.9550000429153442,1.1825120449066162
1.036550760269165,0.9500000476837158,1.1867220401763916
1.0303244590759277,0.9600000381469727,1.6205620765686035
1.0370763540267944,0.9500000476837158,1.2178720235824585
1.0440491437911987,0.9300000667572021,1.3936020135879517
1.0463407039642334,0.940000057220459,1.1553720235824585
1.0416454076766968,0.9500000476837158,1.3455719947814941
1.0416454076766968,0.9500000476837158,1.3455719947814941
1.0476266145706177,0.9250000715255737,2.043951988220215
1.0498825311660767,0.9200000762939453,2.211251974105835
1.137905478477478,0.675000011920929,4.407351970672607
1.0310888290405273,0.9550000429153442,1.6079620122909546
1.0279462337493896,0.9700000286102295,1.1028319597244263
1.0314253568649292,0.9500000476837158,1.564352035522461
1.024999976158142,0.9750000238418579,1.0484219789505005
1.024999976158142,0.9750000238418579,1.0756820440292358
1.024999976158142,0.9750000238418579,1.0981820821762085
1.0294445753097534,0.9650000333786011,1.17821204662323
1.024999976158142,0.9750000238418579,1.15231192111969
1.0262531042099,0.9700000286102295,1.2171019315719604
1.052223563194275,0.8449999690055847,2.454371929168701
1.0418658256530762,0.940000057220459,1.601722002029419
1.0431644916534424,0.9350000619888306,1.6703521013259888
1.0298699140548706,0.9550000429153442,2.1868720054626465
1.0500842332839966,0.9200000762939453,1.7798020839691162
1.0281412601470947,0.9650000333786011,1.1621419191360474
1.0357507467269897,0.9500000476837158,1.4373520612716675
1.0463576316833496,0.9250000715255737,2.0357820987701416
1.090352177619934,0.8300000429153442,2.9026122093200684
1.0472300052642822,0.9300000667572021,1.597532033920288
1.0536705255508423,0.9050000309944153,1.7102620601654053
1.0638644695281982,0.8650000095367432,2.432241916656494
1.0468878746032715,0.9500000476837158,1.2343120574951172
1.0468878746032715,0.9500000476837158,1.2343120574951172
1.062206745147705,0.8299999833106995,2.760701894760132
1.0514084100723267,0.8700000643730164,2.6528120040893555
1.0340280532836914,0.9450000524520874,1.4938620328903198
1.0507631301879883,0.8800000548362732,3.6216518878936768
1.0340237617492676,0.9500000476837158,2.044312000274658
1.0390957593917847,0.9500000476837158,1.184522032737732
1.118346929550171,0.7199999690055847,4.16229248046875
1.0327491760253906,0.9600000381469727,1.210062026977539
1.0260440111160278,0.9700000286102295,1.0744919776916504
1.0293667316436768,0.9600000381469727,1.2392821311950684
1.0480252504348755,0.9150000810623169,1.7083020210266113
1.024999976158142,0.9750000238418579,1.1311719417572021
1.0278098583221436,0.9650000333786011,1.2617220878601074
1.0660498142242432,0.8450000286102295,2.5398221015930176
1.0447278022766113,0.9350000619888306,1.8320519924163818
1.044801115989685,0.9300000667572021,1.8687520027160645
1.035620093345642,0.940000057220459,1.4691920280456543
1.0292145013809204,0.9600000381469727,1.1441019773483276
1.0267120599746704,0.9700000286102295,1.131201982498169
1.0346654653549194,0.9450000524520874,1.5936620235443115
1.024999976158142,0.9750000238418579,1.029621958732605
1.0402112007141113,0.9300000667572021,1.8873320817947388
1.048183798789978,0.9250000715255737,1.792091965675354
1.0477627515792847,0.9350000619888306,1.2592018842697144
1.029881477355957,0.9650000333786011,1.239251971244812
1.0463131666183472,0.9250000715255737,1.874082088470459
1.0267326831817627,0.9700000286102295,1.1569520235061646
1.0258257389068604,0.9700000286102295,1.1411120891571045
1.0413541793823242,0.9250000715255737,2.216562032699585
1.0269824266433716,0.9550000429153442,1.4340521097183228
1.024999976158142,0.9750000238418579,1.0768619775772095
1.024999976158142,0.9750000238418579,1.035391926765442
1.024999976158142,0.9750000238418579,1.1312021017074585
1.04342520236969,0.9350000619888306,1.3481420278549194
1.0522302389144897,0.9300000667572021,1.7421621084213257
1.029980182647705,0.9650000333786011,1.1468119621276855
1.0268950462341309,0.9650000333786011,1.223241925239563
1.0367103815078735,0.9250000715255737,1.9207220077514648
1.0382784605026245,0.940000057220459,1.3496119976043701
1.0269733667373657,0.9700000286102295,1.1224920749664307
1.0288136005401611,0.9650000333786011,1.2200219631195068
1.0417793989181519,0.9550000429153442,1.1968320608139038
1.024999976158142,0.9750000238418579,1.1445919275283813
1.027871012687683,0.9650000333786011,1.2027620077133179
1.024999976158142,0.9750000238418579,1.2368218898773193
1.044482707977295,0.9200000762939453,2.036181926727295
1.05409574508667,0.8900001049041748,2.5519022941589355
1.024999976158142,0.9750000238418579,1.1221519708633423
1.0385432243347168,0.9500000476837158,1.2455419301986694
1.024999976158142,0.9750000238418579,1.1421420574188232
1.024999976158142,0.9750000238418579,1.0626720190048218
1.0338168144226074,0.9600000381469727,1.321202039718628
1.03242027759552,0.9600000381469727,1.4092520475387573
1.024999976158142,0.9750000238418579,1.0821419954299927
1.024999976158142,0.9750000238418579,1.0421420335769653
1.0444068908691406,0.9500000476837158,1.3678420782089233
1.0323878526687622,0.9650000333786011,1.2180320024490356
1.0199999809265137,0.9800000190734863,1.0655421018600464
1.029258370399475,0.9600000381469727,1.1973119974136353
1.0443272590637207,0.940000057220459,1.2734720706939697
1.0199999809265137,0.9800000190734863,1.0449919700622559
1.0442557334899902,0.9250000715255737,1.2918320894241333
1.0421968698501587,0.940000057220459,1.266901969909668
1.0540968179702759,0.9150000810623169,1.284031867980957
1.0503159761428833,0.8950001001358032,2.171541929244995
1.0421414375305176,0.9500000476837158,1.1549019813537598
1.0428764820098877,0.9000000357627869,2.63535213470459
1.053547978401184,0.8750001192092896,2.7671520709991455
1.0678277015686035,0.8850001096725464,2.9887120723724365
1.0344215631484985,0.9600000381469727,1.258162021636963
1.0353446006774902,0.9450000524520874,1.8073920011520386
1.028110146522522,0.9650000333786011,1.2306820154190063
1.0295226573944092,0.9700000286102295,1.062891960144043
1.0316894054412842,0.9500000476837158,1.4005019664764404
1.036811351776123,0.9450000524520874,1.2839219570159912
1.0243510007858276,0.9650000333786011,1.1496920585632324
1.0289371013641357,0.9650000333786011,1.1667319536209106
1.0373625755310059,0.9450000524520874,1.475912094116211
1.0701020956039429,0.9200000762939453,1.3050119876861572
1.067150354385376,0.9250000715255737,1.3364819288253784
1.024999976158142,0.9750000238418579,1.0704619884490967
1.036699652671814,0.9500000476837158,1.653141975402832
1.0365062952041626,0.9300000667572021,1.5524920225143433
1.052465796470642,0.9050000309944153,1.5546820163726807
1.0292187929153442,0.9650000333786011,1.2410119771957397
1.0771833658218384,0.8600000739097595,1.926632046699524
1.0455282926559448,0.9250000715255737,1.6310820579528809
1.0258005857467651,0.9700000286102295,1.2452219724655151
1.0613099336624146,0.9200000762939453,2.4480719566345215
1.0664024353027344,0.9100000858306885,2.5289318561553955
1.024999976158142,0.9750000238418579,1.1262719631195068
1.0275797843933105,0.9650000333786011,1.170922040939331
1.0504467487335205,0.9200000762939453,1.9251019954681396
1.0445622205734253,0.9300000667572021,1.960002064704895
1.0777159929275513,0.8500000834465027,2.2955520153045654
1.0394268035888672,0.9350000619888306,1.2353519201278687
1.040381908416748,0.9350000619888306,1.569931983947754
1.059347152709961,0.8900001049041748,2.212942123413086
1.0325515270233154,0.9550000429153442,1.480432152748108
1.047451138496399,0.9150000810623169,1.9327620267868042
1.0677884817123413,0.9300000667572021,1.2804120779037476
1.073422908782959,0.9250000715255737,1.2840720415115356
1.024999976158142,0.9750000238418579,1.1185221672058105
1.0308470726013184,0.9500000476837158,1.6803419589996338
1.0286633968353271,0.9650000333786011,1.1915819644927979
1.0528018474578857,0.9150000810623169,1.5490520000457764
1.037593126296997,0.9300000667572021,2.172991991043091
1.0360286235809326,0.940000057220459,2.0242819786071777
1.0314527750015259,0.9650000333786011,1.126471996307373
1.0330147743225098,0.9200000762939453,1.9364920854568481
1.0274914503097534,0.9650000333786011,1.4106420278549194
1.042637586593628,0.9500000476837158,1.3329819440841675
1.0294320583343506,0.9550000429153442,2.129512071609497
1.024999976158142,0.9750000238418579,1.075171947479248
1.0199999809265137,0.9800000190734863,1.2039419412612915
1.0449016094207764,0.9350000619888306,1.6020020246505737
1.0311111211776733,0.9600000381469727,1.4135220050811768
1.03339684009552,0.9650000333786011,1.165381908416748
1.0261309146881104,0.9700000286102295,1.1977819204330444
1.0501147508621216,0.9300000667572021,1.5134520530700684
1.0521023273468018,0.9250000715255737,1.4663419723510742
1.069666862487793,0.9100000858306885,1.5883220434188843
1.0696024894714355,0.8950001001358032,1.8170620203018188
1.0511163473129272,0.9300000667572021,1.3984819650650024
1.0441323518753052,0.9450000524520874,1.3913519382476807
1.0417239665985107,0.9450000524520874,1.500931978225708
1.0660265684127808,0.8950001001358032,1.796481966972351
1.0661948919296265,0.9050000309944153,2.137052059173584
1.0634031295776367,0.9050000905990601,1.953521966934204
1.032165765762329,0.9500000476837158,1.3848520517349243
1.0502519607543945,0.9150000810623169,1.876352071762085
1.02237868309021,0.9700000286102295,1.2505520582199097
1.024999976158142,0.9750000238418579,1.0982120037078857
1.0266697406768799,0.9700000286102295,1.2206119298934937
1.0298489332199097,0.9650000333786011,1.178062081336975
1.031793475151062,0.9600000381469727,1.2754120826721191
1.0529143810272217,0.9100000858306885,1.3894120454788208
1.0387989282608032,0.9450000524520874,1.2956420183181763
1.0600510835647583,0.9150000810623169,1.3154419660568237
1.063562273979187,0.9050000905990601,1.353901982307434
1.024999976158142,0.9750000238418579,1.0603820085525513
1.0296505689620972,0.9550000429153442,1.7919321060180664
1.024999976158142,0.9750000238418579,1.0540419816970825
1.027109146118164,0.9650000333786011,1.3723220825195312
1.0359936952590942,0.9450000524520874,1.3599120378494263
1.036198377609253,0.9450000524520874,1.6790521144866943
1.0436772108078003,0.9150000810623169,1.8226120471954346
1.036287784576416,0.9550000429153442,1.3115419149398804
1.0309044122695923,0.9600000381469727,1.5963319540023804
1.0450044870376587,0.9300000667572021,1.3318719863891602
1.0478665828704834,0.9150000810623169,1.928272008895874
1.026500940322876,0.9650000333786011,1.3377219438552856
1.0569738149642944,0.8800000548362732,2.7308318614959717
1.0288760662078857,0.9650000333786011,1.288681983947754
1.0495251417160034,0.8950001001358032,2.409212112426758
1.0270150899887085,0.9700000286102295,1.2363519668579102
1.024999976158142,0.9750000238418579,1.1058619022369385
1.0571082830429077,0.8949999809265137,2.5883219242095947
1.027007818222046,0.9650000333786011,1.191491961479187
1.0586470365524292,0.9300000667572021,1.5251020193099976
1.0532397031784058,0.9350000619888306,1.524101972579956
1.0535311698913574,0.9300000667572021,1.5733420848846436
1.0377016067504883,0.9250000715255737,1.518362045288086
1.053043007850647,0.9050000905990601,1.860572099685669
1.0658859014511108,0.8850001096725464,1.8467919826507568
1.032742977142334,0.9550000429153442,1.212772011756897
1.0272271633148193,0.9700000286102295,1.236631989479065
1.029183030128479,0.9600000381469727,1.4864518642425537
1.0264633893966675,0.9700000286102295,1.0922820568084717
1.024999976158142,0.9750000238418579,1.0562320947647095
1.0817010402679443,0.8650000691413879,3.3472020626068115
1.0581684112548828,0.9250000715255737,2.447932004928589
1.0296224355697632,0.9650000333786011,1.1237421035766602
1.0520936250686646,0.9200000762939453,1.52908194065094
1.0343667268753052,0.9550000429153442,1.1540820598602295
1.031561255455017,0.9550000429153442,1.542742133140564
1.0779073238372803,0.8550000190734863,1.7288819551467896
1.0315743684768677,0.9550000429153442,1.5269320011138916
1.0320395231246948,0.9550000429153442,1.3062520027160645
1.041164755821228,0.9200000762939453,1.5851320028305054
1.0284191370010376,0.9650000333786011,1.5577119588851929
1.0331554412841797,0.9500000476837158,1.73773193359375
1.0258021354675293,0.9650000333786011,1.3277519941329956
1.0370899438858032,0.9550000429153442,1.1683119535446167
1.041216254234314,0.9350000619888306,1.6303719282150269
1.0537328720092773,0.9050000905990601,1.9616420269012451
1.0391756296157837,0.9450000524520874,1.2552419900894165
1.037402868270874,0.9350000619888306,1.6539720296859741
1.02522611618042,0.9700000286102295,1.1148020029067993
1.0354291200637817,0.9500000476837158,1.1228419542312622
1.0414206981658936,0.9300000667572021,1.4371119737625122
1.0326155424118042,0.9500000476837158,1.5178618431091309
1.024999976158142,0.9750000238418579,1.0882320404052734
1.0509073734283447,0.9300000667572021,1.5968818664550781
1.0478198528289795,0.9300000667572021,1.5176119804382324
1.043366551399231,0.940000057220459,1.6185519695281982
1.0371477603912354,0.940000057220459,1.5627819299697876
1.046684741973877,0.9100000858306885,2.826012134552002
1.031996726989746,0.9650000333786011,1.1379320621490479
1.0388896465301514,0.9450000524520874,1.299422025680542
1.0442171096801758,0.9250000715255737,1.5692219734191895
1.0444434881210327,0.9350000619888306,1.8629721403121948
1.0331261157989502,0.9550000429153442,1.3151119947433472
1.031428575515747,0.9600000381469727,1.3819819688796997
1.0279090404510498,0.9650000333786011,1.5284420251846313
1.0304977893829346,0.9650000333786011,1.1698120832443237
1.026584267616272,0.9700000286102295,1.1022019386291504
1.050199031829834,0.9300000667572021,1.4965219497680664
1.0525901317596436,0.9050000905990601,1.6742019653320312
1.0413991212844849,0.940000057220459,1.1997319459915161
1.038671612739563,0.9450000524520874,1.3548519611358643
1.028813123703003,0.9550000429153442,1.211411952972412
1.0349329710006714,0.9550000429153442,1.0922619104385376
1.059002161026001,0.8700000643730164,2.5402519702911377
1.0278123617172241,0.9650000333786011,1.2162619829177856
1.0443452596664429,0.9300000667572021,1.2272720336914062
1.0414319038391113,0.940000057220459,1.4922720193862915
1.0418176651000977,0.925000011920929,2.037381887435913
1.047608733177185,0.9500000476837158,1.185021996498108
1.0526752471923828,0.9200000762939453,1.4407119750976562
1.0266565084457397,0.9700000286102295,1.1084821224212646
1.0433903932571411,0.9350000619888306,1.4906319379806519
1.0332469940185547,0.9550000429153442,1.3004518747329712
1.024999976158142,0.9750000238418579,1.214622139930725
1.0494831800460815,0.9300000667572021,1.6974220275878906
1.0443012714385986,0.9200000762939453,1.7447019815444946
1.0432732105255127,0.9550000429153442,1.2830619812011719
1.0287688970565796,0.9700000286102295,1.0937919616699219
1.029881238937378,0.9650000333786011,1.122391939163208
1.024999976158142,0.9750000238418579,1.1076921224594116
1.044350266456604,0.940000057220459,1.1818619966506958
1.024351716041565,0.9650000333786011,1.4555920362472534
1.0547806024551392,0.9050000309944153,2.1025021076202393
1.037892460823059,0.9500000476837158,1.1900520324707031
1.0664540529251099,0.8449999690055847,2.55908203125
1.0320464372634888,0.9600000381469727,1.1510519981384277
1.024999976158142,0.9750000238418579,1.0383219718933105
1.0271350145339966,0.9700000286102295,1.1633119583129883
1.0223963260650635,0.9750000238418579,1.0810520648956299
1.0341771841049194,0.9200000762939453,2.1776819229125977
1.0691494941711426,0.8450000286102295,2.6896119117736816
1.027097463607788,0.9650000333786011,1.4341620206832886
1.0273807048797607,0.9650000333786011,1.315201997756958
1.0296790599822998,0.9600000381469727,1.2911120653152466
1.0543718338012695,0.9050000905990601,1.5922520160675049
1.0462920665740967,0.940000057220459,1.5735620260238647
1.024999976158142,0.9750000238418579,1.134511947631836
1.0199999809265137,0.9800000190734863,1.0884519815444946
1.0624524354934692,0.8700000643730164,1.7624319791793823
1.0297473669052124,0.9600000381469727,1.2135721445083618
1.03359854221344,0.9500000476837158,1.500891923904419
1.0447338819503784,0.9300000071525574,1.7434120178222656
1.0546232461929321,0.9200000762939453,2.308192014694214
1.0617077350616455,0.9000000953674316,2.1586222648620605
1.0661486387252808,0.8800000548362732,2.669732093811035
1.0264291763305664,0.9700000286102295,1.117251992225647
1.03709876537323,0.9450000524520874,1.414612054824829
1.0280823707580566,0.9550000429153442,1.6856920719146729
1.0283825397491455,0.9650000333786011,1.1893119812011719
1.0419654846191406,0.9350000619888306,2.0176920890808105
1.0748744010925293,0.8399999737739563,3.2515718936920166
1.0566943883895874,0.9050000905990601,1.8756120204925537
1.0541679859161377,0.8950001001358032,2.0113120079040527
1.0273569822311401,0.9700000286102295,1.3236221075057983
1.039049744606018,0.9500000476837158,1.3588320016860962
1.044680118560791,0.9300000667572021,1.9507321119308472
1.0328505039215088,0.9600000381469727,1.248792052268982
1.0448248386383057,0.9300000667572021,1.623702049255371
1.029686689376831,0.9500000476837158,1.4942219257354736
1.057057499885559,0.9050000905990601,2.018022060394287
1.0384498834609985,0.9450000524520874,1.4334219694137573
1.0477895736694336,0.9300000667572021,1.6373720169067383
1.0443192720413208,0.9250000715255737,1.697882056236267
1.0548778772354126,0.8900001049041748,1.992902159690857
1.0446027517318726,0.9350000619888306,1.6362521648406982
1.0384669303894043,0.9500000476837158,1.2930020093917847
1.046337604522705,0.9300000667572021,2.364382028579712
1.024999976158142,0.9750000238418579,1.0823320150375366
1.0554797649383545,0.9000000357627869,2.624272108078003
1.038385272026062,0.9500000476837158,1.5232619047164917
1.028061866760254,0.9700000286102295,1.0746920108795166
1.041614294052124,0.9450000524520874,1.6583818197250366
1.0308672189712524,0.9550000429153442,1.6740219593048096
1.0343523025512695,0.9600000381469727,1.1847718954086304
1.032631754875183,0.9450000524520874,1.6245921850204468
1.0332648754119873,0.9550000429153442,1.3270319700241089
1.0285416841506958,0.9650000333786011,1.4225620031356812
1.0303572416305542,0.9600000381469727,1.253301978111267
1.0347565412521362,0.940000057220459,1.9780820608139038
1.0299253463745117,0.9650000333786011,1.2361221313476562
1.045538067817688,0.9500000476837158,1.1811319589614868
1.024999976158142,0.9750000238418579,1.0518418550491333
1.024999976158142,0.9750000238418579,1.132952094078064
1.0283234119415283,0.9650000333786011,1.137511968612671
1.072480320930481,0.9250000715255737,1.2840720415115356
1.029536247253418,0.9700000286102295,1.0807318687438965
1.0263335704803467,0.9700000286102295,1.5228021144866943
1.029536247253418,0.9700000286102295,1.178632140159607
1.0458909273147583,0.925000011920929,2.038912057876587
1.024999976158142,0.9750000238418579,1.0675419569015503
1.0265971422195435,0.9700000286102295,1.1689720153808594
1.027503252029419,0.9700000286102295,1.3211420774459839
1.024999976158142,0.9750000238418579,1.0379019975662231
1.0231903791427612,0.9700000286102295,1.2631020545959473
1.0358566045761108,0.9550000429153442,1.296731948852539
1.024999976158142,0.9750000238418579,1.1789720058441162
1.0308711528778076,0.9600000381469727,1.2966020107269287
1.0352073907852173,0.9450000524520874,1.6282719373703003
1.0334721803665161,0.9450000524520874,1.4465221166610718
1.0484950542449951,0.9100000858306885,1.7412320375442505
1.045066475868225,0.9350000619888306,1.2886320352554321
1.0247184038162231,0.9700000286102295,1.1479920148849487
1.0341461896896362,0.9450000524520874,1.769361972808838
1.042285442352295,0.9350000619888306,1.5652320384979248
1.0414843559265137,0.940000057220459,1.4138820171356201
1.024999976158142,0.9750000238418579,1.076672077178955
1.0331497192382812,0.9650000333786011,1.147562026977539
1.024999976158142,0.9750000238418579,1.054621934890747
1.0654053688049316,0.8800000548362732,2.355421781539917
1.0273414850234985,0.9700000286102295,1.1105519533157349
1.03644597530365,0.940000057220459,1.2315319776535034
1.0399181842803955,0.940000057220459,1.2203718423843384
1.0331487655639648,0.9550000429153442,1.116081953048706
1.024999976158142,0.9750000238418579,1.0691118240356445
1.024999976158142,0.9750000238418579,1.146772027015686
1.0505461692810059,0.9150000810623169,2.914302110671997
1.0199999809265137,0.9800000190734863,1.0518521070480347
1.024999976158142,0.9750000238418579,1.0544419288635254
1.0619007349014282,0.8950001001358032,2.5125718116760254
1.0448685884475708,0.9550000429153442,1.2156020402908325
1.0498685836791992,0.9500000476837158,1.2398420572280884
1.0496593713760376,0.9150000810623169,1.5041821002960205
1.0414220094680786,0.9450000524520874,1.163931965827942
1.0271114110946655,0.9650000333786011,1.1573721170425415
1.032907485961914,0.9550000429153442,1.2542619705200195
1.0357332229614258,0.9300000667572021,1.6662418842315674
1.035323143005371,0.9600000381469727,1.3374519348144531
1.024999976158142,0.9750000238418579,1.0567320585250854
1.0410164594650269,0.9450000524520874,1.5211620330810547
1.0259761810302734,0.9700000286102295,1.1872119903564453
1.0431585311889648,0.940000057220459,1.6596719026565552
1.0406378507614136,0.9450000524520874,1.1644119024276733
1.047286033630371,0.9300000667572021,1.4276020526885986
1.0292742252349854,0.9600000381469727,1.3400119543075562
1.024999976158142,0.9750000238418579,1.217932105064392
1.0371183156967163,0.9500000476837158,2.114161968231201
1.0366530418395996,0.9450000524520874,1.3476918935775757
1.0269951820373535,0.9700000286102295,1.5333319902420044
1.0515207052230835,0.9200000762939453,2.6023919582366943
1.0434966087341309,0.9100000858306885,2.21110200881958
1.0359258651733398,0.9450000524520874,1.4645519256591797
1.0418976545333862,0.9450000524520874,1.1936218738555908
1.039945125579834,0.9450000524520874,1.445762038230896
1.0599173307418823,0.9050000309944153,2.0146920680999756
1.0365283489227295,0.9450000524520874,1.6969020366668701
1.024999976158142,0.9750000238418579,1.0601119995117188
1.0235073566436768,0.9700000286102295,1.0877621173858643
1.031643271446228,0.9600000381469727,1.1244120597839355
1.0432732105255127,0.9550000429153442,1.2853718996047974
1.0330144166946411,0.9500000476837158,1.5029820203781128
1.0387647151947021,0.9450000524520874,1.341752052307129
1.0375077724456787,0.940000057220459,1.3770720958709717
1.024999976158142,0.9750000238418579,1.2206220626831055
1.0292675495147705,0.9650000333786011,1.3445520401000977
1.024999976158142,0.9750000238418579,1.1299519538879395
1.0264906883239746,0.9700000286102295,1.1687018871307373
1.024999976158142,0.9750000238418579,1.05092191696167
1.0355453491210938,0.9600000381469727,1.2312020063400269
1.053918480873108,0.9250000715255737,1.5382020473480225
1.033279299736023,0.9600000381469727,1.086892008781433
1.0199999809265137,0.9800000190734863,1.0329519510269165
1.0263456106185913,0.9700000286102295,1.2757620811462402
1.038987159729004,0.940000057220459,1.3587919473648071
1.024999976158142,0.9750000238418579,1.137242078781128
1.0369688272476196,0.9500000476837158,1.469722032546997
1.0308042764663696,0.9600000381469727,1.2402520179748535
1.024999976158142,0.9750000238418579,1.0649619102478027
1.0583082437515259,0.9300000667572021,1.3118820190429688
1.024999976158142,0.9750000238418579,1.06508207321167
1.0293598175048828,0.9650000333786011,1.1206120252609253
1.0417793989181519,0.9550000429153442,1.1968320608139038
1.0268137454986572,0.9650000333786011,1.1540119647979736
1.024999976158142,0.9750000238418579,1.236691951751709
1.0412216186523438,0.9450000524520874,1.3345320224761963
1.0295164585113525,0.9650000333786011,1.0978319644927979
1.0228604078292847,0.9750000238418579,1.0698720216751099
1.0370557308197021,0.9500000476837158,1.2353321313858032
1.0418516397476196,0.9500000476837158,1.3196721076965332
1.0543594360351562,0.9100000858306885,1.8860418796539307
1.024999976158142,0.9750000238418579,1.0375418663024902
1.0339854955673218,0.9500000476837158,1.4121620655059814
1.0369278192520142,0.9550000429153442,1.4060519933700562
1.0283375978469849,0.9500000476837158,1.231742024421692
1.0367904901504517,0.9500000476837158,1.4577620029449463
1.0424363613128662,0.9500000476837158,1.37283194065094
1.0477501153945923,0.9200000166893005,2.016741991043091
1.0380151271820068,0.940000057220459,1.9836519956588745
1.0477150678634644,0.925000011920929,2.3725318908691406
1.0375638008117676,0.9450000524520874,1.1397019624710083
1.029178500175476,0.9650000333786011,1.041592001914978
1.0459625720977783,0.9350000619888306,1.9574320316314697
1.0386009216308594,0.9550000429153442,1.371641993522644
1.0225000381469727,0.9750000238418579,1.1545319557189941
1.027267336845398,0.9600000381469727,1.3016921281814575
1.024999976158142,0.9750000238418579,1.0631920099258423
1.0199999809265137,0.9800000190734863,1.068992018699646
1.0314439535140991,0.9650000333786011,1.1318819522857666
1.0345611572265625,0.9550000429153442,1.2775920629501343
1.0222786664962769,0.9750000238418579,1.1176820993423462
1.0307151079177856,0.9650000333786011,1.188852071762085
1.0311458110809326,0.9600000381469727,1.2910019159317017
1.0427463054656982,0.940000057220459,1.6283921003341675
1.0522286891937256,0.9300000667572021,1.585502028465271
1.0339314937591553,0.9500000476837158,1.368641972541809
1.0199999809265137,0.9800000190734863,1.0689918994903564
1.0401142835617065,0.940000057220459,1.2315219640731812
1.0262563228607178,0.9700000286102295,1.1056721210479736
1.0387473106384277,0.9500000476837158,1.2027920484542847
1.0485432147979736,0.9450000524520874,1.1811319589614868
1.0199999809265137,0.9800000190734863,1.0929219722747803
1.042976975440979,0.9450000524520874,1.1378620862960815
1.0489140748977661,0.940000057220459,1.2681020498275757
1.0427703857421875,0.940000057220459,1.5637121200561523
1.0299732685089111,0.9550000429153442,1.212172031402588
1.0380712747573853,0.9550000429153442,1.2156720161437988
1.0284554958343506,0.9650000333786011,1.1763619184494019
1.0295950174331665,0.9600000381469727,1.148121953010559
1.0283968448638916,0.9700000286102295,1.1564819812774658
1.0283029079437256,0.9700000286102295,1.0909318923950195
1.0273278951644897,0.9650000333786011,1.1633919477462769
1.032455563545227,0.9500000476837158,1.3819220066070557
1.0235354900360107,0.9750000238418579,1.06728196144104
1.047608733177185,0.9500000476837158,1.185021996498108
1.0388994216918945,0.940000057220459,1.566372036933899
1.0309314727783203,0.9600000381469727,1.2157421112060547
1.02984619140625,0.9650000333786011,1.197492003440857
1.0357139110565186,0.9500000476837158,1.3344818353652954
1.024999976158142,0.9750000238418579,1.0935618877410889
1.0353773832321167,0.9550000429153442,1.3914920091629028
1.0269542932510376,0.9700000286102295,1.1173720359802246
1.024999976158142,0.9750000238418579,1.1051318645477295
1.0366895198822021,0.9500000476837158,1.1758419275283813
1.0424124002456665,0.9500000476837158,1.098181962966919
1.024999976158142,0.9750000238418579,1.0281320810317993
1.0345256328582764,0.9600000381469727,1.098181962966919
1.0381382703781128,0.9450000524520874,1.286321997642517
1.0381076335906982,0.940000057220459,1.7323919534683228
1.024999976158142,0.9750000238418579,1.1119818687438965
1.0272208452224731,0.9650000333786011,1.2906420230865479
1.0453076362609863,0.940000057220459,1.3685120344161987
1.0325250625610352,0.9650000333786011,1.0497221946716309
1.0271437168121338,0.9700000286102295,1.0301320552825928
1.0273569822311401,0.9700000286102295,1.1528019905090332
1.024999976158142,0.9750000238418579,1.0744218826293945
1.024999976158142,0.9750000238418579,1.1521919965744019
1.024999976158142,0.9750000238418579,1.0550520420074463
1.024999976158142,0.9750000238418579,1.0390219688415527
1.0484440326690674,0.940000057220459,1.254531979560852
1.028626561164856,0.9700000286102295,1.069591999053955
1.0324740409851074,0.9550000429153442,1.2943921089172363
1.0372250080108643,0.9550000429153442,1.1055620908737183
