1.0429341793060303,0.9450000524520874,1.1415644884109497
1.0270800590515137,0.9700000286102295,1.0801582336425781
1.024999976158142,0.9750000238418579,1.1545332670211792
1.0363308191299438,0.9550000429153442,1.0760958194732666
1.024999976158142,0.9750000238418579,1.033126950263977
1.024999976158142,0.9750000238418579,1.046877145767212
1.024999976158142,0.9750000238418579,1.0331268310546875
1.0375635623931885,0.9550000429153442,1.2292207479476929
1.0418397188186646,0.9350000619888306,1.7289081811904907
1.024999976158142,0.9750000238418579,1.0718770027160645
1.0456949472427368,0.9450000524520874,1.5528144836425781
1.0424572229385376,0.9500000476837158,1.634689450263977
1.0339759588241577,0.9500000476837158,1.3785957098007202
1.024999976158142,0.9750000238418579,1.048595666885376
1.024999976158142,0.9750000238418579,1.0465644598007202
1.0422639846801758,0.9500000476837158,1.2250019311904907
1.024999976158142,0.9750000238418579,1.0242207050323486
1.024999976158142,0.9750000238418579,1.0390645265579224
1.024999976158142,0.9750000238418579,1.0582830905914307
1.024999976158142,0.9750000238418579,1.0389081239700317
1.024999976158142,0.9750000238418579,1.0351581573486328
1.0271549224853516,0.9700000286102295,1.1195331811904907
1.024999976158142,0.9750000238418579,1.0229706764221191
1.024999976158142,0.9750000238418579,1.0454707145690918
1.0354321002960205,0.9550000429153442,1.1653144359588623
1.024999976158142,0.9750000238418579,1.0254708528518677
1.0407793521881104,0.9500000476837158,1.082345724105835
1.024999976158142,0.9750000238418579,1.0300021171569824
1.024999976158142,0.9750000238418579,1.0275019407272339
1.0363308191299438,0.9550000429153442,1.0714082717895508
1.024999976158142,0.9750000238418579,1.0425019264221191
1.024999976158142,0.9750000238418579,1.0154707431793213
