1.040908694267273,0.9500000476837158,1.1337519884109497
1.0270800590515137,0.9700000286102295,1.0790644884109497
1.024999976158142,0.9750000238418579,1.1532833576202393
1.0363308191299438,0.9550000429153442,1.0754708051681519
1.024999976158142,0.9750000238418579,1.0325019359588623
1.024999976158142,0.9750000238418579,1.0467208623886108
1.024999976158142,0.9750000238418579,1.0331268310546875
1.0375635623931885,0.9550000429153442,1.226876974105835
1.041567325592041,0.9350000619888306,1.7228144407272339
1.024999976158142,0.9750000238418579,1.0710957050323486
1.0456477403640747,0.9450000524520874,1.5492206811904907
1.0424572229385376,0.9500000476837158,1.626876950263977
1.0337507724761963,0.9500000476837158,1.3725019693374634
1.024999976158142,0.9750000238418579,1.0489082336425781
1.024999976158142,0.9750000238418579,1.0460957288742065
1.0422639846801758,0.9500000476837158,1.2250019311904907
1.024999976158142,0.9750000238418579,1.0240644216537476
1.024999976158142,0.9750000238418579,1.037970781326294
1.024999976158142,0.9750000238418579,1.057970643043518
1.024999976158142,0.9750000238418579,1.0400018692016602
1.024999976158142,0.9750000238418579,1.034533143043518
1.0271220207214355,0.9700000286102295,1.083751916885376
1.024999976158142,0.9750000238418579,1.0231269598007202
1.024999976158142,0.9750000238418579,1.0456269979476929
1.0354321002960205,0.9550000429153442,1.1654707193374634
1.024999976158142,0.9750000238418579,1.0254708528518677
1.0409085750579834,0.9500000476837158,1.0776582956314087
1.024999976158142,0.9750000238418579,1.0296895503997803
1.024999976158142,0.9750000238418579,1.0273456573486328
1.0363308191299438,0.9550000429153442,1.0712519884109497
1.024999976158142,0.9750000238418579,1.0421894788742065
1.0199999809265137,0.9800000190734863,1.011095643043518
