10563
7253
520
3140
8276
9608
5829
2915
1582
3202
9511
9997
8948
10167
1113
5104
4376
9689
7677
700
1846
5588
7562
5809
2389
10629
5029
2787
2187
5693
10470
1692
3083
22
2290
8671
8998
2623
10274
10090
3387
7385
3174
9804
31
4822
2071
3689
8633
2701
6289
3327
1484
9558
2347
5315
3479
2558
2185
8557
1359
762
1729
2565
1947
4821
1122
1980
8376
784
9640
1318
4998
2595
6084
2804
9672
7912
8385
7339
8497
4184
3126
2822
9122
890
6872
5780
7802
2021
6852
8074
1514
7155
1971
554
9050
1076
7554
9735
8391
10312
5186
459
4814
9189
1139
7717
9824
2552
6464
4045
1581
8032
1544
595
4903
2755
4216
2725
118
1709
3881
8569
1527
7129
7769
9425
6077
8031
2066
3808
3414
3690
8035
5700
9292
1254
7288
4755
2299
2661
1567
10319
6179
1326
2654
1090
6822
2404
5472
866
1072
2126
5919
2593
8901
2481
4014
2896
921
4826
3261
1338
1661
7678
7951
4791
5620
9217
4618
7049
4564
1404
2295
2533
5887
687
4347
6372
4224
2370
6198
3382
2972
2920
4002
4169
259
6936
8544
6791
3506
6996
7602
3378
345
4757
7225
7286
7045
4500
7081
7303
836
3384
8789
7596
7014
337
10393
3710
3787
10593
10445
5672
8937
7156
5330
7353
7542
501
9118
9587
4294
1742
1749
6939
582
9334
2364
8043
4825
9302
3583
10481
1534
5256
6213
4730
6621
10530
1612
6879
3118
8924
956
10496
7125
6479
7762
850
8751
8270
8997
7751
4621
3373
8726
483
2528
5731
5918
5644
7304
3065
5408
5503
1564
6752
2079
5585
3488
3233
1907
8720
9406
9010
5757
5864
1956
1247
5820
2849
6100
9024
9549
5303
4403
6953
8926
6694
306
9801
5661
179
2100
123
6652
6148
7794
1576
8845
9533
2658
4715
4058
6582
1188
4969
411
10431
2074
6230
6919
7744
1199
4434
5711
10105
2571
8234
6107
6635
6541
8880
6258
2839
953
1945
239
8105
10434
9940
9348
4425
2204
204
7
201
3681
8375
498
2547
5524
4961
1814
5014
3805
799
3684
10231
8552
8799
3672
8808
3230
1273
2467
4337
9254
7792
2210
9669
9040
7949
1262
7514
3559
5220
484
313
8665
7406
5241
9208
2803
8022
7501
3880
1983
4970
6802
7653
10184
6391
9869
6154
7327
8616
273
4718
8163
2239
2121
9702
6515
855
9990
1024
2373
2733
6768
253
9109
1792
1006
10381
5160
1468
4976
8534
5715
5852
10332
5499
5564
507
6882
1668
6494
2873
9017
3578
2605
2008
9116
3266
414
10265
5435
2145
340
8510
6089
2747
1772
7765
9861
10057
7480
2286
1918
1215
90
5948
2282
10410
10082
8918
7201
7817
540
7065
9763
6240
4062
2147
2581
8232
2722
4904
5791
2443
1630
4520
5436
1952
1511
578
6416
2738
6933
5340
6657
547
6737
2621
6970
1356
5725
3514
7258
10365
8246
3878
10123
3214
9347
9694
8910
2980
3929
3659
3516
7708
1354
1479
1765
6831
7027
7183
2043
5843
427
1367
9847
6342
2298
6653
6722
3651
8329
305
6643
5322
5421
3692
1189
3162
6357
6649
5195
965
508
10089
1374
5554
4461
7441
9110
9005
6236
1506
4580
10601
3719
2774
2826
7767
9670
10596
8344
10499
9910
2952
4880
141
5836
7012
1464
3284
1195
5099
9291
4011
1184
5233
6319
8478
9293
131
6662
17
3581
8925
6200
8884
1803
495
5420
4406
7260
1353
4800
1580
5019
5942
6706
3869
926
8538
8337
3223
6751
3487
6195
9828
5184
635
6119
5678
8027
7511
5287
8795
7428
9368
6610
6455
2527
10310
1607
9323
4882
8858
9251
6301
1997
541
3638
8964
10054
1424
1508
8382
3133
3393
2410
6617
6764
5714
119
4742
3867
6839
10420
802
6452
4529
4221
7739
7053
4519
3441
7291
8173
6079
5954
531
7378
4662
6726
5888
5097
10236
5473
2054
1362
9758
3874
4311
3276
3905
3474
168
10449
6458
2465
10492
5057
3069
1027
108
5173
3778
6830
9088
66
2871
4957
8625
4156
9927
739
10197
4176
2532
533
10103
8943
8718
9864
3042
2497
8255
7266
2927
8749
9655
5378
5619
939
6851
4762
7681
599
6378
4026
2050
9522
8892
6351
9373
10594
9953
10595
2672
5118
9602
8000
7113
8315
6883
2359
7067
413
10442
2885
5689
3871
6013
2992
5022
8037
4082
8596
430
6356
6979
2868
8206
8161
10193
2580
6797
1094
10547
9674
8589
6725
4728
1120
2220
7626
3535
4761
6913
2690
2078
3563
1941
6763
9249
4003
1360
8312
8002
9677
2428
5126
128
5697
3796
3037
10523
8842
5461
69
9530
1985
3461
7890
6446
7560
2971
9128
8604
7361
902
7869
8730
7646
6471
9876
6755
9156
5150
6283
5964
6670
5337
2964
8568
2255
7545
9842
6688
6215
4487
4314
8103
8023
5766
10183
7894
2471
870
1166
8122
1965
8285
3363
10414
6141
8606
919
6506
9653
4717
375
6318
10136
8026
7123
5252
6061
185
10369
5758
7848
7294
10301
2988
5074
7705
5358
715
920
4658
3688
1028
3807
5561
4917
6546
5218
1442
9578
1418
2463
671
1551
2791
10050
8205
3987
8409
3468
9756
5215
9276
8877
3653
2492
7408
1186
308
5120
5713
9603
2476
5565
4692
3165
2845
9546
5385
1886
6628
10599
1873
969
8149
4029
7670
5992
7815
2619
3317
9382
909
5702
1114
4153
9646
9785
3954
3879
3077
2856
9982
4530
3776
4708
9433
6891
4525
10062
6221
5837
5064
7419
4154
6341
10510
2369
3304
3394
3132
4054
3298
3786
10617
5375
9002
7375
7296
815
1259
9594
4720
2847
4524
8383
8474
3922
904
10463
293
5707
4967
1207
3552
2583
2090
9665
7781
1784
5927
1311
13
1731
5754
10237
713
2487
3264
6926
5351
2997
10041
1388
3649
2130
6018
6239
8883
8670
6778
7171
4336
8392
5544
8457
458
5571
3614
1300
2472
6718
5658
2618
776
1531
1922
1828
8869
6395
3258
8785
7217
7456
9986
9196
9488
1410
7249
2697
5004
1995
2846
3074
3458
1078
5824
8900
9562
7807
1940
6472
464
5389
8170
2294
2241
7592
91
9853
4018
7516
1108
9816
2929
1663
3390
9288
1819
1061
9310
5189
1162
5914
3454
2251
4362
7268
4540
9803
3
3966
1030
6339
7589
1153
2101
1776
6038
10235
8350
6920
1493
5297
3754
8154
7477
2003
5890
5858
9358
6205
9393
5650
9700
637
1244
8706
997
5677
1148
7315
1187
1210
1041
6320
2614
1519
1710
10604
3334
6844
1014
9969
3500
10250
6760
5489
7684
7598
1961
30
6855
2797
4883
1176
7803
9678
2994
8651
7148
592
8321
2376
1869
6367
9817
1954
9346
5063
10313
3125
7022
3509
9237
6815
5665
4655
2541
6703
10580
4032
1292
8198
4527
2213
4810
9492
6761
7347
9906
7895
7446
4790
9296
3868
7163
3493
5096
2252
6537
6900
9556
5509
5265
2967
7543
1144
500
4163
419
8366
2904
5988
5124
8960
8958
10225
4768
8083
6952
3443
5214
795
2887
1313
8296
8226
5235
3262
5581
7492
9336
3756
4158
3300
107
2102
6267
5630
10579
2030
4379
7421
2754
6600
3733
6898
7885
581
9693
7182
3848
9959
5474
1443
6334
5393
4586
7558
6790
8169
7002
6030
251
6426
4493
2978
9086
3934
10551
7746
3380
226
1105
6932
6870
3113
7937
569
4460
1680
6365
5904
5763
8056
8798
8717
7581
5219
9904
9465
2094
4076
6182
2631
1221
6000
5433
5717
7338
1791
5168
3138
1079
3348
8427
693
9355
9173
10138
284
6271
8491
3459
8752
4959
10605
8823
1272
6081
3748
1225
3816
3286
3855
3328
4499
4057
5670
10002
1067
1222
5802
4439
8157
3850
7960
7864
3839
462
5664
2905
8628
9039
9025
7439
361
10412
7556
3667
8309
7641
5601
4713
6325
3612
6123
5536
4349
7433
4453
4416
5703
2680
4997
1201
4501
7784
5294
8496
9705
6165
7458
8738
6448
6284
9268
7782
1441
5177
5125
4194
9386
4198
7190
8051
8530
6275
7654
5166
9258
3524
580
8887
4856
4900
1277
9184
537
8896
9112
881
3370
4854
2538
9174
9105
6036
4764
1588
6445
8941
8882
7018
6599
6120
4807
1737
2343
8654
52
1756
6603
642
5006
2601
9999
5095
3811
8090
3164
3599
856
9421
3287
5486
7292
7328
2313
2579
2051
260
9067
9807
8555
5455
7871
6323
2336
9245
4037
7770
7448
10379
7948
2769
6016
10227
7838
7468
1243
7041
6665
4705
6025
10120
8987
106
3608
9991
7396
8076
8492
8468
5981
9820
3066
10292
3400
3477
1905
1598
9849
1670
9606
6895
3350
8783
3128
6462
4892
1636
1614
2761
435
2959
1127
988
8648
8815
9054
7240
898
3194
9984
10372
545
8291
3375
9951
7346
1366
6152
6268
2745
9123
1790
3540
6277
6056
493
7812
1421
3067
9135
7170
5196
7063
616
382
8273
3342
2566
5629
8500
6946
7649
2736
7071
7043
6750
1449
5157
10441
302
9187
2133
9446
6332
10124
2327
3538
9442
4555
3743
6047
3536
7086
9209
1268
933
6601
6457
9821
9423
4146
4783
526
5209
5159
452
6290
1578
9934
3213
8835
2017
7141
409
5013
7532
10308
268
9440
7520
10429
2892
4676
9730
5943
7348
1854
10269
2634
7843
9888
6574
1512
6701
2458
7969
214
7320
3705
9880
5416
3686
5922
5025
4665
962
7938
6376
9872
4191
4051
1382
10198
5600
1677
2898
8233
348
6829
4687
3925
6874
7158
3658
2010
9309
750
8230
3481
822
1518
4744
4491
10446
7116
9771
5069
3938
10264
8191
1755
2666
8657
2810
331
999
584
1035
9117
6380
3367
6072
7847
9426
3694
4138
9150
3469
1716
9733
5242
3975
1242
10033
8124
3252
9712
5273
437
4572
7233
6187
5419
6028
1603
170
625
1889
9261
9414
7092
2783
852
4688
2315
6080
10122
9757
7457
4678
4175
9597
3853
7144
1744
6401
6994
8242
5801
4166
2131
5497
4219
9673
7438
10583
7064
2014
1482
6504
2140
4286
10361
10354
10132
3296
3763
2865
8806
8316
8954
472
9304
9972
3988
6845
3189
6959
5975
5696
6548
5016
7714
4134
8240
9160
10020
4631
7293
6153
4474
5382
44
2093
3365
2546
6598
5111
10557
280
6317
6387
4345
1327
4069
4719
10430
4382
2466
3788
9724
3239
7824
5446
1234
1091
4131
1202
6499
3456
5457
2686
9755
1054
8223
6437
3232
1278
9552
1266
8410
333
367
746
1001
9188
756
2684
973
6207
787
3624
9145
9617
1245
290
4266
1969
276
679
2748
5595
7152
2022
3548
292
3747
5657
5479
50
1003
8786
328
5202
2024
7300
4046
4365
7302
10526
10459
4249
5090
4237
7604
1236
6010
2647
3967
3567
5847
9929
8395
9385
1748
5357
4542
8244
4674
3633
5848
8507
8891
8973
6868
7993
6046
4222
3841
7218
4940
2664
6540
7298
6330
8502
9933
7345
2276
6199
5082
389
5383
4137
6276
1728
9379
7551
124
3124
3211
474
3910
4115
4103
7747
4155
4954
6485
9035
4573
2362
1183
6140
8847
6519
1249
10317
5395
1387
9925
2363
7384
2330
4673
5790
3933
2257
1124
10600
2118
3335
3478
10208
7270
2176
6443
7449
1960
9957
749
8432
4751
1371
4108
7534
4875
1768
8597
490
153
827
3332
3866
9656
9663
7964
6893
7555
7754
10455
5645
9668
6948
2075
873
7887
6212
6716
3010
5606
3068
2154
5784
10134
2752
9968
2211
2189
5970
645
73
7187
5425
5980
1106
8057
9068
9760
4125
2223
3003
2215
3466
8774
6291
216
529
733
2510
7796
10518
6075
735
1864
8800
5318
5441
2841
4068
8727
4898
2228
9596
167
10565
6209
1364
6159
7127
1316
220
2884
6619
8451
6890
967
9762
8306
8619
347
736
7194
5728
2326
5165
6363
8482
7638
3175
4571
9854
4983
8293
4373
3167
5827
2542
5482
2344
9080
4515
3220
9625
4862
8558
6134
4447
5682
1446
9257
1489
604
7483
3863
9352
6785
478
2604
8588
2273
9855
1412
8886
10075
6042
3231
5796
8554
2779
1929
10321
4956
7386
777
10015
2808
7664
4682
652
5718
3627
1063
10406
2058
5088
1470
8089
8104
9749
4304
10426
9388
8186
2164
8431
1203
9121
6399
3926
5007
6470
703
1270
5709
3817
6246
1230
6899
8811
3159
2419
9126
5590
6625
4536
43
2921
4546
7376
3798
5974
1669
1258
6967
6161
1373
9485
215
6114
5591
5623
963
8461
4799
7883
8635
3206
3574
10521
4521
10403
5407
6147
7605
8294
1379
9799
1021
9280
8108
1696
10539
7877
1380
9976
2820
2589
8195
8820
1136
9642
7983
7609
3148
1646
6413
1
7889
441
4386
8062
7687
3825
9428
4465
8672
8701
4974
203
4074
702
4510
3531
8211
10484
9994
3558
4836
3421
3318
817
5323
197
7383
7955
8581
4438
130
2423
4919
3846
1140
5531
7919
9752
655
5324
3553
5347
1829
6427
4823
5624
2757
7112
5666
5891
5973
3093
6578
4398
9544
7196
288
10139
8324
667
2305
8754
165
6964
998
1285
1347
1008
8486
4172
6281
8953
8897
3964
4636
3691
7745
2224
2023
5206
5636
10230
5283
8927
499
729
6116
62
9580
7896
1040
10216
7285
1350
4101
8380
5625
7818
7831
6135
698
10488
9768
5563
7289
8503
8481
8493
6833
5979
101
3201
5894
7377
5543
7208
2155
622
4117
5348
4560
9624
6210
872
1808
10107
3823
5046
155
8004
4001
5109
9031
7706
10623
1275
5332
8817
1501
3534
1331
7505
4160
5760
9738
1392
3087
10128
742
8003
5831
1368
3783
8833
2322
505
4558
6064
9812
3080
3176
4819
1216
1355
7316
2987
4818
379
2764
2432
315
947
6535
1413
6484
3520
9100
9800
9098
10377
10191
556
7147
9357
3497
9831
6943
7184
2824
5055
1949
6095
96
7579
461
10603
5542
9526
8126
7459
2216
5925
1689
7023
6096
1435
3154
4017
10512
4264
3106
737
6040
10071
9384
8325
9417
309
7013
4611
8508
6373
7758
7305
4964
4427
2490
7133
8117
4378
1217
9311
4871
5738
4600
5299
3527
8916
1632
2329
828
9455
10608
7356
8702
1783
8841
7436
8204
1059
4503
3858
7836
9161
9107
8039
9787
4141
8311
10376
8709
9219
2675
8178
6991
3551
1257
4914
5615
8775
10009
2598
2976
8335
8193
3448
6482
7078
9263
5928
2551
7440
3136
2270
6097
8968
6270
4592
3750
3730
8001
3354
6432
6053
3055
1592
5642
8907
2918
7662
9312
88
3433
678
2462
3416
8138
1992
6121
4399
1830
39
7097
8682
2729
1147
3450
2053
2348
1386
4420
10055
7423
2641
3716
7981
8545
4009
1685
2655
4432
3017
8951
4258
8243
523
7564
6288
241
5913
10140
2150
10573
2799
707
9848
7616
5899
4696
2517
4650
4135
7509
7515
4934
6086
814
8743
3408
1132
6438
6741
9631
770
6602
7075
2821
9143
7906
8629
9662
4663
4359
9169
706
7797
3489
5429
4565
4780
5175
653
9023
2048
51
7103
8553
6360
2945
9628
9399
9329
2833
8072
9632
2788
1637
1702
1620
77
9613
1252
8071
4486
4824
223
321
1897
8081
8814
6871
8479
7000
7573
759
9667
4188
3122
7306
7166
1363
3285
946
2097
2900
45
7680
5272
8267
7791
6647
67
532
4121
3191
9033
181
6995
9486
7640
1720
1520
8121
3844
605
10282
4418
5238
5720
6997
1804
3129
1654
6422
4927
4321
2540
10129
7145
28
2367
5593
8100
1826
6692
7124
1931
8061
2674
10537
4372
6384
329
4879
977
8007
82
8107
4853
2366
105
7685
3951
221
2933
2245
670
2784
8549
8449
7444
2515
7946
7424
7663
7996
566
503
1093
9236
5663
5783
3364
8840
743
636
3779
4845
6644
9482
6867
1344
10283
5861
1192
5737
8686
514
9191
7095
10053
9472
3377
9424
7340
3777
7523
122
7073
3325
9856
1454
1932
1348
8200
1915
4178
4243
5231
7508
6074
6383
8854
10439
5012
7587
7943
7094
7766
844
5730
10564
9015
5075
6216
1448
7091
10302
8455
3100
2911
7913
10300
9874
6444
4963
6680
3249
8947
6306
8830
1648
9043
3053
5327
8428
357
5647
681
8363
6704
10078
1549
10465
5566
7176
8650
2957
2382
7634
212
2852
6249
6708
5649
1394
6542
1403
6060
3969
1799
9564
4287
3482
8162
2597
2767
930
6242
3449
10109
6402
10104
10612
2062
677
7759
491
1930
3496
3661
5163
9568
10267
9307
3417
4473
591
542
121
8715
861
9108
9326
8980
2306
3893
2249
6279
3413
5956
5857
9975
1019
10146
1902
2585
6495
7978
7921
4842
3346
8183
3243
2175
6175
7865
1375
2617
8977
7832
3263
1197
8638
5951
1655
6162
9211
8310
1640
8922
534
9003
7857
1293
56
1038
8529
1223
2934
4632
10091
9490
9875
7082
7180
8801
3144
3679
5724
8044
2741
3139
9519
539
8931
5
6543
9042
712
1723
286
5040
2954
3116
1593
4107
5119
9287
7833
6501
4048
399
6078
9029
2525
7928
10106
3147
2567
7853
7693
9463
2405
1431
4165
5178
4466
1307
705
2112
3647
8622
5838
10189
8807
2341
3942
8957
10042
4952
1895
8010
1043
4355
8377
5352
9431
10607
7161
8014
6676
9729
3297
7399
9089
4303
915
7666
1529
8282
8176
3892
10469
5504
5147
7096
5034
5610
9574
1989
10142
2184
2853
9151
8030
3961
1151
7466
4498
9139
4660
188
7117
6497
9462
1560
9330
473
7793
3155
4732
1010
1793
7536
4150
1096
5638
2110
5468
4010
6146
1304
4953
383
9810
775
2708
6682
2950
1457
9500
875
9790
5243
9913
10000
10397
5512
5508
407
7471
7783
2138
5144
5826
7110
7088
9647
4484
2989
9495
186
9919
751
8593
6683
4181
10347
8059
189
1595
2440
7430
7362
10180
2576
7968
8284
9103
6194
162
810
7880
7761
5049
5449
805
9166
7901
1597
362
3923
1712
8417
803
6407
2310
10350
10168
388
4659
4225
2717
3650
10415
8323
9450
2235
3163
6721
92
10013
9460
7925
3888
9912
1336
6468
3924
2811
4021
10560
5651
3307
10242
7804
10024
2045
9627
10327
8844
5458
3463
830
7686
10192
443
10149
4096
9398
8085
3632
892
3153
6374
9579
2454
2346
9664
7559
8563
2692
8846
6847
8252
2829
8042
3585
1638
3086
6043
6695
213
6122
4463
10228
690
3662
3994
5991
2569
8541
2417
9759
3854
7821
5897
4706
5414
9650
3422
2437
10286
5574
3371
1586
1097
406
7862
2632
4190
2268
9870
7365
3621
9008
4899
10066
8303
954
3026
7054
3832
10613
3889
5329
1775
9764
2032
631
5832
2802
3737
8691
49
835
4885
10260
6173
10028
3349
6007
4860
3084
1193
864
3989
2888
8134
2676
7083
6876
5483
760
208
5477
8058
9000
1125
5879
2047
8218
1900
1062
5854
813
10349
3193
352
8784
70
2046
4441
2951
2584
994
3753
9636
2042
4284
8028
3745
838
5020
283
7447
7380
10495
9527
4971
5320
4569
3268
3389
40
10505
6054
2238
5578
8771
7989
10068
5671
2716
10173
9798
1746
8578
10040
5556
7443
3836
5978
4395
8963
127
1246
2609
4280
1572
1497
10542
6605
8640
2531
9137
4672
5654
9241
834
5877
3029
8812
8247
1052
8184
1128
7130
5799
2903
515
8080
8152
10474
1672
2495
5010
7274
10131
2535
4174
4991
4968
7544
6303
8536
1433
3604
7785
9232
6343
9885
7068
2578
7915
9349
6190
6723
6570
2199
1705
1658
925
5002
8511
5161
2503
5346
6675
8646
4496
5453
3196
4292
5466
3007
7884
3095
1761
9796
2430
2516
8476
5266
10489
2464
7521
10218
1037
1137
2974
8361
2956
2519
878
6131
3797
6034
3485
2320
140
5537
9895
722
4778
410
4559
6859
10309
4878
7066
1613
4577
8365
7695
673
111
3528
6178
6691
9537
2677
7566
7642
2979
9935
6014
10428
8999
7241
1107
1291
3014
4456
7840
9734
9592
1513
2606
240
9839
7775
7565
2721
1398
6976
4147
5545
8674
2084
3676
10620
2120
7007
9742
8125
10259
6597
4298
4060
7352
3508
8661
2248
358
359
6473
9503
7390
3088
6158
5547
278
1943
1684
2759
4651
4402
964
778
2283
1855
8802
6580
8623
4509
4806
8307
2342
5122
4301
5959
9777
10157
9
7801
7142
9711
467
354
8724
895
4703
9469
641
972
10229
10597
6590
5863
7835
7735
2866
6259
157
669
4770
10021
10081
7469
5279
8153
5726
2243
7059
6984
2485
115
9290
9520
3215
10494
3822
8475
649
5518
7405
9369
9877
8985
7453
2037
527
1622
6747
2629
3089
6263
2694
6924
4227
5569
2496
9019
1994
6020
10424
4973
5853
2912
10404
1066
3515
468
386
6758
6166
3572
7932
2522
6035
1149
4584
3171
2470
7322
7620
160
6693
1571
5514
2990
2354
3151
4140
1086
2730
2874
10438
2836
7688
9892
4489
5627
6658
2016
3742
6989
7779
8464
6801
752
7614
4873
10151
4404
1004
4886
10524
7652
9078
4342
6593
10043
3097
646
2596
4523
4102
3861
8961
3901
8364
9960
5053
1341
6911
682
8352
7966
7005
4077
7432
3279
8301
281
98
3432
2328
6057
7491
8021
8662
7226
7093
7590
232
10190
4680
5361
3983
4
4603
7462
5000
166
2935
5345
6463
4578
5106
5275
2750
7486
6972
3968
1977
6430
7586
3101
1706
447
5562
1604
4331
6707
9565
6568
506
2107
10171
6012
2763
9707
6981
6554
7422
7584
7355
1294
6459
6282
1065
7510
5734
10272
10121
9333
3971
9476
1495
2196
8196
2705
1893
9065
764
3104
8445
1618
7370
3134
7039
3076
5355
8372
8075
2212
4887
7031
2186
8862
8033
3306
1817
2793
94
3767
7524
8467
7563
1104
3345
10217
440
6505
1825
6348
3036
9079
3906
10268
5200
6827
8740
6312
7721
5549
8893
3256
2893
3314
9909
2689
1439
4064
2590
5289
1267
1460
7618
1699
562
2006
9939
8272
7690
10152
6403
6673
7752
4267
5806
2068
3351
5823
134
831
4850
3494
8772
135
7188
9036
5070
5230
8645
8793
10305
5798
6713
5418
10385
3183
7710
2317
8054
3998
1229
7087
8655
3227
546
205
3486
9106
1741
9405
5846
5614
5742
2387
10531
4622
2883
2001
184
8733
8773
4228
4670
4091
3677
1662
2857
2633
6696
4145
8539
9649
4689
2749
1627
1220
8005
2520
10500
9361
8394
2602
10362
4538
3281
6624
3930
1226
7050
8716
7402
10569
1933
6419
5787
1401
3166
8610
4296
3112
6388
3804
1469
3099
9360
7597
7676
5151
2667
6798
883
2163
9714
725
1146
6947
7872
235
2357
3978
2379
8904
6188
9429
7635
6441
7105
9057
1633
9339
3205
1060
1172
8397
19
1231
1876
10279
3054
7716
6880
7418
10206
8705
6027
2339
250
1444
9744
7437
83
4385
3259
9569
3344
342
4393
4118
2906
9272
8495
9277
4182
8620
9337
5339
4293
2790
3305
7692
6439
502
3311
8707
3887
8356
1797
4710
8367
3207
5905
3890
7008
2414
8188
7299
10520
8088
2772
6564
4661
4394
10214
8066
4152
2114
7487
8744
5706
6406
5633
7908
9943
1818
3639
5308
3277
791
5998
4341
1089
7035
9317
7069
2491
7342
336
4939
10102
983
665
4797
10297
4677
1342
7175
2570
4820
8693
9190
5681
4326
6866
1844
8298
2995
4389
5050
3644
7956
6812
9600
3409
7434
5054
2838
5236
3219
9838
3699
2073
9233
1590
7442
2612
2407
4142
3398
4329
274
6149
7963
9221
10511
5770
4300
5286
2648
561
8405
2244
2936
4958
9732
5778
4784
9941
2507
9487
7893
589
2161
2333
3818
3013
5203
9773
5814
3543
7718
2798
4701
9102
5541
6304
6606
335
9402
7395
8208
10589
7072
3115
1690
10482
4128
456
269
7923
5491
2843
9215
9038
9887
5553
10479
2457
5210
7134
2960
1372
2530
4876
6186
1798
3741
10433
291
9886
2559
7845
1882
5278
4090
9452
2272
10338
6742
9411
2036
8386
5381
8647
7959
3044
3241
6677
4851
1916
8735
8698
7619
8236
4081
4263
5084
7251
433
151
2830
8821
9047
4363
8429
6001
5660
4534
9235
5958
9489
9083
3063
8437
3525
8171
2142
9745
5868
344
6481
2070
5207
4562
6678
8099
797
2277
7725
4849
1714
10572
3928
9521
5081
559
9584
5492
2108
4877
6489
9271
8110
2925
753
796
1671
1503
6022
2123
5755
7582
9204
5813
4609
6528
2536
2908
783
3491
9932
3631
5594
2004
3943
623
9218
10169
10486
3734
7398
10409
7852
4036
9529
8572
9229
6929
8546
2374
9945
9832
10244
2582
2931
8741
6720
2942
9075
4185
5915
3111
5722
4585
4218
6522
6969
2854
10233
5471
4615
3944
3056
8875
8142
2910
8678
10626
10485
885
5197
439
8803
7669
466
10625
3381
4872
5101
4201
7388
5434
7934
6474
1369
3018
5432
24
1238
7699
7651
7010
2766
391
4928
7940
2840
6208
3114
325
1849
4598
10159
577
3403
4075
7967
5872
10010
938
5828
1408
143
8359
4781
5349
6414
8423
4106
2377
5032
1735
1920
4087
1376
1329
2275
7450
9165
1390
2116
647
6810
3958
7210
9467
10586
2669
10036
8889
6005
9220
190
7863
3225
5011
868
3865
774
10331
4795
7265
3655
1419
7897
7704
4846
10296
3288
5916
2174
10098
2072
5723
7238
10212
4324
5353
3529
5213
8859
6614
7084
3668
1862
2179
9041
1378
8
8012
4282
431
1411
5845
7499
2350
9903
648
7454
8704
2391
8872
6792
8288
1694
2218
7774
2324
6886
2923
9728
2850
2834
2262
747
7918
2709
5568
10451
7753
5527
7518
2549
8338
3366
7494
1436
2012
7364
7734
3242
932
3919
10008
10389
374
35
6803
4149
10125
5936
6369
6853
7318
275
5949
2523
10519
7151
3505
4440
2792
1852
970
10391
1516
5102
2325
10618
10535
4691
5392
6065
9789
8192
4186
2953
371
5777
5221
6660
2151
3859
2115
2919
10156
1914
724
8506
5490
10447
765
7854
1682
1975
8295
2380
10398
10211
6222
10263
7262
6486
2710
1988
172
9949
3600
1361
9365
6714
5530
9851
2144
1420
7425
3212
10622
5342
5532
851
7971
4317
6483
34
4531
10513
1894
7580
10243
6743
8498
9212
9240
5377
8357
5947
3257
2415
4942
5245
4895
1175
152
394
8160
4412
8017
9719
9601
5164
3050
982
911
7874
1938
3752
1730
2232
3274
3168
1703
4868
9011
3340
4754
6849
9658
5087
6988
971
6586
60
3593
2314
6088
3936
8115
6907
8289
7167
10153
4990
3518
1349
9069
7599
7497
9547
2780
2607
808
3027
1650
7594
10281
10215
974
4628
2182
2134
3606
3283
6637
4254
2986
3725
2188
5675
9534
10382
7427
9743
3917
8328
846
9308
5613
3596
9351
9115
9629
5056
10448
6287
4318
6327
4310
2360
8528
7933
3999
5442
5656
630
4793
9345
5966
2057
4265
3617
1967
2128
1879
10275
2044
4766
8911
10097
1946
3492
4025
9938
10238
5412
2445
5073
884
5840
1399
1012
4941
780
2574
10609
10032
2378
6252
8473
4334
1208
10245
6511
9408
7548
6592
1465
2193
10048
7295
786
5605
10390
1287
271
10074
3707
9979
4445
10417
1517
3244
6856
9441
3309
1281
8407
8653
332
7748
3610
768
10491
10477
2105
8250
145
3438
610
4833
3698
1611
608
6581
9806
2902
2233
4604
10150
1451
5583
3302
3594
4483
2230
7526
2670
5224
5555
7985
7539
10291
4436
1271
3541
5140
393
1505
3674
1935
4864
4712
6636
10187
3455
2136
3882
1536
723
5892
7691
519
1880
3623
8136
2827
8300
2260
6616
2059
758
7707
2876
1974
1494
2209
2288
3597
10436
10582
9740
7119
4477
6863
710
5560
2263
8874
7426
249
4640
1524
1303
3426
4444
5462
5575
237
8599
6237
4681
10084
3092
4729
1423
7357
685
2083
9794
9275
6927
7886
2281
7404
2657
1133
8275
6329
7200
1213
4716
4617
1853
3464
2486
3224
2040
10007
1796
2086
8182
8362
1823
4187
2758
614
3546
6204
9846
5908
943
9588
2932
6137
9447
5047
9974
4724
5179
1970
7143
1944
6456
5816
6169
8540
639
6807
1179
1687
8567
1472
5534
6214
5067
5994
8770
4897
6009
366
7203
9598
10394
7118
2728
2613
767
1480
9782
1048
7126
8681
8983
826
8915
10555
5409
2859
182
5368
3780
1397
620
8959
1724
10093
5662
1426
10501
4513
3117
4211
5788
4695
2513
6608
4644
4323
10016
1901
3172
6265
7929
6108
9090
262
4624
5804
10127
3909
9167
825
9512
821
8583
380
5659
6368
4495
5652
3757
9557
4120
7403
5267
218
254
4865
10202
8471
3656
2723
6832
5191
5732
8685
10536
7615
8521
4297
7650
6774
934
9176
3250
6068
4277
3146
8598
9680
5748
858
5319
8087
7042
8347
6066
1286
10373
5912
6585
1866
3495
10014
8222
9158
5971
159
5187
7275
7842
3965
1239
10073
3557
5865
3186
7546
2555
8659
5752
1118
6031
9671
9449
10454
9044
9306
8794
1158
4557
319
8305
7607
4112
10364
400
6361
6873
3663
2573
2005
2067
3711
3337
2291
3355
2807
1100
8024
10137
8666
6181
6386
4944
9401
8053
7232
5719
1071
7015
1972
5423
4889
6710
7976
8890
8913
7788
3322
9643
2208
8456
8614
8679
5350
771
9409
10527
3669
9028
4129
5976
132
1953
87
5496
899
258
1857
2702
6757
5540
5400
2064
54
8505
10497
339
5972
10467
8971
1129
565
4570
4305
7789
7576
10035
4794
551
6950
2966
2557
8444
2851
979
2452
8797
1095
8917
4290
1747
1968
8940
3119
2095
9703
3799
7823
1198
2781
2439
8150
3173
4987
2450
6331
3883
5924
3051
9572
1400
1538
85
7159
5387
2167
3766
1858
644
7574
4759
6961
8984
2207
6300
4906
7778
2848
9920
5107
3641
7876
1131
47
8378
5086
4698
927
68
8155
3021
7032
1241
5803
36
1766
9053
8512
10498
4052
3819
2488
3980
1013
7214
4601
9119
7445
3927
180
1676
624
6518
837
1587
7610
1205
1265
5856
1181
9175
2805
1999
5746
8591
5344
8527
3228
1917
9576
6202
6525
2817
1840
1445
1130
1515
9692
3556
9531
2332
9140
8729
8095
5223
9159
289
2785
4743
4078
7737
8231
7341
8762
3358
1370
8438
6350
191
3886
8317
3830
4391
4423
3840
9561
148
3683
6526
3932
8499
455
9052
7222
1126
234
10487
2031
6286
9772
10588
209
1011
4351
2818
9767
3827
9230
10126
9242
86
3588
3195
3248
5201
3177
4633
7004
2442
968
7114
4656
1674
4030
7301
3001
7128
2649
1752
9004
9370
4422
9152
9410
6998
3884
9593
6646
1708
3290
270
61
465
950
7037
10606
4053
84
6233
9893
3192
6091
6918
8868
2698
8224
728
1700
1251
6392
8518
3939
2872
5451
5365
4020
8873
10378
5437
3722
9741
9542
5170
3247
586
3270
3828
2796
9731
8263
5875
6003
10399
6011
3696
8736
9214
4907
3550
10031
1770
1659
7816
9454
8129
5570
438
3903
8790
945
6424
3336
7527
193
5366
4911
9725
9434
7192
2762
3405
3973
3368
8086
1771
1269
8761
6094
6588
8981
5396
1080
8788
3522
8334
7135
6986
5031
9074
4455
5957
7702
3728
9335
6136
9726
7372
2624
4829
8281
5950
5982
1602
5993
6201
1750
4785
1023
2355
3642
1320
9076
1973
1606
9320
9289
8763
6816
6294
4007
10117
9948
7935
8905
217
9371
691
5987
8082
1667
4429
5883
1438
6144
4679
10207
8573
8439
5234
8360
7493
5113
10544
719
4144
3352
8781
8109
5410
10574
6041
9157
5093
8976
2718
7026
1570
4377
7248
3030
7263
3135
10039
5750
7998
10581
4750
7006
1563
6049
8436
8822
5608
903
3058
7089
3953
6248
2349
7503
1335
9926
3236
7062
4576
8202
8469
1542
10402
1987
7310
617
1194
4788
5517
3190
9185
8123
5098
8562
8484
7326
1883
2039
5251
9403
5493
8818
397
5842
544
695
8949
7811
6794
4490
10175
9453
2135
10532
8612
10357
10326
8513
9645
5364
9247
322
5445
6461
4951
2506
5968
2109
8408
25
6085
1082
6243
194
6340
395
12
528
7108
9459
7221
4235
9070
4035
4261
10022
4881
7019
2630
9661
3158
6103
8217
7308
6679
1683
