1.0870001316070557,0.9910001158714294,3.000004768371582
1.190999984741211,0.9910001158714294,2.999992609024048
2.0,0.9769999980926514,2.999995708465576
1.251999855041504,0.9930000901222229,3.0000014305114746
1.2020000219345093,0.9920001029968262,2.999995470046997
1.1829999685287476,0.9900000095367432,3.0000057220458984
1.1460000276565552,0.9900000691413879,2.99999737739563
1.1369999647140503,0.9920000433921814,3.0000057220458984
1.2329999208450317,0.9900000095367432,3.0000057220458984
1.2549999952316284,0.9860000610351562,3.0000030994415283
1.1129999160766602,0.9879999756813049,3.0000061988830566
1.2000000476837158,0.9900001287460327,3.0000009536743164
1.3879998922348022,0.9900001287460327,3.00000262260437
1.2389999628067017,0.984000027179718,3.0000061988830566
1.281000018119812,0.984000027179718,2.999997138977051
4.749000072479248,0.9340000152587891,3.000004768371582
1.3609999418258667,0.9910000562667847,3.000002384185791
1.071000099182129,0.9940000772476196,3.0000064373016357
1.2529999017715454,0.9880000352859497,2.999997138977051
1.0529999732971191,0.9950000643730164,3.0000059604644775
1.0740000009536743,0.9950000643730164,3.0000057220458984
1.090000033378601,0.9950000643730164,3.0000059604644775
1.1180000305175781,0.9930000901222229,3.0000059604644775
1.2260000705718994,0.9950000643730164,2.999997138977051
1.0809998512268066,0.9940000772476196,3.0000054836273193
2.6640002727508545,0.9679999351501465,3.000002861022949
1.2259999513626099,0.987000048160553,3.000002384185791
1.218999981880188,0.987000048160553,2.9999969005584717
1.312000036239624,0.9910000562667847,2.9999961853027344
1.4570000171661377,0.9839999675750732,3.0000011920928955
1.069000005722046,0.9930000901222229,3.0000054836273193
1.5090000629425049,0.9900000691413879,2.9999983310699463
1.4919999837875366,0.9850000739097595,2.9999969005584717
3.0250000953674316,0.9649999737739563,2.9999940395355225
1.590999960899353,0.9859999418258667,2.999990701675415
1.9030001163482666,0.9809999465942383,2.999997138977051
2.5530002117156982,0.9709999561309814,2.9999990463256836
1.1840001344680786,0.9900001287460327,3.0000057220458984
1.2300000190734863,0.9900001287460327,3.0000014305114746
2.017000198364258,0.965999960899353,2.9999988079071045
1.996000051498413,0.9729999303817749,2.9999911785125732
1.1990000009536743,0.9890000224113464,2.999997138977051
2.0820000171661377,0.9760000109672546,2.999995470046997
1.2040001153945923,0.9900000095367432,3.0000014305114746
1.216999888420105,0.9890000820159912,2.9999969005584717
3.9579997062683105,0.9420000314712524,2.9999992847442627
1.1759999990463257,0.9900001287460327,3.0000054836273193
1.156000018119812,0.9930000901222229,3.0000040531158447
1.2019999027252197,0.9920001029968262,2.999988079071045
1.2569999694824219,0.9829999804496765,3.0000011920928955
1.0940001010894775,0.9950000643730164,3.0000059604644775
1.0600000619888306,0.9930000305175781,3.0000061988830566
1.9589998722076416,0.968999981880188,3.0000030994415283
1.2269999980926514,0.9869999885559082,3.0000054836273193
1.3209999799728394,0.9860000610351562,2.9999966621398926
1.3300000429153442,0.987000048160553,3.000004291534424
1.181999921798706,0.9920000433921814,3.0000052452087402
1.0859999656677246,0.9940000772476196,3.0000059604644775
1.315000057220459,0.9880000352859497,3.000004529953003
1.0269999504089355,0.9950000643730164,3.000004768371582
1.3100000619888306,0.9850000143051147,3.0000009536743164
1.684000015258789,0.9850000143051147,2.9999966621398926
1.2910001277923584,0.987000048160553,2.9999969005584717
1.25,0.9930000901222229,3.000004291534424
1.2989999055862427,0.9839999675750732,3.0000057220458984
1.1759999990463257,0.9940000772476196,2.999992609024048
1.1180000305175781,0.9940000772476196,3.0000014305114746
1.9079999923706055,0.9850000143051147,2.9999969005584717
1.3230000734329224,0.9900000095367432,3.0000016689300537
1.0849997997283936,0.9950000643730164,3.0000064373016357
1.0500000715255737,0.9950000643730164,3.0000052452087402
1.1899999380111694,0.9950000643730164,2.999990701675415
1.215000033378601,0.9869999885559082,3.0000057220458984
1.2360000610351562,0.9860000610351562,3.0000011920928955
1.1769999265670776,0.9930000305175781,3.00000262260437
1.2350000143051147,0.9930000901222229,2.999988317489624
1.6639999151229858,0.984000027179718,2.9999990463256836
1.1369999647140503,0.9880000352859497,2.9999969005584717
1.0830000638961792,0.9940000772476196,2.9999966621398926
1.2700001001358032,0.9930000305175781,2.9999992847442627
1.3300001621246338,0.9900001287460327,2.999992847442627
1.162000060081482,0.9950000643730164,3.000005006790161
1.1340000629425049,0.9930000901222229,3.0000059604644775
1.2020000219345093,0.9950000643730164,2.999995470046997
1.2939999103546143,0.9839999675750732,3.0000014305114746
1.9630001783370972,0.9750000238418579,2.999990940093994
1.090000033378601,0.9950000643730164,3.0000059604644775
1.3369998931884766,0.9900000095367432,3.0000011920928955
1.1579999923706055,0.9950000643730164,3.0000038146972656
1.087999939918518,0.9950000643730164,3.0000057220458984
1.184000015258789,0.9910000562667847,3.0000016689300537
1.1389999389648438,0.9920000433921814,3.0000064373016357
1.0870001316070557,0.9950000643730164,3.0000059604644775
1.0289998054504395,0.9950000643730164,3.0000054836273193
1.2949999570846558,0.9900000691413879,2.999997138977051
1.2209999561309814,0.9910001158714294,2.999992609024048
1.093999981880188,0.9950000643730164,3.0000052452087402
1.1330000162124634,0.9920000433921814,3.0000061988830566
1.1679999828338623,0.9880000352859497,3.0000061988830566
1.0479999780654907,0.9950000643730164,3.0000057220458984
1.2020000219345093,0.9839999675750732,3.0000059604644775
1.2039999961853027,0.9869999885559082,3.0000057220458984
1.28600013256073,0.9829999208450317,3.0000014305114746
1.503000020980835,0.9779999852180481,2.999992609024048
1.126999855041504,0.9900001287460327,3.0000057220458984
1.4550000429153442,0.9799999594688416,2.999992847442627
3.7140002250671387,0.9740000367164612,2.9999969005584717
1.6010000705718994,0.9750000238418579,3.0000035762786865
1.1309999227523804,0.9910001158714294,3.0000052452087402
1.2799999713897705,0.9890000224113464,3.0000014305114746
1.2610000371932983,0.9930000901222229,3.000002145767212
1.069000005722046,0.9940000772476196,3.0000014305114746
1.2130001783370972,0.9900000095367432,3.0000011920928955
1.2239999771118164,0.9880000352859497,2.999999523162842
1.1079999208450317,0.9920001029968262,3.0000059604644775
1.1380000114440918,0.9930000901222229,3.0000057220458984
1.1589999198913574,0.9890000820159912,3.0000054836273193
1.503000020980835,0.9839999079704285,2.99999737739563
1.53600013256073,0.9839999079704285,2.999997138977051
1.0780000686645508,0.9950000643730164,3.0000054836273193
1.2970000505447388,0.9900000691413879,2.999999523162842
1.248000144958496,0.9840000867843628,3.0
1.472000002861023,0.9810000658035278,2.999999761581421
1.1050001382827759,0.9920001029968262,3.000005006790161
1.715999960899353,0.9709999561309814,2.999995231628418
1.334999918937683,0.9850000143051147,3.0000052452087402
1.3580001592636108,0.9940000772476196,2.9999935626983643
2.1989998817443848,0.9839999079704285,2.9999966621398926
2.171999931335449,0.981999933719635,2.9999935626983643
1.1339999437332153,0.9950000643730164,2.999997138977051
1.1489999294281006,0.9920001029968262,3.0000014305114746
1.5460001230239868,0.984000027179718,2.999997138977051
1.6450001001358032,0.9860000014305115,2.9999935626983643
2.3340001106262207,0.9700000286102295,2.999990940093994
1.2290000915527344,0.9869999885559082,2.9999966621398926
1.1910001039505005,0.987000048160553,3.0000059604644775
1.496999979019165,0.9760000109672546,3.0000040531158447
1.2680000066757202,0.9910000562667847,2.999992609024048
1.2879999876022339,0.9829999804496765,3.0000057220458984
1.3240000009536743,0.9849998950958252,3.0000014305114746
1.343999981880188,0.9849998950958252,3.0000011920928955
1.1780000925064087,0.9950000643730164,3.0000011920928955
1.3670001029968262,0.9900000095367432,2.9999966621398926
1.3820000886917114,0.9930000901222229,2.999998092651367
1.3799999952316284,0.9820000529289246,3.00000262260437
1.4610000848770142,0.9859999418258667,3.000005006790161
1.308000087738037,0.987000048160553,3.0000059604644775
1.0670000314712524,0.9930000901222229,3.0000054836273193
1.5269999504089355,0.9819999933242798,2.9999959468841553
1.1159998178482056,0.9930000901222229,3.0000057220458984
1.1720000505447388,0.9900000691413879,3.0000016689300537
1.2620000839233398,0.9910001158714294,3.000004291534424
1.1089999675750732,0.9950000643730164,3.0000052452087402
1.3009999990463257,0.9950000643730164,2.999988317489624
1.3479998111724854,0.987000048160553,3.0000059604644775
1.128999948501587,0.9920000433921814,3.0000054836273193
1.1049998998641968,0.9930000901222229,3.0000057220458984
1.1339999437332153,0.9940000772476196,3.000005006790161
1.215000033378601,0.9860000014305115,3.0000011920928955
1.2110000848770142,0.9850000143051147,3.0000059604644775
1.349000096321106,0.981999933719635,3.0000014305114746
1.5100001096725464,0.9790000319480896,2.9999992847442627
1.244999885559082,0.9850000143051147,2.9999966621398926
1.1779999732971191,0.9880000948905945,2.99999737739563
1.1409999132156372,0.9880000352859497,3.0000054836273193
1.4359999895095825,0.9789999723434448,3.0000016689300537
1.537000060081482,0.9809999465942383,3.00000262260437
1.3610001802444458,0.9799999594688416,3.0000011920928955
1.3420000076293945,0.9900000691413879,2.999992609024048
1.3070001602172852,0.9829999804496765,2.9999969005584717
1.1000001430511475,0.9930000305175781,3.0000059604644775
1.0670000314712524,0.9950000643730164,3.0000052452087402
1.1409999132156372,0.9940000772476196,2.99999737739563
1.1549999713897705,0.9930000901222229,3.0000059604644775
1.1430001258850098,0.9920001029968262,3.0000059604644775
1.4000000953674316,0.9819999933242798,2.999999761581421
1.2630000114440918,0.9890000224113464,3.0000038146972656
1.2179999351501465,0.9829999804496765,3.0000059604644775
1.2910000085830688,0.9799999594688416,3.000001907348633
1.0770000219345093,0.9950000643730164,3.0000059604644775
1.434000015258789,0.9900000691413879,2.9999983310699463
1.065999984741211,0.9950000643730164,3.0000054836273193
1.0509999990463257,0.9920001029968262,3.0000054836273193
1.1460000276565552,0.9890000224113464,3.0000007152557373
1.1979999542236328,0.9880000352859497,3.0000007152557373
1.662000060081482,0.9829999804496765,2.9999992847442627
1.0800001621246338,0.9909999966621399,3.0000054836273193
1.157999873161316,0.9920001029968262,3.0000057220458984
1.183000087738037,0.9860000014305115,3.0000057220458984
1.472000002861023,0.9830000400543213,3.0000054836273193
1.187999963760376,0.9930000305175781,3.0000011920928955
1.90500009059906,0.9749999642372131,2.999999761581421
1.1160001754760742,0.9930000901222229,3.0000059604644775
1.5850000381469727,0.9790000319480896,2.999988079071045
1.1460000276565552,0.9940000772476196,3.0000014305114746
1.125999927520752,0.9950000643730164,2.9999966621398926
1.5509999990463257,0.9779999256134033,3.000002384185791
1.100000023841858,0.9920001029968262,3.0000057220458984
1.5480000972747803,0.9859999418258667,3.0000035762786865
1.662000060081482,0.9849998950958252,3.000004529953003
1.8280000686645508,0.9859999418258667,3.000000238418579
1.2000000476837158,0.984000027179718,3.0000059604644775
1.3950001001358032,0.9799999594688416,3.00000262260437
1.3880000114440918,0.9769999980926514,3.0000052452087402
1.0850000381469727,0.9910000562667847,3.0000057220458984
1.2669999599456787,0.9940000772476196,2.9999921321868896
1.156000018119812,0.9920000433921814,3.0000059604644775
1.0589998960494995,0.9940000772476196,3.000005006790161
1.0659998655319214,0.9950000643730164,3.0000057220458984
2.739000082015991,0.972000002861023,2.999995231628418
2.2400002479553223,0.9849998950958252,2.9999990463256836
1.1039999723434448,0.9930000901222229,2.9999966621398926
1.305999994277954,0.9839999675750732,3.0000054836273193
1.0989999771118164,0.9900001287460327,3.0000057220458984
1.1559998989105225,0.9910000562667847,3.0000057220458984
1.4829999208450317,0.9709999561309814,3.0000059604644775
1.1320000886917114,0.9910000562667847,3.0000059604644775
1.2610000371932983,0.9910000562667847,2.999992847442627
1.3309998512268066,0.9829999804496765,2.999988079071045
1.3390001058578491,0.9930000901222229,2.9999966621398926
1.1800001859664917,0.9900000691413879,3.0000057220458984
1.158000111579895,0.9920000433921814,3.0000057220458984
1.1100001335144043,0.9910001158714294,3.0000057220458984
1.3130000829696655,0.9869999885559082,2.9999966621398926
1.4239999055862427,0.9799999594688416,2.9999921321868896
1.1760001182556152,0.9890000224113464,3.0000052452087402
1.1720000505447388,0.9870001077651978,3.0000061988830566
1.1320000886917114,0.9930000901222229,3.0000057220458984
1.1220000982284546,0.9900000095367432,3.0000054836273193
1.1880000829696655,0.9860000014305115,3.0000016689300537
1.1560001373291016,0.9900000691413879,3.0000011920928955
1.090000033378601,0.9950000643730164,3.0000057220458984
1.2280000448226929,0.9860000610351562,3.0000054836273193
1.2559999227523804,0.9859999418258667,3.0000054836273193
1.534000039100647,0.9879999756813049,2.999997138977051
1.3149999380111694,0.9880000352859497,2.9999988079071045
2.0880000591278076,0.9819999933242798,3.0
1.065999984741211,0.9930000901222229,3.000005006790161
1.0829999446868896,0.9890000820159912,3.0000059604644775
1.190999984741211,0.9839999079704285,3.0000014305114746
1.4089999198913574,0.9869999885559082,3.000002861022949
1.4079999923706055,0.9910001158714294,2.9999988079071045
1.3199998140335083,0.9920001029968262,2.9999938011169434
1.0770000219345093,0.9920001029968262,3.0000054836273193
1.0700000524520874,0.9930000305175781,3.0000057220458984
1.0449999570846558,0.9940000772476196,3.000005006790161
1.154000163078308,0.9860000014305115,3.0000052452087402
1.4510000944137573,0.9800000190734863,3.0000011920928955
1.0769999027252197,0.9880000352859497,3.000004768371582
1.1660000085830688,0.9890000224113464,3.0000061988830566
1.0730000734329224,0.9909999966621399,3.000005006790161
1.1110000610351562,0.9910000562667847,3.0000059604644775
1.4280000925064087,0.9739999771118164,3.0000009536743164
1.097000002861023,0.9920001029968262,3.0000059604644775
1.2290000915527344,0.9860000014305115,2.9999966621398926
1.28600013256073,0.9880000948905945,2.9999969005584717
1.343999981880188,0.9850000739097595,2.9999959468841553
1.1850000619888306,0.9900001287460327,2.9999964237213135
1.156999945640564,0.9839999675750732,3.000005006790161
1.08899986743927,0.9940000772476196,3.0000014305114746
1.1319999694824219,0.9870001077651978,3.000005006790161
1.0989998579025269,0.9910000562667847,3.0000057220458984
1.2279999256134033,0.9950000643730164,2.9999992847442627
1.4960001707077026,0.9860000014305115,2.9999988079071045
1.2960000038146973,0.9840000867843628,2.9999983310699463
1.2160000801086426,0.9910001158714294,2.999992847442627
1.0860000848770142,0.9940000772476196,3.0000059604644775
1.1010000705718994,0.9930000901222229,3.0000057220458984
1.1040000915527344,0.9950000643730164,2.9999985694885254
1.2470000982284546,0.9880000352859497,3.0000038146972656
1.2660001516342163,0.9920000433921814,3.000000238418579
1.3840000629425049,0.9810000061988831,3.0000057220458984
1.1699999570846558,0.9900000095367432,3.0000061988830566
1.9620000123977661,0.968999981880188,3.0
1.1220000982284546,0.9920000433921814,3.0000057220458984
1.0410000085830688,0.9950000643730164,3.0000059604644775
1.124000072479248,0.9940000772476196,3.0000059604644775
1.1050000190734863,0.9930000305175781,3.0000057220458984
1.3869999647140503,0.9829999804496765,3.000002384185791
2.1679999828338623,0.9679999947547913,2.9999985694885254
1.3389999866485596,0.9930000901222229,3.0000040531158447
1.1799999475479126,0.9930000901222229,3.0000035762786865
1.1540000438690186,0.9920001029968262,3.0000059604644775
1.5329999923706055,0.9789999723434448,2.9999985694885254
1.2110000848770142,0.9869999885559082,3.0000040531158447
1.1119999885559082,0.9950000643730164,3.0000014305114746
1.091999888420105,0.9950000643730164,3.0000059604644775
1.5530000925064087,0.9739999771118164,3.0000052452087402
1.1389999389648438,0.9909999966621399,3.0000054836273193
1.187999963760376,0.9900000691413879,3.0000057220458984
1.2450000047683716,0.9860000014305115,3.0000061988830566
1.437000036239624,0.984000027179718,2.999999523162842
1.3300000429153442,0.9800000786781311,3.0000016689300537
1.5250000953674316,0.9759999513626099,3.0000059604644775
1.0760000944137573,0.9940000772476196,3.0000052452087402
1.1729999780654907,0.9890000224113464,3.0000009536743164
1.0709999799728394,0.9910001158714294,3.0000052452087402
1.1049998998641968,0.9930000901222229,3.0000014305114746
1.4189999103546143,0.9869999289512634,2.9999945163726807
1.9180001020431519,0.966999888420105,2.9999964237213135
1.5660001039505005,0.9799999594688416,2.999999523162842
1.3440001010894775,0.9789999723434448,2.9999966621398926
1.2700001001358032,0.9940000772476196,3.0
1.1890000104904175,0.9900000691413879,3.0000057220458984
1.2420001029968262,0.9860000610351562,2.999997615814209
1.1549999713897705,0.9920001029968262,3.0000007152557373
1.1990000009536743,0.9859999418258667,3.0000059604644775
1.2599998712539673,0.9890000224113464,2.999995708465576
1.3759998083114624,0.9800000190734863,3.000002861022949
1.2970000505447388,0.9880000352859497,3.0000054836273193
1.3279999494552612,0.9850000143051147,2.999992609024048
1.3550001382827759,0.9829999208450317,3.0000011920928955
1.527000069618225,0.9780000448226929,2.9999992847442627
1.2360000610351562,0.9869999885559082,2.999992609024048
1.2489999532699585,0.9900000095367432,3.0000057220458984
1.4010000228881836,0.9860000014305115,2.9999938011169434
1.0460001230239868,0.9950000643730164,3.0000057220458984
1.3559998273849487,0.9799999594688416,2.999988317489624
1.123000144958496,0.9900000691413879,3.0000059604644775
1.0839999914169312,0.9940000772476196,3.0000016689300537
1.378000020980835,0.9880000352859497,3.0000011920928955
1.2410001754760742,0.9910000562667847,2.999988317489624
1.1099998950958252,0.9920001029968262,3.0000054836273193
1.2170000076293945,0.9880000352859497,3.0000054836273193
1.091999888420105,0.9900000691413879,3.0000009536743164
1.1299999952316284,0.9930000901222229,3.0000064373016357
1.159000039100647,0.9920001029968262,3.0000057220458984
1.2230000495910645,0.9880000352859497,3.000005006790161
1.1180001497268677,0.9930000901222229,3.0000052452087402
1.375999927520752,0.9890000820159912,3.0000014305114746
1.071000099182129,0.9950000643730164,3.0000014305114746
1.093999981880188,0.9950000643730164,3.0000057220458984
1.1280001401901245,0.9930000901222229,3.0000057220458984
1.2790000438690186,0.9849998950958252,3.0000057220458984
1.061000108718872,0.9940000772476196,3.0000054836273193
1.2390000820159912,0.9940000772476196,2.999988079071045
1.162000060081482,0.9940000772476196,3.0000014305114746
1.2160000801086426,0.9850000143051147,3.0000057220458984
1.0559998750686646,0.9950000643730164,3.0000054836273193
1.1079999208450317,0.9940000772476196,2.999999523162842
1.1250001192092896,0.9940000772476196,2.9999966621398926
1.0679999589920044,0.9950000643730164,3.0000057220458984
1.0659998655319214,0.9930000305175781,3.000004529953003
1.4789999723434448,0.9900000691413879,2.999999523162842
1.317000150680542,0.9950000643730164,2.999995470046997
1.100000023841858,0.9920000433921814,3.0000059604644775
1.156999945640564,0.9880000352859497,3.0000064373016357
1.2860000133514404,0.9880000352859497,2.999999761581421
1.5379999876022339,0.9820000529289246,2.999997854232788
1.2149999141693115,0.9869999885559082,3.000001907348633
1.1080000400543213,0.9930000901222229,3.0000057220458984
1.3000000715255737,0.9890000224113464,2.999990701675415
1.3309998512268066,0.9860000014305115,3.0000014305114746
1.312000036239624,0.9880000352859497,3.0000038146972656
1.0679999589920044,0.9950000643730164,3.0000054836273193
1.096000075340271,0.9930000901222229,2.999997138977051
1.0399999618530273,0.9950000643730164,3.000005006790161
1.3700000047683716,0.9759999513626099,2.9999923706054688
1.059000015258789,0.9940000772476196,3.0000057220458984
1.1039999723434448,0.9880000352859497,3.0000052452087402
1.0790001153945923,0.9880000352859497,3.000005006790161
1.0719999074935913,0.9900000095367432,3.0000061988830566
1.1089999675750732,0.9950000643730164,3.0000014305114746
1.0859999656677246,0.9930000305175781,2.999997138977051
1.5659998655319214,0.9820000529289246,2.999995470046997
1.0600000619888306,0.9950000643730164,3.0000061988830566
1.0479999780654907,0.9950000643730164,3.0000059604644775
1.7380000352859497,0.9780000448226929,2.999990940093994
1.2990000247955322,0.9900001287460327,2.999999523162842
1.3040000200271606,0.9900001287460327,2.999999761581421
1.2690000534057617,0.9830000400543213,3.0000061988830566
1.1019999980926514,0.9890000820159912,3.0000054836273193
1.0619999170303345,0.9920001029968262,3.0000052452087402
1.1349999904632568,0.9910000562667847,3.0000016689300537
1.2320001125335693,0.9839999675750732,3.0000059604644775
1.2670000791549683,0.9910001158714294,3.0000035762786865
1.0510001182556152,0.9950000643730164,3.000005006790161
1.2179999351501465,0.9880000352859497,2.9999969005584717
1.08899986743927,0.9940000772476196,3.000001907348633
1.5170001983642578,0.9869999885559082,3.0000009536743164
1.1099998950958252,0.9890000224113464,3.0000054836273193
1.1290000677108765,0.9850000143051147,3.0000059604644775
1.0759999752044678,0.9920001029968262,3.000004768371582
1.1419999599456787,0.9950000643730164,2.999997138977051
1.305999994277954,0.9890000224113464,2.9999938011169434
1.1119999885559082,0.9880000352859497,2.9999961853027344
1.085999846458435,0.9940000772476196,3.0000054836273193
1.8359999656677246,0.9829999804496765,3.00000262260437
1.4190000295639038,0.9819999933242798,3.0000009536743164
1.2450001239776611,0.9880000352859497,2.9999923706054688
1.099000096321106,0.9890000224113464,3.0000059604644775
1.1340000629425049,0.9890000224113464,3.0000059604644775
1.2610000371932983,0.9799999594688416,3.000001907348633
1.159999966621399,0.9890000224113464,3.0000061988830566
1.0679999589920044,0.9950000643730164,3.0000061988830566
1.0419999361038208,0.9930000901222229,3.0000054836273193
1.090999960899353,0.9920001029968262,3.0000061988830566
1.1699999570846558,0.9910001158714294,2.99999737739563
1.1499998569488525,0.9900000691413879,2.999988555908203
1.152999997138977,0.9880000948905945,2.999997138977051
1.1160000562667847,0.9869999289512634,3.0000054836273193
1.253000020980835,0.9950000643730164,2.999998092651367
1.1129999160766602,0.9930000305175781,3.0000052452087402
1.1200000047683716,0.9950000643730164,3.0000057220458984
1.097000002861023,0.9940000772476196,2.9999964237213135
1.0329999923706055,0.9950000643730164,3.000004768371582
1.121999979019165,0.9920001029968262,3.000005006790161
1.1150001287460327,0.98499995470047,3.0000054836273193
1.0740000009536743,0.9920001029968262,3.0000011920928955
1.0359998941421509,0.9950000643730164,3.000005006790161
1.1050000190734863,0.9940000772476196,3.0000052452087402
1.1679999828338623,0.9879999756813049,3.0000052452087402
1.1380000114440918,0.9950000643730164,2.9999966621398926
1.1350001096725464,0.9890000224113464,3.0000052452087402
1.1469999551773071,0.9920001029968262,2.99999737739563
1.064000129699707,0.9950000643730164,3.0000052452087402
1.2960000038146973,0.9849998950958252,2.9999969005584717
1.0739998817443848,0.9950000643730164,3.0000059604644775
1.0549999475479126,0.9930000901222229,3.0000054836273193
1.187999963760376,0.9900001287460327,3.0000052452087402
1.1050000190734863,0.9920000433921814,3.0000054836273193
1.2000000476837158,0.9950000643730164,2.999997854232788
1.1169999837875366,0.9890000820159912,2.99999737739563
1.1039999723434448,0.9930000901222229,2.999997138977051
1.0490000247955322,0.9940000772476196,3.0000054836273193
1.084999918937683,0.9900000691413879,3.0000057220458984
1.1839998960494995,0.9900001287460327,3.0000016689300537
1.4030001163482666,0.9819999933242798,2.999997854232788
1.0490000247955322,0.9950000643730164,3.000005006790161
1.157999873161316,0.9900000095367432,2.999999761581421
1.1910001039505005,0.9910001158714294,3.0000038146972656
1.1109999418258667,0.9890000224113464,3.0000059604644775
1.1470000743865967,0.9900000691413879,2.99999737739563
1.130000114440918,0.9890000820159912,2.999997138977051
1.250999927520752,0.9840000867843628,2.9999969005584717
1.3089998960494995,0.9880000352859497,2.999998092651367
1.156000018119812,0.9850000739097595,3.000005006790161
1.0870000123977661,0.9890000224113464,3.0000054836273193
1.0889999866485596,0.9920001029968262,3.0000064373016357
1.1689999103546143,0.9869999885559082,3.000005006790161
1.2070000171661377,0.9900000691413879,3.0000059604644775
1.0790001153945923,0.9930000901222229,3.0000061988830566
1.1349999904632568,0.9920000433921814,2.9999964237213135
1.1180000305175781,0.9950000643730164,3.0000040531158447
1.0929999351501465,0.9950000643730164,3.0000014305114746
1.0820000171661377,0.9930000901222229,3.0000054836273193
1.0889999866485596,0.9900000691413879,3.0000057220458984
1.0509999990463257,0.9940000772476196,3.000004768371582
1.1089999675750732,0.9930000901222229,2.999997138977051
1.093999981880188,0.9920001029968262,3.0000059604644775
1.2149999141693115,0.9879999756813049,2.9999923706054688
1.2380000352859497,0.9850000739097595,3.0000016689300537
1.1120001077651978,0.9900000691413879,2.9999966621398926
1.0519999265670776,0.9950000643730164,3.0000057220458984
1.1510000228881836,0.987000048160553,2.999997138977051
1.1069999933242798,0.9940000772476196,3.0000057220458984
1.121999979019165,0.9890000820159912,3.0000057220458984
1.2960001230239868,0.9890000820159912,3.0000030994415283
1.0579999685287476,0.9950000643730164,3.000004529953003
1.0939998626708984,0.9889999628067017,3.0000052452087402
1.1309999227523804,0.9880000352859497,3.0000059604644775
1.1510000228881836,0.9879999756813049,3.0000059604644775
1.090000033378601,0.9910000562667847,3.0000052452087402
1.0830000638961792,0.9910001158714294,3.0000057220458984
1.059999942779541,0.9930000901222229,3.0000057220458984
1.084999918937683,0.9920000433921814,3.0000064373016357
1.1100000143051147,0.9940000772476196,3.0000057220458984
1.0419999361038208,0.9940000772476196,3.0000054836273193
1.0719999074935913,0.9930000901222229,3.000004768371582
1.1759999990463257,0.9880000352859497,3.0000059604644775
1.0439999103546143,0.9940000772476196,3.000005006790161
1.1610000133514404,0.9900001287460327,2.9999964237213135
1.1740000247955322,0.987000048160553,3.0000007152557373
1.0789999961853027,0.9920000433921814,3.0000052452087402
1.0739998817443848,0.9930000901222229,3.0000014305114746
1.1090000867843628,0.9900000691413879,3.0000054836273193
1.0899999141693115,0.9950000643730164,2.999999523162842
1.1109999418258667,0.9910000562667847,3.0000054836273193
1.0789999961853027,0.9940000772476196,3.0000059604644775
1.0559998750686646,0.9950000643730164,3.0000054836273193
1.0670000314712524,0.9890000820159912,3.000004768371582
1.0920000076293945,0.9900001287460327,3.0000054836273193
1.0520000457763672,0.9950000643730164,3.0000011920928955
1.0759999752044678,0.9900001287460327,3.000004768371582
1.0789999961853027,0.9880000352859497,3.0000052452087402
1.1329998970031738,0.9880000352859497,3.0000052452087402
1.062999963760376,0.9950000643730164,3.000005006790161
1.1279999017715454,0.9930000901222229,3.0000057220458984
1.0899999141693115,0.9880000352859497,3.0000054836273193
1.0430001020431519,0.9930000901222229,3.0000057220458984
1.0260000228881836,0.9940000772476196,3.0000052452087402
1.0750000476837158,0.9930000901222229,3.0000054836273193
1.0540001392364502,0.9950000643730164,3.0000054836273193
1.180999994277954,0.9950000643730164,2.999997138977051
1.031000018119812,0.9950000643730164,3.0000057220458984
1.029000163078308,0.9950000643730164,3.000004768371582
1.0999999046325684,0.9869999885559082,3.0000054836273193
1.031999945640564,0.9940000772476196,3.0000052452087402
1.0589998960494995,0.9910001158714294,3.000004529953003
1.037000060081482,0.9909999966621399,3.000004768371582
