1.0729999542236328,0.9920001029968262,1.0960001945495605
1.063999891281128,0.9950000643730164,1.096000075340271
1.222000002861023,0.9960000514984131,1.0959997177124023
1.121000051498413,0.9920001029968262,1.0960001945495605
1.031000018119812,0.9960000514984131,1.0959999561309814
1.0740001201629639,0.9960000514984131,1.096000075340271
1.068000078201294,0.9960000514984131,1.0959999561309814
1.1290000677108765,0.9920000433921814,1.096000075340271
1.36899995803833,0.9900000691413879,1.096000075340271
1.0840001106262207,0.9960000514984131,1.0959995985031128
1.414000153541565,0.9910000562667847,1.0959999561309814
1.255000114440918,0.9910000562667847,1.0959999561309814
1.2470000982284546,0.9920001029968262,1.096000075340271
1.0509999990463257,0.9960000514984131,1.095999836921692
1.0469999313354492,0.9960000514984131,1.095999836921692
1.1070001125335693,0.9909999966621399,1.096000075340271
1.0430001020431519,0.9960000514984131,1.095999836921692
1.0380001068115234,0.9960000514984131,1.0960001945495605
1.0759999752044678,0.9960000514984131,1.095999836921692
1.0509999990463257,0.9960000514984131,1.096000075340271
1.0549999475479126,0.9960000514984131,1.0960001945495605
1.0549999475479126,0.9960000514984131,1.096000075340271
1.0499998331069946,0.9960000514984131,1.0959999561309814
1.0459998846054077,0.9960000514984131,1.0960001945495605
1.0540000200271606,0.9920000433921814,1.0959999561309814
1.024999976158142,0.9960000514984131,1.0959999561309814
1.0419999361038208,0.9920001029968262,1.0959999561309814
1.0360000133514404,0.9960000514984131,1.096000075340271
1.027000069618225,0.9960000514984131,1.095999836921692
1.0460000038146973,0.9920001029968262,1.095999836921692
1.0260000228881836,0.9960000514984131,1.095999836921692
1.027000069618225,0.9960000514984131,1.095999836921692
