7
443
525
1011
719
230
1067
683
196
305
494
887
651
930
125
91
1014
111
996
558
655
477
285
542
520
1076
313
50
289
447
103
907
144
825
283
398
198
586
715
959
588
815
1044
771
682
64
640
387
623
943
860
989
476
1007
972
593
315
26
71
483
345
386
992
421
656
487
844
1062
789
250
753
731
506
914
287
418
700
854
2
429
573
839
674
79
378
270
942
689
323
946
692
33
761
420
823
787
342
973
995
1001
864
734
255
267
327
150
929
1039
218
214
295
806
871
752
257
360
181
1055
960
773
328
637
634
609
621
507
1051
362
238
709
624
967
16
59
969
4
235
644
294
197
40
851
581
559
240
249
790
949
300
954
664
94
205
758
440
355
604
331
1071
697
18
998
415
213
311
251
560
886
209
599
310
368
90
672
669
867
436
138
278
994
445
326
896
589
910
170
1023
140
1027
119
490
194
512
428
1019
628
974
1008
941
746
614
229
1022
800
769
1063
120
750
192
557
970
388
298
831
224
569
908
223
107
383
405
123
42
882
893
977
861
538
20
168
770
394
334
211
1031
693
633
28
730
239
757
147
598
167
927
685
434
740
641
374
51
675
92
497
1072
73
515
109
286
422
717
901
663
332
301
776
509
807
539
95
98
136
920
404
370
514
234
852
639
915
702
36
710
909
570
391
453
254
804
116
881
968
779
555
87
479
357
392
549
794
691
190
157
460
523
504
275
880
195
88
435
550
465
409
751
950
346
482
226
534
982
643
993
876
330
814
820
30
1070
551
1003
61
1026
571
126
923
997
47
537
425
898
188
417
431
987
320
161
748
837
451
372
677
290
222
78
723
607
399
902
775
774
77
426
414
608
291
795
965
377
128
1
356
364
684
265
13
840
155
462
65
52
470
351
516
983
245
518
793
148
279
210
688
173
546
324
160
464
11
894
1054
934
1015
236
276
6
304
918
613
848
699
849
23
583
626
100
764
384
857
149
925
1005
945
350
1041
108
141
889
532
496
718
498
653
389
60
379
1000
796
822
441
450
202
878
321
1030
385
473
10
363
1073
261
922
176
185
961
817
991
137
437
124
819
177
246
540
600
842
489
737
541
670
1049
647
938
866
706
809
174
756
307
916
566
135
985
237
308
741
274
187
714
309
17
562
879
765
579
41
122
0
733
574
592
382
799
1045
707
940
253
9
687
667
180
1036
508
645
154
694
554
93
104
783
596
612
344
1012
296
767
716
171
369
227
986
1013
39
853
535
430
1032
348
221
375
252
1002
956
1035
511
186
381
12
1016
891
1020
897
159
247
666
220
31
365
325
953
627
1060
657
306
271
266
928
933
1059
424
48
703
522
877
152
232
547
754
1034
919
829
587
510
401
118
358
649
38
856
269
153
785
112
601
1065
528
457
725
32
635
478
980
620
406
499
605
1064
8
273
284
786
201
1033
638
329
661
964
143
885
947
988
277
990
805
865
203
911
132
744
618
74
745
722
1077
354
454
449
502
444
68
673
200
82
219
1075
467
843
690
979
548
584
199
1042
99
827
412
936
402
413
14
578
797
912
594
403
845
552
456
501
958
1021
452
70
260
15
179
739
169
629
166
595
1061
924
442
631
892
455
926
517
84
468
1057
131
474
1018
735
1066
830
527
259
869
978
438
713
1050
606
397
616
21
732
712
760
208
359
480
503
191
204
5
567
117
870
591
1040
782
241
524
35
85
293
341
966
162
975
243
895
110
590
258
1004
536
742
400
481
939
747
553
178
163
1009
818
1043
778
158
22
96
459
1024
333
376
597
695
531
193
888
777
671
281
352
215
824
679
801
533
659
603
1052
244
288
127
367
759
812
984
721
868
233
212
97
648
816
826
66
1069
1028
821
1053
803
781
937
484
299
561
423
165
658
46
890
917
