1.0850000381469727,0.9910001158714294,3.000005006790161
1.190999984741211,0.9910001158714294,2.999992609024048
1.996999979019165,0.9769999980926514,2.9999914169311523
1.2489999532699585,0.9930000901222229,2.9999969005584717
1.1829999685287476,0.9920001029968262,2.999997138977051
1.180999994277954,0.9900000095367432,3.0000057220458984
1.1410000324249268,0.9900000691413879,2.99999737739563
1.1279999017715454,0.9920000433921814,3.0000057220458984
1.2249999046325684,0.9900000095367432,3.0000059604644775
1.2510000467300415,0.9860000610351562,3.0000030994415283
1.1119999885559082,0.9879999756813049,3.0000059604644775
1.1530001163482666,0.9900001287460327,3.0000057220458984
1.3229999542236328,0.9900001287460327,3.000004291534424
1.2179999351501465,0.984000027179718,3.0000059604644775
1.2339999675750732,0.984000027179718,2.9999966621398926
4.37600040435791,0.9340000152587891,3.000002861022949
1.3549998998641968,0.9910000562667847,3.000002384185791
1.071000099182129,0.9940000772476196,3.0000064373016357
1.2349998950958252,0.9880000352859497,2.999997138977051
1.0520000457763672,0.9950000643730164,3.0000059604644775
1.055999994277954,0.9950000643730164,3.0000052452087402
1.0810000896453857,0.9950000643730164,3.0000054836273193
1.121000051498413,0.9930000901222229,3.0000011920928955
1.2220001220703125,0.9950000643730164,3.0
1.0799999237060547,0.9940000772476196,3.0000052452087402
2.630000352859497,0.9679999351501465,3.000002861022949
1.225000023841858,0.987000048160553,3.00000262260437
1.215000033378601,0.987000048160553,2.9999969005584717
1.3070000410079956,0.9910000562667847,2.9999964237213135
1.4550000429153442,0.9839999675750732,3.0000014305114746
1.068000078201294,0.9930000901222229,3.0000054836273193
1.4730000495910645,0.9900000691413879,2.999995231628418
1.440000057220459,0.9850000739097595,2.9999969005584717
2.9260001182556152,0.9649999737739563,2.999990940093994
1.5720000267028809,0.9859999418258667,2.999990940093994
1.8870000839233398,0.9809999465942383,2.99999737739563
2.509999990463257,0.9709999561309814,2.9999992847442627
1.1800001859664917,0.9900001287460327,3.0000057220458984
1.2269999980926514,0.9900001287460327,3.0000014305114746
1.9500000476837158,0.965999960899353,2.9999985694885254
1.9850000143051147,0.9729999303817749,2.9999914169311523
1.191999912261963,0.9890000224113464,3.0000016689300537
2.0390000343322754,0.9760000109672546,2.999995470046997
1.2000001668930054,0.9900000095367432,3.0000014305114746
1.2019999027252197,0.9890000820159912,2.9999969005584717
3.806999921798706,0.9420000314712524,3.0000016689300537
1.1570000648498535,0.9900001287460327,3.0000054836273193
1.1460000276565552,0.9930000901222229,3.0000040531158447
1.1869999170303345,0.9920001029968262,2.999988079071045
1.2209999561309814,0.9829999804496765,3.0000011920928955
1.0930001735687256,0.9950000643730164,3.0000059604644775
1.0590001344680786,0.9930000305175781,3.0000061988830566
1.941999912261963,0.968999981880188,3.0000030994415283
1.2289999723434448,0.9869999885559082,3.0000057220458984
1.3269999027252197,0.9860000610351562,2.9999969005584717
1.311000108718872,0.987000048160553,3.000004291534424
1.1679998636245728,0.9920000433921814,3.0000052452087402
1.0799999237060547,0.9940000772476196,3.0000059604644775
1.3130000829696655,0.9880000352859497,3.000004291534424
1.0239999294281006,0.9950000643730164,3.000004768371582
1.2980000972747803,0.9850000143051147,3.0000011920928955
1.6740000247955322,0.9850000143051147,2.9999966621398926
1.2660000324249268,0.987000048160553,2.9999969005584717
1.2419999837875366,0.9930000901222229,3.0000040531158447
1.2919999361038208,0.9839999675750732,3.0000059604644775
1.1629999876022339,0.9940000772476196,2.999997138977051
1.1030000448226929,0.9940000772476196,3.0000057220458984
1.8969999551773071,0.9850000143051147,2.9999966621398926
1.318000078201294,0.9900000095367432,2.9999969005584717
1.085999846458435,0.9950000643730164,3.0000061988830566
1.0509999990463257,0.9950000643730164,3.0000052452087402
1.1899999380111694,0.9950000643730164,2.999990701675415
1.2110000848770142,0.9869999885559082,3.0000059604644775
1.2269999980926514,0.9860000610351562,3.0000009536743164
1.1669999361038208,0.9930000305175781,3.000002861022949
1.2330000400543213,0.9930000901222229,2.999988079071045
1.6139999628067017,0.984000027179718,2.9999988079071045
1.128999948501587,0.9880000352859497,2.9999969005584717
1.0830000638961792,0.9940000772476196,2.9999966621398926
1.2370001077651978,0.9930000305175781,2.9999992847442627
1.3260000944137573,0.9900001287460327,2.999992847442627
1.16100013256073,0.9950000643730164,3.000005006790161
1.1320000886917114,0.9930000901222229,3.0000059604644775
1.1970000267028809,0.9950000643730164,2.999995470046997
1.2929999828338623,0.9839999675750732,3.0000014305114746
1.9270001649856567,0.9750000238418579,2.9999911785125732
1.0859999656677246,0.9950000643730164,3.0000059604644775
1.3289998769760132,0.9900000095367432,3.0000009536743164
1.1500000953674316,0.9950000643730164,3.000002145767212
1.0759998559951782,0.9950000643730164,3.0000059604644775
1.1579999923706055,0.9910000562667847,3.0000040531158447
1.1369999647140503,0.9920000433921814,3.000006675720215
1.0870001316070557,0.9950000643730164,3.0000061988830566
1.0279998779296875,0.9950000643730164,3.0000052452087402
1.2899999618530273,0.9900000691413879,2.9999969005584717
1.218999981880188,0.9910001158714294,2.999992609024048
1.0870000123977661,0.9950000643730164,3.000005006790161
1.1319999694824219,0.9920000433921814,3.0000061988830566
1.1660000085830688,0.9880000352859497,3.0000059604644775
1.0449999570846558,0.9950000643730164,3.0000059604644775
1.1959999799728394,0.9839999675750732,3.0000052452087402
1.190999984741211,0.9869999885559082,3.0000057220458984
1.2690000534057617,0.9829999208450317,3.0000011920928955
1.4779999256134033,0.9779999852180481,2.999992609024048
1.122999906539917,0.9900001287460327,3.0000057220458984
1.4420000314712524,0.9799999594688416,2.999992609024048
3.682000160217285,0.9740000367164612,2.9999966621398926
1.5600000619888306,0.9750000238418579,3.0000035762786865
1.128000020980835,0.9910001158714294,3.0000052452087402
1.2289999723434448,0.9890000224113464,3.0000011920928955
1.255000114440918,0.9930000901222229,3.000002145767212
1.065999984741211,0.9940000772476196,3.0000016689300537
1.2110002040863037,0.9900000095367432,3.0000011920928955
1.1699999570846558,0.9880000352859497,3.0000011920928955
1.1049998998641968,0.9920001029968262,3.0000059604644775
1.1330000162124634,0.9930000901222229,3.0000059604644775
1.152999997138977,0.9890000820159912,3.0000035762786865
1.4820001125335693,0.9839999079704285,2.99999737739563
1.5000001192092896,0.9839999079704285,2.9999969005584717
1.0760000944137573,0.9950000643730164,3.0000054836273193
1.2669999599456787,0.9900000691413879,3.000002145767212
1.251000165939331,0.9840000867843628,2.999995470046997
1.4700000286102295,0.9810000658035278,2.999999761581421
1.1010000705718994,0.9920001029968262,3.000005006790161
1.7109999656677246,0.9709999561309814,2.9999923706054688
1.3299999237060547,0.9850000143051147,3.0000054836273193
1.344000220298767,0.9940000772476196,2.9999935626983643
2.1489999294281006,0.9839999079704285,2.9999969005584717
2.1510000228881836,0.981999933719635,2.9999935626983643
1.1329998970031738,0.9950000643730164,2.999997138977051
1.1329998970031738,0.9920001029968262,3.0000014305114746
1.537000060081482,0.984000027179718,2.9999969005584717
1.6330000162124634,0.9860000014305115,2.9999935626983643
2.1720001697540283,0.9700000286102295,2.9999899864196777
1.193000078201294,0.9869999885559082,3.0000011920928955
1.1880000829696655,0.987000048160553,3.0000057220458984
1.4210000038146973,0.9760000109672546,3.0000040531158447
1.2620000839233398,0.9910000562667847,2.999992847442627
1.274999976158142,0.9829999804496765,3.0000059604644775
1.318000078201294,0.9849998950958252,3.0000014305114746
1.3280000686645508,0.9849998950958252,3.0000014305114746
1.165000081062317,0.9950000643730164,3.0000059604644775
1.3480000495910645,0.9900000095367432,2.9999966621398926
1.3990000486373901,0.9930000901222229,2.9999988079071045
1.3730000257492065,0.9820000529289246,3.00000262260437
1.4279999732971191,0.9859999418258667,3.000004529953003
1.3040001392364502,0.987000048160553,3.0000057220458984
1.0640000104904175,0.9930000901222229,3.0000054836273193
1.4879999160766602,0.9819999933242798,2.9999961853027344
1.1039998531341553,0.9930000901222229,3.0000059604644775
1.1320000886917114,0.9900000691413879,3.0000061988830566
1.249000072479248,0.9910001158714294,3.0000040531158447
1.1029999256134033,0.9950000643730164,3.0000052452087402
1.283000111579895,0.9950000643730164,2.999988317489624
1.3309998512268066,0.987000048160553,3.0000061988830566
1.1269999742507935,0.9920000433921814,3.0000057220458984
1.0959999561309814,0.9930000901222229,3.0000059604644775
1.1299999952316284,0.9940000772476196,3.0000052452087402
1.2110000848770142,0.9860000014305115,3.0000011920928955
1.2070001363754272,0.9850000143051147,3.0000057220458984
1.3380000591278076,0.981999933719635,3.0000016689300537
1.4870001077651978,0.9790000319480896,2.999999523162842
1.2409999370574951,0.9850000143051147,2.9999964237213135
1.1759999990463257,0.9880000948905945,2.999997138977051
1.1269999742507935,0.9880000352859497,3.0000054836273193
1.406000018119812,0.9789999723434448,2.999999761581421
1.5130000114440918,0.9809999465942383,3.000004529953003
1.3550001382827759,0.9799999594688416,3.0000011920928955
1.3240000009536743,0.9900000691413879,2.999992847442627
1.2730001211166382,0.9829999804496765,2.9999964237213135
1.098000168800354,0.9930000305175781,3.0000059604644775
1.0640000104904175,0.9950000643730164,3.0000054836273193
1.1409999132156372,0.9940000772476196,2.99999737739563
1.1390000581741333,0.9930000901222229,3.0000059604644775
1.1410001516342163,0.9920001029968262,3.0000059604644775
1.3860000371932983,0.9819999933242798,2.999999761581421
1.2640000581741333,0.9890000224113464,3.000004291534424
1.209999918937683,0.9829999804496765,3.0000061988830566
1.2740000486373901,0.9799999594688416,3.0000061988830566
1.0780000686645508,0.9950000643730164,3.0000061988830566
1.4329999685287476,0.9900000691413879,2.9999983310699463
1.065999984741211,0.9950000643730164,3.0000054836273193
1.0470000505447388,0.9920001029968262,3.0000054836273193
1.1449999809265137,0.9890000224113464,3.0000007152557373
1.1959999799728394,0.9880000352859497,3.000000476837158
1.6660000085830688,0.9829999804496765,3.00000262260437
1.0790001153945923,0.9909999966621399,3.0000057220458984
1.1559998989105225,0.9920001029968262,3.0000057220458984
1.180999994277954,0.9860000014305115,3.0000057220458984
1.4580000638961792,0.9830000400543213,3.0000011920928955
1.1629999876022339,0.9930000305175781,3.0000011920928955
1.871000051498413,0.9749999642372131,3.0
1.1130001544952393,0.9930000901222229,3.0000059604644775
1.5549999475479126,0.9790000319480896,2.999988079071045
1.1349999904632568,0.9940000772476196,3.000001907348633
1.1209999322891235,0.9950000643730164,2.999997138977051
1.5189999341964722,0.9779999256134033,3.000004529953003
1.0890001058578491,0.9920001029968262,3.0000052452087402
1.540000081062317,0.9859999418258667,3.0000040531158447
1.656000018119812,0.9849998950958252,3.000004529953003
1.8250000476837158,0.9859999418258667,3.000000238418579
1.1820000410079956,0.984000027179718,3.0000059604644775
1.3960001468658447,0.9799999594688416,3.0
1.3739999532699585,0.9769999980926514,3.0000052452087402
1.0789999961853027,0.9910000562667847,3.0000057220458984
1.2649999856948853,0.9940000772476196,2.9999876022338867
1.1410000324249268,0.9920000433921814,3.0000059604644775
1.0589998960494995,0.9940000772476196,3.000005006790161
1.0459998846054077,0.9950000643730164,3.0000059604644775
2.692000150680542,0.972000002861023,2.999995470046997
2.195000171661377,0.9849998950958252,3.0000009536743164
1.1010000705718994,0.9930000901222229,2.9999964237213135
1.3050000667572021,0.9839999675750732,3.0000054836273193
1.0950000286102295,0.9900001287460327,3.0000057220458984
1.152999997138977,0.9910000562667847,3.0000057220458984
1.4800000190734863,0.9709999561309814,3.0000059604644775
1.13100004196167,0.9910000562667847,3.0000057220458984
1.2300000190734863,0.9910000562667847,2.999992609024048
1.3249999284744263,0.9829999804496765,2.999988079071045
1.3340001106262207,0.9930000901222229,2.9999964237213135
1.1680001020431519,0.9900000691413879,3.0000057220458984
1.1530001163482666,0.9920000433921814,3.0000059604644775
1.1070001125335693,0.9910001158714294,3.0000057220458984
1.3030000925064087,0.9869999885559082,2.9999969005584717
1.4089999198913574,0.9799999594688416,2.9999921321868896
1.1720001697540283,0.9890000224113464,3.0000052452087402
1.1660000085830688,0.9870001077651978,3.0000061988830566
1.125,0.9930000901222229,3.0000052452087402
1.1110000610351562,0.9900000095367432,3.0000054836273193
1.1460001468658447,0.9860000014305115,3.000001907348633
1.1430001258850098,0.9900000691413879,3.0000007152557373
1.090000033378601,0.9950000643730164,3.0000057220458984
1.2300000190734863,0.9860000610351562,3.0000057220458984
1.2539998292922974,0.9859999418258667,3.0000054836273193
1.4989999532699585,0.9879999756813049,2.999997138977051
1.2939999103546143,0.9880000352859497,3.0000033378601074
2.0950000286102295,0.9819999933242798,2.99999737739563
1.065000057220459,0.9930000901222229,3.0000052452087402
1.0800000429153442,0.9890000820159912,3.0000059604644775
1.1950000524520874,0.9839999079704285,3.0000014305114746
1.4229999780654907,0.9869999885559082,3.00000262260437
1.3990000486373901,0.9910001158714294,2.9999985694885254
1.3139997720718384,0.9920001029968262,2.9999938011169434
1.0720000267028809,0.9920001029968262,3.0000054836273193
1.068000078201294,0.9930000305175781,3.0000057220458984
1.0459998846054077,0.9940000772476196,3.0000052452087402
1.1520001888275146,0.9860000014305115,3.000005006790161
1.440000057220459,0.9800000190734863,3.0000011920928955
1.0749999284744263,0.9880000352859497,3.000004768371582
1.1629999876022339,0.9890000224113464,3.0000064373016357
1.068000078201294,0.9909999966621399,3.0000052452087402
1.1060000658035278,0.9910000562667847,3.0000061988830566
1.4140000343322754,0.9739999771118164,3.0000009536743164
1.0940001010894775,0.9920001029968262,3.0000057220458984
1.2020000219345093,0.9860000014305115,2.9999969005584717
1.2930001020431519,0.9880000948905945,2.9999969005584717
1.3339999914169312,0.9850000739097595,2.9999959468841553
1.1700000762939453,0.9900001287460327,2.9999969005584717
1.1549999713897705,0.9839999675750732,3.000005006790161
1.0709998607635498,0.9940000772476196,3.0000061988830566
1.1290000677108765,0.9870001077651978,3.000005006790161
1.0929999351501465,0.9910000562667847,3.0000059604644775
1.222999930381775,0.9950000643730164,2.9999992847442627
1.4900001287460327,0.9860000014305115,2.9999990463256836
1.274999976158142,0.9840000867843628,2.9999983310699463
1.218000054359436,0.9910001158714294,2.999992609024048
1.0809999704360962,0.9940000772476196,3.0000059604644775
1.0940001010894775,0.9930000901222229,3.0000059604644775
1.090000033378601,0.9950000643730164,2.9999988079071045
1.2040001153945923,0.9880000352859497,3.0000057220458984
1.251000165939331,0.9920000433921814,3.0
1.3730000257492065,0.9810000061988831,3.0000057220458984
1.1649999618530273,0.9900000095367432,3.0000061988830566
1.9519999027252197,0.968999981880188,2.999999761581421
1.1190000772476196,0.9920000433921814,3.0000061988830566
1.040000081062317,0.9950000643730164,3.0000059604644775
1.121000051498413,0.9940000772476196,3.0000059604644775
1.068000078201294,0.9930000305175781,3.0000057220458984
1.3849999904632568,0.9829999804496765,3.000002384185791
2.1500000953674316,0.9679999947547913,2.999995470046997
1.3240000009536743,0.9930000901222229,3.0000040531158447
1.1749999523162842,0.9930000901222229,3.0000035762786865
1.152000069618225,0.9920001029968262,3.0000059604644775
1.5329999923706055,0.9789999723434448,2.9999942779541016
1.1790000200271606,0.9869999885559082,3.0000016689300537
1.1079999208450317,0.9950000643730164,2.9999969005584717
1.085999846458435,0.9950000643730164,3.0000059604644775
1.5099999904632568,0.9739999771118164,3.0000052452087402
1.121999979019165,0.9909999966621399,3.0000057220458984
1.1750000715255737,0.9900000691413879,3.0000057220458984
1.2430000305175781,0.9860000014305115,3.0000061988830566
1.4240001440048218,0.984000027179718,2.999999523162842
1.3280000686645508,0.9800000786781311,2.99999737739563
1.504000186920166,0.9759999513626099,3.0000057220458984
1.0750000476837158,0.9940000772476196,3.0000052452087402
1.156000018119812,0.9890000224113464,3.0000014305114746
1.0709999799728394,0.9910001158714294,3.0000052452087402
1.097999930381775,0.9930000901222229,3.0000014305114746
1.4149999618530273,0.9869999289512634,2.9999945163726807
1.8320000171661377,0.966999888420105,2.9999966621398926
1.5150001049041748,0.9799999594688416,2.999999523162842
1.3290001153945923,0.9789999723434448,2.9999969005584717
1.2540000677108765,0.9940000772476196,2.999999761581421
1.1899999380111694,0.9900000691413879,3.0000057220458984
1.2380000352859497,0.9860000610351562,2.999997138977051
1.1309999227523804,0.9920001029968262,3.0000054836273193
1.2009999752044678,0.9859999418258667,3.0000061988830566
1.2339998483657837,0.9890000224113464,2.999995708465576
1.3759998083114624,0.9800000190734863,3.0000030994415283
1.2920000553131104,0.9880000352859497,3.0000054836273193
1.3270000219345093,0.9850000143051147,2.999997138977051
1.3390001058578491,0.9829999208450317,3.0000011920928955
1.5200001001358032,0.9780000448226929,2.9999990463256836
1.2290000915527344,0.9869999885559082,2.999992609024048
1.2380000352859497,0.9900000095367432,3.0000057220458984
1.3830000162124634,0.9860000014305115,2.9999942779541016
1.0430001020431519,0.9950000643730164,3.0000064373016357
1.3579999208450317,0.9799999594688416,2.999988317489624
1.1140000820159912,0.9900000691413879,3.0000057220458984
1.0759999752044678,0.9940000772476196,3.000001907348633
1.347000002861023,0.9880000352859497,2.9999966621398926
1.2400001287460327,0.9910000562667847,2.999988079071045
1.1079999208450317,0.9920001029968262,3.0000054836273193
1.2089999914169312,0.9880000352859497,3.0000057220458984
1.0829999446868896,0.9900000691413879,3.0000009536743164
1.121000051498413,0.9930000901222229,3.0000061988830566
1.1610000133514404,0.9920001029968262,3.0000059604644775
1.2120001316070557,0.9880000352859497,3.000005006790161
1.1140000820159912,0.9930000901222229,3.0000054836273193
1.3329999446868896,0.9890000820159912,3.0000040531158447
1.0690001249313354,0.9950000643730164,3.0000014305114746
1.0920000076293945,0.9950000643730164,3.0000059604644775
1.121000051498413,0.9930000901222229,3.0000057220458984
1.2689999341964722,0.9849998950958252,3.0000057220458984
1.058000087738037,0.9940000772476196,3.0000057220458984
1.2360000610351562,0.9940000772476196,2.999987840652466
1.1440000534057617,0.9940000772476196,3.0000014305114746
1.215000033378601,0.9850000143051147,3.0000057220458984
1.0529999732971191,0.9950000643730164,3.0000057220458984
1.1050000190734863,0.9940000772476196,2.9999992847442627
1.124000072479248,0.9940000772476196,2.9999966621398926
1.0679999589920044,0.9950000643730164,3.0000057220458984
1.0649999380111694,0.9930000305175781,3.000004529953003
1.4499999284744263,0.9900000691413879,2.999999523162842
1.2810001373291016,0.9950000643730164,2.999995470046997
1.093000054359436,0.9920000433921814,3.0000059604644775
1.156000018119812,0.9880000352859497,3.0000064373016357
1.2730000019073486,0.9880000352859497,2.999999761581421
1.559000015258789,0.9820000529289246,2.999994993209839
1.1629998683929443,0.9869999885559082,3.0000016689300537
1.0870000123977661,0.9930000901222229,3.0000059604644775
1.281000018119812,0.9890000224113464,2.999990940093994
1.3159998655319214,0.9860000014305115,3.0000014305114746
1.2799999713897705,0.9880000352859497,3.0000040531158447
1.062999963760376,0.9950000643730164,3.0000054836273193
1.097000002861023,0.9930000901222229,2.999997138977051
1.0399999618530273,0.9950000643730164,3.000005006790161
1.3579999208450317,0.9759999513626099,2.9999923706054688
1.0520000457763672,0.9940000772476196,3.0000057220458984
1.093000054359436,0.9880000352859497,3.0000052452087402
1.0720001459121704,0.9880000352859497,3.000004768371582
1.066999912261963,0.9900000095367432,3.0000061988830566
1.1060000658035278,0.9950000643730164,3.0000014305114746
1.0679999589920044,0.9930000305175781,2.9999969005584717
1.5089999437332153,0.9820000529289246,2.999995470046997
1.058000087738037,0.9950000643730164,3.0000061988830566
1.0460000038146973,0.9950000643730164,3.0000059604644775
1.6370000839233398,0.9780000448226929,2.999995708465576
1.2860000133514404,0.9900001287460327,2.999999761581421
1.2620000839233398,0.9900001287460327,3.000004291534424
1.2710000276565552,0.9830000400543213,3.0000061988830566
1.1039999723434448,0.9890000820159912,3.0000059604644775
1.0609999895095825,0.9920001029968262,3.0000052452087402
1.1269999742507935,0.9910000562667847,3.0000014305114746
1.2090001106262207,0.9839999675750732,3.0000059604644775
1.253000020980835,0.9910001158714294,3.0000035762786865
1.0460001230239868,0.9950000643730164,3.000005006790161
1.222999930381775,0.9880000352859497,2.9999969005584717
1.0839998722076416,0.9940000772476196,2.99999737739563
1.5340001583099365,0.9869999885559082,3.00000262260437
1.1129999160766602,0.9890000224113464,3.0000057220458984
1.1160000562667847,0.9850000143051147,3.0000059604644775
1.0670000314712524,0.9920001029968262,3.000004768371582
1.1299999952316284,0.9950000643730164,3.0000016689300537
1.287000060081482,0.9890000224113464,2.9999938011169434
1.1039999723434448,0.9880000352859497,3.0000007152557373
1.085999846458435,0.9940000772476196,3.0000054836273193
1.784000039100647,0.9829999804496765,3.0000030994415283
1.4089999198913574,0.9819999933242798,3.0000007152557373
1.192000150680542,0.9880000352859497,2.999992609024048
1.0900001525878906,0.9890000224113464,3.0000059604644775
1.1319999694824219,0.9890000224113464,3.0000057220458984
1.2380000352859497,0.9799999594688416,3.000001907348633
1.1510000228881836,0.9890000224113464,3.0000061988830566
1.065999984741211,0.9950000643730164,3.0000061988830566
1.031999945640564,0.9930000901222229,3.000005006790161
1.0889999866485596,0.9920001029968262,3.0000061988830566
1.1679999828338623,0.9910001158714294,2.999997138977051
1.1439999341964722,0.9900000691413879,2.999988555908203
1.1370000839233398,0.9880000948905945,2.99999737739563
1.1130000352859497,0.9869999289512634,3.0000054836273193
1.2269999980926514,0.9950000643730164,3.000002384185791
1.1159999370574951,0.9930000305175781,3.0000052452087402
1.11899995803833,0.9950000643730164,3.0000057220458984
1.0950000286102295,0.9940000772476196,2.9999961853027344
1.031000018119812,0.9950000643730164,3.000004529953003
1.1089999675750732,0.9920001029968262,3.000005006790161
1.1150001287460327,0.98499995470047,3.0000054836273193
1.065000057220459,0.9920001029968262,3.0000014305114746
1.0339999198913574,0.9950000643730164,3.000005006790161
1.0989999771118164,0.9940000772476196,3.0000057220458984
1.1519999504089355,0.9879999756813049,3.0000052452087402
1.1320000886917114,0.9950000643730164,2.9999969005584717
1.1350001096725464,0.9890000224113464,3.0000052452087402
1.1489999294281006,0.9920001029968262,2.999997138977051
1.0540001392364502,0.9950000643730164,3.000005006790161
1.2889999151229858,0.9849998950958252,2.9999966621398926
1.0679999589920044,0.9950000643730164,3.0000059604644775
1.0439999103546143,0.9930000901222229,3.0000057220458984
1.181999921798706,0.9900001287460327,3.0000057220458984
1.1060000658035278,0.9920000433921814,3.0000054836273193
1.1920000314712524,0.9950000643730164,2.999998092651367
1.1109999418258667,0.9890000820159912,2.99999737739563
1.0880000591278076,0.9930000901222229,2.99999737739563
1.0460000038146973,0.9940000772476196,3.0000054836273193
1.0729999542236328,0.9900000691413879,3.0000052452087402
1.1799999475479126,0.9900001287460327,3.0000016689300537
1.4010001420974731,0.9819999933242798,2.999997854232788
1.0449999570846558,0.9950000643730164,3.0000052452087402
1.1399998664855957,0.9900000095367432,3.0
1.184000015258789,0.9910001158714294,3.0000038146972656
1.1059999465942383,0.9890000224113464,3.0000059604644775
1.1269999742507935,0.9900000691413879,2.99999737739563
1.1290000677108765,0.9890000820159912,2.999997138977051
1.2359999418258667,0.9840000867843628,2.9999969005584717
1.2979999780654907,0.9880000352859497,2.9999983310699463
1.152999997138977,0.9850000739097595,3.0000052452087402
1.0759999752044678,0.9890000224113464,3.0000052452087402
1.0870000123977661,0.9920001029968262,3.0000064373016357
1.1369999647140503,0.9869999885559082,3.000004529953003
1.1970000267028809,0.9900000691413879,3.0000057220458984
1.059000015258789,0.9930000901222229,3.0000064373016357
1.1230000257492065,0.9920000433921814,2.9999964237213135
1.1139999628067017,0.9950000643730164,3.0000038146972656
1.0789998769760132,0.9950000643730164,3.0000014305114746
1.0730000734329224,0.9930000901222229,3.0000054836273193
1.0880000591278076,0.9900000691413879,3.0000057220458984
1.0470000505447388,0.9940000772476196,3.000004768371582
1.1069999933242798,0.9930000901222229,2.9999969005584717
1.0850000381469727,0.9920001029968262,3.0000059604644775
1.2089999914169312,0.9879999756813049,2.9999923706054688
1.2200000286102295,0.9850000739097595,3.000001907348633
1.102000117301941,0.9900000691413879,2.9999966621398926
1.0509999990463257,0.9950000643730164,3.0000057220458984
1.1510000228881836,0.987000048160553,2.999997138977051
1.0920000076293945,0.9940000772476196,3.0000011920928955
1.1180000305175781,0.9890000820159912,3.0000052452087402
1.2820000648498535,0.9890000820159912,3.0000030994415283
1.0520000457763672,0.9950000643730164,3.000004768371582
1.0799999237060547,0.9889999628067017,3.000005006790161
1.122999906539917,0.9880000352859497,3.0000059604644775
1.1430000066757202,0.9879999756813049,3.0000057220458984
1.0829999446868896,0.9910000562667847,3.0000052452087402
1.0770000219345093,0.9910001158714294,3.0000059604644775
1.060999870300293,0.9930000901222229,3.0000057220458984
1.0749999284744263,0.9920000433921814,3.0000061988830566
1.1010000705718994,0.9940000772476196,3.0000014305114746
1.0460000038146973,0.9940000772476196,3.0000057220458984
1.0619999170303345,0.9930000901222229,3.000004768371582
1.1679999828338623,0.9880000352859497,3.0000059604644775
1.0399999618530273,0.9940000772476196,3.000005006790161
1.1470000743865967,0.9900001287460327,2.9999966621398926
1.1360000371932983,0.987000048160553,2.9999964237213135
1.0759999752044678,0.9920000433921814,3.000005006790161
1.0729999542236328,0.9930000901222229,3.0000011920928955
1.1000001430511475,0.9900000691413879,3.0000054836273193
1.084999918937683,0.9950000643730164,2.999999523162842
1.097000002861023,0.9910000562667847,3.0000054836273193
1.0640000104904175,0.9940000772476196,3.0000054836273193
1.0519999265670776,0.9950000643730164,3.0000054836273193
1.0679999589920044,0.9890000820159912,3.0000052452087402
1.0929999351501465,0.9900001287460327,3.0000054836273193
1.0520000457763672,0.9950000643730164,3.0000054836273193
1.0759999752044678,0.9900001287460327,3.000004768371582
1.0800000429153442,0.9880000352859497,3.0000052452087402
1.1279999017715454,0.9880000352859497,3.000005006790161
1.0640000104904175,0.9950000643730164,3.000005006790161
1.1179999113082886,0.9930000901222229,3.0000054836273193
1.091999888420105,0.9880000352859497,3.0000057220458984
1.0380001068115234,0.9930000901222229,3.0000052452087402
1.024999976158142,0.9940000772476196,3.0000052452087402
1.0709999799728394,0.9930000901222229,3.0000054836273193
1.0490000247955322,0.9950000643730164,3.0000057220458984
1.1469999551773071,0.9950000643730164,3.000000238418579
1.0290000438690186,0.9950000643730164,3.0000057220458984
1.027000069618225,0.9950000643730164,3.000004768371582
1.1049998998641968,0.9869999885559082,3.0000054836273193
1.031000018119812,0.9940000772476196,3.0000052452087402
1.0549999475479126,0.9910001158714294,3.000004529953003
1.0340001583099365,0.9909999966621399,3.000004529953003
