1.0980000495910645,0.9910001158714294,3.0000052452087402
1.1929999589920044,0.9910001158714294,2.999992609024048
2.062000036239624,0.9769999980926514,2.9999914169311523
1.253999948501587,0.9930000901222229,3.0000016689300537
1.1999999284744263,0.9920001029968262,2.999997138977051
1.1959999799728394,0.9900000095367432,3.0000059604644775
1.1480000019073486,0.9900000691413879,2.999997138977051
1.1449998617172241,0.9920000433921814,3.0000057220458984
1.2429999113082886,0.9900000095367432,3.0000059604644775
1.2690000534057617,0.9860000610351562,3.0000033378601074
1.1139999628067017,0.9879999756813049,3.0000059604644775
1.2370001077651978,0.9900001287460327,3.0000052452087402
1.4219999313354492,0.9900001287460327,3.0000040531158447
1.2910000085830688,0.984000027179718,3.0000061988830566
1.3659999370574951,0.984000027179718,2.9999969005584717
5.469000339508057,0.9340000152587891,3.000002861022949
1.3899999856948853,0.9910000562667847,3.000002384185791
1.0760000944137573,0.9940000772476196,3.0000064373016357
1.2730000019073486,0.9880000352859497,3.0000014305114746
1.059000015258789,0.9950000643730164,3.0000057220458984
1.0870000123977661,0.9950000643730164,3.0000057220458984
1.100000023841858,0.9950000643730164,3.0000057220458984
1.1390000581741333,0.9930000901222229,3.0000014305114746
1.2290000915527344,0.9950000643730164,2.999997138977051
1.0809998512268066,0.9940000772476196,3.0000054836273193
2.7810003757476807,0.9679999351501465,3.000002861022949
1.2289999723434448,0.987000048160553,3.00000262260437
1.2400000095367432,0.987000048160553,3.0000014305114746
1.3240000009536743,0.9910000562667847,2.9999964237213135
1.465999960899353,0.9839999675750732,3.0000011920928955
1.0760000944137573,0.9930000901222229,3.0000052452087402
1.5350000858306885,0.9900000691413879,2.999998092651367
1.5140000581741333,0.9850000739097595,2.999997138977051
3.202000141143799,0.9649999737739563,2.9999940395355225
1.649999976158142,0.9859999418258667,2.999990940093994
1.973000168800354,0.9809999465942383,3.0
2.5989999771118164,0.9709999561309814,2.9999985694885254
1.192000150680542,0.9900001287460327,3.0000057220458984
1.2360000610351562,0.9900001287460327,3.0000014305114746
2.1100001335144043,0.965999960899353,2.9999988079071045
2.115000009536743,0.9729999303817749,2.9999914169311523
1.2079999446868896,0.9890000224113464,3.0000014305114746
2.2909998893737793,0.9760000109672546,2.9999918937683105
1.2180001735687256,0.9900000095367432,3.0000057220458984
1.2359999418258667,0.9890000820159912,2.9999969005584717
4.4579997062683105,0.9420000314712524,3.0000011920928955
1.1829999685287476,0.9900001287460327,3.0000057220458984
1.1719999313354492,0.9930000901222229,3.0000040531158447
1.2269998788833618,0.9920001029968262,2.999992609024048
1.3320000171661377,0.9829999804496765,2.9999969005584717
1.096000075340271,0.9950000643730164,3.0000059604644775
1.064000129699707,0.9930000305175781,3.0000059604644775
1.9929999113082886,0.968999981880188,3.0000030994415283
1.2289999723434448,0.9869999885559082,3.0000057220458984
1.3309999704360962,0.9860000610351562,2.9999966621398926
1.3480000495910645,0.987000048160553,3.0000040531158447
1.2029999494552612,0.9920000433921814,3.0000052452087402
1.0889999866485596,0.9940000772476196,3.0000059604644775
1.3230000734329224,0.9880000352859497,3.000004291534424
1.0279998779296875,0.9950000643730164,3.000004768371582
1.315000057220459,0.9850000143051147,3.0000011920928955
1.7200000286102295,0.9850000143051147,2.9999966621398926
1.3220001459121704,0.987000048160553,2.9999969005584717
1.2589999437332153,0.9930000901222229,3.000004291534424
1.3119999170303345,0.9839999675750732,3.0000057220458984
1.1929999589920044,0.9940000772476196,2.999992847442627
1.1440000534057617,0.9940000772476196,3.0000011920928955
1.9229999780654907,0.9850000143051147,2.9999966621398926
1.3540000915527344,0.9900000095367432,3.0000014305114746
1.086999773979187,0.9950000643730164,3.0000064373016357
1.0520000457763672,0.9950000643730164,3.0000052452087402
1.194000005722046,0.9950000643730164,2.999990701675415
1.2320001125335693,0.9869999885559082,3.0000057220458984
1.2430000305175781,0.9860000610351562,3.0000009536743164
1.1839998960494995,0.9930000305175781,3.00000262260437
1.2380000352859497,0.9930000901222229,2.999988079071045
1.712999939918518,0.984000027179718,2.9999990463256836
1.1389999389648438,0.9880000352859497,2.9999969005584717
1.0860000848770142,0.9940000772476196,2.9999966621398926
1.289000153541565,0.9930000305175781,2.999999523162842
1.3360000848770142,0.9900001287460327,2.999997138977051
1.1640000343322754,0.9950000643730164,3.0000052452087402
1.1380000114440918,0.9930000901222229,3.0000057220458984
1.2059999704360962,0.9950000643730164,2.999992847442627
1.3119999170303345,0.9839999675750732,3.0000014305114746
2.061000108718872,0.9750000238418579,2.999988079071045
1.097000002861023,0.9950000643730164,3.0000059604644775
1.345999836921692,0.9900000095367432,3.0000009536743164
1.1720000505447388,0.9950000643730164,3.000001907348633
1.1019998788833618,0.9950000643730164,3.0000059604644775
1.2400000095367432,0.9910000562667847,3.000004291534424
1.1419999599456787,0.9920000433921814,3.0000064373016357
1.095000147819519,0.9950000643730164,3.0000059604644775
1.030999779701233,0.9950000643730164,3.0000052452087402
1.2999999523162842,0.9900000691413879,2.999997138977051
1.2259999513626099,0.9910001158714294,2.999992847442627
1.1119999885559082,0.9950000643730164,3.0000052452087402
1.152999997138977,0.9920000433921814,3.0000059604644775
1.221000075340271,0.9880000352859497,3.0000061988830566
1.0519999265670776,0.9950000643730164,3.0000057220458984
1.222000002861023,0.9839999675750732,3.0000059604644775
1.2089999914169312,0.9869999885559082,3.0000059604644775
1.3270000219345093,0.9829999208450317,2.9999969005584717
1.5759999752044678,0.9779999852180481,2.999992609024048
1.1439999341964722,0.9900001287460327,3.0000054836273193
1.4869999885559082,0.9799999594688416,2.999992847442627
4.038000106811523,0.9740000367164612,2.9999966621398926
1.8100000619888306,0.9750000238418579,3.000001907348633
1.1359999179840088,0.9910001158714294,3.0000052452087402
1.3700000047683716,0.9890000224113464,2.999999761581421
1.2720000743865967,0.9930000901222229,3.000001907348633
1.0679999589920044,0.9940000772476196,3.0000016689300537
1.2190001010894775,0.9900000095367432,3.0000014305114746
1.2379999160766602,0.9880000352859497,2.9999990463256836
1.1239999532699585,0.9920001029968262,3.0000059604644775
1.159999966621399,0.9930000901222229,3.0000057220458984
1.253000020980835,0.9890000820159912,3.0000040531158447
1.5750000476837158,0.9839999079704285,2.999997615814209
1.5860000848770142,0.9839999079704285,2.999997138977051
1.0950000286102295,0.9950000643730164,3.0000054836273193
1.3550000190734863,0.9900000691413879,2.999999523162842
1.3010001182556152,0.9840000867843628,2.999995708465576
1.4790000915527344,0.9810000658035278,2.999999761581421
1.1370000839233398,0.9920001029968262,3.000005006790161
1.7580000162124634,0.9709999561309814,2.999995231628418
1.375999927520752,0.9850000143051147,3.0000052452087402
1.3670002222061157,0.9940000772476196,2.999995231628418
2.3329999446868896,0.9839999079704285,2.9999969005584717
2.322999954223633,0.981999933719635,2.999990701675415
1.1359999179840088,0.9950000643730164,2.999997138977051
1.156999945640564,0.9920001029968262,3.0000009536743164
1.5520001649856567,0.984000027179718,2.999997138977051
1.6680001020431519,0.9860000014305115,2.9999935626983643
2.45300030708313,0.9700000286102295,2.999990940093994
1.2510000467300415,0.9869999885559082,2.9999969005584717
1.1950000524520874,0.987000048160553,3.0000057220458984
1.6640000343322754,0.9760000109672546,3.0000057220458984
1.2750000953674316,0.9910000562667847,2.999992609024048
1.3209999799728394,0.9829999804496765,3.0000011920928955
1.3389999866485596,0.9849998950958252,3.0000014305114746
1.3519999980926514,0.9849998950958252,3.0000011920928955
1.190999984741211,0.9950000643730164,3.0000057220458984
1.3810001611709595,0.9900000095367432,3.0000007152557373
1.468999981880188,0.9930000901222229,2.999998092651367
1.3849999904632568,0.9820000529289246,3.000002384185791
1.5010000467300415,0.9859999418258667,3.000004529953003
1.3200000524520874,0.987000048160553,3.0000059604644775
1.0700000524520874,0.9930000901222229,3.0000054836273193
1.5719999074935913,0.9819999933242798,2.9999959468841553
1.1359997987747192,0.9930000901222229,3.0000057220458984
1.2060000896453857,0.9900000691413879,3.0000014305114746
1.2880001068115234,0.9910001158714294,3.000004291534424
1.1169999837875366,0.9950000643730164,3.0000052452087402
1.3230000734329224,0.9950000643730164,2.999988317489624
1.3479998111724854,0.987000048160553,3.0000059604644775
1.1409999132156372,0.9920000433921814,3.0000057220458984
1.1079999208450317,0.9930000901222229,3.0000059604644775
1.1349999904632568,0.9940000772476196,3.000005006790161
1.215000033378601,0.9860000014305115,3.0000011920928955
1.2130000591278076,0.9850000143051147,3.0000057220458984
1.371000051498413,0.981999933719635,3.0000016689300537
1.53600013256073,0.9790000319480896,2.9999992847442627
1.2619999647140503,0.9850000143051147,2.9999964237213135
1.1829999685287476,0.9880000948905945,2.999997138977051
1.1559998989105225,0.9880000352859497,3.0000052452087402
1.4509999752044678,0.9789999723434448,3.0000016689300537
1.5830000638961792,0.9809999465942383,3.00000262260437
1.3970001935958862,0.9799999594688416,3.0000011920928955
1.3639999628067017,0.9900000691413879,2.999992609024048
1.3780001401901245,0.9829999804496765,2.9999923706054688
1.101000189781189,0.9930000305175781,3.0000059604644775
1.0700000524520874,0.9950000643730164,3.0000054836273193
1.1429998874664307,0.9940000772476196,2.999997615814209
1.1679999828338623,0.9930000901222229,3.0000059604644775
1.1470000743865967,0.9920001029968262,3.0000059604644775
1.4110000133514404,0.9819999933242798,2.999999523162842
1.2740000486373901,0.9890000224113464,3.000004291534424
1.2209999561309814,0.9829999804496765,3.0000059604644775
1.3200000524520874,0.9799999594688416,3.000001907348633
1.0880000591278076,0.9950000643730164,3.0000059604644775
1.443000078201294,0.9900000691413879,2.999998092651367
1.0670000314712524,0.9950000643730164,3.0000054836273193
1.0640000104904175,0.9920001029968262,3.0000054836273193
1.1469999551773071,0.9890000224113464,3.0000007152557373
1.2079999446868896,0.9880000352859497,3.0000009536743164
1.7660000324249268,0.9829999804496765,3.000002861022949
1.0820001363754272,0.9909999966621399,3.0000052452087402
1.1589999198913574,0.9920001029968262,3.0000057220458984
1.2140001058578491,0.9860000014305115,3.0000057220458984
1.471000075340271,0.9830000400543213,3.0000009536743164
1.2130000591278076,0.9930000305175781,3.0000011920928955
1.9510000944137573,0.9749999642372131,3.0000040531158447
1.127000093460083,0.9930000901222229,3.0000059604644775
1.6360000371932983,0.9790000319480896,2.9999921321868896
1.1490000486373901,0.9940000772476196,3.0000014305114746
1.13100004196167,0.9950000643730164,2.9999969005584717
1.6079999208450317,0.9779999256134033,3.00000262260437
1.1150000095367432,0.9920001029968262,3.0000057220458984
1.5530000925064087,0.9859999418258667,3.0000038146972656
1.687999963760376,0.9849998950958252,3.000004529953003
1.8270000219345093,0.9859999418258667,3.000000238418579
1.217000126838684,0.984000027179718,3.0000059604644775
1.471000075340271,0.9799999594688416,3.0000040531158447
1.4110000133514404,0.9769999980926514,3.0000052452087402
1.093000054359436,0.9910000562667847,3.0000057220458984
1.2740000486373901,0.9940000772476196,2.9999921321868896
1.1670000553131104,0.9920000433921814,3.0000059604644775
1.059999942779541,0.9940000772476196,3.000005006790161
1.0659998655319214,0.9950000643730164,3.0000059604644775
2.888000011444092,0.972000002861023,2.999995708465576
2.3440001010894775,0.9849998950958252,2.9999992847442627
1.1060000658035278,0.9930000901222229,2.9999966621398926
1.308000087738037,0.9839999675750732,3.0000054836273193
1.1019999980926514,0.9900001287460327,3.0000057220458984
1.1710000038146973,0.9910000562667847,3.0000057220458984
1.4959999322891235,0.9709999561309814,3.0000057220458984
1.1320000886917114,0.9910000562667847,3.0000057220458984
1.318000078201294,0.9910000562667847,2.999992609024048
1.3339998722076416,0.9829999804496765,2.999987840652466
1.3700001239776611,0.9930000901222229,2.9999966621398926
1.192000150680542,0.9900000691413879,3.0000054836273193
1.2080000638961792,0.9920000433921814,3.0000014305114746
1.1120001077651978,0.9910001158714294,3.0000057220458984
1.3569999933242798,0.9869999885559082,2.9999969005584717
1.4329999685287476,0.9799999594688416,2.9999923706054688
1.1810001134872437,0.9890000224113464,3.0000052452087402
1.1780000925064087,0.9870001077651978,3.0000059604644775
1.149999976158142,0.9930000901222229,3.0000059604644775
1.1340000629425049,0.9900000095367432,3.0000054836273193
1.2180001735687256,0.9860000014305115,3.0000016689300537
1.1710001230239868,0.9900000691413879,2.9999966621398926
1.102000117301941,0.9950000643730164,3.0000057220458984
1.2300000190734863,0.9860000610351562,3.0000057220458984
1.2739999294281006,0.9859999418258667,3.0000057220458984
1.555999994277954,0.9879999756813049,2.999997138977051
1.3309998512268066,0.9880000352859497,2.9999985694885254
2.2250001430511475,0.9819999933242798,2.999997138977051
1.1050000190734863,0.9930000901222229,3.0000054836273193
1.0989999771118164,0.9890000820159912,3.0000064373016357
1.2010000944137573,0.9839999079704285,3.0000014305114746
1.4709999561309814,0.9869999885559082,3.000002861022949
1.4350000619888306,0.9910001158714294,2.9999988079071045
1.336999773979187,0.9920001029968262,2.9999938011169434
1.0839999914169312,0.9920001029968262,3.0000054836273193
1.0730000734329224,0.9930000305175781,3.0000057220458984
1.0449999570846558,0.9940000772476196,3.000005006790161
1.15500009059906,0.9860000014305115,3.000005006790161
1.4610000848770142,0.9800000190734863,3.0000011920928955
1.0859999656677246,0.9880000352859497,3.000004768371582
1.1800000667572021,0.9890000224113464,3.0000061988830566
1.090000033378601,0.9909999966621399,3.0000052452087402
1.1130000352859497,0.9910000562667847,3.0000061988830566
1.4560000896453857,0.9739999771118164,3.0000009536743164
1.100000023841858,0.9920001029968262,3.0000059604644775
1.28600013256073,0.9860000014305115,2.9999969005584717
1.3290001153945923,0.9880000948905945,2.9999969005584717
1.3619999885559082,0.9850000739097595,2.999995708465576
1.2010000944137573,0.9900001287460327,2.9999966621398926
1.1699999570846558,0.9839999675750732,3.0000052452087402
1.1019998788833618,0.9940000772476196,3.0000016689300537
1.1360000371932983,0.9870001077651978,3.000005006790161
1.1059999465942383,0.9910000562667847,3.0000057220458984
1.2319999933242798,0.9950000643730164,2.9999990463256836
1.501000165939331,0.9860000014305115,2.9999990463256836
1.3450000286102295,0.9840000867843628,2.9999983310699463
1.2260000705718994,0.9910001158714294,2.999992609024048
1.090000033378601,0.9940000772476196,3.0000059604644775
1.1050001382827759,0.9930000901222229,3.0000059604644775
1.1030000448226929,0.9950000643730164,2.9999988079071045
1.261000156402588,0.9880000352859497,3.0000040531158447
1.283000111579895,0.9920000433921814,2.999999761581421
1.4070000648498535,0.9810000061988831,3.0000014305114746
1.1719999313354492,0.9900000095367432,3.0000061988830566
1.9679999351501465,0.968999981880188,2.999999761581421
1.1230000257492065,0.9920000433921814,3.0000057220458984
1.0420000553131104,0.9950000643730164,3.0000059604644775
1.13100004196167,0.9940000772476196,3.0000059604644775
1.1430000066757202,0.9930000305175781,3.0000057220458984
1.3909999132156372,0.9829999804496765,3.000002145767212
2.2109999656677246,0.9679999947547913,2.9999988079071045
1.3609999418258667,0.9930000901222229,3.0000040531158447
1.1799999475479126,0.9930000901222229,3.0000035762786865
1.1690000295639038,0.9920001029968262,3.0000061988830566
1.5809999704360962,0.9789999723434448,2.9999942779541016
1.3130000829696655,0.9869999885559082,3.000004291534424
1.1139999628067017,0.9950000643730164,3.0000016689300537
1.1009998321533203,0.9950000643730164,3.0000059604644775
1.590000033378601,0.9739999771118164,3.0000052452087402
1.178999900817871,0.9909999966621399,3.0000054836273193
1.2680000066757202,0.9900000691413879,3.0000014305114746
1.25600004196167,0.9860000014305115,3.0000064373016357
1.499000072479248,0.984000027179718,2.999999761581421
1.3780001401901245,0.9800000786781311,2.999997138977051
1.5280001163482666,0.9759999513626099,3.0000059604644775
1.0789999961853027,0.9940000772476196,3.0000052452087402
1.1890000104904175,0.9890000224113464,3.0000011920928955
1.0740000009536743,0.9910001158714294,3.0000052452087402
1.1279999017715454,0.9930000901222229,2.99999737739563
1.4219999313354492,0.9869999289512634,2.9999945163726807
1.9980000257492065,0.966999888420105,2.9999964237213135
1.6070001125335693,0.9799999594688416,2.999999523162842
1.3720000982284546,0.9789999723434448,2.9999969005584717
1.2879999876022339,0.9940000772476196,3.0
1.209999918937683,0.9900000691413879,3.0000054836273193
1.2430000305175781,0.9860000610351562,2.99999737739563
1.1739999055862427,0.9920001029968262,3.0000009536743164
1.2339999675750732,0.9859999418258667,3.0000057220458984
1.270999789237976,0.9890000224113464,2.999995708465576
1.3839998245239258,0.9800000190734863,3.000002861022949
1.3240000009536743,0.9880000352859497,3.0000054836273193
1.350000023841858,0.9850000143051147,2.999997138977051
1.4070000648498535,0.9829999208450317,2.9999969005584717
1.5490001440048218,0.9780000448226929,3.0000035762786865
1.2540000677108765,0.9869999885559082,2.999992609024048
1.2960000038146973,0.9900000095367432,3.0000014305114746
1.440999984741211,0.9860000014305115,2.9999938011169434
1.0500000715255737,0.9950000643730164,3.0000057220458984
1.3659999370574951,0.9799999594688416,2.999988317489624
1.1490000486373901,0.9900000691413879,3.0000059604644775
1.097000002861023,0.9940000772476196,3.000001907348633
1.4070000648498535,0.9880000352859497,3.0000011920928955
1.2500001192092896,0.9910000562667847,2.999988079071045
1.1139999628067017,0.9920001029968262,3.0000054836273193
1.25,0.9880000352859497,3.0000054836273193
1.0999999046325684,0.9900000691413879,3.0000052452087402
1.1340000629425049,0.9930000901222229,3.0000064373016357
1.1710001230239868,0.9920001029968262,3.0000057220458984
1.2350001335144043,0.9880000352859497,3.0000052452087402
1.130000114440918,0.9930000901222229,3.0000057220458984
1.409999966621399,0.9890000820159912,3.0000016689300537
1.0720001459121704,0.9950000643730164,3.0000011920928955
1.0959999561309814,0.9950000643730164,3.0000059604644775
1.1380001306533813,0.9930000901222229,3.0000054836273193
1.2919999361038208,0.9849998950958252,3.0000057220458984
1.0800000429153442,0.9940000772476196,3.0000059604644775
1.2400000095367432,0.9940000772476196,2.999988079071045
1.165000081062317,0.9940000772476196,3.0000014305114746
1.2190001010894775,0.9850000143051147,3.0000057220458984
1.059999942779541,0.9950000643730164,3.0000054836273193
1.1079999208450317,0.9940000772476196,2.999999523162842
1.127000093460083,0.9940000772476196,2.9999966621398926
1.0759999752044678,0.9950000643730164,3.0000061988830566
1.0689998865127563,0.9930000305175781,3.000004529953003
1.5180000066757202,0.9900000691413879,2.999999523162842
1.3500001430511475,0.9950000643730164,2.9999964237213135
1.1080000400543213,0.9920000433921814,3.0000057220458984
1.1610000133514404,0.9880000352859497,3.0000064373016357
1.3220000267028809,0.9880000352859497,2.999999761581421
1.6019999980926514,0.9820000529289246,2.999998092651367
1.2399998903274536,0.9869999885559082,3.000001907348633
1.1230000257492065,0.9930000901222229,3.0000057220458984
1.347000002861023,0.9890000224113464,2.9999938011169434
1.345999836921692,0.9860000014305115,3.0000054836273193
1.3249999284744263,0.9880000352859497,3.0000040531158447
1.0699999332427979,0.9950000643730164,3.0000057220458984
1.1010000705718994,0.9930000901222229,2.999997138977051
1.0499999523162842,0.9950000643730164,3.0000054836273193
1.3910000324249268,0.9759999513626099,2.999992609024048
1.061000108718872,0.9940000772476196,3.0000057220458984
1.1180000305175781,0.9880000352859497,3.0000052452087402
1.0880000591278076,0.9880000352859497,3.000005006790161
1.0809999704360962,0.9900000095367432,3.0000059604644775
1.1130000352859497,0.9950000643730164,3.0000014305114746
1.1139999628067017,0.9930000305175781,2.999997138977051
1.7979999780654907,0.9820000529289246,2.9999923706054688
1.062000036239624,0.9950000643730164,3.0000061988830566
1.058000087738037,0.9950000643730164,3.0000054836273193
2.0930001735687256,0.9780000448226929,2.9999940395355225
1.3289999961853027,0.9900001287460327,2.999999523162842
1.3450000286102295,0.9900001287460327,2.999999761581421
1.2780001163482666,0.9830000400543213,3.0000064373016357
1.1160000562667847,0.9890000820159912,3.0000054836273193
1.0619999170303345,0.9920001029968262,3.0000054836273193
1.1399999856948853,0.9910000562667847,3.0000014305114746
1.2680001258850098,0.9839999675750732,3.0000059604644775
1.312000036239624,0.9910001158714294,2.9999988079071045
1.0540000200271606,0.9950000643730164,3.000005006790161
1.2259999513626099,0.9880000352859497,2.9999969005584717
1.0909998416900635,0.9940000772476196,2.99999737739563
1.5580002069473267,0.9869999885559082,3.00000262260437
1.1279999017715454,0.9890000224113464,3.0000057220458984
1.1890000104904175,0.9850000143051147,3.0000014305114746
1.0779999494552612,0.9920001029968262,3.000004768371582
1.1510000228881836,0.9950000643730164,2.9999969005584717
1.3289999961853027,0.9890000224113464,2.9999938011169434
1.1480000019073486,0.9880000352859497,3.0000009536743164
1.0879998207092285,0.9940000772476196,3.0000054836273193
1.940000057220459,0.9829999804496765,3.000002384185791
1.4579999446868896,0.9819999933242798,3.0000052452087402
1.2820000648498535,0.9880000352859497,2.9999923706054688
1.1220000982284546,0.9890000224113464,3.0000059604644775
1.1399999856948853,0.9890000224113464,3.0000057220458984
1.2890000343322754,0.9799999594688416,3.0000016689300537
1.1799999475479126,0.9890000224113464,3.000001907348633
1.0679999589920044,0.9950000643730164,3.0000061988830566
1.059999942779541,0.9930000901222229,3.0000054836273193
1.1030000448226929,0.9920001029968262,3.0000061988830566
1.1750000715255737,0.9910001158714294,2.99999737739563
1.1769999265670776,0.9900000691413879,2.999992847442627
1.2170000076293945,0.9880000948905945,2.999997138977051
1.1150000095367432,0.9869999289512634,3.0000054836273193
1.2680000066757202,0.9950000643730164,2.9999983310699463
1.11899995803833,0.9930000305175781,3.0000052452087402
1.1209999322891235,0.9950000643730164,3.0000059604644775
1.1019999980926514,0.9940000772476196,2.9999964237213135
1.034000039100647,0.9950000643730164,3.000004768371582
1.125999927520752,0.9920001029968262,3.000005006790161
1.1460000276565552,0.98499995470047,3.0000057220458984
1.0870000123977661,0.9920001029968262,3.0000014305114746
1.0359998941421509,0.9950000643730164,3.000005006790161
1.1239999532699585,0.9940000772476196,3.0000054836273193
1.190999984741211,0.9879999756813049,3.0000052452087402
1.1400001049041748,0.9950000643730164,2.9999969005584717
1.136000156402588,0.9890000224113464,3.0000054836273193
1.149999976158142,0.9920001029968262,2.99999737739563
1.0760000944137573,0.9950000643730164,3.0000052452087402
1.3339999914169312,0.9849998950958252,2.9999964237213135
1.0769999027252197,0.9950000643730164,3.0000057220458984
1.0619999170303345,0.9930000901222229,3.0000057220458984
1.191999912261963,0.9900001287460327,3.000005006790161
1.1360000371932983,0.9920000433921814,3.0000054836273193
1.2000000476837158,0.9950000643730164,2.999997854232788
1.125,0.9890000820159912,2.99999737739563
1.1670000553131104,0.9930000901222229,2.999995470046997
1.058000087738037,0.9940000772476196,3.0000057220458984
1.1100000143051147,0.9900000691413879,3.0000057220458984
1.190999984741211,0.9900001287460327,3.0000016689300537
1.4030001163482666,0.9819999933242798,2.999997854232788
1.0570000410079956,0.9950000643730164,3.000005006790161
1.179999828338623,0.9900000095367432,2.999995470046997
1.193000078201294,0.9910001158714294,3.0000038146972656
1.1489999294281006,0.9890000224113464,3.0000054836273193
1.2280000448226929,0.9900000691413879,2.999997138977051
1.13100004196167,0.9890000820159912,2.999997138977051
1.2639999389648438,0.9840000867843628,2.9999966621398926
1.316999912261963,0.9880000352859497,2.9999983310699463
1.184999942779541,0.9850000739097595,3.000005006790161
1.1089999675750732,0.9890000224113464,3.0000052452087402
1.090999960899353,0.9920001029968262,3.0000061988830566
1.1799999475479126,0.9869999885559082,3.000005006790161
1.2130000591278076,0.9900000691413879,3.0000057220458984
1.0870000123977661,0.9930000901222229,3.0000061988830566
1.1410000324249268,0.9920000433921814,2.9999961853027344
1.125,0.9950000643730164,3.0000057220458984
1.097999930381775,0.9950000643730164,3.0000014305114746
1.0860000848770142,0.9930000901222229,3.0000054836273193
1.090999960899353,0.9900000691413879,3.0000057220458984
1.0499999523162842,0.9940000772476196,3.000004768371582
1.1180000305175781,0.9930000901222229,2.9999969005584717
1.0989999771118164,0.9920001029968262,3.0000059604644775
1.218999981880188,0.9879999756813049,2.999992609024048
1.2580000162124634,0.9850000739097595,3.000001907348633
1.1170001029968262,0.9900000691413879,2.9999969005584717
1.055999994277954,0.9950000643730164,3.0000057220458984
1.152999997138977,0.987000048160553,2.999997138977051
1.0999999046325684,0.9940000772476196,3.0000014305114746
1.1369999647140503,0.9890000820159912,3.0000059604644775
1.3580000400543213,0.9890000820159912,3.0000007152557373
1.069000005722046,0.9950000643730164,3.000004529953003
1.09499990940094,0.9889999628067017,3.0000052452087402
1.1499998569488525,0.9880000352859497,3.0000059604644775
1.1619999408721924,0.9879999756813049,3.0000059604644775
1.1340000629425049,0.9910000562667847,3.0000054836273193
1.0839999914169312,0.9910001158714294,3.0000057220458984
1.0749999284744263,0.9930000901222229,3.0000057220458984
1.1059999465942383,0.9920000433921814,3.0000064373016357
1.1089999675750732,0.9940000772476196,3.0000057220458984
1.0529999732971191,0.9940000772476196,3.0000059604644775
1.0869998931884766,0.9930000901222229,3.000005006790161
1.1990000009536743,0.9880000352859497,3.0000059604644775
1.0489999055862427,0.9940000772476196,3.000005006790161
1.183000087738037,0.9900001287460327,2.9999966621398926
1.1720000505447388,0.987000048160553,3.0000007152557373
1.0859999656677246,0.9920000433921814,3.000004768371582
1.0769999027252197,0.9930000901222229,3.0000011920928955
1.1140000820159912,0.9900000691413879,3.0000057220458984
1.0899999141693115,0.9950000643730164,2.999999523162842
1.1130000352859497,0.9910000562667847,3.0000057220458984
1.0839999914169312,0.9940000772476196,3.0000057220458984
1.0589998960494995,0.9950000643730164,3.0000054836273193
1.0729999542236328,0.9890000820159912,3.000005006790161
1.1019999980926514,0.9900001287460327,3.0000052452087402
1.061000108718872,0.9950000643730164,3.0000054836273193
1.0780000686645508,0.9900001287460327,3.000004768371582
1.0889999866485596,0.9880000352859497,3.0000052452087402
1.1469999551773071,0.9880000352859497,3.000005006790161
1.065999984741211,0.9950000643730164,3.000005006790161
1.1419998407363892,0.9930000901222229,3.0000054836273193
1.1029999256134033,0.9880000352859497,3.0000057220458984
1.062000036239624,0.9930000901222229,3.0000052452087402
1.028999924659729,0.9940000772476196,3.0000052452087402
1.0880000591278076,0.9930000901222229,3.0000054836273193
1.0700000524520874,0.9950000643730164,3.000004768371582
1.2079999446868896,0.9950000643730164,2.99999737739563
1.034999966621399,0.9950000643730164,3.0000057220458984
1.0350000858306885,0.9950000643730164,3.000005006790161
1.122999906539917,0.9869999885559082,3.0000054836273193
1.0549999475479126,0.9940000772476196,3.0000052452087402
1.0789999961853027,0.9910001158714294,3.000000238418579
1.0460001230239868,0.9909999966621399,3.000004768371582
