820
4135
2394
4812
7569
1515
3442
9383
10086
6528
7980
2589
7233
8394
9371
3820
6309
1633
2476
2069
5180
4115
2461
7466
9682
5282
9204
1888
655
2714
10557
1728
1277
9125
3773
7323
3390
8471
6079
4521
6444
7330
5970
2794
4845
10408
9157
2576
9516
80
9484
6477
7978
1574
9680
207
1535
8568
148
1953
2673
10274
7209
3944
4606
3267
5838
8574
1899
147
395
8140
9512
8867
2489
882
2473
6175
4663
4726
447
3774
1096
6424
3554
5853
4573
53
2347
2039
487
8185
9656
4881
2610
9702
8196
1336
8788
333
1266
7610
1809
9606
7098
4623
175
1666
3669
7743
2936
2552
1677
4785
5222
8019
5657
1055
3741
2739
6183
3898
552
5512
9547
5070
1039
1815
69
9829
8484
3920
3533
9209
954
3374
7677
4266
5863
8009
3058
5030
81
6011
910
4257
5126
8371
7253
1659
10050
7472
5245
6402
611
2547
10619
8432
9160
1166
8483
151
3221
9178
9999
9485
7486
5542
6252
222
5874
8919
6107
5987
2539
7739
8943
4711
7547
3431
1567
4976
512
366
6654
1419
724
10323
1486
7273
9620
4960
5463
7248
8930
2041
247
7607
1775
6421
105
7556
1887
893
10099
435
9590
4869
4138
4724
9433
4874
6858
2336
1015
1107
2926
3665
6495
8802
2567
9133
6148
6068
7291
3437
9741
2751
10512
10286
6962
2335
1381
5832
8215
5079
9167
2278
8775
5283
302
836
1468
1355
1184
2815
4983
5519
8402
348
6813
1760
894
3671
5074
7961
7517
1617
4293
5143
3143
1006
6290
5648
2530
8822
3364
3858
6269
8188
8335
2509
3162
356
4832
10135
8024
822
9700
4526
4426
1723
7776
9039
2579
2660
6037
1681
8929
7555
6089
8108
101
2620
567
6646
5288
4163
9650
1188
8959
6550
2529
2404
593
506
4798
6502
2817
1454
7568
9817
5240
4101
3243
10518
3849
847
1765
4654
8748
1237
5699
6310
3713
7494
5821
8145
7883
9523
6696
4172
2688
6008
885
2435
4773
4075
3048
6163
2247
8052
3301
4894
2771
9362
8048
7825
2396
542
5364
4908
8796
1421
9083
135
6179
10241
7355
5063
4897
10254
1232
3404
3005
2699
6613
6743
3081
9410
1793
10253
7618
972
1982
2852
1243
6040
6853
4924
922
1445
10502
1785
4790
1422
4584
9622
7029
2790
6358
8530
8579
1687
6840
534
5092
734
118
3198
1134
6468
4356
4656
6913
2786
3332
10357
461
1303
3915
2133
10305
9831
2057
4642
4685
9400
5035
8496
732
1151
8291
10562
8578
7563
6686
5556
9727
6409
7167
932
7756
6907
2803
6241
3412
10550
7752
5053
9105
9246
6766
6662
6595
7247
10089
2135
7663
2462
3440
3341
5967
2159
8355
8590
8374
3772
7285
6707
4859
2213
6900
9806
6522
8932
5230
2750
418
7030
431
4484
8509
4837
4117
756
5029
701
451
7085
126
6635
3294
5684
3836
7382
4967
3736
7816
5665
28
7757
6529
1160
6437
10194
8120
6220
10113
3457
4582
9318
8299
3925
9984
566
4017
9941
6946
23
4339
8832
8380
4459
7538
4311
1581
2294
6978
863
617
6052
3028
8396
631
8670
9792
5266
4307
2293
8436
1111
7224
6198
1415
9168
5321
1213
3779
394
1467
8341
5114
4834
3254
3439
3835
3430
1844
7459
6365
6857
5088
4525
2144
5343
7184
6013
6557
5810
2153
5128
9846
9131
3674
9970
7123
6746
468
1559
2323
9331
1141
4863
6320
3783
9884
5841
8410
10332
8448
2418
2376
10451
1290
1217
1410
4774
522
4045
2183
6109
2713
953
4444
9714
6348
4020
4943
6993
1991
6122
8125
2051
2012
963
5478
6317
1896
5440
404
4556
530
8719
2189
9921
8828
2881
6414
4885
2780
2306
6448
5228
1446
7988
1642
6352
9804
190
1822
4478
1253
8446
9765
2399
10199
2122
10367
6934
73
6319
8152
5942
7068
3644
3946
4217
6861
10017
4637
5125
1897
935
8344
4433
7141
4841
2372
8933
783
7255
4579
6740
8323
6455
5056
9840
8967
4170
407
3201
7452
4725
1957
1814
2354
7313
4720
9569
7492
7462
5992
5750
10499
9361
8730
5644
257
3623
7954
7662
6095
8622
9300
5206
2568
6744
2254
367
7118
6010
1860
3723
6447
1966
8298
582
8038
4713
2604
1205
9514
6071
7929
10602
1946
4250
8525
10189
1175
3700
7898
3793
4550
7232
4144
3859
6688
7723
10500
178
3050
7387
5726
10488
8457
5027
1329
8075
2857
857
4715
4234
7524
5825
3972
10532
3087
6457
7814
1344
10243
9151
7733
5607
6827
2364
6963
4190
5355
3616
793
8047
2460
180
8665
6106
6196
7309
9248
10120
8319
7082
6838
1069
4404
6503
9951
1829
5672
7490
9876
9595
7126
8256
4827
5637
8375
6570
1747
7817
7685
6338
1034
3850
8161
9169
7216
484
1532
2581
4643
4510
5949
4917
5601
10320
2401
10432
4189
4425
4689
1858
3689
9120
7129
4856
2534
3950
2495
9520
7206
3289
7515
9347
1046
2346
4601
4318
8695
1202
2719
8435
6430
9030
5471
177
8078
8390
3629
10381
3738
1212
9571
1492
2176
4235
10232
9124
7578
4852
5241
6663
2065
5554
1384
9601
8191
4449
9296
10046
8657
7877
4275
10306
1766
4553
4026
7213
5792
6318
3611
6544
1903
7552
4346
8974
10228
10055
4112
920
6350
4828
5551
607
3735
6776
8513
3352
1851
7399
4788
580
5182
6244
390
2641
10345
4944
1800
3649
20
9936
5741
5677
1280
9445
9522
7335
15
5089
4325
10399
2094
1101
7843
10315
7122
3477
2867
2291
5544
7376
8244
2420
5480
3924
8074
3742
7088
3036
157
2099
7658
276
5365
3928
5129
2086
2507
8824
3654
4470
8343
3376
4084
5008
7471
7051
678
10480
5187
5393
6438
6143
9370
7350
525
7972
883
9854
3683
10483
2164
2017
2556
577
3273
4485
1859
1309
280
1754
6791
4303
7008
5285
4614
2101
1181
9649
8711
814
3468
1094
4518
3367
8833
2672
557
10568
5864
8195
2161
1502
2661
9380
2708
8106
4088
5007
96
7238
1983
9775
7959
2505
342
224
10484
3729
5090
5636
6152
866
7591
10389
174
3469
194
9882
4341
7143
7128
7318
9448
5627
3183
8176
8016
1456
7378
8417
8903
6866
4033
6697
5484
3918
3967
6191
9102
4246
8083
3703
8254
1975
3647
4901
4068
8193
9706
8279
6737
9078
1980
3598
9386
9677
9719
5189
2514
7973
2906
2139
5434
6716
1016
211
7529
4955
1179
8743
8171
9638
9614
5775
8260
752
309
2638
5342
3203
4844
6605
3877
8447
5503
7559
9319
2583
978
526
6164
9862
3855
7100
1048
1848
9428
72
829
2380
6096
2812
449
727
6474
8356
556
2263
1713
3476
2271
9325
6887
3373
4800
6685
5508
4761
8269
5006
5881
7510
5404
10007
2784
9070
387
6308
2537
6563
7599
1480
629
9137
7212
1382
2154
10572
10112
10054
5313
5390
4595
630
8463
6433
2574
2000
9405
9917
6012
5619
871
4120
6915
5190
4297
1495
5892
8109
9267
1676
5392
1974
4632
1439
6306
2046
7553
1518
7921
4952
652
10531
7448
4242
6425
6520
4093
5567
9067
7934
7096
918
3345
6729
2471
1777
2261
4516
7675
5679
3295
7089
7433
6884
7201
5296
9737
6537
9500
2686
6983
493
8717
4127
3733
5649
3182
5188
7091
10446
10161
4226
9004
618
10268
6245
7614
876
10492
8683
10071
7805
9152
2695
5685
2211
4200
5820
1845
2910
4636
10510
9128
10433
6475
2720
6607
9010
4756
2429
10614
6656
4263
2484
496
10031
699
8143
7984
5200
9904
5277
3119
206
2955
1711
7854
1322
9175
3751
5477
3266
7963
5732
2821
1215
4508
8347
8035
2351
6521
2486
5386
2633
8729
548
7873
7300
2503
9113
7702
1028
3718
5340
3038
9640
7876
6363
7917
1176
7385
9136
6393
4633
10505
5998
6714
13
8391
9240
10002
3172
5948
10472
9086
2145
9215
3063
4288
1669
9810
3115
4136
6150
10310
7437
6767
10370
7337
6366
7188
509
3196
2659
2856
4593
2131
6899
3205
10391
8922
579
10080
8747
5032
5251
3532
7632
4143
3900
3612
117
7643
4348
8937
5953
541
10412
6695
901
8825
7170
7953
4679
5102
8104
2456
10521
37
4270
6135
8442
2152
1779
745
8231
7272
4430
9648
1927
5920
6367
1528
569
14
2081
1049
3217
4435
2781
2298
1605
9085
2614
5802
5044
10183
7175
4980
900
1394
6548
4151
9957
6977
539
5888
4035
5184
7341
6060
3720
7895
7446
8460
7716
9975
7072
8964
8945
5618
3061
10302
3096
8703
8449
8663
7992
4281
189
2217
10622
3133
7447
8975
4269
6103
1830
2079
9313
5587
2333
4608
8923
2898
86
1356
8333
4326
10164
6298
3678
4137
7235
2322
9563
1987
3624
408
5197
862
5039
5020
2841
5536
7218
79
6691
4492
8350
4337
9403
6304
6524
1441
576
6790
1644
2855
7404
6303
8359
707
9767
1432
10188
471
3407
5700
7602
4126
10580
8148
8664
3010
5444
8778
6965
9317
5118
4383
9236
717
2639
4377
838
796
5719
5850
2119
10441
1242
8194
2584
9863
8384
507
9658
4209
7189
9531
9519
3876
4905
8469
7541
2228
903
3613
8039
1318
2788
9103
2594
1263
9084
9422
10613
3619
6347
9364
5457
7590
7034
3268
10309
4236
1978
1901
3212
8408
4500
10426
326
7208
9430
7656
1645
5246
5331
4554
3932
5809
5895
2284
10197
737
10280
5367
8538
3803
2603
1862
6015
8373
2543
7957
9967
8820
208
10003
1369
2095
7878
1398
5205
4758
8079
3766
7931
1660
8198
7772
6208
5308
10275
5757
4148
