1.0970001220703125,0.9910001158714294,3.000005006790161
1.190999984741211,0.9910001158714294,2.999988079071045
2.062000036239624,0.9769999980926514,2.9999911785125732
1.253999948501587,0.9930000901222229,3.0000016689300537
1.212999939918518,0.9920001029968262,2.999995470046997
1.194000005722046,0.9900000095367432,3.0000057220458984
1.1489999294281006,0.9900000691413879,3.0000016689300537
1.147999882698059,0.9920000433921814,3.0000059604644775
1.2379999160766602,0.9900000095367432,3.0000059604644775
1.2680000066757202,0.9860000610351562,3.0000033378601074
1.1149998903274536,0.9879999756813049,3.0000059604644775
1.2420001029968262,0.9900001287460327,3.0000009536743164
1.4509999752044678,0.9900001287460327,3.000002861022949
1.2969999313354492,0.984000027179718,3.0000061988830566
1.3700000047683716,0.984000027179718,2.9999966621398926
5.430000305175781,0.9340000152587891,3.00000262260437
1.3859999179840088,0.9910000562667847,3.000002384185791
1.0750000476837158,0.9940000772476196,3.0000064373016357
1.2689999341964722,0.9880000352859497,3.0000014305114746
1.0570000410079956,0.9950000643730164,3.0000057220458984
1.0799999237060547,0.9950000643730164,3.0000057220458984
1.092000126838684,0.9950000643730164,3.0000059604644775
1.156000018119812,0.9930000901222229,3.0000011920928955
1.227000117301941,0.9950000643730164,3.0
1.0839998722076416,0.9940000772476196,3.0000052452087402
2.815000295639038,0.9679999351501465,3.0000030994415283
1.2280000448226929,0.987000048160553,3.000002384185791
1.2430000305175781,0.987000048160553,3.0000014305114746
1.319000005722046,0.9910000562667847,2.9999964237213135
1.472000002861023,0.9839999675750732,3.0000014305114746
1.0770000219345093,0.9930000901222229,3.0000052452087402
1.5260000228881836,0.9900000691413879,2.9999983310699463
1.5069999694824219,0.9850000739097595,2.999997138977051
3.1460001468658447,0.9649999737739563,2.9999940395355225
1.6640000343322754,0.9859999418258667,2.999990940093994
1.9760000705718994,0.9809999465942383,3.000000238418579
2.634999990463257,0.9709999561309814,2.9999985694885254
1.192000150680542,0.9900001287460327,3.0000054836273193
1.2350000143051147,0.9900001287460327,3.0000011920928955
2.1610000133514404,0.965999960899353,2.9999988079071045
2.125,0.9729999303817749,2.9999914169311523
1.2109999656677246,0.9890000224113464,3.0000011920928955
2.2799999713897705,0.9760000109672546,2.9999921321868896
1.2160000801086426,0.9900000095367432,3.0000057220458984
1.2279999256134033,0.9890000820159912,2.999997138977051
4.1479997634887695,0.9420000314712524,2.9999992847442627
1.1880000829696655,0.9900001287460327,3.0000057220458984
1.1899999380111694,0.9930000901222229,3.0000057220458984
1.24399995803833,0.9920001029968262,2.999988079071045
1.3309999704360962,0.9829999804496765,2.9999966621398926
1.095000147819519,0.9950000643730164,3.0000059604644775
1.064000129699707,0.9930000305175781,3.0000059604644775
2.004999876022339,0.968999981880188,3.000002861022949
1.2310000658035278,0.9869999885559082,3.0000057220458984
1.3309999704360962,0.9860000610351562,2.9999966621398926
1.349000096321106,0.987000048160553,3.0000040531158447
1.2019999027252197,0.9920000433921814,3.0000052452087402
1.087999939918518,0.9940000772476196,3.0000059604644775
1.317000150680542,0.9880000352859497,3.000004291534424
1.028999924659729,0.9950000643730164,3.000004768371582
1.318000078201294,0.9850000143051147,3.0000011920928955
1.7020000219345093,0.9850000143051147,2.9999966621398926
1.3220001459121704,0.987000048160553,2.999997138977051
1.2599999904632568,0.9930000901222229,3.0000040531158447
1.313999891281128,0.9839999675750732,3.0000057220458984
1.1959999799728394,0.9940000772476196,2.999992847442627
1.159000039100647,0.9940000772476196,3.0000014305114746
1.9220000505447388,0.9850000143051147,2.9999966621398926
1.346000075340271,0.9900000095367432,3.0000014305114746
1.086999773979187,0.9950000643730164,3.0000064373016357
1.0540000200271606,0.9950000643730164,3.0000052452087402
1.1949999332427979,0.9950000643730164,2.999990701675415
1.2280000448226929,0.9869999885559082,3.0000059604644775
1.246000051498413,0.9860000610351562,3.0000011920928955
1.1759998798370361,0.9930000305175781,3.00000262260437
1.2359999418258667,0.9930000901222229,2.999988079071045
1.722999930381775,0.984000027179718,2.9999988079071045
1.1369999647140503,0.9880000352859497,2.9999969005584717
1.0870000123977661,0.9940000772476196,2.9999966621398926
1.2930001020431519,0.9930000305175781,2.9999992847442627
1.3320001363754272,0.9900001287460327,2.999997138977051
1.1640000343322754,0.9950000643730164,3.0000052452087402
1.1349999904632568,0.9930000901222229,3.0000059604644775
1.2050000429153442,0.9950000643730164,2.999995470046997
1.312999963760376,0.9839999675750732,3.0000014305114746
2.06000018119812,0.9750000238418579,2.999990940093994
1.097000002861023,0.9950000643730164,3.0000061988830566
1.34499990940094,0.9900000095367432,3.0000009536743164
1.1850000619888306,0.9950000643730164,3.0000038146972656
1.09499990940094,0.9950000643730164,3.0000057220458984
1.2790000438690186,0.9910000562667847,3.000004291534424
1.1429998874664307,0.9920000433921814,3.0000064373016357
1.093000054359436,0.9950000643730164,3.0000059604644775
1.029999852180481,0.9950000643730164,3.0000054836273193
1.2989999055862427,0.9900000691413879,2.999997138977051
1.2269999980926514,0.9910001158714294,2.999992847442627
1.1050000190734863,0.9950000643730164,3.0000052452087402
1.1430000066757202,0.9920000433921814,3.0000061988830566
1.187000036239624,0.9880000352859497,3.0000059604644775
1.0509999990463257,0.9950000643730164,3.0000057220458984
1.2160000801086426,0.9839999675750732,3.0000059604644775
1.2109999656677246,0.9869999885559082,3.0000057220458984
1.3240001201629639,0.9829999208450317,3.0000014305114746
1.5789999961853027,0.9779999852180481,2.999992609024048
1.1369999647140503,0.9900001287460327,3.0000054836273193
1.4869999885559082,0.9799999594688416,2.999992847442627
4.048000335693359,0.9740000367164612,2.9999966621398926
1.809000015258789,0.9750000238418579,3.000001907348633
1.1369999647140503,0.9910001158714294,3.0000054836273193
1.3919999599456787,0.9890000224113464,2.999999761581421
1.28000009059906,0.9930000901222229,3.000002145767212
1.069000005722046,0.9940000772476196,3.0000014305114746
1.2180001735687256,0.9900000095367432,3.0000014305114746
1.2719999551773071,0.9880000352859497,2.9999992847442627
1.1200000047683716,0.9920001029968262,3.0000059604644775
1.1589999198913574,0.9930000901222229,3.0000057220458984
1.2179999351501465,0.9890000820159912,3.0000038146972656
1.558000087738037,0.9839999079704285,2.99999737739563
1.571000099182129,0.9839999079704285,2.9999969005584717
1.096000075340271,0.9950000643730164,3.0000057220458984
1.3270000219345093,0.9900000691413879,3.0000040531158447
1.3070001602172852,0.9840000867843628,2.999995470046997
1.4790000915527344,0.9810000658035278,2.999999761581421
1.1390000581741333,0.9920001029968262,3.0000052452087402
1.912000060081482,0.9709999561309814,2.9999921321868896
1.3669999837875366,0.9850000143051147,3.0000052452087402
1.3700001239776611,0.9940000772476196,2.999995231628418
2.307999849319458,0.9839999079704285,2.9999969005584717
2.302999973297119,0.981999933719635,2.999990701675415
1.1369999647140503,0.9950000643730164,2.9999969005584717
1.1589999198913574,0.9920001029968262,3.0000009536743164
1.5520001649856567,0.984000027179718,2.999997138977051
1.6720000505447388,0.9860000014305115,2.9999935626983643
2.5260002613067627,0.9700000286102295,2.9999911785125732
1.249000072479248,0.9869999885559082,2.9999969005584717
1.1920000314712524,0.987000048160553,3.0000059604644775
1.6929999589920044,0.9760000109672546,3.0000057220458984
1.2740000486373901,0.9910000562667847,2.999992847442627
1.3300000429153442,0.9829999804496765,3.0000014305114746
1.340000033378601,0.9849998950958252,3.0000014305114746
1.3550000190734863,0.9849998950958252,3.0000011920928955
1.1820000410079956,0.9950000643730164,3.0000011920928955
1.3850001096725464,0.9900000095367432,3.0000007152557373
1.499000072479248,0.9930000901222229,2.999995231628418
1.3849999904632568,0.9820000529289246,3.000002384185791
1.4930000305175781,0.9859999418258667,3.000004768371582
1.3240001201629639,0.987000048160553,3.0000057220458984
1.0850000381469727,0.9930000901222229,3.0000054836273193
1.5779999494552612,0.9819999933242798,2.9999959468841553
1.1359997987747192,0.9930000901222229,3.0000057220458984
1.2649999856948853,0.9900000691413879,3.0000040531158447
1.2690000534057617,0.9910001158714294,3.0000054836273193
1.1119998693466187,0.9950000643730164,3.0000052452087402
1.3220000267028809,0.9950000643730164,2.999988317489624
1.3509998321533203,0.987000048160553,3.0000059604644775
1.1389999389648438,0.9920000433921814,3.0000057220458984
1.1049998998641968,0.9930000901222229,3.0000054836273193
1.1339999437332153,0.9940000772476196,3.000005006790161
1.2139999866485596,0.9860000014305115,3.0000009536743164
1.2110000848770142,0.9850000143051147,3.0000059604644775
1.374000072479248,0.981999933719635,3.0000016689300537
1.5260001420974731,0.9790000319480896,2.9999992847442627
1.2609999179840088,0.9850000143051147,2.9999966621398926
1.1829999685287476,0.9880000948905945,2.999997138977051
1.1549999713897705,0.9880000352859497,3.0000054836273193
1.4429999589920044,0.9789999723434448,3.0
1.5839999914169312,0.9809999465942383,3.000002861022949
1.3940001726150513,0.9799999594688416,3.0000009536743164
1.371000051498413,0.9900000691413879,2.999992847442627
1.3890001773834229,0.9829999804496765,2.999992609024048
1.1000001430511475,0.9930000305175781,3.0000061988830566
1.0740000009536743,0.9950000643730164,3.0000057220458984
1.1439999341964722,0.9940000772476196,2.999997615814209
1.1660000085830688,0.9930000901222229,3.0000061988830566
1.1450001001358032,0.9920001029968262,3.0000061988830566
1.409000039100647,0.9819999933242798,2.999999761581421
1.2730000019073486,0.9890000224113464,3.000004291534424
1.2259999513626099,0.9829999804496765,3.0000059604644775
1.3160001039505005,0.9799999594688416,3.0000016689300537
1.0860000848770142,0.9950000643730164,3.0000061988830566
1.443000078201294,0.9900000691413879,2.9999983310699463
1.0670000314712524,0.9950000643730164,3.0000054836273193
1.065000057220459,0.9920001029968262,3.0000054836273193
1.1480000019073486,0.9890000224113464,3.0000009536743164
1.2079999446868896,0.9880000352859497,3.0000007152557373
1.7680000066757202,0.9829999804496765,3.000002861022949
1.0820001363754272,0.9909999966621399,3.0000052452087402
1.1589999198913574,0.9920001029968262,3.0000057220458984
1.2020000219345093,0.9860000014305115,3.0000059604644775
1.4800000190734863,0.9830000400543213,3.0000054836273193
1.218000054359436,0.9930000305175781,3.0000011920928955
1.9490001201629639,0.9749999642372131,3.0000040531158447
1.124000072479248,0.9930000901222229,3.0000057220458984
1.625,0.9790000319480896,2.9999923706054688
1.1430000066757202,0.9940000772476196,3.0000014305114746
1.1319999694824219,0.9950000643730164,2.9999966621398926
1.628999948501587,0.9779999256134033,3.00000262260437
1.1220000982284546,0.9920001029968262,3.0000054836273193
1.5510001182556152,0.9859999418258667,3.0000038146972656
1.6759999990463257,0.9849998950958252,3.000004529953003
1.8280000686645508,0.9859999418258667,3.000000238418579
1.2160000801086426,0.984000027179718,3.0000061988830566
1.4750001430511475,0.9799999594688416,3.000004291534424
1.4140000343322754,0.9769999980926514,3.000005006790161
1.093000054359436,0.9910000562667847,3.0000057220458984
1.2740000486373901,0.9940000772476196,2.999987840652466
1.1690000295639038,0.9920000433921814,3.0000059604644775
1.0589998960494995,0.9940000772476196,3.000005006790161
1.0679998397827148,0.9950000643730164,3.0000059604644775
2.868000030517578,0.972000002861023,2.999995231628418
2.367000102996826,0.9849998950958252,2.999999523162842
1.1100000143051147,0.9930000901222229,2.9999966621398926
1.308000087738037,0.9839999675750732,3.0000054836273193
1.1050000190734863,0.9900001287460327,3.0000057220458984
1.1699999570846558,0.9910000562667847,3.0000057220458984
1.4930000305175781,0.9709999561309814,3.0000057220458984
1.1330000162124634,0.9910000562667847,3.0000057220458984
1.3290001153945923,0.9910000562667847,2.999992609024048
1.3329998254776,0.9829999804496765,2.999988079071045
1.3670001029968262,0.9930000901222229,2.9999964237213135
1.1970001459121704,0.9900000691413879,3.0000057220458984
1.1880000829696655,0.9920000433921814,3.0000057220458984
1.1110001802444458,0.9910001158714294,3.0000057220458984
1.3840000629425049,0.9869999885559082,2.9999966621398926
1.4329999685287476,0.9799999594688416,2.9999921321868896
1.1780002117156982,0.9890000224113464,3.0000052452087402
1.1820000410079956,0.9870001077651978,3.0000059604644775
1.149999976158142,0.9930000901222229,3.0000057220458984
1.1290000677108765,0.9900000095367432,3.0000054836273193
1.252000093460083,0.9860000014305115,3.0000016689300537
1.1660001277923584,0.9900000691413879,3.0000011920928955
1.0980000495910645,0.9950000643730164,3.0000057220458984
1.2309999465942383,0.9860000610351562,3.0000059604644775
1.2719998359680176,0.9859999418258667,3.0000054836273193
1.569000005722046,0.9879999756813049,2.99999737739563
1.335999846458435,0.9880000352859497,2.9999985694885254
2.2130000591278076,0.9819999933242798,2.99999737739563
1.1030000448226929,0.9930000901222229,3.0000054836273193
1.1039999723434448,0.9890000820159912,3.0000061988830566
1.1990000009536743,0.9839999079704285,3.0000014305114746
1.4490000009536743,0.9869999885559082,3.00000262260437
1.4350000619888306,0.9910001158714294,2.9999988079071045
1.3329998254776,0.9920001029968262,2.9999938011169434
1.0850000381469727,0.9920001029968262,3.0000054836273193
1.0730000734329224,0.9930000305175781,3.0000057220458984
1.0499999523162842,0.9940000772476196,3.000005006790161
1.1530001163482666,0.9860000014305115,3.000004768371582
1.4620000123977661,0.9800000190734863,3.0000011920928955
1.0859999656677246,0.9880000352859497,3.000004768371582
1.1890000104904175,0.9890000224113464,3.0000064373016357
1.0889999866485596,0.9909999966621399,3.0000052452087402
1.1140000820159912,0.9910000562667847,3.0000061988830566
1.4720001220703125,0.9739999771118164,3.0000007152557373
1.100000023841858,0.9920001029968262,3.0000059604644775
1.2720000743865967,0.9860000014305115,2.9999969005584717
1.317000150680542,0.9880000948905945,2.999997138977051
1.3559999465942383,0.9850000739097595,2.999995708465576
1.1940001249313354,0.9900001287460327,2.9999964237213135
1.1649999618530273,0.9839999675750732,3.0000052452087402
1.09499990940094,0.9940000772476196,3.0000061988830566
1.1390000581741333,0.9870001077651978,3.000005006790161
1.1039998531341553,0.9910000562667847,3.0000059604644775
1.2309999465942383,0.9950000643730164,2.9999992847442627
1.498000144958496,0.9860000014305115,2.9999988079071045
1.340000033378601,0.9840000867843628,2.999998092651367
1.227000117301941,0.9910001158714294,2.999992609024048
1.0880000591278076,0.9940000772476196,3.0000057220458984
1.1060001850128174,0.9930000901222229,3.0000059604644775
1.0920000076293945,0.9950000643730164,3.0000030994415283
1.2750000953674316,0.9880000352859497,3.0000040531158447
1.2940001487731934,0.9920000433921814,3.0
1.4140000343322754,0.9810000061988831,3.0000016689300537
1.1740000247955322,0.9900000095367432,3.0000064373016357
1.96999990940094,0.968999981880188,3.0
1.1230000257492065,0.9920000433921814,3.0000054836273193
1.0420000553131104,0.9950000643730164,3.0000059604644775
1.1330000162124634,0.9940000772476196,3.0000059604644775
1.127000093460083,0.9930000305175781,3.0000059604644775
1.3909999132156372,0.9829999804496765,3.000002145767212
2.2280001640319824,0.9679999947547913,2.999995708465576
1.3619999885559082,0.9930000901222229,3.0000040531158447
1.180999994277954,0.9930000901222229,3.0000038146972656
1.1740000247955322,0.9920001029968262,3.0000059604644775
1.5779999494552612,0.9789999723434448,2.9999940395355225
1.350000023841858,0.9869999885559082,3.0000040531158447
1.1129999160766602,0.9950000643730164,3.0000014305114746
1.1019998788833618,0.9950000643730164,3.0000059604644775
1.5910000801086426,0.9739999771118164,3.000005006790161
1.180999994277954,0.9909999966621399,3.0000054836273193
1.2720000743865967,0.9900000691413879,3.0000011920928955
1.2580000162124634,0.9860000014305115,3.0000064373016357
1.4850001335144043,0.984000027179718,2.999999523162842
1.3780001401901245,0.9800000786781311,2.999997138977051
1.539000153541565,0.9759999513626099,3.0000057220458984
1.0830000638961792,0.9940000772476196,3.0000052452087402
1.1829999685287476,0.9890000224113464,3.0000011920928955
1.0780000686645508,0.9910001158714294,3.0000052452087402
1.1269999742507935,0.9930000901222229,2.99999737739563
1.4189999103546143,0.9869999289512634,2.9999947547912598
1.9900000095367432,0.966999888420105,2.9999964237213135
1.6230000257492065,0.9799999594688416,2.999999761581421
1.3630001544952393,0.9789999723434448,2.9999969005584717
1.290000081062317,0.9940000772476196,3.0
1.2059999704360962,0.9900000691413879,3.0000057220458984
1.2440000772476196,0.9860000610351562,2.999997615814209
1.1799999475479126,0.9920001029968262,3.0000009536743164
1.2300000190734863,0.9859999418258667,3.0000061988830566
1.273999810218811,0.9890000224113464,2.999995470046997
1.3789998292922974,0.9800000190734863,3.0000030994415283
1.3359999656677246,0.9880000352859497,3.0000057220458984
1.347000002861023,0.9850000143051147,2.99999737739563
1.3880001306533813,0.9829999208450317,2.9999969005584717
1.5500000715255737,0.9780000448226929,3.0000035762786865
1.2470000982284546,0.9869999885559082,2.9999923706054688
1.2960000038146973,0.9900000095367432,3.0000011920928955
1.440999984741211,0.9860000014305115,2.9999942779541016
1.0490001440048218,0.9950000643730164,3.0000061988830566
1.369999885559082,0.9799999594688416,2.999992609024048
1.1490000486373901,0.9900000691413879,3.0000059604644775
1.100000023841858,0.9940000772476196,3.0000016689300537
1.406000018119812,0.9880000352859497,3.0000011920928955
1.2530001401901245,0.9910000562667847,2.999988079071045
1.1129999160766602,0.9920001029968262,3.0000054836273193
1.2549999952316284,0.9880000352859497,3.0000054836273193
1.1209999322891235,0.9900000691413879,3.0000009536743164
1.1410000324249268,0.9930000901222229,3.0000061988830566
1.1700000762939453,0.9920001029968262,3.0000059604644775
1.2350001335144043,0.9880000352859497,3.0000052452087402
1.1280001401901245,0.9930000901222229,3.0000057220458984
1.409999966621399,0.9890000820159912,3.0000014305114746
1.073000192642212,0.9950000643730164,3.0000011920928955
1.09499990940094,0.9950000643730164,3.0000059604644775
1.1380001306533813,0.9930000901222229,3.0000054836273193
1.2929999828338623,0.9849998950958252,3.0000057220458984
1.0720000267028809,0.9940000772476196,3.0000057220458984
1.2370001077651978,0.9940000772476196,2.999988079071045
1.164000153541565,0.9940000772476196,3.0000014305114746
1.2260000705718994,0.9850000143051147,3.0000057220458984
1.060999870300293,0.9950000643730164,3.0000054836273193
1.1089999675750732,0.9940000772476196,2.9999992847442627
1.127000093460083,0.9940000772476196,2.9999969005584717
1.0779999494552612,0.9950000643730164,3.0000061988830566
1.0659998655319214,0.9930000305175781,3.000004529953003
1.5440000295639038,0.9900000691413879,2.999999761581421
1.323000192642212,0.9950000643730164,2.999995708465576
1.1069999933242798,0.9920000433921814,3.0000057220458984
1.1640000343322754,0.9880000352859497,3.0000064373016357
1.2970000505447388,0.9880000352859497,2.999999761581421
1.6150000095367432,0.9820000529289246,2.999995231628418
1.2689999341964722,0.9869999885559082,3.000001907348633
1.125,0.9930000901222229,3.0000057220458984
1.3640000820159912,0.9890000224113464,2.9999935626983643
1.3519998788833618,0.9860000014305115,3.0000057220458984
1.3199999332427979,0.9880000352859497,3.0000040531158447
1.0679999589920044,0.9950000643730164,3.0000054836273193
1.0989999771118164,0.9930000901222229,2.999997138977051
1.0449999570846558,0.9950000643730164,3.000005006790161
1.3849999904632568,0.9759999513626099,2.999992609024048
1.061000108718872,0.9940000772476196,3.0000057220458984
1.1139999628067017,0.9880000352859497,3.0000052452087402
1.0850001573562622,0.9880000352859497,3.000005006790161
1.084999918937683,0.9900000095367432,3.0000059604644775
1.1110000610351562,0.9950000643730164,3.0000014305114746
1.1100000143051147,0.9930000305175781,2.999997138977051
1.71999990940094,0.9820000529289246,2.9999923706054688
1.062000036239624,0.9950000643730164,3.0000061988830566
1.058000087738037,0.9950000643730164,3.0000054836273193
2.0410001277923584,0.9780000448226929,2.9999940395355225
1.3910000324249268,0.9900001287460327,2.999999523162842
1.3830000162124634,0.9900001287460327,2.999999523162842
1.277000069618225,0.9830000400543213,3.0000059604644775
1.1110000610351562,0.9890000820159912,3.0000054836273193
1.0649999380111694,0.9920001029968262,3.0000054836273193
1.1460000276565552,0.9910000562667847,3.0000014305114746
1.2630001306533813,0.9839999675750732,3.0000059604644775
1.3260000944137573,0.9910001158714294,2.9999990463256836
1.0520000457763672,0.9950000643730164,3.000005006790161
1.2319999933242798,0.9880000352859497,2.9999966621398926
1.091999888420105,0.9940000772476196,3.000002145767212
1.5690001249313354,0.9869999885559082,3.00000262260437
1.125,0.9890000224113464,3.0000054836273193
1.2109999656677246,0.9850000143051147,3.0000011920928955
1.0759999752044678,0.9920001029968262,3.000004768371582
1.1540000438690186,0.9950000643730164,2.999997138977051
1.3510000705718994,0.9890000224113464,2.9999938011169434
1.1519999504089355,0.9880000352859497,3.0000007152557373
1.08899986743927,0.9940000772476196,3.0000054836273193
1.9179999828338623,0.9829999804496765,3.00000262260437
1.4479999542236328,0.9819999933242798,3.0000007152557373
1.2960001230239868,0.9880000352859497,2.999992609024048
1.1490001678466797,0.9890000224113464,3.0000059604644775
1.1399999856948853,0.9890000224113464,3.0000057220458984
1.2950000762939453,0.9799999594688416,3.000001907348633
1.1710000038146973,0.9890000224113464,3.0000061988830566
1.0709999799728394,0.9950000643730164,3.0000064373016357
1.062999963760376,0.9930000901222229,3.0000054836273193
1.0980000495910645,0.9920001029968262,3.0000059604644775
1.1779999732971191,0.9910001158714294,2.999997138977051
1.1719999313354492,0.9900000691413879,2.999992847442627
1.218000054359436,0.9880000948905945,2.99999737739563
1.1160000562667847,0.9869999289512634,3.0000054836273193
1.2630000114440918,0.9950000643730164,2.9999983310699463
1.1179999113082886,0.9930000305175781,3.0000052452087402
1.121999979019165,0.9950000643730164,3.0000057220458984
1.1030000448226929,0.9940000772476196,2.9999966621398926
1.034000039100647,0.9950000643730164,3.000004768371582
1.1279999017715454,0.9920001029968262,3.000004768371582
1.1470000743865967,0.98499995470047,3.0000057220458984
1.0850000381469727,0.9920001029968262,3.0000011920928955
1.0349998474121094,0.9950000643730164,3.000005006790161
1.1239999532699585,0.9940000772476196,3.0000054836273193
1.184000015258789,0.9879999756813049,3.0000052452087402
1.1420000791549683,0.9950000643730164,2.9999969005584717
1.1420000791549683,0.9890000224113464,3.0000052452087402
1.1489999294281006,0.9920001029968262,2.99999737739563
1.0740001201629639,0.9950000643730164,3.0000052452087402
1.3249999284744263,0.9849998950958252,2.9999964237213135
1.087999939918518,0.9950000643730164,3.0000057220458984
1.059999942779541,0.9930000901222229,3.0000057220458984
1.1899999380111694,0.9900001287460327,3.000005006790161
1.1430000066757202,0.9920000433921814,3.0000054836273193
1.2020000219345093,0.9950000643730164,2.999997854232788
1.1169999837875366,0.9890000820159912,2.999997138977051
1.159999966621399,0.9930000901222229,2.999995470046997
1.058000087738037,0.9940000772476196,3.0000057220458984
1.125999927520752,0.9900000691413879,3.0000057220458984
1.190999984741211,0.9900001287460327,3.0000016689300537
1.40500009059906,0.9819999933242798,2.999997854232788
1.0609999895095825,0.9950000643730164,3.0000052452087402
1.1679998636245728,0.9900000095367432,3.0
1.1950000524520874,0.9910001158714294,3.0000011920928955
1.1399999856948853,0.9890000224113464,3.0000057220458984
1.2170000076293945,0.9900000691413879,2.99999737739563
1.13100004196167,0.9890000820159912,2.999997138977051
1.2699999809265137,0.9840000867843628,2.9999966621398926
1.3289999961853027,0.9880000352859497,2.999998092651367
1.187000036239624,0.9850000739097595,3.000005006790161
1.1059999465942383,0.9890000224113464,3.0000052452087402
1.090999960899353,0.9920001029968262,3.0000061988830566
1.1799999475479126,0.9869999885559082,3.000005006790161
1.2139999866485596,0.9900000691413879,3.0000057220458984
1.0840001106262207,0.9930000901222229,3.0000064373016357
1.1399999856948853,0.9920000433921814,2.9999964237213135
1.1290000677108765,0.9950000643730164,3.0000059604644775
1.1029999256134033,0.9950000643730164,3.0000016689300537
1.0860000848770142,0.9930000901222229,3.0000054836273193
1.0920000076293945,0.9900000691413879,3.0000057220458984
1.0509999990463257,0.9940000772476196,3.000004768371582
1.1150000095367432,0.9930000901222229,2.999997138977051
1.1039999723434448,0.9920001029968262,3.0000059604644775
1.2269999980926514,0.9879999756813049,2.999992609024048
1.2569999694824219,0.9850000739097595,2.9999990463256836
1.1140000820159912,0.9900000691413879,2.9999966621398926
1.0549999475479126,0.9950000643730164,3.0000057220458984
1.152999997138977,0.987000048160553,2.999997138977051
1.1119999885559082,0.9940000772476196,3.0000057220458984
1.156999945640564,0.9890000820159912,3.0000011920928955
1.3590000867843628,0.9890000820159912,3.000000476837158
1.069000005722046,0.9950000643730164,3.000004768371582
1.097999930381775,0.9889999628067017,3.000005006790161
1.154999852180481,0.9880000352859497,3.0000059604644775
1.152999997138977,0.9879999756813049,3.0000057220458984
1.1380000114440918,0.9910000562667847,3.0000054836273193
1.0830000638961792,0.9910001158714294,3.0000057220458984
1.0809998512268066,0.9930000901222229,3.0000057220458984
1.1109999418258667,0.9920000433921814,3.0000061988830566
1.1069999933242798,0.9940000772476196,3.0000057220458984
1.059999942779541,0.9940000772476196,3.0000059604644775
1.08899986743927,0.9930000901222229,3.000004768371582
1.1990000009536743,0.9880000352859497,3.0000059604644775
1.0479999780654907,0.9940000772476196,3.000005006790161
1.1750000715255737,0.9900001287460327,2.9999966621398926
1.1890000104904175,0.987000048160553,2.9999966621398926
1.0829999446868896,0.9920000433921814,3.000005006790161
1.0759998559951782,0.9930000901222229,3.0000014305114746
1.1130001544952393,0.9900000691413879,3.0000057220458984
1.091999888420105,0.9950000643730164,2.999999523162842
1.1139999628067017,0.9910000562667847,3.0000057220458984
1.0829999446868896,0.9940000772476196,3.0000057220458984
1.057999849319458,0.9950000643730164,3.0000057220458984
1.0729999542236328,0.9890000820159912,3.0000052452087402
1.1050000190734863,0.9900001287460327,3.0000052452087402
1.0600000619888306,0.9950000643730164,3.0000052452087402
1.0820000171661377,0.9900001287460327,3.000004768371582
1.0870000123977661,0.9880000352859497,3.0000052452087402
1.1480000019073486,0.9880000352859497,3.000005006790161
1.0649999380111694,0.9950000643730164,3.000005006790161
1.1409999132156372,0.9930000901222229,3.0000054836273193
1.1009999513626099,0.9880000352859497,3.0000057220458984
1.0570000410079956,0.9930000901222229,3.0000052452087402
1.027999997138977,0.9940000772476196,3.0000052452087402
1.090000033378601,0.9930000901222229,3.0000054836273193
1.0690001249313354,0.9950000643730164,3.000005006790161
1.2069998979568481,0.9950000643730164,2.999997138977051
1.0360000133514404,0.9950000643730164,3.0000057220458984
1.03600013256073,0.9950000643730164,3.000004768371582
1.1279999017715454,0.9869999885559082,3.0000057220458984
1.0449999570846558,0.9940000772476196,3.000005006790161
1.0759999752044678,0.9910001158714294,3.000000238418579
1.0460001230239868,0.9909999966621399,3.000004768371582
