139
968
1025
772
905
471
571
566
637
790
744
624
822
447
166
21
495
1004
1014
509
269
827
50
1042
70
112
1033
350
46
519
1024
18
343
545
188
1003
1013
381
252
296
458
371
476
608
9
76
202
247
965
27
298
465
441
257
333
995
25
337
405
865
211
572
689
213
625
797
588
974
513
927
339
189
425
448
834
197
655
1051
13
595
817
576
940
660
366
422
688
384
396
168
1059
774
747
926
1041
607
99
60
680
272
75
763
555
338
832
158
1045
452
214
678
291
218
374
71
563
820
955
90
973
893
611
394
424
659
196
185
105
938
178
501
1012
543
977
173
731
329
61
128
650
114
852
38
861
386
862
912
810
192
498
184
999
68
78
268
413
934
756
357
1
449
532
573
314
985
528
437
722
641
324
630
119
1053
345
913
505
766
719
342
520
309
967
558
353
616
1062
499
587
531
651
748
1057
784
838
207
133
473
351
306
875
936
933
232
15
82
871
889
521
762
116
859
92
393
104
626
372
122
66
869
925
697
489
77
354
274
885
656
243
589
695
612
980
442
873
887
957
1075
370
86
1019
194
467
809
300
1046
806
807
578
560
964
551
420
311
768
843
1018
891
110
39
884
585
479
1036
791
84
241
222
5
418
765
1000
115
402
692
106
205
91
841
221
749
752
265
781
920
403
361
240
696
969
769
59
981
552
177
778
149
808
1063
390
526
100
400
1031
118
757
918
682
1074
600
435
679
686
503
564
360
1001
17
127
866
978
375
635
432
802
556
948
793
1038
746
758
88
283
1010
553
1066
355
144
658
561
98
52
457
170
120
378
146
735
480
833
230
724
1023
525
280
140
800
237
193
14
1017
1032
583
180
319
569
67
209
251
653
599
773
562
853
610
677
570
704
829
554
799
224
1056
1055
344
618
1067
234
733
117
582
638
1061
297
993
316
715
417
830
1029
855
289
712
312
238
285
634
739
647
1049
53
107
826
636
779
1047
591
685
486
203
304
389
910
868
668
490
803
836
596
847
760
996
923
909
210
946
363
301
332
937
79
633
401
3
264
260
780
629
643
1037
1027
788
141
846
415
711
645
664
419
74
970
492
483
771
57
85
1044
322
988
154
835
348
718
176
364
941
798
523
983
732
823
617
162
156
145
698
253
163
902
160
924
453
397
287
694
278
69
882
249
728
856
782
951
517
331
1021
262
195
1043
714
51
975
138
43
982
500
340
87
496
878
879
502
1030
157
183
814
620
1005
1040
603
94
783
801
174
1069
930
691
815
904
481
705
