1.0354737043380737,0.9550000429153442,1.1181219816207886
1.0354737043380737,0.9550000429153442,1.1213420629501343
1.0504339933395386,0.8849999904632568,3.2335519790649414
1.0320017337799072,0.9650000333786011,1.2623718976974487
1.0306593179702759,0.9600000381469727,1.5673021078109741
1.03602933883667,0.9500000476837158,1.190622091293335
1.036550760269165,0.9500000476837158,1.186601996421814
1.0303244590759277,0.9600000381469727,1.6248620748519897
1.0369259119033813,0.9500000476837158,1.2171519994735718
1.0424485206604004,0.9300000667572021,1.3983820676803589
1.0463407039642334,0.940000057220459,1.1555720567703247
1.0407698154449463,0.9500000476837158,1.318411946296692
1.0407698154449463,0.9500000476837158,1.318411946296692
1.0487116575241089,0.9200000762939453,1.9628020524978638
1.0484979152679443,0.9200000762939453,2.167302131652832
1.1346111297607422,0.6700000166893005,4.309152126312256
1.0297060012817383,0.9550000429153442,1.5890519618988037
1.0279462337493896,0.9700000286102295,1.1022019386291504
1.0333377122879028,0.940000057220459,1.5582420825958252
1.024999976158142,0.9750000238418579,1.0477219820022583
1.024999976158142,0.9750000238418579,1.0674320459365845
1.024999976158142,0.9750000238418579,1.0984320640563965
1.0294445753097534,0.9650000333786011,1.176151990890503
1.024999976158142,0.9750000238418579,1.1538618803024292
1.0262531042099,0.9700000286102295,1.216931939125061
1.0523810386657715,0.8399999737739563,2.4546420574188232
1.0468658208847046,0.9350000619888306,1.5987420082092285
1.0430551767349243,0.9350000619888306,1.6594420671463013
1.0294404029846191,0.9550000429153442,2.1183922290802
1.049248456954956,0.9200000762939453,1.7843520641326904
1.028275966644287,0.9650000333786011,1.139281988143921
1.0357247591018677,0.9500000476837158,1.4320919513702393
1.0447884798049927,0.9250000715255737,2.022361993789673
1.089674472808838,0.824999988079071,3.0164921283721924
1.0472524166107178,0.9300000667572021,1.591912031173706
1.0536929368972778,0.9050000309944153,1.7046420574188232
1.069304347038269,0.8550000190734863,2.4525418281555176
1.0464451313018799,0.9500000476837158,1.2351120710372925
1.0464451313018799,0.9500000476837158,1.2351120710372925
1.0617663860321045,0.8299999833106995,2.7476818561553955
1.0512652397155762,0.8650000095367432,2.642782211303711
1.033814549446106,0.9450000524520874,1.4997520446777344
1.0502980947494507,0.8800000548362732,3.6296920776367188
1.0340237617492676,0.9500000476837158,2.0457019805908203
1.043813943862915,0.9450000524520874,1.182252049446106
1.1238338947296143,0.7099999785423279,4.127662181854248
1.0417580604553223,0.9500000476837158,1.2232820987701416
1.030961513519287,0.9650000333786011,1.0749119520187378
1.0292515754699707,0.9600000381469727,1.2367520332336426
1.0477970838546753,0.9150000810623169,1.717202067375183
1.024999976158142,0.9750000238418579,1.1307519674301147
1.0278098583221436,0.9650000333786011,1.261362075805664
1.0656996965408325,0.8450000286102295,2.525681972503662
1.0447278022766113,0.9350000619888306,1.8320519924163818
1.044801115989685,0.9300000667572021,1.8688420057296753
1.0407519340515137,0.9350000619888306,1.456002116203308
1.0292145013809204,0.9600000381469727,1.144771933555603
1.0267120599746704,0.9700000286102295,1.126621961593628
1.0396654605865479,0.940000057220459,1.5786219835281372
1.024999976158142,0.9750000238418579,1.0293020009994507
1.0452488660812378,0.9250000715255737,1.8854520320892334
1.0479117631912231,0.9250000715255737,1.7850919961929321
1.0461698770523071,0.9350000619888306,1.263611912727356
1.029881477355957,0.9650000333786011,1.2431119680404663
1.0482796430587769,0.9200000762939453,1.8774521350860596
1.0267326831817627,0.9700000286102295,1.1536219120025635
1.0258257389068604,0.9700000286102295,1.14040207862854
1.040531873703003,0.9250000715255737,2.1875619888305664
1.0320006608963013,0.9500000476837158,1.4607220888137817
1.024999976158142,0.9750000238418579,1.0765619277954102
1.024999976158142,0.9750000238418579,1.0351018905639648
1.024999976158142,0.9750000238418579,1.1315721273422241
1.0424456596374512,0.9350000619888306,1.3493520021438599
1.0511032342910767,0.9300000667572021,1.7439720630645752
1.0284532308578491,0.9650000333786011,1.140231966972351
1.0268950462341309,0.9650000333786011,1.2233918905258179
1.0370031595230103,0.9200000762939453,1.8933920860290527
1.036401629447937,0.940000057220459,1.3498719930648804
1.0269733667373657,0.9700000286102295,1.1223419904708862
1.0288136005401611,0.9650000333786011,1.2056920528411865
1.0464085340499878,0.9500000476837158,1.1952921152114868
1.024999976158142,0.9750000238418579,1.146101951599121
1.027871012687683,0.9650000333786011,1.2031320333480835
1.024999976158142,0.9750000238418579,1.2407119274139404
1.0427671670913696,0.9200000762939453,2.0167219638824463
1.0568358898162842,0.8750001192092896,2.5449624061584473
1.024999976158142,0.9750000238418579,1.1229618787765503
1.0385432243347168,0.9500000476837158,1.2447319030761719
1.024999976158142,0.9750000238418579,1.145442008972168
1.024999976158142,0.9750000238418579,1.0610620975494385
1.0386353731155396,0.9550000429153442,1.3134419918060303
1.03242027759552,0.9600000381469727,1.4092719554901123
1.024999976158142,0.9750000238418579,1.0814919471740723
1.024999976158142,0.9750000238418579,1.0411419868469238
1.0435736179351807,0.9500000476837158,1.3669220209121704
1.041554570198059,0.9550000429153442,1.2171119451522827
1.024999976158142,0.9750000238418579,1.0701320171356201
1.0291293859481812,0.9600000381469727,1.2119519710540771
1.0436151027679443,0.940000057220459,1.2588220834732056
1.024999976158142,0.9750000238418579,1.0449219942092896
1.0461076498031616,0.9200000762939453,1.2903820276260376
1.0440342426300049,0.9350000619888306,1.2645620107650757
1.0534942150115967,0.9150000810623169,1.315531849861145
1.052425742149353,0.8900001049041748,2.1690220832824707
1.0418596267700195,0.9500000476837158,1.1524319648742676
1.0427603721618652,0.9000000357627869,2.603642225265503
1.0535739660263062,0.8700001239776611,2.745662212371826
1.070412039756775,0.8750001192092896,2.99766206741333
1.0354266166687012,0.9550000429153442,1.2577420473098755
1.0345780849456787,0.9450000524520874,1.7461320161819458
1.028210997581482,0.9650000333786011,1.2367620468139648
1.0295226573944092,0.9700000286102295,1.064162015914917
1.0318245887756348,0.9500000476837158,1.3904919624328613
1.040549635887146,0.940000057220459,1.278182029724121
1.029350996017456,0.9600000381469727,1.1484720706939697
1.028597116470337,0.9650000333786011,1.1631319522857666
1.0364329814910889,0.9450000524520874,1.4679421186447144
1.0690956115722656,0.9200000762939453,1.3199620246887207
1.067895531654358,0.9200000762939453,1.3199620246887207
1.024999976158142,0.9750000238418579,1.0688118934631348
1.0369775295257568,0.9500000476837158,1.6687520742416382
1.0417765378952026,0.9200000762939453,1.5426820516586304
1.052465796470642,0.9050000309944153,1.5550720691680908
1.033045768737793,0.9600000381469727,1.2414219379425049
1.0714737176895142,0.8550000190734863,1.8555220365524292
1.0452377796173096,0.9250000715255737,1.625432014465332
1.0258005857467651,0.9700000286102295,1.245661973953247
1.0601305961608887,0.9200000762939453,2.4023919105529785
1.0647069215774536,0.9100000858306885,2.4832518100738525
1.024999976158142,0.9750000238418579,1.1277519464492798
1.0285805463790894,0.9600000381469727,1.159201979637146
1.0504467487335205,0.9200000762939453,1.9306820631027222
1.0445622205734253,0.9300000667572021,1.9652221202850342
1.0761165618896484,0.8500000834465027,2.275991916656494
1.037644386291504,0.9350000619888306,1.235111951828003
1.040381908416748,0.9350000619888306,1.5737119913101196
1.0650832653045654,0.8800000548362732,2.211441993713379
1.0325253009796143,0.9550000429153442,1.476992130279541
1.0452524423599243,0.9150000810623169,1.8751920461654663
1.0723230838775635,0.9250000715255737,1.2830721139907837
1.0726902484893799,0.9250000715255737,1.2830721139907837
1.024999976158142,0.9750000238418579,1.116132140159607
1.0308470726013184,0.9500000476837158,1.6821318864822388
1.0282618999481201,0.9650000333786011,1.1875920295715332
1.0536129474639893,0.9100000858306885,1.5482020378112793
1.037053108215332,0.9300000667572021,2.1417319774627686
1.0364941358566284,0.9350000619888306,2.0244319438934326
1.0305297374725342,0.9650000333786011,1.1236920356750488
1.0391687154769897,0.9100000858306885,1.9179720878601074
1.027530312538147,0.9650000333786011,1.3864120244979858
1.0424561500549316,0.9500000476837158,1.330211877822876
1.029595136642456,0.9550000429153442,2.130311965942383
1.024999976158142,0.9750000238418579,1.0744918584823608
1.024999976158142,0.9750000238418579,1.1916619539260864
1.0449016094207764,0.9350000619888306,1.6005520820617676
1.0305720567703247,0.9600000381469727,1.413032054901123
1.0331008434295654,0.9650000333786011,1.165671944618225
1.0261309146881104,0.9700000286102295,1.197361946105957
1.0501147508621216,0.9300000667572021,1.5134820938110352
1.0521023273468018,0.9250000715255737,1.4673819541931152
1.0679055452346802,0.9100000858306885,1.5961120128631592
1.0699145793914795,0.8950001001358032,1.8180420398712158
1.0523886680603027,0.9250000715255737,1.3967119455337524
1.0461735725402832,0.940000057220459,1.3896019458770752
1.042502522468567,0.940000057220459,1.4904119968414307
1.0648524761199951,0.8950001001358032,1.8036919832229614
1.0649889707565308,0.9050000309944153,2.1397719383239746
1.0657726526260376,0.9000000953674316,1.9635919332504272
1.0322346687316895,0.9500000476837158,1.3673820495605469
1.0499835014343262,0.9150000810623169,1.8557219505310059
1.0273786783218384,0.9650000333786011,1.2491620779037476
1.024999976158142,0.9750000238418579,1.098162055015564
1.0266697406768799,0.9700000286102295,1.2209320068359375
1.0298489332199097,0.9650000333786011,1.174131989479065
1.031793475151062,0.9600000381469727,1.2784221172332764
1.0526326894760132,0.9100000858306885,1.3889020681381226
1.0387989282608032,0.9450000524520874,1.2944021224975586
1.0596063137054443,0.9150000810623169,1.3160419464111328
1.0679758787155151,0.9000000953674316,1.345181941986084
1.024999976158142,0.9750000238418579,1.060021996498108
1.0346505641937256,0.9500000476837158,1.787282109260559
1.024999976158142,0.9750000238418579,1.054062008857727
1.0286166667938232,0.9600000381469727,1.3660320043563843
1.0359936952590942,0.9450000524520874,1.35984206199646
1.041152000427246,0.940000057220459,1.664932131767273
1.0435899496078491,0.9150000810623169,1.8189520835876465
1.036287784576416,0.9550000429153442,1.316131830215454
1.0309044122695923,0.9600000381469727,1.5964219570159912
1.0435619354248047,0.9300000667572021,1.334231972694397
1.0473275184631348,0.9150000810623169,1.9283820390701294
1.0266237258911133,0.9650000333786011,1.3095719814300537
1.0618529319763184,0.8750000596046448,2.615461826324463
1.0288760662078857,0.9650000333786011,1.2841819524765015
1.0489493608474731,0.8950001001358032,2.4196619987487793
1.0270150899887085,0.9700000286102295,1.234921932220459
1.024999976158142,0.9750000238418579,1.105821967124939
1.058038592338562,0.8899999856948853,2.569862127304077
1.0316975116729736,0.9600000381469727,1.2100518941879272
1.058481216430664,0.9300000667572021,1.52485191822052
1.0598238706588745,0.9250000715255737,1.5248119831085205
1.0535311698913574,0.9300000667572021,1.5733721256256104
1.0428794622421265,0.9200000762939453,1.5141719579696655
1.0555620193481445,0.9000000953674316,1.8697121143341064
1.0659440755844116,0.8850001096725464,1.8473520278930664
1.0326776504516602,0.9550000429153442,1.2112020254135132
1.0272271633148193,0.9700000286102295,1.2368519306182861
1.029183030128479,0.9600000381469727,1.4845218658447266
1.0264633893966675,0.9700000286102295,1.0920621156692505
1.024999976158142,0.9750000238418579,1.0554120540618896
1.0801960229873657,0.8600000739097595,3.3356120586395264
1.0569547414779663,0.9250000715255737,2.4530420303344727
1.0296224355697632,0.9650000333786011,1.1236220598220825
1.0517164468765259,0.9200000762939453,1.5319219827651978
1.0389219522476196,0.9500000476837158,1.1538920402526855
1.031561255455017,0.9550000429153442,1.550482153892517
1.077245831489563,0.8550000190734863,1.7306619882583618
1.0315743684768677,0.9550000429153442,1.5276119709014893
1.031534194946289,0.9550000429153442,1.2950619459152222
1.0461647510528564,0.9150000810623169,1.5774420499801636
1.0284191370010376,0.9650000333786011,1.5577720403671265
1.0331224203109741,0.9500000476837158,1.73760187625885
1.030800223350525,0.9600000381469727,1.3789520263671875
1.0370899438858032,0.9550000429153442,1.1693220138549805
1.0408403873443604,0.9350000619888306,1.6280620098114014
1.0554559230804443,0.9000000953674316,1.9716320037841797
1.0385650396347046,0.9450000524520874,1.2488420009613037
1.0373564958572388,0.9350000619888306,1.6566721200942993
1.0302261114120483,0.9650000333786011,1.11040198802948
1.0347695350646973,0.9500000476837158,1.1412620544433594
1.0409460067749023,0.9300000667572021,1.4138119220733643
1.0326155424118042,0.9500000476837158,1.516611933708191
1.024999976158142,0.9750000238418579,1.087581992149353
1.0509073734283447,0.9300000667572021,1.6000919342041016
1.0477808713912964,0.9300000667572021,1.520151972770691
1.0426673889160156,0.940000057220459,1.6199519634246826
1.037336826324463,0.940000057220459,1.5597620010375977
1.0460150241851807,0.9100000858306885,2.8068320751190186
1.0316565036773682,0.9650000333786011,1.1356220245361328
1.0390994548797607,0.9450000524520874,1.2938120365142822
1.0495374202728271,0.9200000762939453,1.5241719484329224
1.0442898273468018,0.9350000619888306,1.8568921089172363
1.0328444242477417,0.9550000429153442,1.3142220973968506
1.0305730104446411,0.9600000381469727,1.3846620321273804
1.0325075387954712,0.9600000381469727,1.5228420495986938
1.0304977893829346,0.9650000333786011,1.1699720621109009
1.026613712310791,0.9700000286102295,1.100511908531189
1.050199031829834,0.9300000667572021,1.497022032737732
1.0572129487991333,0.9000000953674316,1.6628919839859009
1.04160475730896,0.940000057220459,1.1913520097732544
1.0376883745193481,0.9450000524520874,1.3459219932556152
1.029121994972229,0.9550000429153442,1.2131719589233398
1.0349329710006714,0.9550000429153442,1.0912519693374634
1.058062195777893,0.8700000643730164,2.5409419536590576
1.0318536758422852,0.9600000381469727,1.2179319858551025
1.0439831018447876,0.9300000667572021,1.2248120307922363
1.0414613485336304,0.940000057220459,1.4913419485092163
1.0416052341461182,0.925000011920929,2.037911891937256
1.046910285949707,0.9500000476837158,1.1764819622039795
1.0522558689117432,0.9200000762939453,1.4424920082092285
1.0260000228881836,0.9700000286102295,1.1027220487594604
1.0437393188476562,0.9350000619888306,1.4929620027542114
1.0332469940185547,0.9550000429153442,1.296651840209961
1.024999976158142,0.9750000238418579,1.2167221307754517
1.0494831800460815,0.9300000667572021,1.697242021560669
1.0438693761825562,0.9200000762939453,1.7446119785308838
1.0424617528915405,0.9550000429153442,1.2829620838165283
1.0287688970565796,0.9700000286102295,1.092542052268982
1.029881238937378,0.9650000333786011,1.123121976852417
1.024999976158142,0.9750000238418579,1.1071220636367798
1.0440759658813477,0.940000057220459,1.1891820430755615
1.0287350416183472,0.9600000381469727,1.467292070388794
1.0549124479293823,0.9050000309944153,2.093222141265869
1.037892460823059,0.9500000476837158,1.1897820234298706
1.0657975673675537,0.8449999690055847,2.560742139816284
1.0320464372634888,0.9600000381469727,1.1513320207595825
1.024999976158142,0.9750000238418579,1.0390419960021973
1.0271350145339966,0.9700000286102295,1.163241982460022
1.0295360088348389,0.9650000333786011,1.1220320463180542
1.0391771793365479,0.9150000810623169,2.169771909713745
1.0708853006362915,0.8400000333786011,2.680432081222534
1.027097463607788,0.9650000333786011,1.4336820840835571
1.0273807048797607,0.9650000333786011,1.3149820566177368
1.029534935951233,0.9600000381469727,1.2941920757293701
1.061661958694458,0.8950001001358032,1.5788320302963257
1.0490829944610596,0.9350000619888306,1.5487220287322998
1.024999976158142,0.9750000238418579,1.134761929512024
1.024999976158142,0.9750000238418579,1.090791940689087
1.0616049766540527,0.8700000643730164,1.7581520080566406
1.0311732292175293,0.9550000429153442,1.2076420783996582
1.0328575372695923,0.9500000476837158,1.4722919464111328
1.0446999073028564,0.9300000071525574,1.7455819845199585
1.0536693334579468,0.9200000762939453,2.3217921257019043
1.061381220817566,0.9000000953674316,2.1617422103881836
1.0655628442764282,0.8800000548362732,2.660491943359375
1.0264291763305664,0.9700000286102295,1.1177420616149902
1.0376763343811035,0.9450000524520874,1.4099119901657104
1.0275723934173584,0.9550000429153442,1.6306120157241821
1.0281225442886353,0.9650000333786011,1.1872819662094116
1.0419654846191406,0.9350000619888306,2.0190820693969727
1.0762971639633179,0.8349999189376831,3.2474119663238525
1.061110496520996,0.9000000953674316,1.8481019735336304
1.0531953573226929,0.8950001001358032,2.016551971435547
1.0273569822311401,0.9700000286102295,1.3229820728302002
1.0375664234161377,0.9500000476837158,1.347182035446167
1.044680118560791,0.9300000667572021,1.95290207862854
1.0328505039215088,0.9600000381469727,1.2495620250701904
1.0446422100067139,0.9300000667572021,1.610072135925293
1.0343700647354126,0.9450000524520874,1.491641879081726
1.060525894165039,0.9000000953674316,2.0089921951293945
1.0432395935058594,0.940000057220459,1.4410220384597778
1.0505218505859375,0.9250000715255737,1.6340420246124268
1.0506880283355713,0.9150000810623169,1.6792820692062378
1.054728627204895,0.8900001049041748,1.9907721281051636
1.0444749593734741,0.9350000619888306,1.5873920917510986
1.0375964641571045,0.9500000476837158,1.2805320024490356
1.0462037324905396,0.9300000667572021,2.364531993865967
1.024999976158142,0.9750000238418579,1.0846120119094849
1.0553021430969238,0.9000000357627869,2.625051975250244
1.03854501247406,0.9500000476837158,1.5202019214630127
1.0279793739318848,0.9700000286102295,1.07505202293396
1.04196035861969,0.940000057220459,1.6372718811035156
1.0308672189712524,0.9550000429153442,1.6780719757080078
1.0343523025512695,0.9600000381469727,1.185261845588684
1.0335458517074585,0.940000057220459,1.6207221746444702
1.0334761142730713,0.9500000476837158,1.3142719268798828
1.0285416841506958,0.9650000333786011,1.4267020225524902
1.0303572416305542,0.9600000381469727,1.2523219585418701
1.0347305536270142,0.940000057220459,1.9766420125961304
1.0299253463745117,0.9650000333786011,1.2362420558929443
1.0475778579711914,0.9450000524520874,1.1811820268630981
1.024999976158142,0.9750000238418579,1.0519819259643555
1.024999976158142,0.9750000238418579,1.1327420473098755
1.0283234119415283,0.9650000333786011,1.1333019733428955
1.0717476606369019,0.9250000715255737,1.2830721139907837
1.0291943550109863,0.9700000286102295,1.0762019157409668
1.0263335704803467,0.9700000286102295,1.5228320360183716
1.0291943550109863,0.9700000286102295,1.1752420663833618
1.0444753170013428,0.925000011920929,2.03953218460083
1.024999976158142,0.9750000238418579,1.0672519207000732
1.0265971422195435,0.9700000286102295,1.168902039527893
1.027503252029419,0.9700000286102295,1.3225020170211792
1.024999976158142,0.9750000238418579,1.0379019975662231
1.0281903743743896,0.9650000333786011,1.262842059135437
1.040657639503479,0.9500000476837158,1.331291913986206
1.024999976158142,0.9750000238418579,1.1729919910430908
1.0308711528778076,0.9600000381469727,1.2912119626998901
1.0367934703826904,0.940000057220459,1.6295520067214966
1.0383387804031372,0.940000057220459,1.4726420640945435
1.0483280420303345,0.9100000858306885,1.7374420166015625
1.0438228845596313,0.9350000619888306,1.2807320356369019
1.0298502445220947,0.9650000333786011,1.1577320098876953
1.0341461896896362,0.9450000524520874,1.7682820558547974
1.0462061166763306,0.9300000667572021,1.5483020544052124
1.0415363311767578,0.940000057220459,1.4120519161224365
1.024999976158142,0.9750000238418579,1.0765420198440552
1.0331497192382812,0.9650000333786011,1.1478520631790161
1.024999976158142,0.9750000238418579,1.0533119440078735
1.0650526285171509,0.8800000548362732,2.358271837234497
1.0273716449737549,0.9700000286102295,1.103652000427246
1.0363439321517944,0.940000057220459,1.221801996231079
1.0398484468460083,0.940000057220459,1.2184019088745117
1.037447452545166,0.9500000476837158,1.118641972541809
1.024999976158142,0.9750000238418579,1.066161870956421
1.027232050895691,0.9650000333786011,1.127202033996582
1.0522499084472656,0.9100000858306885,2.8968122005462646
1.024999976158142,0.9750000238418579,1.0522620677947998
1.024999976158142,0.9750000238418579,1.0544320344924927
1.0662620067596436,0.8900001049041748,2.7693819999694824
1.049521565437317,0.9500000476837158,1.2314820289611816
1.049521565437317,0.9500000476837158,1.2314820289611816
1.0496593713760376,0.9150000810623169,1.5043721199035645
1.0409311056137085,0.9450000524520874,1.1621819734573364
1.032111406326294,0.9600000381469727,1.156622052192688
1.0315170288085938,0.9550000429153442,1.2068719863891602
1.0415401458740234,0.9200000762939453,1.6674718856811523
1.0389935970306396,0.9550000429153442,1.3257719278335571
1.024999976158142,0.9750000238418579,1.057252049446106
1.0439032316207886,0.940000057220459,1.5222619771957397
1.0259761810302734,0.9700000286102295,1.1869020462036133
1.0442407131195068,0.9350000619888306,1.6624820232391357
1.0401469469070435,0.9450000524520874,1.164301872253418
1.0473953485488892,0.9250000715255737,1.3735020160675049
1.0292742252349854,0.9600000381469727,1.340351939201355
1.024999976158142,0.9750000238418579,1.2210320234298706
1.038083791732788,0.9450000524520874,2.107841968536377
1.0364700555801392,0.940000057220459,1.3398019075393677
1.0269951820373535,0.9700000286102295,1.5336220264434814
1.054147481918335,0.9150000810623169,2.6117820739746094
1.0437489748001099,0.9100000858306885,2.211482048034668
1.0358742475509644,0.940000057220459,1.4531419277191162
1.0395869016647339,0.9450000524520874,1.13703191280365
1.039945125579834,0.9450000524520874,1.4470919370651245
1.0587884187698364,0.9000000357627869,2.0162220001220703
1.0364410877227783,0.9450000524520874,1.6946020126342773
1.024999976158142,0.9750000238418579,1.0601119995117188
1.0286531448364258,0.9650000333786011,1.1544420719146729
1.0318241119384766,0.9600000381469727,1.1237620115280151
1.0424617528915405,0.9550000429153442,1.2852720022201538
1.032975435256958,0.9500000476837158,1.5029820203781128
1.039772629737854,0.940000057220459,1.322882056236267
1.0425077676773071,0.9350000619888306,1.374812126159668
1.024999976158142,0.9750000238418579,1.2145121097564697
1.0292675495147705,0.9650000333786011,1.344622015953064
1.024999976158142,0.9750000238418579,1.130031943321228
1.0264906883239746,0.9700000286102295,1.1654919385910034
1.024999976158142,0.9750000238418579,1.0508219003677368
1.0355453491210938,0.9600000381469727,1.2315019369125366
1.053611159324646,0.9250000715255737,1.539072036743164
1.0329983234405518,0.9600000381469727,1.0807820558547974
1.024999976158142,0.9750000238418579,1.0379018783569336
1.0263456106185913,0.9700000286102295,1.2757220268249512
1.0383124351501465,0.940000057220459,1.3585819005966187
1.024999976158142,0.9750000238418579,1.1363420486450195
1.041934847831726,0.9450000524520874,1.4633220434188843
1.0308042764663696,0.9600000381469727,1.240731954574585
1.024999976158142,0.9750000238418579,1.0626718997955322
1.060843825340271,0.9250000715255737,1.303481936454773
1.024999976158142,0.9750000238418579,1.0640519857406616
1.029596209526062,0.9650000333786011,1.1199519634246826
1.0464085340499878,0.9500000476837158,1.1952921152114868
1.0306756496429443,0.9600000381469727,1.1527519226074219
1.024999976158142,0.9750000238418579,1.2393518686294556
1.0401142835617065,0.9450000524520874,1.335002064704895
1.0292689800262451,0.9650000333786011,1.092581868171692
1.0277950763702393,0.9700000286102295,1.0717819929122925
1.0355154275894165,0.9500000476837158,1.222912073135376
1.0407723188400269,0.9500000476837158,1.3205020427703857
1.0543594360351562,0.9100000858306885,1.8859418630599976
1.024999976158142,0.9750000238418579,1.0373618602752686
1.0337538719177246,0.9500000476837158,1.403872013092041
1.0369278192520142,0.9550000429153442,1.4131618738174438
1.0329654216766357,0.9450000524520874,1.2672419548034668
1.0368655920028687,0.9500000476837158,1.45769202709198
1.0444775819778442,0.9450000524520874,1.3762619495391846
1.0479267835617065,0.9200000166893005,2.003891944885254
1.0377763509750366,0.940000057220459,1.9879519939422607
1.0471324920654297,0.925000011920929,2.360491991043091
1.0372891426086426,0.9450000524520874,1.1370420455932617
1.0341784954071045,0.9600000381469727,1.041301965713501
1.044373869895935,0.9350000619888306,1.9547020196914673
1.039605975151062,0.9500000476837158,1.3483320474624634
1.028161644935608,0.9650000333786011,1.133821964263916
1.027267336845398,0.9600000381469727,1.3025420904159546
1.024999976158142,0.9750000238418579,1.0624020099639893
1.024999976158142,0.9750000238418579,1.0881420373916626
1.0314439535140991,0.9650000333786011,1.1310819387435913
1.0366023778915405,0.9500000476837158,1.2760720252990723
1.0272786617279053,0.9700000286102295,1.1163420677185059
1.0307151079177856,0.9650000333786011,1.1896120309829712
1.0313371419906616,0.9600000381469727,1.2924518585205078
1.043178915977478,0.940000057220459,1.6277821063995361
1.0518162250518799,0.9250000715255737,1.579751968383789
1.0339314937591553,0.9500000476837158,1.3684619665145874
1.024999976158142,0.9750000238418579,1.0706019401550293
1.045114278793335,0.9350000619888306,1.2279019355773926
1.0262563228607178,0.9700000286102295,1.1048420667648315
1.04245924949646,0.9450000524520874,1.1976420879364014
1.0475778579711914,0.9450000524520874,1.1811820268630981
1.024999976158142,0.9750000238418579,1.0855319499969482
1.042976975440979,0.9450000524520874,1.1374720335006714
1.0475269556045532,0.940000057220459,1.2666820287704468
1.0412652492523193,0.940000057220459,1.5581220388412476
1.029927134513855,0.9550000429153442,1.2025920152664185
1.0380712747573853,0.9550000429153442,1.2153019905090332
1.0283074378967285,0.9650000333786011,1.1703720092773438
1.028638243675232,0.9600000381469727,1.134671926498413
1.028100848197937,0.9700000286102295,1.1565519571304321
1.0268898010253906,0.9700000286102295,1.0853718519210815
1.0271323919296265,0.9650000333786011,1.1577519178390503
1.0376708507537842,0.940000057220459,1.3723220825195312
1.0285354852676392,0.9700000286102295,1.064702033996582
1.046910285949707,0.9500000476837158,1.1764819622039795
1.0433679819107056,0.9350000619888306,1.5598419904708862
1.0309314727783203,0.9600000381469727,1.2180120944976807
1.02984619140625,0.9650000333786011,1.1989820003509521
1.0347552299499512,0.9500000476837158,1.3365719318389893
1.024999976158142,0.9750000238418579,1.0920319557189941
1.0353773832321167,0.9550000429153442,1.392632007598877
1.0269542932510376,0.9700000286102295,1.116811990737915
1.024999976158142,0.9750000238418579,1.1047219038009644
1.0416895151138306,0.9450000524520874,1.1710419654846191
1.0424124002456665,0.9500000476837158,1.0985419750213623
1.024999976158142,0.9750000238418579,1.0280520915985107
1.0424124002456665,0.9500000476837158,1.0985419750213623
1.0404101610183716,0.940000057220459,1.312142014503479
1.0384844541549683,0.940000057220459,1.7347220182418823
1.024999976158142,0.9750000238418579,1.1118719577789307
1.0271799564361572,0.9650000333786011,1.287701964378357
1.045310139656067,0.940000057220459,1.3678619861602783
1.0323809385299683,0.9650000333786011,1.0436820983886719
1.0271437168121338,0.9700000286102295,1.0302419662475586
1.028402328491211,0.9650000333786011,1.1498420238494873
1.024999976158142,0.9750000238418579,1.071951985359192
1.024999976158142,0.9750000238418579,1.1481319665908813
1.024999976158142,0.9750000238418579,1.0540720224380493
1.024999976158142,0.9750000238418579,1.039091944694519
1.0523236989974976,0.9350000619888306,1.2565219402313232
1.0289386510849,0.9700000286102295,1.0668320655822754
1.0325120687484741,0.9550000429153442,1.2929021120071411
1.036448359489441,0.9550000429153442,1.0965620279312134
