1.0430306196212769,0.9450000524520874,1.1251583099365234
1.0270800590515137,0.9700000286102295,1.0789082050323486
1.024999976158142,0.9750000238418579,1.1540645360946655
1.0363308191299438,0.9550000429153442,1.0753145217895508
1.024999976158142,0.9750000238418579,1.0323456525802612
1.024999976158142,0.9750000238418579,1.0457834005355835
1.024999976158142,0.9750000238418579,1.0326581001281738
1.0375635623931885,0.9550000429153442,1.228439450263977
1.041567325592041,0.9350000619888306,1.7312519550323486
1.0199999809265137,0.9800000190734863,1.0687519311904907
1.0456477403640747,0.9450000524520874,1.5556269884109497
1.0374572277069092,0.9550000429153442,1.6550019979476929
1.0337507724761963,0.9500000476837158,1.3765645027160645
1.024999976158142,0.9750000238418579,1.0493769645690918
1.0199999809265137,0.9800000190734863,1.0320332050323486
1.0422639846801758,0.9500000476837158,1.2250019311904907
1.024999976158142,0.9750000238418579,1.0240644216537476
1.024999976158142,0.9750000238418579,1.0378144979476929
1.024999976158142,0.9750000238418579,1.0587518215179443
1.0199999809265137,0.9800000190734863,1.0365644693374634
1.024999976158142,0.9750000238418579,1.034376859664917
1.0271220207214355,0.9700000286102295,1.1139081716537476
1.024999976158142,0.9750000238418579,1.0231269598007202
1.024999976158142,0.9750000238418579,1.0457831621170044
1.0354321002960205,0.9550000429153442,1.1654707193374634
1.024999976158142,0.9750000238418579,1.0250020027160645
1.0386472940444946,0.9550000429153442,1.0796895027160645
1.024999976158142,0.9750000238418579,1.0300021171569824
1.024999976158142,0.9750000238418579,1.0273456573486328
1.0313308238983154,0.9600000381469727,1.0735957622528076
1.024999976158142,0.9750000238418579,1.0429707765579224
1.024999976158142,0.9750000238418579,1.0153144598007202
