178
421
475
11
500
183
423
205
212
365
203
111
202
112
352
346
509
364
402
483
160
342
34
434
409
323
492
229
78
428
289
15
291
418
274
399
256
329
388
98
473
382
99
405
207
324
2
20
519
404
143
30
308
431
204
228
193
497
275
101
81
175
79
494
201
247
319
8
363
437
369
0
333
474
244
439
387
255
469
54
103
505
412
182
93
417
86
185
400
95
390
134
259
70
6
248
250
504
106
459
241
253
487
56
107
429
254
200
243
258
137
186
74
141
345
295
330
371
157
47
97
374
280
263
222
76
19
63
507
208
272
384
373
446
511
302
139
148
53
303
188
452
356
252
128
392
24
87
85
315
84
477
292
440
270
378
197
164
