1.1049998998641968,0.9890000820159912,1.128000259399414
1.0799999237060547,0.9940000772476196,1.128000020980835
1.2430000305175781,0.9950000643730164,1.1279995441436768
1.127000093460083,0.9910001158714294,1.1280001401901245
1.034999966621399,0.9950000643730164,1.1279999017715454
1.0800001621246338,0.9950000643730164,1.128000020980835
1.0730000734329224,0.9950000643730164,1.1279999017715454
1.1710001230239868,0.9910000562667847,1.1280001401901245
1.4279999732971191,0.987000048160553,1.128000020980835
1.093000054359436,0.9950000643730164,1.1279995441436768
1.4680001735687256,0.9890000820159912,1.1279999017715454
1.2950000762939453,0.9900000691413879,1.1279997825622559
1.258000135421753,0.9900001287460327,1.128000020980835
1.0750000476837158,0.9950000643730164,1.1279997825622559
1.0549999475479126,0.9950000643730164,1.1279997825622559
1.1110000610351562,0.9900000095367432,1.1280001401901245
1.058000087738037,0.9950000643730164,1.1279997825622559
1.0590001344680786,0.9950000643730164,1.128000259399414
1.1019999980926514,0.9950000643730164,1.1279999017715454
1.055999994277954,0.9950000643730164,1.128000020980835
1.0619999170303345,0.9950000643730164,1.1280001401901245
1.1339999437332153,0.9940000772476196,1.128000020980835
1.060999870300293,0.9950000643730164,1.128000020980835
1.056999921798706,0.9950000643730164,1.128000259399414
1.0609999895095825,0.9910000562667847,1.1279999017715454
1.0269999504089355,0.9950000643730164,1.1279999017715454
1.0549999475479126,0.9900001287460327,1.128000020980835
1.0479999780654907,0.9950000643730164,1.128000020980835
1.03000009059906,0.9950000643730164,1.1279997825622559
1.0529999732971191,0.9910001158714294,1.1279997825622559
1.0390000343322754,0.9950000643730164,1.1279997825622559
1.0320000648498535,0.9950000643730164,1.1279997825622559
