1.1309999227523804,0.9890000820159912,1.128000259399414
1.0799999237060547,0.9940000772476196,1.1280001401901245
1.2450000047683716,0.9950000643730164,1.1279995441436768
1.127000093460083,0.9910001158714294,1.1280001401901245
1.0360000133514404,0.9950000643730164,1.1279999017715454
1.0860000848770142,0.9950000643730164,1.1280001401901245
1.0770000219345093,0.9950000643730164,1.1279999017715454
1.1740000247955322,0.9910000562667847,1.1280001401901245
1.4879999160766602,0.987000048160553,1.1280001401901245
1.102000117301941,0.9950000643730164,1.1279996633529663
1.5190001726150513,0.9890000820159912,1.128000020980835
1.2980000972747803,0.9900000691413879,1.1279997825622559
1.283000111579895,0.9900001287460327,1.128000020980835
1.0820000171661377,0.9950000643730164,1.1279997825622559
1.062999963760376,0.9950000643730164,1.1279996633529663
1.1120001077651978,0.9900000095367432,1.1280001401901245
1.058000087738037,0.9950000643730164,1.1279997825622559
1.0620001554489136,0.9950000643730164,1.128000259399414
1.1039999723434448,0.9950000643730164,1.1279999017715454
1.059999942779541,0.9950000643730164,1.128000020980835
1.0649999380111694,0.9950000643730164,1.1280001401901245
1.1639999151229858,0.9940000772476196,1.128000020980835
1.0679998397827148,0.9950000643730164,1.128000020980835
1.056999921798706,0.9950000643730164,1.128000259399414
1.0609999895095825,0.9910000562667847,1.1279999017715454
1.0260000228881836,0.9950000643730164,1.1279999017715454
1.0579999685287476,0.9900001287460327,1.128000020980835
1.0500000715255737,0.9950000643730164,1.128000020980835
1.03000009059906,0.9950000643730164,1.1279997825622559
1.059000015258789,0.9910001158714294,1.1279997825622559
1.0379999876022339,0.9950000643730164,1.1279997825622559
1.031000018119812,0.9950000643730164,1.1279997825622559
