1.0354737043380737,0.9550000429153442,1.1208419799804688
1.0354737043380737,0.9550000429153442,1.1217420101165771
1.049666404724121,0.8849999904632568,3.277071952819824
1.0320017337799072,0.9650000333786011,1.2662619352340698
1.0306593179702759,0.9600000381469727,1.5700020790100098
1.0354969501495361,0.9500000476837158,1.1780719757080078
1.036550760269165,0.9500000476837158,1.1883519887924194
1.0303244590759277,0.9600000381469727,1.633392095565796
1.0350004434585571,0.9500000476837158,1.2234419584274292
1.0421967506408691,0.9300000667572021,1.391152024269104
1.0463407039642334,0.940000057220459,1.155452013015747
1.0386601686477661,0.9500000476837158,1.318381905555725
1.0386601686477661,0.9500000476837158,1.318381905555725
1.0465797185897827,0.9200000762939453,1.727381944656372
1.047210693359375,0.9200000762939453,1.8795019388198853
1.1239415407180786,0.6700000166893005,4.184122085571289
1.0289514064788818,0.9550000429153442,1.6145820617675781
1.0279462337493896,0.9700000286102295,1.1040019989013672
1.0341272354125977,0.940000057220459,1.568872094154358
1.024999976158142,0.9750000238418579,1.0426419973373413
1.024999976158142,0.9750000238418579,1.0635020732879639
1.024999976158142,0.9750000238418579,1.102012038230896
1.0294445753097534,0.9650000333786011,1.1831721067428589
1.024999976158142,0.9750000238418579,1.1551419496536255
1.0262531042099,0.9700000286102295,1.2167119979858398
1.0515905618667603,0.8399999737739563,2.5238020420074463
1.0468658208847046,0.9350000619888306,1.6005120277404785
1.041971206665039,0.9350000619888306,1.6952821016311646
1.0291666984558105,0.9550000429153442,2.1669821739196777
1.0488481521606445,0.9200000762939453,1.809122085571289
1.0274468660354614,0.9650000333786011,1.0601919889450073
1.0344674587249756,0.9500000476837158,1.4228719472885132
1.0441694259643555,0.9250000715255737,2.0351321697235107
1.0896003246307373,0.824999988079071,2.9050121307373047
1.0455266237258911,0.9300000667572021,1.6008120775222778
1.0519671440124512,0.9050000309944153,1.713542103767395
1.0671051740646362,0.8550000190734863,2.417501926422119
1.0453200340270996,0.9500000476837158,1.2430920600891113
1.0453200340270996,0.9500000476837158,1.2430920600891113
1.057520866394043,0.8299999833106995,2.8539018630981445
1.0489410161972046,0.8650000095367432,2.751122236251831
1.0338739156723022,0.9450000524520874,1.5177720785140991
1.0498605966567993,0.8800000548362732,3.7707419395446777
1.0340237617492676,0.9500000476837158,2.0612921714782715
1.0431801080703735,0.9450000524520874,1.184272050857544
1.1162742376327515,0.7099999785423279,4.012332439422607
1.0390855073928833,0.9500000476837158,1.2038019895553589
1.0308398008346558,0.9650000333786011,1.0740619897842407
1.029985785484314,0.9600000381469727,1.2540720701217651
1.0464890003204346,0.9150000810623169,1.680292010307312
1.024999976158142,0.9750000238418579,1.1349519491195679
1.0278098583221436,0.9650000333786011,1.2644420862197876
1.0648713111877441,0.8450000286102295,2.585062026977539
1.0447278022766113,0.9350000619888306,1.839181900024414
1.044801115989685,0.9300000667572021,1.8726320266723633
1.0394577980041504,0.9350000619888306,1.4753021001815796
1.0292145013809204,0.9600000381469727,1.1526819467544556
1.0267120599746704,0.9700000286102295,1.1236419677734375
1.0396654605865479,0.940000057220459,1.5905019044876099
1.024999976158142,0.9750000238418579,1.0257219076156616
1.045203685760498,0.9250000715255737,1.8920620679855347
1.0467852354049683,0.9250000715255737,1.818071961402893
1.0432385206222534,0.9350000619888306,1.2583519220352173
1.029881477355957,0.9650000333786011,1.2471519708633423
1.0479826927185059,0.9200000762939453,1.8879520893096924
1.0267326831817627,0.9700000286102295,1.1590019464492798
1.0258257389068604,0.9700000286102295,1.1216120719909668
1.041795015335083,0.9250000715255737,2.1868319511413574
1.0317240953445435,0.9500000476837158,1.3992421627044678
1.024999976158142,0.9750000238418579,1.0773719549179077
1.024999976158142,0.9750000238418579,1.0341719388961792
1.024999976158142,0.9750000238418579,1.1326321363449097
1.0440500974655151,0.9350000619888306,1.3017219305038452
1.0482709407806396,0.9300000667572021,1.7539321184158325
1.0278041362762451,0.9650000333786011,1.1125719547271729
1.0268950462341309,0.9650000333786011,1.230341911315918
1.0368412733078003,0.9200000762939453,1.9187719821929932
1.0381568670272827,0.940000057220459,1.35971200466156
1.0269733667373657,0.9700000286102295,1.1199719905853271
1.0288136005401611,0.9650000333786011,1.2145320177078247
1.0432227849960327,0.9500000476837158,1.1973921060562134
1.0199999809265137,0.9750000238418579,1.148331880569458
1.027871012687683,0.9650000333786011,1.2035220861434937
1.024999976158142,0.9750000238418579,1.244271993637085
1.0433145761489868,0.9200000762939453,2.0422720909118652
1.0556788444519043,0.8750001192092896,2.6086924076080322
1.024999976158142,0.9750000238418579,1.1264419555664062
1.0385432243347168,0.9500000476837158,1.2503619194030762
1.024999976158142,0.9750000238418579,1.1490919589996338
1.024999976158142,0.9750000238418579,1.0578420162200928
1.0359305143356323,0.9550000429153442,1.3303020000457764
1.03242027759552,0.9600000381469727,1.4141420125961304
1.024999976158142,0.9750000238418579,1.0842519998550415
1.024999976158142,0.9750000238418579,1.0402120351791382
1.0431568622589111,0.9500000476837158,1.3699020147323608
1.0411378145217896,0.9550000429153442,1.2200919389724731
1.024999976158142,0.9750000238418579,1.0662020444869995
1.0272998809814453,0.9600000381469727,1.1973720788955688
1.0440244674682617,0.940000057220459,1.2409420013427734
1.024999976158142,0.9750000238418579,1.0448518991470337
1.0442557334899902,0.9200000762939453,1.2846920490264893
1.0438334941864014,0.9350000619888306,1.2571220397949219
1.0500290393829346,0.9150000810623169,1.2815419435501099
1.0493797063827515,0.8900001049041748,2.1673319339752197
1.041225790977478,0.9500000476837158,1.1544519662857056
1.0422531366348267,0.9000000357627869,2.6610121726989746
1.0508546829223633,0.8700001239776611,2.813932180404663
1.066267967224121,0.8750001192092896,2.5732319355010986
1.0354875326156616,0.9550000429153442,1.26255202293396
1.0321972370147705,0.9450000524520874,1.517941951751709
1.0266363620758057,0.9650000333786011,1.2373720407485962
1.0295226573944092,0.9700000286102295,1.0658320188522339
1.0301604270935059,0.9500000476837158,1.3818219900131226
1.03473699092865,0.940000057220459,1.2549920082092285
1.029350996017456,0.9600000381469727,1.1461420059204102
1.0278042554855347,0.9650000333786011,1.1445519924163818
1.0370042324066162,0.9450000524520874,1.4964520931243896
1.0644469261169434,0.9200000762939453,1.305191993713379
1.0641429424285889,0.9200000762939453,1.305191993713379
1.024999976158142,0.9750000238418579,1.0656518936157227
1.0343042612075806,0.9500000476837158,1.6511119604110718
1.0408450365066528,0.9200000762939453,1.5926820039749146
1.052924633026123,0.9050000309944153,1.5541720390319824
1.0324727296829224,0.9600000381469727,1.2492719888687134
1.0733983516693115,0.8550000190734863,1.8521920442581177
1.0441454648971558,0.9250000715255737,1.6235020160675049
1.0258005857467651,0.9700000286102295,1.2508419752120972
1.0586556196212769,0.9200000762939453,2.2420918941497803
1.0639100074768066,0.9100000858306885,2.3229517936706543
1.024999976158142,0.9750000238418579,1.1276519298553467
1.0279632806777954,0.9600000381469727,1.1579220294952393
1.0504467487335205,0.9200000762939453,1.9365220069885254
1.0445622205734253,0.9300000667572021,1.9708521366119385
1.070727825164795,0.8500000834465027,2.2941319942474365
1.0365525484085083,0.9350000619888306,1.2384319305419922
1.040381908416748,0.9350000619888306,1.5776419639587402
1.0603708028793335,0.8800000548362732,2.219372034072876
1.0316787958145142,0.9550000429153442,1.4092820882797241
1.0444496870040894,0.9150000810623169,1.738752007484436
1.0656989812850952,0.9250000715255737,1.2803820371627808
1.0683988332748413,0.9250000715255737,1.2803820371627808
1.024999976158142,0.9750000238418579,1.1177921295166016
1.0308470726013184,0.9500000476837158,1.7060118913650513
1.0282169580459595,0.9650000333786011,1.191641926765442
1.0553838014602661,0.9100000858306885,1.5506420135498047
1.0358173847198486,0.9300000667572021,2.0146420001983643
1.0360286235809326,0.9350000619888306,2.0287418365478516
1.0317654609680176,0.9650000333786011,1.1302319765090942
1.037819743156433,0.9100000858306885,1.9661221504211426
1.0269213914871216,0.9650000333786011,1.3242720365524292
1.0397512912750244,0.9500000476837158,1.347071886062622
1.028460144996643,0.9550000429153442,2.155832052230835
1.024999976158142,0.9750000238418579,1.072421908378601
1.024999976158142,0.9750000238418579,1.199072003364563
1.0449016094207764,0.9350000619888306,1.6236920356750488
1.030258297920227,0.9600000381469727,1.414031982421875
1.03125,0.9650000333786011,1.1723219156265259
1.0261309146881104,0.9700000286102295,1.1932820081710815
1.0501147508621216,0.9300000667572021,1.5140321254730225
1.0521023273468018,0.9250000715255737,1.4698519706726074
1.0636636018753052,0.9100000858306885,1.616212010383606
1.0678620338439941,0.8950001001358032,1.8314319849014282
1.0505479574203491,0.9250000715255737,1.419342041015625
1.0466324090957642,0.940000057220459,1.3861219882965088
1.0426268577575684,0.940000057220459,1.5037720203399658
1.059550166130066,0.8950001001358032,1.836441993713379
1.0611118078231812,0.9050000309944153,2.166372060775757
1.0617084503173828,0.9000000953674316,1.985692024230957
1.030989408493042,0.9500000476837158,1.2965420484542847
1.0476844310760498,0.9150000810623169,1.7535820007324219
1.0273786783218384,0.9650000333786011,1.250182032585144
1.024999976158142,0.9750000238418579,1.1003220081329346
1.0266697406768799,0.9700000286102295,1.2214620113372803
1.0298489332199097,0.9650000333786011,1.1475419998168945
1.031793475151062,0.9600000381469727,1.2836320400238037
1.051660180091858,0.9100000858306885,1.4010319709777832
1.0387989282608032,0.9450000524520874,1.2959721088409424
1.057843804359436,0.9150000810623169,1.321452021598816
1.0660661458969116,0.9000000953674316,1.3547719717025757
1.024999976158142,0.9750000238418579,1.0600320100784302
1.0346505641937256,0.9500000476837158,1.7896820306777954
1.024999976158142,0.9750000238418579,1.0535720586776733
1.0277546644210815,0.9600000381469727,1.3438020944595337
1.0359936952590942,0.9450000524520874,1.3640719652175903
1.040547490119934,0.940000057220459,1.679772138595581
1.0433682203292847,0.9150000810623169,1.8672620058059692
1.036287784576416,0.9550000429153442,1.3132319450378418
1.0259044170379639,0.9600000381469727,1.5967119932174683
1.0426456928253174,0.9300000667572021,1.3355419635772705
1.047013759613037,0.9150000810623169,1.944322109222412
1.025702714920044,0.9650000333786011,1.1582119464874268
1.0603909492492676,0.8750000596046448,2.6747817993164062
1.0288760662078857,0.9650000333786011,1.2800319194793701
1.0479040145874023,0.8950001001358032,2.4728620052337646
1.0270150899887085,0.9700000286102295,1.2356419563293457
1.024999976158142,0.9750000238418579,1.108731985092163
1.0617159605026245,0.8899999856948853,2.594022035598755
1.0316835641860962,0.9600000381469727,1.1711719036102295
1.0574575662612915,0.9300000667572021,1.5316720008850098
1.0579109191894531,0.9250000715255737,1.5271719694137573
1.048531174659729,0.9300000667572021,1.5745121240615845
1.0412005186080933,0.9200000762939453,1.5460920333862305
1.0505131483078003,0.9000000953674316,1.9177920818328857
1.0632356405258179,0.8850001096725464,1.8741320371627808
1.0313259363174438,0.9550000429153442,1.1958719491958618
1.0272271633148193,0.9700000286102295,1.240831971168518
1.029183030128479,0.9600000381469727,1.496221899986267
1.0264633893966675,0.9700000286102295,1.093432068824768
1.024999976158142,0.9750000238418579,1.0422320365905762
1.0765273571014404,0.8600000739097595,3.4839720726013184
1.0538746118545532,0.9250000715255737,2.539001941680908
1.0296224355697632,0.9650000333786011,1.1265820264816284
1.0526175498962402,0.9200000762939453,1.5427320003509521
1.0371594429016113,0.9500000476837158,1.1552619934082031
1.031561255455017,0.9550000429153442,1.553382158279419
1.0757019519805908,0.8550000190734863,1.7475119829177856
1.0315743684768677,0.9550000429153442,1.5292919874191284
1.0294909477233887,0.9550000429153442,1.3076419830322266
1.0461647510528564,0.9150000810623169,1.5841020345687866
1.0284191370010376,0.9650000333786011,1.5624719858169556
1.0330939292907715,0.9500000476837158,1.7654719352722168
1.028425693511963,0.9600000381469727,1.3268020153045654
1.0370899438858032,0.9550000429153442,1.1714320182800293
1.0394563674926758,0.9350000619888306,1.656872034072876
1.0535130500793457,0.9000000953674316,2.0085020065307617
1.0376449823379517,0.9450000524520874,1.2455919981002808
1.0367519855499268,0.9350000619888306,1.674212098121643
1.0302261114120483,0.9650000333786011,1.1110919713974
1.0349516868591309,0.9500000476837158,1.1209720373153687
1.0380481481552124,0.9300000667572021,1.3264819383621216
1.0326155424118042,0.9500000476837158,1.520561933517456
1.024999976158142,0.9750000238418579,1.0851720571517944
1.0509073734283447,0.9300000667572021,1.600511908531189
1.0456879138946533,0.9300000667572021,1.5342819690704346
1.0404037237167358,0.940000057220459,1.6433019638061523
1.036876916885376,0.940000057220459,1.57259202003479
1.044335961341858,0.9100000858306885,2.7942819595336914
1.03058660030365,0.9650000333786011,1.1301820278167725
1.0382685661315918,0.9450000524520874,1.292512059211731
1.0467360019683838,0.9200000762939453,1.5559920072555542
1.0439356565475464,0.9350000619888306,1.8699620962142944
1.0318719148635864,0.9550000429153442,1.327012062072754
1.0305802822113037,0.9600000381469727,1.3928719758987427
1.0305346250534058,0.9600000381469727,1.541032075881958
1.0304977893829346,0.9650000333786011,1.1697020530700684
1.0256932973861694,0.9700000286102295,1.0641518831253052
1.050199031829834,0.9300000667572021,1.49904203414917
1.0581140518188477,0.9000000953674316,1.6737020015716553
1.0390565395355225,0.940000057220459,1.1856319904327393
1.0355333089828491,0.9450000524520874,1.3365219831466675
1.0289552211761475,0.9550000429153442,1.2260819673538208
1.0349329710006714,0.9550000429153442,1.0901719331741333
1.0571132898330688,0.8700000643730164,2.5777719020843506
1.0321210622787476,0.9600000381469727,1.2185919284820557
1.0416046380996704,0.9300000667572021,1.2313920259475708
1.0405409336090088,0.940000057220459,1.5208219289779663
1.0416626930236816,0.925000011920929,2.051352024078369
1.0456238985061646,0.9500000476837158,1.1630020141601562
1.050829529762268,0.9200000762939453,1.4593420028686523
1.0254151821136475,0.9700000286102295,1.0801520347595215
1.043458104133606,0.9350000619888306,1.5092419385910034
1.0332469940185547,0.9550000429153442,1.296251893043518
1.024999976158142,0.9750000238418579,1.2206721305847168
1.0494831800460815,0.9300000667572021,1.7036219835281372
1.0418529510498047,0.9200000762939453,1.7613919973373413
1.0399999618530273,0.9550000429153442,1.2947419881820679
1.0287688970565796,0.9700000286102295,1.0925120115280151
1.029881238937378,0.9650000333786011,1.1263819932937622
1.024999976158142,0.9750000238418579,1.1043020486831665
1.0421161651611328,0.940000057220459,1.1764919757843018
1.0289784669876099,0.9600000381469727,1.453212022781372
1.053737998008728,0.9050000309944153,2.096982002258301
1.037892460823059,0.9500000476837158,1.1898919343948364
1.0652127265930176,0.8449999690055847,2.5826520919799805
1.0320464372634888,0.9600000381469727,1.1532620191574097
1.024999976158142,0.9750000238418579,1.0388219356536865
1.0271350145339966,0.9700000286102295,1.1571319103240967
1.0270740985870361,0.9650000333786011,1.079612135887146
1.0391771793365479,0.9150000810623169,2.1729819774627686
1.070180058479309,0.8400000333786011,2.732102155685425
1.027097463607788,0.9650000333786011,1.42808198928833
1.0273807048797607,0.9650000333786011,1.3150420188903809
1.0288417339324951,0.9600000381469727,1.2998420000076294
1.0591135025024414,0.8950001001358032,1.6016019582748413
1.0470058917999268,0.9350000619888306,1.5410419702529907
1.024999976158142,0.9750000238418579,1.1378419399261475
1.024999976158142,0.9750000238418579,1.0864620208740234
1.0594617128372192,0.8700000643730164,1.793172001838684
1.0287384986877441,0.9550000429153442,1.2022321224212646
1.0302176475524902,0.9500000476837158,1.2976720333099365
1.0425447225570679,0.9300000071525574,1.7621420621871948
1.0528744459152222,0.9200000762939453,2.3483920097351074
1.0596731901168823,0.9000000953674316,2.2054522037506104
1.0643048286437988,0.8800000548362732,2.6506619453430176
1.0264291763305664,0.9700000286102295,1.1183420419692993
1.0362896919250488,0.9450000524520874,1.4245320558547974
1.0273762941360474,0.9550000429153442,1.6453620195388794
1.0257289409637451,0.9650000333786011,1.1635220050811768
1.0419654846191406,0.9350000619888306,2.0291919708251953
1.0731821060180664,0.8349999189376831,3.3276419639587402
1.0570603609085083,0.9000000953674316,1.9037920236587524
1.0513341426849365,0.8950001001358032,2.060202121734619
1.0273569822311401,0.9700000286102295,1.342452049255371
1.0346612930297852,0.9500000476837158,1.3444219827651978
1.044680118560791,0.9300000667572021,1.9536020755767822
1.0328505039215088,0.9600000381469727,1.2564820051193237
1.0433688163757324,0.9300000667572021,1.6332920789718628
1.0346852540969849,0.9450000524520874,1.4952518939971924
1.0598526000976562,0.9000000953674316,2.015202045440674
1.0422638654708862,0.940000057220459,1.4227020740509033
1.050258755683899,0.9250000715255737,1.6356620788574219
1.048945426940918,0.9150000810623169,1.7259920835494995
1.0541688203811646,0.8900001049041748,2.0263822078704834
1.0421433448791504,0.9350000619888306,1.6313421726226807
1.037529706954956,0.9500000476837158,1.238442063331604
1.0453033447265625,0.9300000667572021,2.3918919563293457
1.024999976158142,0.9750000238418579,1.0848619937896729
1.0550669431686401,0.9000000357627869,2.6602320671081543
1.035888433456421,0.9500000476837158,1.4954719543457031
1.0278576612472534,0.9700000286102295,1.0731821060180664
1.0431710481643677,0.940000057220459,1.6610219478607178
1.0308672189712524,0.9550000429153442,1.6881619691848755
1.0343523025512695,0.9600000381469727,1.1861919164657593
1.03106689453125,0.940000057220459,1.655522108078003
1.032089352607727,0.9500000476837158,1.220721960067749
1.0285416841506958,0.9650000333786011,1.4387320280075073
1.0303572416305542,0.9600000381469727,1.2624419927597046
1.033473253250122,0.940000057220459,1.9998220205307007
1.0299253463745117,0.9650000333786011,1.2469420433044434
1.046656847000122,0.9450000524520874,1.1826820373535156
1.024999976158142,0.9750000238418579,1.047981858253479
1.024999976158142,0.9750000238418579,1.1333720684051514
1.0283234119415283,0.9650000333786011,1.1275520324707031
1.066586971282959,0.9250000715255737,1.2803820371627808
1.0289853811264038,0.9700000286102295,1.0611718893051147
1.0263335704803467,0.9700000286102295,1.5279420614242554
1.0289853811264038,0.9700000286102295,1.1686921119689941
1.045264482498169,0.925000011920929,2.0459721088409424
1.024999976158142,0.9750000238418579,1.0608019828796387
1.0265971422195435,0.9700000286102295,1.169442057609558
1.027503252029419,0.9700000286102295,1.322152018547058
1.024999976158142,0.9750000238418579,1.0359619855880737
1.0281903743743896,0.9650000333786011,1.2630720138549805
1.038340449333191,0.9500000476837158,1.300671935081482
1.024999976158142,0.9750000238418579,1.1718519926071167
1.0308711528778076,0.9600000381469727,1.285241961479187
1.035612940788269,0.940000057220459,1.6449120044708252
1.0357654094696045,0.940000057220459,1.3436321020126343
1.0473268032073975,0.9100000858306885,1.729691982269287
1.0405501127243042,0.9350000619888306,1.266052007675171
1.0285561084747314,0.9650000333786011,1.1388920545578003
1.0341461896896362,0.9450000524520874,1.7771919965744019
1.0450893640518188,0.9300000667572021,1.561232089996338
1.0406404733657837,0.940000057220459,1.43356192111969
1.024999976158142,0.9750000238418579,1.0775920152664185
1.0331497192382812,0.9650000333786011,1.1478220224380493
1.024999976158142,0.9750000238418579,1.049072027206421
1.0620906352996826,0.8800000548362732,2.326331853866577
1.024999976158142,0.9700000286102295,1.0726919174194336
1.0330655574798584,0.940000057220459,1.1649819612503052
1.038661003112793,0.940000057220459,1.2188018560409546
1.0359842777252197,0.9500000476837158,1.1143620014190674
1.024999976158142,0.9750000238418579,1.0647318363189697
1.025344967842102,0.9650000333786011,1.072842001914978
1.0484683513641357,0.9100000858306885,2.894442081451416
1.024999976158142,0.9750000238418579,1.051792025566101
1.024999976158142,0.9750000238418579,1.0526620149612427
1.0563315153121948,0.8900001049041748,2.442662000656128
1.0461804866790771,0.9500000476837158,1.212522029876709
1.0461804866790771,0.9500000476837158,1.212522029876709
1.0496593713760376,0.9150000810623169,1.5064120292663574
1.039178729057312,0.9450000524520874,1.1619620323181152
1.032111406326294,0.9600000381469727,1.1552021503448486
1.0305044651031494,0.9550000429153442,1.2104220390319824
1.0379968881607056,0.9200000762939453,1.6851319074630737
1.038340449333191,0.9550000429153442,1.3034518957138062
1.024999976158142,0.9750000238418579,1.058232069015503
1.0429530143737793,0.940000057220459,1.5334320068359375
1.0259761810302734,0.9700000286102295,1.187582015991211
1.0437005758285522,0.9350000619888306,1.6775119304656982
1.038394570350647,0.9450000524520874,1.1702618598937988
1.049108862876892,0.9250000715255737,1.378282070159912
1.0292742252349854,0.9600000381469727,1.3441920280456543
1.024999976158142,0.9750000238418579,1.2284621000289917
1.0355916023254395,0.9450000524520874,2.179702043533325
1.0355348587036133,0.940000057220459,1.346571922302246
1.0269951820373535,0.9700000286102295,1.53370201587677
1.0498056411743164,0.9150000810623169,2.702242136001587
1.0405999422073364,0.9100000858306885,2.2835819721221924
1.0362043380737305,0.940000057220459,1.3564720153808594
1.0411298274993896,0.9450000524520874,1.1266618967056274
1.039945125579834,0.9450000524520874,1.4546319246292114
1.060007929801941,0.9000000357627869,2.0353219509124756
1.0362193584442139,0.9450000524520874,1.7530320882797241
1.024999976158142,0.9750000238418579,1.0586720705032349
1.0273821353912354,0.9650000333786011,1.1092920303344727
1.0312073230743408,0.9600000381469727,1.1232420206069946
1.0399999618530273,0.9550000429153442,1.2970519065856934
1.030882477760315,0.9500000476837158,1.514012098312378
1.0376582145690918,0.940000057220459,1.2818520069122314
1.0425077676773071,0.9350000619888306,1.376852035522461
1.024999976158142,0.9750000238418579,1.194122076034546
1.0292675495147705,0.9650000333786011,1.3445320129394531
1.024999976158142,0.9750000238418579,1.132901906967163
1.0264906883239746,0.9700000286102295,1.1598918437957764
1.024999976158142,0.9750000238418579,1.0502219200134277
1.0355453491210938,0.9600000381469727,1.238271951675415
1.0524020195007324,0.9250000715255737,1.5589619874954224
1.0323173999786377,0.9600000381469727,1.070762038230896
1.024999976158142,0.9750000238418579,1.0330119132995605
1.0263456106185913,0.9700000286102295,1.281581997871399
1.0377029180526733,0.940000057220459,1.3597519397735596
1.024999976158142,0.9750000238418579,1.1399919986724854
1.0397796630859375,0.9450000524520874,1.4774620532989502
1.0308042764663696,0.9600000381469727,1.2459319829940796
1.024999976158142,0.9750000238418579,1.057771921157837
1.057566523551941,0.9250000715255737,1.3080819845199585
1.024999976158142,0.9750000238418579,1.0657920837402344
1.0285011529922485,0.9650000333786011,1.120252013206482
1.0432227849960327,0.9500000476837158,1.1973921060562134
1.0308232307434082,0.9600000381469727,1.1280019283294678
1.024999976158142,0.9750000238418579,1.2411818504333496
1.0400874614715576,0.9450000524520874,1.3393820524215698
1.0292781591415405,0.9650000333786011,1.0881918668746948
1.026443362236023,0.9700000286102295,1.0723719596862793
1.0330933332443237,0.9500000476837158,1.1703521013259888
1.0396555662155151,0.9500000476837158,1.3310520648956299
1.0543594360351562,0.9100000858306885,1.8896819353103638
1.024999976158142,0.9750000238418579,1.0365318059921265
1.0327247381210327,0.9500000476837158,1.4230520725250244
1.0369278192520142,0.9550000429153442,1.4179519414901733
1.0271916389465332,0.9450000524520874,1.2291920185089111
1.0337083339691162,0.9500000476837158,1.4777320623397827
1.0449364185333252,0.9450000524520874,1.3727819919586182
1.0457484722137451,0.9200000166893005,1.9546220302581787
1.0365004539489746,0.940000057220459,2.0256221294403076
1.046559453010559,0.925000011920929,2.3727619647979736
1.0348310470581055,0.9450000524520874,1.1175220012664795
1.0341784954071045,0.9600000381469727,1.041551947593689
1.0463556051254272,0.9350000619888306,1.9597020149230957
1.0396082401275635,0.9500000476837158,1.3021119832992554
1.0278475284576416,0.9650000333786011,1.0926518440246582
1.027267336845398,0.9600000381469727,1.3071120977401733
1.024999976158142,0.9750000238418579,1.0624120235443115
1.024999976158142,0.9750000238418579,1.0681719779968262
1.0314439535140991,0.9650000333786011,1.1284719705581665
1.0370612144470215,0.9500000476837158,1.2836520671844482
1.0272786617279053,0.9700000286102295,1.1176320314407349
1.0307151079177856,0.9650000333786011,1.19949209690094
1.0304062366485596,0.9600000381469727,1.3001618385314941
1.0409542322158813,0.940000057220459,1.6516221761703491
1.0499916076660156,0.9250000715255737,1.6183619499206543
1.0339314937591553,0.9500000476837158,1.3729619979858398
1.024999976158142,0.9750000238418579,1.0694319009780884
1.045114278793335,0.9350000619888306,1.2299820184707642
1.0262563228607178,0.9700000286102295,1.1126320362091064
1.0404994487762451,0.9450000524520874,1.1849520206451416
1.0466914176940918,0.9450000524520874,1.1826820373535156
1.024999976158142,0.9750000238418579,1.0890320539474487
1.042976975440979,0.9450000524520874,1.1389820575714111
1.0423011779785156,0.940000057220459,1.2798620462417603
1.0384763479232788,0.940000057220459,1.5862621068954468
1.0302677154541016,0.9550000429153442,1.195721983909607
1.0380712747573853,0.9550000429153442,1.2214620113372803
1.027801752090454,0.9650000333786011,1.124891996383667
1.028088927268982,0.9600000381469727,1.0951619148254395
1.0262500047683716,0.9700000286102295,1.1621220111846924
1.0272821187973022,0.9700000286102295,1.0545918941497803
1.0261764526367188,0.9650000333786011,1.1352119445800781
1.0369266271591187,0.940000057220459,1.3710720539093018
1.0285354852676392,0.9700000286102295,1.0652819871902466
1.0456238985061646,0.9500000476837158,1.1630020141601562
1.0407911539077759,0.9350000619888306,1.5812220573425293
1.0309314727783203,0.9600000381469727,1.218912124633789
1.02984619140625,0.9650000333786011,1.2003520727157593
1.0350226163864136,0.9500000476837158,1.3372118473052979
1.024999976158142,0.9750000238418579,1.0923019647598267
1.0353773832321167,0.9550000429153442,1.397871971130371
1.0269542932510376,0.9700000286102295,1.1175320148468018
1.024999976158142,0.9750000238418579,1.1123418807983398
1.0416895151138306,0.9450000524520874,1.1724419593811035
1.0418826341629028,0.9500000476837158,1.1005018949508667
1.024999976158142,0.9750000238418579,1.028312087059021
1.0418826341629028,0.9500000476837158,1.1005018949508667
1.0381382703781128,0.940000057220459,1.2848620414733887
1.0370758771896362,0.940000057220459,1.765731930732727
1.024999976158142,0.9750000238418579,1.1122719049453735
1.0268158912658691,0.9650000333786011,1.3029019832611084
1.043172001838684,0.940000057220459,1.3844020366668701
1.0316877365112305,0.9650000333786011,1.0371921062469482
1.0271437168121338,0.9700000286102295,1.0304020643234253
1.0273569822311401,0.9650000333786011,1.156351923942566
1.024999976158142,0.9750000238418579,1.0688118934631348
1.024999976158142,0.9750000238418579,1.1562919616699219
1.024999976158142,0.9750000238418579,1.0554120540618896
1.024999976158142,0.9750000238418579,1.03672194480896
1.0510528087615967,0.9350000619888306,1.2616119384765625
1.0268861055374146,0.9700000286102295,1.0509220361709595
1.0323100090026855,0.9550000429153442,1.3114120960235596
1.0367586612701416,0.9550000429153442,1.0922820568084717
