1.0304737091064453,0.9600000381469727,1.1221320629119873
1.0304737091064453,0.9600000381469727,1.1221320629119873
1.044084906578064,0.8949999809265137,3.316092014312744
1.0270017385482788,0.9700000286102295,1.2664719820022583
1.0306593179702759,0.9600000381469727,1.5689220428466797
1.0342291593551636,0.9550000429153442,1.1763219833374023
1.036550760269165,0.9500000476837158,1.1881319284439087
1.0253244638442993,0.9650000333786011,1.643272042274475
1.0339902639389038,0.9550000429153442,1.226491928100586
1.0405197143554688,0.9350000619888306,1.3919620513916016
1.041340708732605,0.9450000524520874,1.155701994895935
1.0366454124450684,0.9550000429153442,1.3387420177459717
1.0371201038360596,0.9550000429153442,1.3319319486618042
1.0406930446624756,0.940000057220459,1.6506919860839844
1.0369937419891357,0.9450000524520874,1.770251989364624
1.1176711320877075,0.7200000286102295,4.339911937713623
1.0227316617965698,0.9700000286102295,1.634432077407837
1.0279462337493896,0.9700000286102295,1.1059619188308716
1.0314253568649292,0.9500000476837158,1.5790820121765137
1.024999976158142,0.9750000238418579,1.0404119491577148
1.0199999809265137,0.9800000190734863,1.0595120191574097
1.0199999809265137,0.9800000190734863,1.1023420095443726
1.0294445753097534,0.9650000333786011,1.189452052116394
1.0199999809265137,0.9800000190734863,1.1564018726348877
1.0262531042099,0.9700000286102295,1.2165719270706177
1.0465905666351318,0.8549999594688416,2.587862014770508
1.0418658256530762,0.940000057220459,1.601722002029419
1.0342304706573486,0.9450000524520874,1.7260420322418213
1.0241667032241821,0.9650000333786011,2.1964221000671387
1.0450842380523682,0.9250000715255737,1.8181120157241821
1.0231412649154663,0.9700000286102295,1.0491819381713867
1.0294674634933472,0.9600000381469727,1.4279320240020752
1.0382522344589233,0.9350000619888306,2.0629220008850098
1.0821406841278076,0.8450000286102295,2.948742151260376
1.039476752281189,0.940000057220459,1.611862063407898
1.0486705303192139,0.9100000262260437,1.7333821058273315
1.0575264692306519,0.8849999904632568,2.453011989593506
1.0431379079818726,0.9550000429153442,1.2422420978546143
1.0381379127502441,0.9600000381469727,1.245252013206482
1.0558255910873413,0.8600000143051147,2.8817718029022217
1.0427452325820923,0.89000004529953,2.853562116622925
1.0277234315872192,0.9550000429153442,1.5220019817352295
1.0429891347885132,0.8950000405311584,3.821981906890869
1.0290237665176392,0.9550000429153442,2.0642120838165283
1.0390957593917847,0.9500000476837158,1.1906620264053345
1.1125297546386719,0.7350000143051147,4.106892108917236
1.03696608543396,0.9550000429153442,1.2072420120239258
1.0260440111160278,0.9700000286102295,1.0749919414520264
1.0229723453521729,0.9700000286102295,1.2640020847320557
1.038668155670166,0.940000057220459,1.723412036895752
1.0199999809265137,0.9800000190734863,1.1352919340133667
1.0228098630905151,0.9700000286102295,1.2648121118545532
1.0610498189926147,0.8500000238418579,2.614501953125
1.039727807044983,0.940000057220459,1.8441119194030762
1.0398011207580566,0.9350000619888306,1.874101996421814
1.0385128259658813,0.940000057220459,1.4776721000671387
1.0292145013809204,0.9600000381469727,1.1514919996261597
1.0267120599746704,0.9700000286102295,1.1262520551681519
1.0396654605865479,0.940000057220459,1.587231993675232
1.0199999809265137,0.9800000190734863,1.025771975517273
1.0388880968093872,0.9350000619888306,1.8935420513153076
1.0431838035583496,0.9300000667572021,1.852952003479004
1.0373563766479492,0.9500000476837158,1.2617319822311401
1.029881477355957,0.9650000333786011,1.2473620176315308
1.0448426008224487,0.9250000715255737,1.8961321115493774
1.0217326879501343,0.9750000238418579,1.1652820110321045
1.020825743675232,0.9750000238418579,1.1210620403289795
1.0363541841506958,0.9300000667572021,2.1900720596313477
1.0260089635849,0.9600000381469727,1.4061921834945679
1.0199999809265137,0.9800000190734863,1.0778919458389282
1.024999976158142,0.9750000238418579,1.0334819555282593
1.024999976158142,0.9750000238418579,1.1323421001434326
1.0417001247406006,0.940000057220459,1.2899420261383057
1.0427011251449585,0.940000057220459,1.7586820125579834
1.0199999809265137,0.9800000190734863,1.1127320528030396
1.0218950510025024,0.9700000286102295,1.2305619716644287
1.031116008758545,0.9350000619888306,1.978052020072937
1.0309451818466187,0.9500000476837158,1.3664520978927612
1.0219733715057373,0.9750000238418579,1.1185719966888428
1.0238136053085327,0.9700000286102295,1.2212820053100586
1.0417793989181519,0.9550000429153442,1.198612093925476
1.0199999809265137,0.9800000190734863,1.148331880569458
1.0228710174560547,0.9700000286102295,1.2039719820022583
1.0199999809265137,0.9800000190734863,1.249541997909546
1.0355156660079956,0.9350000619888306,2.0780820846557617
1.0511279106140137,0.8900001049041748,2.6948423385620117
1.024999976158142,0.9750000238418579,1.1256219148635864
1.0335432291030884,0.9550000429153442,1.255281925201416
1.0199999809265137,0.9800000190734863,1.1575120687484741
1.0199999809265137,0.9800000190734863,1.058232069015503
1.028816819190979,0.9650000333786011,1.3557920455932617
1.0274202823638916,0.9650000333786011,1.415761947631836
1.0199999809265137,0.9800000190734863,1.0863419771194458
1.024999976158142,0.9750000238418579,1.0404720306396484
1.0394068956375122,0.9550000429153442,1.3703219890594482
1.0373878479003906,0.9600000381469727,1.2205119132995605
1.024999976158142,0.9750000238418579,1.0666320323944092
1.028110146522522,0.9650000333786011,1.218082070350647
1.0357627868652344,0.9500000476837158,1.2444720268249512
1.0199999809265137,0.9800000190734863,1.0449919700622559
1.0392557382583618,0.9300000667572021,1.2939720153808594
1.0391689538955688,0.940000057220459,1.2672719955444336
1.045188307762146,0.9300000667572021,1.288801908493042
1.041321873664856,0.9150000810623169,2.2198219299316406
1.0371414422988892,0.9550000429153442,1.1601319313049316
1.0359493494033813,0.9150000214576721,2.7006821632385254
1.052194595336914,0.880000114440918,2.84668231010437
1.0564866065979004,0.9050000905990601,2.622162103652954
1.0294215679168701,0.9650000333786011,1.2695720195770264
1.024552822113037,0.9650000333786011,1.4931319952011108
1.0216363668441772,0.9750000238418579,1.251452088356018
1.0245226621627808,0.9750000238418579,1.0658819675445557
1.0301604270935059,0.9550000429153442,1.381361961364746
1.02838134765625,0.9550000429153442,1.2645920515060425
1.029350996017456,0.9600000381469727,1.1481319665908813
1.0224745273590088,0.9750000238418579,1.1481519937515259
1.0315097570419312,0.9550000429153442,1.5159920454025269
1.0589710474014282,0.9350000619888306,1.3145020008087158
1.0582720041275024,0.9350000619888306,1.3119419813156128
1.0199999809265137,0.9800000190734863,1.0654819011688232
1.025960922241211,0.9650000333786011,1.6765919923782349
1.0345195531845093,0.9350000619888306,1.6194920539855957
1.0454245805740356,0.9150000214576721,1.5579819679260254
1.0242187976837158,0.9700000286102295,1.2548519372940063
1.0611467361450195,0.8850000500679016,1.8914920091629028
1.0380245447158813,0.9350000619888306,1.6396019458770752
1.0258005857467651,0.9700000286102295,1.2513619661331177
1.054320216178894,0.9300000667572021,2.27006196975708
1.0544127225875854,0.9250000715255737,2.364621877670288
1.0199999809265137,0.9800000190734863,1.1285820007324219
1.0225797891616821,0.9700000286102295,1.1674220561981201
1.045446753501892,0.9250000715255737,1.9449020624160767
1.0395622253417969,0.9350000619888306,1.9814621210098267
1.063364863395691,0.8700000643730164,2.355041980743408
1.031169056892395,0.9500000476837158,1.2579718828201294
1.0353819131851196,0.940000057220459,1.5802019834518433
1.0533822774887085,0.9100000858306885,2.3084919452667236
1.0266788005828857,0.9650000333786011,1.4209520816802979
1.037248969078064,0.9350000619888306,1.7641220092773438
1.0677884817123413,0.9300000667572021,1.2828420400619507
1.0634229183197021,0.9350000619888306,1.2826321125030518
1.0199999809265137,0.9800000190734863,1.12348210811615
1.02584707736969,0.9550000429153442,1.7170219421386719
1.022581934928894,0.9750000238418579,1.2053719758987427
1.0478018522262573,0.9200000762939453,1.5587719678878784
1.03128981590271,0.940000057220459,2.009171962738037
1.0310286283493042,0.9450000524520874,2.0687618255615234
1.028098702430725,0.9700000286102295,1.1333320140838623
1.032535433769226,0.9250000715255737,2.012162208557129
1.021451711654663,0.9750000238418579,1.3282920122146606
1.0376375913619995,0.9550000429153442,1.360611915588379
1.0244320631027222,0.9600000381469727,2.179311990737915
1.0199999809265137,0.9800000190734863,1.0717219114303589
1.024999976158142,0.9750000238418579,1.19828200340271
1.039901614189148,0.940000057220459,1.630162000656128
1.0237274169921875,0.9700000286102295,1.4143019914627075
1.024999976158142,0.9750000238418579,1.1752119064331055
1.021130919456482,0.9750000238418579,1.1927319765090942
1.0451147556304932,0.9350000619888306,1.5146820545196533
1.0471023321151733,0.9300000667572021,1.471571922302246
1.060768485069275,0.9200000762939453,1.6207220554351807
1.0646024942398071,0.9000000953674316,1.8470920324325562
1.0511163473129272,0.9300000667572021,1.4297620058059692
1.0391323566436768,0.9500000476837158,1.3861418962478638
1.0417239665985107,0.9450000524520874,1.5104819536209106
1.0540231466293335,0.9150000810623169,1.8516520261764526
1.0525709390640259,0.925000011920929,2.1764919757843018
1.0584031343460083,0.9100000858306885,1.9912019968032837
1.030812382698059,0.9550000429153442,1.309022068977356
1.0401471853256226,0.9350000619888306,1.7163020372390747
1.0273786783218384,0.9650000333786011,1.2499620914459229
1.0199999809265137,0.9800000190734863,1.1027920246124268
1.0216697454452515,0.9750000238418579,1.2225719690322876
1.0248489379882812,0.9700000286102295,1.1430820226669312
1.0267934799194336,0.9650000333786011,1.2848420143127441
1.04635751247406,0.9200000762939453,1.414631962776184
1.0387989282608032,0.9450000524520874,1.2982720136642456
1.0517778396606445,0.9250000715255737,1.3282419443130493
1.0569003820419312,0.9150000810623169,1.364542007446289
1.0199999809265137,0.9800000190734863,1.0608220100402832
1.0346505641937256,0.9500000476837158,1.7889420986175537
1.0199999809265137,0.9800000190734863,1.0545920133590698
1.0221091508865356,0.9700000286102295,1.3378920555114746
1.0309937000274658,0.9500000476837158,1.364601969718933
1.0349019765853882,0.9500000476837158,1.6887720823287964
1.0436772108078003,0.9150000810623169,1.8587321043014526
1.0312877893447876,0.9600000381469727,1.3161919116973877
1.0259044170379639,0.9650000333786011,1.5967119932174683
1.0450044870376587,0.9300000667572021,1.3394320011138916
1.042866587638855,0.9200000762939453,1.9490420818328857
1.0199999809265137,0.9800000190734863,1.116581916809082
1.0525654554367065,0.89000004529953,2.735001802444458
1.0238760709762573,0.9700000286102295,1.2760119438171387
1.0471489429473877,0.9050000905990601,2.492262125015259
1.02201509475708,0.9750000238418579,1.236311912536621
1.0199999809265137,0.9800000190734863,1.112831950187683
1.0585263967514038,0.8949999809265137,2.624891996383667
1.0249686241149902,0.9700000286102295,1.160391926765442
1.050100564956665,0.940000057220459,1.5315519571304321
1.0532397031784058,0.9350000619888306,1.5316619873046875
1.048531174659729,0.9350000619888306,1.5745121240615845
1.030951738357544,0.9450000524520874,1.5619020462036133
1.0440274477005005,0.9200000762939453,1.9348020553588867
1.0589087009429932,0.8950001001358032,1.8935320377349854
1.0248825550079346,0.9650000333786011,1.1953920125961304
1.022227168083191,0.9750000238418579,1.2417919635772705
1.0241830348968506,0.9650000333786011,1.5059518814086914
1.021463394165039,0.9750000238418579,1.0947120189666748
1.0199999809265137,0.9800000190734863,1.0437120199203491
1.0676428079605103,0.8850000500679016,3.6328821182250977
1.0447182655334473,0.940000057220459,2.6159119606018066
1.0296224355697632,0.9650000333786011,1.125722050666809
1.0470936298370361,0.9250000715255737,1.540861964225769
1.0310934782028198,0.9600000381469727,1.159332036972046
1.0265612602233887,0.9600000381469727,1.5588921308517456
1.0720914602279663,0.8650000095367432,1.7555919885635376
1.0315743684768677,0.9550000429153442,1.5288519859313965
1.0257887840270996,0.9650000333786011,1.3402819633483887
1.041164755821228,0.9200000762939453,1.5851320028305054
1.0284191370010376,0.9650000333786011,1.5649620294570923
1.0281554460525513,0.9550000429153442,1.7868620157241821
1.022581934928894,0.9750000238418579,1.3253920078277588
1.0320899486541748,0.9600000381469727,1.1730719804763794
1.0343924760818481,0.9450000524520874,1.6911920309066772
1.047504186630249,0.9150000810623169,2.0251519680023193
1.0341756343841553,0.9500000476837158,1.2471320629119873
1.0311064720153809,0.9450000524520874,1.684332013130188
1.0302261114120483,0.9650000333786011,1.1128019094467163
1.0286568403244019,0.9600000381469727,1.1067620515823364
1.0363879203796387,0.9450000524520874,1.3329319953918457
1.0326155424118042,0.9500000476837158,1.5202219486236572
1.024999976158142,0.9750000238418579,1.0855220556259155
1.0459073781967163,0.9350000619888306,1.602591872215271
1.0451828241348267,0.9350000619888306,1.5356619358062744
1.0351685285568237,0.9500000476837158,1.672842025756836
1.0306061506271362,0.9500000476837158,1.5911020040512085
1.0392316579818726,0.9300000667572021,2.843532085418701
1.0234718322753906,0.9750000238418579,1.1375020742416382
1.0370657444000244,0.9500000476837158,1.303022027015686
1.0397748947143555,0.9350000619888306,1.5692219734191895
1.0414613485336304,0.940000057220459,1.882512092590332
1.031569242477417,0.9600000381469727,1.3338820934295654
1.031428575515747,0.9600000381469727,1.3942220211029053
1.0247340202331543,0.9700000286102295,1.5551420450210571
1.0254977941513062,0.9700000286102295,1.1703020334243774
1.0215842723846436,0.9750000238418579,1.0630018711090088
1.0451990365982056,0.9350000619888306,1.499891996383667
1.057590126991272,0.9000000953674316,1.6711119413375854
1.0376957654953003,0.9500000476837158,1.1917920112609863
1.032059907913208,0.9550000429153442,1.345281958580017
1.0219571590423584,0.9700000286102295,1.2340419292449951
1.029932975769043,0.9600000381469727,1.0882819890975952
1.0491483211517334,0.89000004529953,2.611922025680542
1.0295391082763672,0.9650000333786011,1.2191619873046875
1.0375735759735107,0.9450000524520874,1.2382919788360596
1.034847617149353,0.9500000476837158,1.5271419286727905
1.0352413654327393,0.9350000023841858,2.0671019554138184
1.047608733177185,0.9500000476837158,1.1633520126342773
1.047712802886963,0.9300000667572021,1.4613419771194458
1.024999976158142,0.9750000238418579,1.080462098121643
1.0412821769714355,0.940000057220459,1.5284919738769531
1.0332469940185547,0.9550000429153442,1.2969719171524048
1.024999976158142,0.9750000238418579,1.2214220762252808
1.0494831800460815,0.9300000667572021,1.702571988105774
1.0342559814453125,0.940000057220459,1.777451992034912
1.034999966621399,0.9650000333786011,1.299921989440918
1.0237689018249512,0.9750000238418579,1.0975520610809326
1.0248812437057495,0.9700000286102295,1.1292920112609863
1.024999976158142,0.9750000238418579,1.1071120500564575
1.044350266456604,0.940000057220459,1.1802819967269897
1.0223515033721924,0.9700000286102295,1.4577820301055908
1.0487380027770996,0.9150000214576721,2.1257121562957764
1.037892460823059,0.9500000476837158,1.1898819208145142
1.0614540576934814,0.8499999642372131,2.601422071456909
1.0270464420318604,0.9650000333786011,1.1533219814300537
1.0199999809265137,0.9800000190734863,1.0390419960021973
1.0221350193023682,0.9750000238418579,1.15585196018219
1.0199999809265137,0.9800000190734863,1.0756120681762695
1.0341771841049194,0.9200000762939453,2.1776819229125977
1.0588922500610352,0.8650000095367432,2.7724521160125732
1.0220974683761597,0.9700000286102295,1.430272102355957
1.0223807096481323,0.9700000286102295,1.3149420022964478
1.0216766595840454,0.9700000286102295,1.3085520267486572
1.0533983707427979,0.9100000858306885,1.6236120462417603
1.0417063236236572,0.9450000524520874,1.5829319953918457
1.0199999809265137,0.9800000190734863,1.1450319290161133
1.024999976158142,0.9750000238418579,1.0879520177841187
1.0567394495010376,0.8850000500679016,1.799962043762207
1.0285066366195679,0.9650000333786011,1.2089921236038208
1.0247541666030884,0.9700000286102295,1.2861219644546509
1.0364266633987427,0.9399999976158142,1.7642220258712769
1.0546232461929321,0.9200000762939453,2.34814190864563
1.056707739830017,0.9050000905990601,2.214132070541382
1.0564136505126953,0.9000000357627869,2.6874020099639893
1.0264291763305664,0.9700000286102295,1.1193419694900513
1.0354290008544922,0.9500000476837158,1.4279520511627197
1.0273762941360474,0.9600000381469727,1.6879520416259766
1.0207289457321167,0.9750000238418579,1.1617519855499268
1.0419654846191406,0.9350000619888306,2.0270020961761475
1.0657624006271362,0.85999995470047,3.4658119678497314
1.0553213357925415,0.9100000858306885,1.9173619747161865
1.0541679859161377,0.8950001001358032,2.0765419006347656
1.0223569869995117,0.9750000238418579,1.3596720695495605
1.033993124961853,0.9600000381469727,1.360282063484192
1.0396801233291626,0.9350000619888306,1.9569920301437378
1.0278505086898804,0.9650000333786011,1.2617219686508179
1.0358909368515015,0.940000057220459,1.6631120443344116
1.028863549232483,0.9550000429153442,1.5056419372558594
1.0552808046340942,0.9050000905990601,2.0218122005462646
1.0403639078140259,0.9500000476837158,1.4301719665527344
1.0460801124572754,0.9350000619888306,1.6439720392227173
1.0430785417556763,0.9300000667572021,1.7407220602035522
1.0487735271453857,0.9000000953674316,2.048352003097534
1.0380874872207642,0.9450000524520874,1.6493721008300781
1.0334669351577759,0.9550000429153442,1.2381020784378052
1.0398677587509155,0.940000057220459,2.4088220596313477
1.024999976158142,0.9750000238418579,1.0842519998550415
1.0491552352905273,0.9100000262260437,2.698482036590576
1.0353052616119385,0.9550000429153442,1.4976319074630737
1.0199999809265137,0.9800000190734863,1.0733520984649658
1.036070466041565,0.9500000476837158,1.6850018501281738
1.025867223739624,0.9600000381469727,1.6910319328308105
1.0293523073196411,0.9650000333786011,1.1865519285202026
1.0285013914108276,0.9450000524520874,1.6808921098709106
1.0243464708328247,0.9700000286102295,1.1992119550704956
1.0285416841506958,0.9650000333786011,1.442221999168396
1.0303572416305542,0.9600000381469727,1.264482021331787
1.0284732580184937,0.9500000476837158,2.016822099685669
1.0249253511428833,0.9700000286102295,1.2514420747756958
1.0436185598373413,0.9500000476837158,1.1864620447158813
1.0199999809265137,0.9800000190734863,1.048811912536621
1.024999976158142,0.9750000238418579,1.1337720155715942
1.0283234119415283,0.9650000333786011,1.1299619674682617
1.0624803304672241,0.9350000619888306,1.2817621231079102
1.0199999809265137,0.9800000190734863,1.0599318742752075
1.0213335752487183,0.9750000238418579,1.530142068862915
1.0199999809265137,0.9800000190734863,1.1719521284103394
1.0376825332641602,0.9350000023841858,2.05019211769104
1.0199999809265137,0.9800000190734863,1.0605919361114502
1.021597146987915,0.9750000238418579,1.169551968574524
1.0225032567977905,0.9750000238418579,1.3230520486831665
1.0199999809265137,0.9800000190734863,1.0353419780731201
1.0231903791427612,0.9700000286102295,1.2631020545959473
1.0303231477737427,0.9650000333786011,1.297961950302124
1.024999976158142,0.9750000238418579,1.1737819910049438
1.0258711576461792,0.9650000333786011,1.2859820127487183
1.0302073955535889,0.9500000476837158,1.6606919765472412
1.0298486948013306,0.9550000429153442,1.36325204372406
1.0484950542449951,0.9100000858306885,1.7295219898223877
1.0308490991592407,0.9550000429153442,1.2816120386123657
1.022611141204834,0.9750000238418579,1.1391119956970215
1.0341461896896362,0.9450000524520874,1.7808820009231567
1.0395158529281616,0.940000057220459,1.569322109222412
1.0364843606948853,0.9450000524520874,1.4531019926071167
1.0199999809265137,0.9800000190734863,1.0782819986343384
1.0281497240066528,0.9700000286102295,1.1485720872879028
1.0199999809265137,0.9800000190734863,1.0473819971084595
1.0555846691131592,0.9050000309944153,2.385971784591675
1.0199999809265137,0.9800000190734863,1.0735719203948975
1.0274763107299805,0.9600000381469727,1.1473519802093506
1.0380717515945435,0.9450000524520874,1.2203718423843384
1.0277354717254639,0.9650000333786011,1.1242719888687134
1.0199999809265137,0.9800000190734863,1.0639618635177612
1.0221408605575562,0.9750000238418579,1.0594719648361206
1.0401259660720825,0.9300000667572021,2.999732255935669
1.024999976158142,0.9750000238418579,1.0518220663070679
1.0199999809265137,0.9800000190734863,1.0532219409942627
1.0492501258850098,0.9150000810623169,2.499591827392578
1.0399999618530273,0.9600000381469727,1.2183420658111572
1.0399999618530273,0.9600000381469727,1.2183420658111572
1.0446593761444092,0.9200000762939453,1.5085821151733398
1.0329188108444214,0.9550000429153442,1.1674920320510864
1.0271114110946655,0.9650000333786011,1.1573721170425415
1.025087833404541,0.9650000333786011,1.1981920003890991
1.0357332229614258,0.9300000667572021,1.7270418405532837
1.0343276262283325,0.9600000381469727,1.2998719215393066
1.0199999809265137,0.9800000190734863,1.0583220720291138
1.0360164642333984,0.9500000476837158,1.5507819652557373
1.020976185798645,0.9750000238418579,1.1880619525909424
1.0353806018829346,0.9500000476837158,1.6985219717025757
1.0371346473693848,0.9500000476837158,1.174251914024353
1.036465048789978,0.9450000524520874,1.3982020616531372
1.024274230003357,0.9650000333786011,1.3465819358825684
1.0199999809265137,0.9800000190734863,1.2366620302200317
1.0292726755142212,0.9600000381469727,2.2680020332336426
1.027567982673645,0.9600000381469727,1.3725519180297852
1.021995186805725,0.9750000238418579,1.533742070198059
1.0418325662612915,0.9300000667572021,2.781132221221924
1.035599946975708,0.9300000667572021,2.29915189743042
1.0297890901565552,0.9550000429153442,1.3271819353103638
1.0312427282333374,0.9600000381469727,1.1216719150543213
1.0349451303482056,0.9500000476837158,1.460211992263794
1.051499366760254,0.9200000166893005,2.0502219200134277
1.0365283489227295,0.9450000524520874,1.7418220043182373
1.0199999809265137,0.9800000190734863,1.0596920251846313
1.0271004438400269,0.9700000286102295,1.0969020128250122
1.029593586921692,0.9650000333786011,1.1256320476531982
1.0399999618530273,0.9600000381469727,1.2980319261550903
1.0280144214630127,0.9550000429153442,1.5240120887756348
1.0302399396896362,0.9550000429153442,1.2788820266723633
1.0375077724456787,0.940000057220459,1.3770720958709717
1.0199999809265137,0.9800000190734863,1.193552017211914
1.024267554283142,0.9700000286102295,1.3445719480514526
1.0199999809265137,0.9800000190734863,1.1345919370651245
1.0264906883239746,0.9700000286102295,1.1617919206619263
1.024999976158142,0.9750000238418579,1.050291895866394
1.0305453538894653,0.9650000333786011,1.2457020282745361
1.0443824529647827,0.940000057220459,1.5755020380020142
1.0282793045043945,0.9650000333786011,1.0656520128250122
1.0199999809265137,0.9800000190734863,1.0329519510269165
1.0263456106185913,0.9700000286102295,1.2831521034240723
1.0339871644973755,0.9450000524520874,1.365351915359497
1.0199999809265137,0.9800000190734863,1.1460620164871216
1.041968822479248,0.9450000524520874,1.4796019792556763
1.0308042764663696,0.9600000381469727,1.2451519966125488
1.0199999809265137,0.9800000190734863,1.0575319528579712
1.0533082485198975,0.9350000619888306,1.3203120231628418
1.0199999809265137,0.9800000190734863,1.0684120655059814
1.0229276418685913,0.9750000238418579,1.12214195728302
1.0367794036865234,0.9600000381469727,1.1980020999908447
1.024245262145996,0.9700000286102295,1.1243219375610352
1.024999976158142,0.9750000238418579,1.2412718534469604
1.038623571395874,0.9500000476837158,1.3409919738769531
1.0215246677398682,0.9750000238418579,1.087541937828064
1.0199999809265137,0.9800000190734863,1.0756919384002686
1.0292856693267822,0.9650000333786011,1.1660921573638916
1.0368516445159912,0.9550000429153442,1.3400120735168457
1.0493594408035278,0.9150000810623169,1.8899619579315186
1.0199999809265137,0.9800000190734863,1.0375418663024902
1.0272754430770874,0.9650000333786011,1.4671320915222168
1.0369278192520142,0.9550000429153442,1.4183619022369385
1.0268702507019043,0.9550000429153442,1.2341420650482178
1.0270060300827026,0.9650000333786011,1.4943621158599854
1.0374363660812378,0.9550000429153442,1.3728018999099731
1.0404913425445557,0.9300000071525574,1.949671983718872
1.0330151319503784,0.9450000524520874,2.033071994781494
1.042715072631836,0.9300000071525574,2.38263201713562
1.0325531959533691,0.9550000429153442,1.113502025604248
1.029178500175476,0.9650000333786011,1.041592001914978
1.0400656461715698,0.9450000524520874,1.9600319862365723
1.0350793600082397,0.9550000429153442,1.3096920251846313
1.0225000381469727,0.9750000238418579,1.063551902770996
1.0222673416137695,0.9650000333786011,1.3092421293258667
1.0199999809265137,0.9800000190734863,1.0626920461654663
1.0199999809265137,0.9800000190734863,1.068992018699646
1.0314439535140991,0.9650000333786011,1.127821922302246
1.029561161994934,0.9600000381469727,1.2895020246505737
1.0222786664962769,0.9750000238418579,1.1176820993423462
1.0307151079177856,0.9650000333786011,1.1963820457458496
1.0241413116455078,0.9700000286102295,1.3103818893432617
1.0345377922058105,0.9500000476837158,1.6692720651626587
1.0469869375228882,0.940000057220459,1.6329920291900635
1.0289314985275269,0.9550000429153442,1.3759620189666748
1.0199999809265137,0.9800000190734863,1.0689918994903564
1.0401142835617065,0.940000057220459,1.2315219640731812
1.0212563276290894,0.9750000238418579,1.1131221055984497
1.037733554840088,0.9500000476837158,1.184912085533142
1.03572678565979,0.9600000381469727,1.18831205368042
1.0199999809265137,0.9800000190734863,1.0929219722747803
1.042976975440979,0.9450000524520874,1.1392720937728882
1.0367313623428345,0.9550000429153442,1.2890020608901978
1.0389907360076904,0.9450000524520874,1.6143120527267456
1.0235788822174072,0.9650000333786011,1.2179820537567139
1.0380712747573853,0.9550000429153442,1.2248719930648804
1.0284554958343506,0.9650000333786011,1.1203619241714478
1.021132230758667,0.9750000238418579,1.0857019424438477
1.0233968496322632,0.9750000238418579,1.1655420064926147
1.0199999809265137,0.9800000190734863,1.0466818809509277
1.0261764526367188,0.9700000286102295,1.1348819732666016
1.0309038162231445,0.9550000429153442,1.3886020183563232
1.0235354900360107,0.9750000238418579,1.06728196144104
1.0376087427139282,0.9600000381469727,1.1633520126342773
1.0386097431182861,0.9450000524520874,1.591162085533142
1.025931477546692,0.9650000333786011,1.22064208984375
1.0248461961746216,0.9700000286102295,1.2013620138168335
1.0274406671524048,0.9600000381469727,1.337951898574829
1.0199999809265137,0.9800000190734863,1.0924919843673706
1.0303773880004883,0.9600000381469727,1.4010119438171387
1.0219542980194092,0.9750000238418579,1.118962049484253
1.0199999809265137,0.9800000190734863,1.1151819229125977
1.0366895198822021,0.9500000476837158,1.1758419275283813
1.0345256328582764,0.9600000381469727,1.1022019386291504
1.024999976158142,0.9750000238418579,1.028412103652954
1.0345256328582764,0.9600000381469727,1.1022019386291504
1.0331382751464844,0.9500000476837158,1.2932720184326172
1.030683159828186,0.9550000429153442,1.7768919467926025
1.0199999809265137,0.9800000190734863,1.1126818656921387
1.0216264724731445,0.9750000238418579,1.3220319747924805
1.043172001838684,0.9450000524520874,1.388841986656189
1.0245226621627808,0.9750000238418579,1.030522108078003
1.0271437168121338,0.9700000286102295,1.0307719707489014
1.0223569869995117,0.9750000238418579,1.1679120063781738
1.0199999809265137,0.9800000190734863,1.0721518993377686
1.0199999809265137,0.9800000190734863,1.1645820140838623
1.0199999809265137,0.9800000190734863,1.05662202835083
1.0199999809265137,0.9800000190734863,1.0370019674301147
1.043444037437439,0.9450000524520874,1.2687519788742065
1.0199999809265137,0.9800000190734863,1.0451819896697998
1.031751036643982,0.9600000381469727,1.3244121074676514
1.0289517641067505,0.9650000333786011,1.103782057762146
