4432
1194
6472
1893
9264
1662
3376
6543
2194
6062
5597
1702
2074
25
2585
4820
9891
9794
8700
1229
4885
6104
3284
9474
8675
3125
129
6388
1528
1923
10487
3531
2852
9719
8644
4458
2425
6217
5865
7945
276
1009
648
10221
887
8586
8030
5287
7241
3573
10393
1817
2418
6927
2322
6228
325
8963
9338
5652
4999
6586
630
10348
854
7114
8678
1608
7638
7827
8247
5658
6867
890
1258
2419
2818
3196
9450
4598
6988
9862
6944
45
5491
369
9563
5201
1160
1731
1115
335
2958
7865
10093
9866
6066
7680
1750
9023
3375
9015
3822
7007
3760
130
5799
2627
7791
5429
7283
6763
655
10013
8948
9968
4950
2595
3565
9765
1782
6610
1233
1068
9748
10540
8807
8939
2411
1978
9304
5663
8914
608
2444
4668
3680
4321
5107
9811
6230
570
2287
1460
6254
1020
1404
4430
10165
9808
2528
4201
1711
7817
10225
7117
6605
9682
8503
8003
2187
2534
9286
460
7046
4266
7236
9972
10581
2639
3499
6582
3400
4716
4568
6997
8761
9837
1796
7639
3494
5112
3712
9564
4866
10278
952
2617
556
3278
3769
3313
255
6635
8864
7838
6912
653
2841
5498
10271
1201
217
882
442
4010
7212
3
6873
10480
1566
713
2201
6553
5688
54
3409
8733
7846
3525
5927
6029
6949
5119
5022
1392
9146
6425
315
2984
7495
1479
907
1015
8660
7115
4923
7346
4005
9351
6176
4659
281
4343
8784
10605
7128
1299
9257
4534
6629
1756
7116
6215
7260
9589
8916
4666
6974
1534
1578
5373
3429
3630
4502
2257
1105
4143
1483
5277
7392
6307
9419
3664
6239
5278
9739
7390
5449
6872
1276
6671
3251
10377
6408
6515
8033
1992
8201
9684
8370
7512
8104
7776
3204
4816
4475
9998
8771
8610
9983
4258
1991
3274
4211
6972
9426
2002
5686
9596
10288
2566
5628
4374
6721
1145
9111
8491
10374
3799
476
3373
2519
3953
5244
2253
7632
9540
1463
10560
2698
3147
496
4761
5911
4527
661
7851
3926
8485
3398
6618
1304
3444
10255
1266
10104
8241
1954
3551
5128
234
1672
7408
410
973
6811
8946
6593
2874
8518
5901
4363
4630
6947
3013
8246
2182
10234
4346
10607
846
3590
7745
8445
8356
2677
10593
7329
3016
5801
9442
8915
6175
1099
1041
7315
3719
6387
9874
5239
8520
2757
10168
5412
1789
5588
2497
2037
5259
5831
580
9136
6712
7621
10418
9422
432
687
2154
3422
5436
1470
711
3328
2622
6169
59
2236
974
7712
8828
2798
6193
3828
9382
2407
3704
2976
3064
5619
2105
5510
3878
6287
9218
7539
1356
7719
8993
6488
3662
4189
8011
5990
7957
413
9186
9035
4436
4336
5379
7042
4054
8603
2970
785
5132
5303
3066
10074
8541
4154
2754
6554
8751
2481
4197
8543
9994
5636
111
6563
177
1274
3631
2029
1188
8283
5864
9349
7016
6172
1137
3381
9346
3911
6914
3594
6720
5565
3382
2849
5045
2232
10284
4082
10361
9774
7420
593
616
9815
5912
5637
2623
8683
6885
6214
9191
8753
9698
6054
932
10254
6482
1410
5535
7909
5376
7784
2260
3355
3160
5349
4862
1769
5076
8620
6024
2577
7756
7698
1373
5501
3459
6469
9502
4735
5610
5768
676
3448
5479
6746
4180
7055
7857
337
1095
744
629
3744
2879
48
1994
8230
8734
4199
7536
7630
2866
3985
4267
7277
6202
715
1574
4400
55
9353
1987
3766
9819
7467
4283
9731
6743
8382
1579
7179
1650
6235
3325
2382
5482
9952
9233
8122
3751
5209
9807
4103
1728
7816
4617
5279
2474
5884
7795
602
143
5395
7166
5392
9108
3438
7231
2834
5343
2146
2079
4655
6077
9071
5966
9674
8937
2238
10461
9605
7612
9821
7815
5116
1834
2860
8792
1438
88
10506
8417
6466
6585
523
4440
9356
6031
8107
7361
9357
4739
9981
3877
1703
8582
8463
2645
8198
5024
5178
8149
3873
9588
4461
8047
365
266
6284
8271
148
6757
8117
9655
8158
1948
9777
8651
9886
559
6237
7077
2420
2275
5918
5845
891
7975
1681
2722
4478
4100
5977
3345
9048
5916
2508
5381
1199
1365
1699
6644
1398
6451
2273
8877
3914
7267
275
9497
10231
1951
1615
1375
3205
7369
2846
10081
843
6519
6902
7890
2959
10369
3392
9836
3129
8095
3708
4850
8584
3700
8281
1560
2107
140
4317
564
8955
844
2453
7394
10443
3260
6332
10353
5670
2458
9120
10136
3053
1814
5625
9193
7341
3827
3106
7608
3502
1801
8969
6311
1028
1707
6957
6316
6821
1208
575
8766
446
3322
7722
8712
10049
6132
4272
7243
9663
8177
4513
5033
5172
6838
8633
1518
2762
453
6779
2771
5490
9813
3832
572
7226
1441
9327
9833
4013
3968
2118
8449
897
1180
4529
3369
7662
2362
8589
679
10441
6929
9345
9001
10171
7833
7311
9386
3236
3262
8546
8890
9553
1086
6067
951
10483
6312
3389
9745
7214
8985
9226
1852
7244
3018
5257
763
1471
2706
5487
5849
4682
9551
793
1975
4780
10218
8235
1665
9217
9060
8285
949
5707
1563
5847
3639
7072
7773
6672
4090
4924
2610
4525
4056
5113
1244
128
2051
8184
1721
10164
4184
832
8552
8435
5413
7591
4942
5319
4361
2306
4049
4053
6270
8573
10520
8537
196
6165
1973
3266
8252
6844
204
1174
33
9580
2050
122
8077
2025
10445
1292
7280
8895
4168
8691
2281
8338
10073
6045
468
146
2732
4704
7162
8044
834
4575
2538
652
5950
6242
5150
7303
428
1842
4886
9237
2059
7276
1328
6177
5038
1710
1288
7728
8364
6513
8493
7628
9599
6050
9503
2088
2590
1053
1919
6834
2312
7405
10399
1708
6669
511
10384
5890
5271
3770
2942
5218
6277
7724
2833
1531
6302
9509
3785
3982
9220
10181
2372
7615
2919
8732
2392
10249
6538
9052
5058
4572
4326
5285
1632
2737
4158
9239
7347
1110
646
7516
9824
8260
4563
9515
5174
9371
3740
10003
10308
10486
1784
1032
6324
666
7200
7172
9332
8976
2240
10092
5110
3658
1604
3819
4088
9156
9057
820
5776
8091
8690
2451
8171
3642
9950
1069
4300
5269
3408
6795
3007
9310
7595
10233
10155
8419
2749
4955
2648
1892
6928
7426
6431
2598
8119
1777
3557
6490
206
134
4976
6246
7782
6102
9928
7530
5811
3808
6787
2693
7402
6535
8510
7802
1489
9072
8544
7911
7380
4064
6600
525
8209
1867
7567
10329
8965
5200
2878
401
7611
7483
6143
5326
1885
10140
7663
6109
4347
5347
7049
2568
7041
6019
6717
2241
9863
5354
6533
753
4299
9906
6684
8950
9894
9652
7477
4470
7132
6377
759
1551
7954
1429
3124
2780
6078
3311
7111
2842
4931
2661
7498
5508
536
8135
5095
1942
5941
7023
8052
2224
2189
9086
109
8015
2559
8253
2060
7514
5068
3600
2007
8509
2838
5976
4437
9760
3843
7953
2098
3834
8962
5238
7707
6335
3920
5211
4427
500
7368
4779
4738
9798
1771
6135
4585
7963
5086
4221
9134
4141
9900
10354
8206
5129
1076
10389
8093
4755
8736
3270
3893
545
1536
1792
6661
6531
1111
9560
7173
6216
9633
6994
8781
4615
2861
9121
18
3017
9751
8809
7617
1896
2746
5656
594
4703
727
6939
1497
9786
6814
10094
1449
10561
5600
8306
5778
1959
2034
4552
4178
8422
4515
3471
9207
5900
7533
5793
4334
2750
5224
3474
7061
2478
5509
7553
3228
9703
5872
144
9140
4129
3941
8415
3157
8048
5898
5117
9590
2137
222
3276
9389
7210
3537
4994
10186
4227
6507
5705
7424
6773
4466
6992
5973
5462
10163
3783
7463
6640
4233
9668
863
5739
5329
6907
4860
4274
8448
4753
9216
9185
9823
7673
5481
8452
5418
2865
2522
2032
554
519
2377
8996
5366
1655
6145
3202
7906
3507
4930
10106
2375
4122
4649
3371
4080
3736
5542
2920
4110
4072
899
74
8273
2192
5794
7848
4304
1963
4444
3848
3587
2104
7903
6807
8088
2115
3576
1250
2739
1849
1311
6477
2090
2355
1066
3245
9948
8000
7071
6290
3638
1127
6069
7278
9297
9405
8794
7765
9280
1437
4992
3510
5608
8929
7208
7254
9
3344
1891
3806
9546
6960
6645
741
5133
1620
8540
9077
9735
4405
3571
3364
8887
3091
10590
3850
10595
9107
2476
2367
8037
2836
7798
8268
1634
8097
1522
997
4728
8527
5706
7695
8814
8517
4884
5587
10449
7453
3172
1254
7889
3028
7161
2371
4393
7510
8121
1210
3352
5010
6089
6358
7545
10457
10565
1049
2188
9501
583
9877
3332
4183
4517
782
816
838
6017
3807
440
9965
6764
9343
914
3804
10481
10328
3214
7606
7905
9318
2256
3477
488
6904
1038
3921
3856
1464
6412
7449
6806
5385
10290
7655
8672
6701
3992
5406
8933
4895
4025
5944
7178
5896
7151
5153
6968
7171
6400
8569
210
1969
4260
2512
2404
696
8832
5502
5368
5576
4605
3069
7517
9195
7040
5082
7562
625
9094
2704
6391
4153
577
6900
8141
677
2286
6526
1303
6198
6393
4016
8859
1639
9340
1795
6136
5260
8210
7198
8142
9267
4540
5410
1106
582
1405
4622
7159
9681
6839
9434
10216
9773
5084
8131
131
6569
53
6734
2365
3875
4695
373
7914
6437
4913
1939
7296
1344
5079
7757
10371
4067
4448
3208
1911
8821
2430
3947
4451
9718
622
3561
10596
3385
959
8743
10455
1567
1134
5261
9616
9376
868
10055
10137
10350
2544
8347
20
4465
9922
5651
7888
5791
8395
6086
2109
7398
8108
5751
7558
10238
332
10378
1847
7175
8848
8930
2758
9282
4939
3897
4392
504
3727
