6587
5364
7873
7799
1351
1854
2434
3369
9927
2649
2354
10592
2010
541
10379
9027
1028
3429
5219
8218
3737
1792
1544
9572
6914
4174
6337
7258
10518
9649
1834
964
6383
7313
7485
10326
2038
9174
4764
2643
2772
3121
8858
9014
7236
1928
838
8084
2962
5683
4685
5225
1807
9482
6614
4820
9877
2502
3289
6115
6642
3763
2155
9655
2414
10529
2450
1024
7358
6220
7923
7861
4201
10493
2238
9684
10044
522
477
9032
5580
4736
9986
7886
5879
4206
9242
4424
8066
6872
5886
3613
5158
3598
4674
6827
9569
8913
7991
6401
640
3979
10050
7341
3608
6310
6876
8496
1445
5506
4279
582
8085
10027
4876
745
3063
4517
6071
7664
3835
6061
6169
4464
5616
2062
7887
10253
1272
6548
149
5651
6570
8051
211
9195
915
9124
1861
1504
6669
6459
9791
2793
2228
10018
1927
7514
7542
1919
806
6916
4127
6768
6295
7516
2341
7036
7682
9188
4549
8672
5410
7700
5495
3334
8893
7627
3469
6154
4962
7446
3836
2032
10188
6794
2226
1282
3225
7427
1722
6312
1366
4652
6980
6867
9173
9309
4747
9007
1243
5090
2361
4542
105
1213
8740
3025
5097
5894
8243
9264
7138
1170
6744
1417
365
9984
6231
6098
9700
9257
154
10381
10150
2827
4905
483
5574
9765
2007
5883
3890
2097
7377
1896
3122
9974
414
8042
2592
10624
2307
5321
7875
6943
460
1370
10164
10438
3682
5442
8698
10149
2611
6437
2792
815
7148
3664
8319
2398
170
2609
5077
1083
4756
272
9860
6963
4864
4992
8965
3495
5781
2355
3633
142
6034
2401
3728
2514
6840
9319
8342
103
4048
5223
9145
3826
3194
9749
10546
1877
7591
2112
8614
1161
2245
2599
9882
8646
7819
6822
5832
8041
5914
5837
1514
1698
6842
3011
8952
4971
3508
7442
6440
8654
5947
4115
5221
4579
7533
4705
7183
10179
7611
5155
7756
618
6920
9144
7881
1973
2722
9710
6245
1397
9594
5210
3717
3275
6925
7619
9301
8377
1168
9965
8181
7164
521
1371
8289
3961
6681
9804
5469
10320
5665
9196
10173
6156
6828
2509
2144
3268
3780
7984
1536
8225
8552
3434
5709
271
7035
8086
4684
7433
10600
4488
1198
1856
6731
1045
2818
9479
2455
5048
9306
9582
347
5279
3072
4500
4642
10322
3782
7518
6468
942
1092
4785
5008
9644
820
5293
6983
9755
6080
6763
2926
6900
10233
6420
330
2721
3051
3689
6109
8912
8825
6083
7918
3488
9727
316
4202
4644
8733
4350
251
7994
6195
4210
6670
227
9968
9934
9461
8744
5680
4205
1878
572
5949
2688
1733
5145
3624
8879
5730
8228
6742
4744
10596
1651
10167
6041
7270
1739
2300
8787
3980
7142
3716
1340
3096
3937
2862
9443
3778
1316
3654
7733
3104
3481
2295
361
9810
3653
1231
2033
221
2417
4550
5142
1201
10440
4042
20
229
7654
7688
4701
6482
8310
9333
2278
10386
9110
6167
7801
5625
8607
4017
8168
9326
6550
9952
944
5253
9854
19
8909
2162
8019
606
3137
3134
6932
2976
7936
9884
4177
5688
10120
1324
8691
9146
530
2499
3015
1444
10416
10088
3259
7309
191
3407
9291
1946
2167
1868
9811
7182
5257
9139
4260
250
10439
3100
10576
9097
10209
2573
3724
8482
2133
10199
1690
4037
10212
5141
429
3323
6409
9563
9171
6992
797
8446
7687
8369
2447
8930
1624
4926
10551
7264
4706
9460
1766
8314
8613
2482
2491
7825
748
978
10353
2971
2235
788
6921
7133
8094
6551
3265
3424
10024
4178
6381
8421
10537
5875
1542
6507
3830
3597
3854
3998
10244
7311
10531
234
930
8644
5401
5539
8188
809
3909
1466
1975
741
3142
8853
8021
4682
8204
9962
2367
10458
5179
5624
1052
2260
7103
8727
2264
2387
10625
3970
4526
10240
4829
5856
8720
9212
102
3539
10481
9469
1298
6088
2383
5031
38
5835
3357
5945
10290
9525
7531
8846
8808
5386
608
9222
4535
2867
1564
2762
2208
5638
10602
10604
8937
2943
7857
1363
8380
10022
2029
2829
4813
2871
1018
5446
183
9243
1949
7447
5014
1488
8160
10490
2685
7385
7830
3767
8413
9885
5356
1893
7665
3514
627
7420
6329
3143
8807
3165
1804
8556
10128
8095
3173
3927
7038
1847
3517
7722
1916
7391
7895
8954
9989
10319
7390
7829
8702
8728
8249
8868
4215
3123
9842
3936
5759
7499
4440
6504
649
4763
470
5130
4702
1374
2758
500
2425
7989
8755
7592
2908
6689
9224
8287
6589
971
1390
7822
2207
4933
9724
867
4533
8973
10300
9587
5380
9719
4505
7106
1872
9672
9474
8096
4131
9385
8550
731
10193
3081
1738
5373
7816
764
3743
544
5636
6186
4959
7594
7441
2746
8655
1122
7990
8817
6450
5109
2731
5905
8192
7866
377
423
2512
8949
264
7045
2406
5038
1039
9060
9506
5455
8766
7926
10142
9614
6417
6462
874
8360
1617
2804
8367
7800
5511
7794
8023
4912
7095
10203
273
1099
6732
8151
1568
3101
1459
6514
5458
244
2791
3740
2158
583
4707
10397
68
1292
9237
9430
5956
8104
7340
5581
9520
3490
2460
2728
4816
7467
959
3670
9891
5450
1244
3701
5360
7109
1022
5083
1801
9458
165
8207
4631
4609
2258
5943
8680
6026
1431
6710
1859
3095
6662
9268
571
2431
148
6355
7555
10232
5926
7642
10627
4978
5019
10
9352
3241
1540
4116
2859
6774
9415
1979
187
3039
1478
6152
3874
1108
10059
4133
2690
3437
6402
10538
8428
6576
10460
7281
8567
2666
10052
7090
4149
5248
10360
7683
5105
4299
8542
985
2242
10613
10603
3564
7897
4403
3009
9631
8886
7315
6770
291
9453
8197
10329
8968
3174
9671
9981
5180
8602
5474
6261
5303
8729
7149
2903
10053
4578
9486
8302
1178
8137
10011
4480
7374
4594
6139
7404
8881
1723
7758
458
3470
1119
4139
1688
4885
6385
3006
6332
8794
8539
9159
6201
10616
567
2132
4271
6270
9837
1961
5174
4772
3059
6974
9442
1487
2234
9305
3793
8015
7464
4033
9730
6733
7847
2402
4345
9393
9051
3305
1556
5005
2616
5396
5338
6546
7690
6227
5127
9202
7914
9091
6825
1465
551
5931
7329
40
4494
1874
8519
3312
6946
4040
10243
2271
4641
2381
6804
8024
5909
6644
4660
10237
3644
735
3210
8229
3663
2072
8620
2828
4730
7144
8570
3005
4880
10227
9511
5246
9938
2283
2670
7512
9687
8658
3326
8804
3503
4001
3798
9559
2494
5107
3114
10161
10417
1632
381
8251
7946
3102
2389
8597
635
5478
4216
9205
5385
6205
9378
8782
9805
1498
1779
8306
9889
8820
2823
10110
4084
1824
1620
411
3147
404
7588
1136
1077
1419
2912
7205
7308
3366
1021
990
9508
7703
6242
7348
5866
1592
5645
6627
1761
1415
5300
9532
5065
2093
2146
4175
4159
546
6680
9186
1469
9055
8089
615
7612
7660
8069
2069
3074
4659
7400
5592
8714
3696
10001
7491
114
3729
4016
550
9879
1599
539
6142
4436
9026
1598
7351
7098
5603
1310
6565
88
9870
10200
1783
558
6737
232
9013
206
7009
7968
7824
8864
3482
2329
4855
4141
8696
5275
2645
749
8336
7638
4236
3057
9653
4693
8240
1461
568
7505
4013
5762
3250
7872
2464
9848
6994
2461
7397
778
5699
701
1605
1746
2123
5816
6212
7241
4892
1424
9098
5073
1958
9496
5682
5817
1817
10499
7546
3080
3238
1472
3476
9883
10384
7232
3214
5358
3487
10274
837
36
2453
3317
1977
6187
1388
6001
9874
5736
5421
2415
774
4072
7171
6368
1318
5815
8947
4191
7007
7751
8538
5525
869
8636
6243
1199
851
85
5302
3785
4457
4715
3243
533
3864
3615
928
8916
9961
10105
3329
6922
4704
4265
2878
7548
425
7132
5485
2539
6248
7345
1080
3796
1635
9345
3239
6999
2060
977
8493
6653
7381
5164
2342
43
14
7073
5188
7736
3820
5134
4080
4582
7475
8491
8588
6734
9405
9971
7161
1433
10241
5801
9515
3942
10449
7892
8596
6171
5201
4794
10131
6343
7553
6315
10412
873
4400
4427
7052
1342
6573
2380
6970
6904
10081
3049
9628
3282
4339
1209
9939
2925
7222
6993
9450
3136
4872
481
2101
8074
10581
5035
8816
4471
8812
5196
5457
3673
3755
5637
10456
3928
3242
7717
7975
3418
8379
8563
1907
1069
2325
8931
6415
5820
3542
6136
1837
1378
2783
9781
6505
4066
2585
6808
7234
5111
7699
4332
1076
7493
3949
8157
1647
6382
8606
1283
8626
5719
8743
5136
6255
6926
1129
4909
5965
1281
8957
10492
830
5452
9017
9182
2662
1969
190
1280
3099
951
6631
4284
823
1586
6157
7344
5631
3069
850
4187
456
5847
7781
9071
2673
8100
6019
4663
1858
3741
9894
9388
763
5166
5872
3702
1306
7034
8888
5570
10086
3043
3113
696
3518
8156
7826
3004
10160
8746
811
8257
9613
1517
1778
7386
8760
9916
5906
2190
109
5431
3754
176
4246
5061
7849
4078
7782
512
8966
1414
6781
3971
6818
10451
6455
4838
1402
2254
1226
1247
8365
3805
1912
4934
6693
2930
8880
2178
655
9223
8785
8386
7393
440
6574
780
6279
10513
2576
147
4467
3875
2027
3691
10343
1274
343
6700
7320
2982
2384
2581
2960
7865
6767
9390
2603
7085
8572
4874
8349
2833
373
5586
2065
3189
962
9493
9872
5269
4807
5190
7993
5729
10138
3698
4600
10277
4552
753
698
8252
6396
842
1088
8124
2841
7044
1692
2968
319
6391
3071
8653
8127
7746
6276
10406
1548
710
1437
1800
9668
6775
6077
7492
656
1254
