221
338
351
173
437
317
377
460
84
112
293
237
464
91
294
254
350
83
361
504
246
146
107
178
9
485
506
366
356
447
176
124
322
207
410
255
403
394
303
197
106
70
113
56
110
35
264
379
275
397
93
213
519
345
20
500
326
38
65
277
86
509
385
424
117
174
526
44
227
87
491
190
60
46
355
144
171
2
467
206
359
431
122
494
216
465
276
365
240
392
295
71
195
289
503
335
139
297
245
26
318
186
10
53
231
495
323
134
76
307
155
321
228
224
8
75
372
510
440
401
242
268
92
416
114
367
398
302
73
368
47
259
143
329
212
342
477
200
441
513
85
360
469
400
243
251
319
481
517
233
13
61
288
244
128
388
99
194
278
204
74
430
229
59
499
389
127
263
272
453
413
402
327
435
324
188
126
138
198
315
132
57
428
89
444
452
52
512
502
353
162
313
72
67
42
160
154
390
96
217
296
362
94
474
182
497
292
66
260
408
24
456
49
282
364
383
145
105
347
493
523
29
3
287
418
457
119
331
300
269
196
41
386
449
129
4
438
258
150
433
27
420
156
490
425
273
184
376
393
205
158
501
446
149
141
172
415
1
489
280
374
157
423
120
309
520
308
153
525
248
436
58
454
168
426
332
337
152
387
266
95
432
64
498
459
343
238
88
521
516
102
409
180
130
304
487
340
311
80
163
234
404
375
79
232
161
147
202
310
21
427
336
373
165
281
434
450
18
358
405
378
285
100
192
15
166
109
380
471
443
135
417
14
241
0
39
301
470
199
62
164
34
252
235
478
167
6
215
271
189
472
12
476
219
187
185
25
284
384
183
333
222
211
461
455
201
210
348
7
286
369
239
328
151
250
209
36
407
306
475
316
101
496
429
82
236
339
16
43
283
31
482
48
270
220
505
