1.0799999237060547,0.9890000820159912,1.128000259399414
1.0699999332427979,0.9940000772476196,1.128000020980835
1.2309999465942383,0.9950000643730164,1.1279995441436768
1.1230000257492065,0.9910001158714294,1.1280001401901245
1.034000039100647,0.9950000643730164,1.1279999017715454
1.0750001668930054,0.9950000643730164,1.128000020980835
1.0720000267028809,0.9950000643730164,1.1279999017715454
1.1480001211166382,0.9910000562667847,1.1280001401901245
1.378999948501587,0.987000048160553,1.1280001401901245
1.0910000801086426,0.9950000643730164,1.1279996633529663
1.4210001230239868,0.9890000820159912,1.1279999017715454
1.258000135421753,0.9900000691413879,1.1279997825622559
1.2620000839233398,0.9900001287460327,1.128000020980835
1.059999942779541,0.9950000643730164,1.1279997825622559
1.0489999055862427,0.9950000643730164,1.1279997825622559
1.1080001592636108,0.9900000095367432,1.1280001401901245
1.0470000505447388,0.9950000643730164,1.1279997825622559
1.0450000762939453,0.9950000643730164,1.128000259399414
1.0820000171661377,0.9950000643730164,1.1279997825622559
1.0529999732971191,0.9950000643730164,1.128000020980835
1.0579999685287476,0.9950000643730164,1.1280001401901245
1.0619999170303345,0.9940000772476196,1.128000020980835
1.0529998540878296,0.9950000643730164,1.128000020980835
1.0489999055862427,0.9950000643730164,1.128000259399414
1.0570000410079956,0.9910000562667847,1.1279999017715454
1.0260000228881836,0.9950000643730164,1.1279999017715454
1.0459998846054077,0.9900001287460327,1.128000020980835
1.0440000295639038,0.9950000643730164,1.128000020980835
1.027000069618225,0.9950000643730164,1.1279997825622559
1.0490000247955322,0.9910001158714294,1.1279997825622559
1.0299999713897705,0.9950000643730164,1.1279997825622559
1.0290000438690186,0.9950000643730164,1.1279997825622559
