4953
3193
4614
792
8008
10542
2469
4075
1474
7848
8143
1833
8571
1346
987
1158
2139
2507
1030
3409
5228
2488
9251
2306
10533
1748
2
627
7444
1316
9413
3018
388
2727
3765
5936
246
8547
3613
848
6480
10142
2552
1696
8334
1073
10201
325
2187
6870
8223
979
1838
2716
6354
9320
2844
1553
4748
5582
8130
8283
2015
3431
1851
171
1243
9409
4797
8540
7383
598
9623
4331
2810
8956
7123
6903
906
8075
2969
4559
8062
7343
5279
9163
8835
7192
9521
3946
1035
1333
5462
8706
2663
9405
9322
7993
9908
9265
2372
5350
3406
10608
1855
10017
3942
9200
4145
5567
10555
9989
438
1403
2022
5694
9851
10510
934
2116
8871
4532
10544
2400
1132
2078
6822
3248
3426
8229
2222
1726
4719
7348
1898
10190
1665
3890
1739
922
9599
9457
7430
5539
7436
694
1670
5159
7379
9813
1516
9691
10092
3183
303
9772
8763
2861
526
3823
3272
1356
5258
135
1692
9635
6086
8494
6343
4768
5477
3661
4803
10182
203
9127
3052
4852
3780
2205
8959
7101
5532
1152
9492
1823
8589
1728
2913
701
6732
2825
7549
2567
10388
1170
4708
4206
5173
5113
2136
9434
1422
3584
10157
8729
7960
8918
2315
9339
10567
4324
3619
4478
3679
1220
1784
9761
5809
8527
2799
3085
9870
6258
341
10428
6686
5272
2804
3176
4785
2634
6211
9756
5127
9679
7239
5301
1502
892
2477
1341
7784
5718
5189
9906
6769
2967
8935
8759
2932
2583
7941
971
5751
4120
9881
1477
3179
8919
3575
5161
4683
9875
116
7124
7180
834
3574
168
5169
4434
286
6048
7364
8027
3967
2548
3785
602
3006
9550
10585
6670
6273
4544
8058
7177
2854
8219
490
161
5779
5001
9317
5907
8434
3486
1731
6168
1839
9223
974
7992
6502
3234
3859
6918
9725
5145
9336
1915
656
398
5316
7051
5106
1274
5879
6072
10031
10143
4759
7826
3963
9720
3621
1084
216
645
7641
4000
4851
6014
664
2326
8960
4186
9398
724
8345
1979
8511
10504
9291
2989
2616
6267
3410
4681
4522
5235
4371
8495
3811
3816
1738
7614
5434
8203
4106
10320
8250
5621
3760
8774
8984
8003
2841
9270
3396
9731
10113
2565
9522
3646
10379
3581
5730
7744
8114
6392
4921
864
3954
7671
5875
5460
3198
7042
7773
6327
5299
9116
5632
9046
6638
8032
4632
3543
644
9437
6201
6742
8000
6707
2558
10296
2475
8
5356
38
7335
10541
4183
1217
6032
8115
7108
6140
3316
4409
3259
10209
3595
9916
9958
785
8512
3000
142
3705
5361
7091
3673
7148
9892
7099
5338
4898
1921
285
1634
6982
2937
8234
1009
2008
1882
7385
5147
2581
1584
1128
7137
4830
10181
5663
3966
5233
4756
7382
9805
1464
3084
7069
8714
8895
6248
3240
9976
5052
2778
1571
8687
337
5070
8218
6886
4318
4104
9146
5932
322
9281
9869
6386
6411
7231
2659
5952
806
741
3056
1
5019
9688
2090
9816
9062
1515
9702
742
6698
5044
4990
1343
1852
866
6603
7136
1236
1958
4192
8267
2446
4967
2325
8692
3258
1745
1572
8359
3366
2657
9943
204
397
7386
2687
4329
5015
4009
6758
8021
4820
2708
10089
7560
9456
8975
4070
4254
6654
2243
8917
2876
7334
8231
542
6133
8566
1449
8840
9812
1901
2702
8890
9469
3377
2260
2783
8915
9019
9634
1224
1088
6188
4689
1993
3180
7235
4431
6083
8393
3438
2627
6737
6235
8471
9783
2085
6969
5493
6812
605
4908
7547
9298
9747
6398
7075
3820
8745
8091
6641
2995
4488
6866
4654
10352
8701
1856
7301
2933
8824
7457
2373
9185
6437
4260
3381
2431
5191
4397
8893
7276
3555
1707
3896
6519
2266
6512
7578
7458
5151
9176
4819
4205
8930
2380
4824
3638
9918
5799
10342
7441
9159
307
1549
4332
3204
5929
928
7675
3163
618
3918
10058
2928
9192
33
10526
8452
2658
3840
5039
7801
8447
7973
842
7697
7006
1245
2595
2495
9564
2043
2156
2514
8383
5801
8440
3862
8681
960
2500
8301
1617
9209
6766
9793
2536
7536
1721
4920
3819
2046
10221
2774
10578
9016
4504
7133
8648
6926
6483
5960
5307
5883
93
2531
3734
8762
4102
8237
9483
9210
3563
9711
6582
10151
8513
9658
4077
9225
4181
5347
1430
6165
6593
5856
6681
3152
2921
6699
5319
9871
889
7490
1922
4564
6345
7460
2261
8329
3321
2444
352
1492
8268
5871
10515
6975
5813
4533
4452
7665
4516
8795
6118
6234
6506
779
905
8323
7227
3044
2070
5043
7958
8628
6573
6785
6331
3764
7400
4264
2819
47
1556
654
1706
3549
7864
755
7625
10295
9713
7938
3645
1623
4425
9506
1732
7818
2471
5827
4565
9843
514
9868
10538
3162
8530
3769
2075
2827
5118
3473
9459
6877
2241
8847
8453
2117
10419
9065
7684
8641
10582
4199
3225
7592
4035
1631
2135
1454
6967
238
10615
5573
10358
5578
387
1219
6936
7551
7895
230
24
10311
9593
6161
900
6587
6497
3210
3138
9912
9411
869
1765
1456
4401
8294
4033
5943
5124
2846
500
5998
6789
9909
8210
5771
4437
4798
7649
2803
6246
9529
958
8031
3067
5951
8174
9441
1105
8039
2506
8441
4694
8914
2287
8120
3323
439
3213
2510
4816
5895
1476
6278
2884
9307
4123
2951
134
8515
7897
1885
7930
4064
3484
10357
2437
3548
7548
3503
5324
3847
10130
10093
10180
9696
3054
2789
10338
5830
6677
3732
8122
2093
6576
5375
1671
380
3349
3120
6627
1699
3227
6717
17
4479
4744
4377
950
592
1908
7333
6363
8425
7739
666
4293
884
6832
9933
4737
6736
8853
8633
7631
986
4319
706
838
2872
3622
7275
7970
9477
2534
4428
7381
6035
6326
9645
4166
5419
2479
7188
3199
3209
4548
9104
9277
6700
6773
1663
5209
5950
2111
616
3610
5783
4711
1976
3643
6645
7399
8437
1672
1566
346
9059
1396
8381
4043
1394
5523
3685
9628
8996
3703
1344
3624
2482
1387
6122
4157
6942
2792
4050
1008
2993
4130
1413
1691
10080
2123
5601
2777
6716
9461
1042
10483
282
2381
65
6043
4619
9814
10282
8973
9856
7484
9585
4294
6599
2460
4113
1703
10097
5916
9014
9602
4176
4363
5096
10327
2242
5667
7567
5683
894
5002
9927
4909
4818
4105
6571
2389
790
10445
2908
1498
5658
9195
1737
4620
244
5837
7916
7404
1083
9516
6135
5121
9745
6880
9849
8025
5363
5853
7601
3547
10439
2027
2585
7414
9453
2076
8733
2873
4891
2834
9808
9482
9622
10247
4666
9730
5073
7626
7655
10165
9938
5699
4039
3562
4739
1064
8315
5445
9611
7721
6907
6784
2609
7882
1894
8676
4223
4513
3243
10477
8469
8814
4014
9721
1000
7922
8470
140
8837
4031
3922
837
3714
7714
5123
2539
9915
2409
7297
9028
746
4182
935
74
9815
8751
4969
10570
874
10364
5291
6019
2276
3889
3035
10521
10198
9882
3420
5249
6513
1468
4796
6022
9300
2019
6898
2767
3789
10609
2935
9003
4327
2875
6030
468
4321
1637
3678
4229
223
3669
8192
5739
8529
10265
7932
10463
7047
1521
7127
379
9007
123
3122
1749
3105
5041
8269
9311
9301
6514
2402
8043
6089
10102
3064
2828
376
1246
4946
4219
7647
4635
5489
6232
532
9498
7742
0
8526
5194
3817
5574
6683
2298
5295
4871
9123
4170
1286
1682
6557
7729
698
5910
1233
2232
687
1594
10603
7269
10263
9895
4557
4774
9260
1649
4964
6176
4415
9656
3533
4238
9845
1367
4560
4647
7506
4314
9303
408
7637
803
1013
2703
1202
5365
7724
255
7298
9198
3267
2114
4188
3356
1373
10273
5427
6999
3748
9082
3941
613
5550
10205
727
3201
7865
8304
10324
3342
7393
302
1607
8583
1567
8084
5441
780
1074
1168
3485
200
2028
481
6251
2960
6016
1588
9025
9646
7910
6190
2788
4221
8464
6675
7167
1660
747
314
7733
9900
7515
1457
3564
3351
3242
10107
8665
6055
5472
10514
9993
1381
5483
2759
5355
2902
9044
5271
8357
6294
6125
6236
10481
6277
211
6270
9681
3919
3446
4266
3347
9834
2749
1108
7186
2454
2341
4365
7715
7321
4850
872
2972
576
4698
6052
4472
7342
3884
362
507
4675
2374
5612
2790
7032
6051
4358
6864
5948
3376
637
1662
3990
1558
3343
4056
725
5593
8601
8342
9121
494
8083
2569
7888
1252
7846
1967
832
5377
2182
8217
7299
6892
9932
2735
2648
1196
3216
7018
7134
1020
9236
166
1298
7824
6448
2750
5308
2007
8081
3725
4008
7149
258
2464
9854
363
8766
2153
3586
2650
7679
1068
2580
4758
8463
10049
5318
8653
7813
2420
3950
5721
952
2713
4644
1183
2391
2404
2987
7121
9673
9835
513
7776
6767
9957
7478
1268
2885
6539
68
2209
5655
8674
31
4584
9266
1610
10447
3861
299
5165
8675
10077
3065
6128
10084
9884
6219
702
9296
5890
5232
1415
2088
20
184
4076
9513
2176
1213
4311
8679
9352
5898
5498
8976
7131
6134
3854
1234
9903
5888
4416
609
9848
9569
5040
3888
9583
8608
10214
4442
182
1136
5245
2124
7310
3666
1427
10577
2725
8993
94
1771
1890
7054
5395
8753
1182
6711
482
10434
10251
9794
7268
5469
9586
7812
9754
3288
7466
1625
4521
5681
3338
828
1137
1674
5587
6541
2432
8978
2798
1724
1368
1711
10044
9952
3450
3224
2423
4092
763
770
7330
9136
1280
6749
443
7706
5677
9556
4757
5242
9221
9259
1777
4177
4723
4255
51
8894
329
3391
8785
10397
7421
7840
7070
707
420
5664
9781
6863
9327
117
7086
4667
4648
2730
9942
1624
835
3729
2396
7594
5257
1441
2917
9788
2549
4954
3516
975
9424
10011
5359
6916
8678
2607
4317
10550
5351
9561
1210
1043
3092
5520
1318
10213
9242
1287
3036
1688
9160
173
5166
10601
3634
8064
1640
6745
188
8941
8009
9284
3186
7522
7201
3206
8165
5529
2195
4133
2866
7819
52
6461
3565
3228
7670
4779
3237
6353
8990
10185
7782
3328
3141
6088
7787
7339
4100
5175
4702
7982
5074
716
1992
2660
7929
458
5628
2668
9552
7374
8836
2561
3684
9597
2575
720
7804
327
10230
7307
6009
629
2390
8405
8722
2219
658
8609
6194
1702
2776
4838
9404
4534
8266
2249
6156
6348
10147
7790
4386
9530
8577
3373
4754
2329
10628
395
4982
9306
1295
3407
6719
2728
2338
5409
8504
5298
5415
4384
8149
6706
4821
8123
3197
7279
4
7989
8694
428
8780
10465
8408
67
5686
8881
487
5054
9403
9883
9971
6941
4807
8794
4828
6631
7852
6635
3863
6185
6893
5416
10326
2445
852
6462
10456
9508
8198
1943
5930
278
2319
6525
3836
6602
8783
136
6374
5432
3277
2307
9428
6689
10271
2045
10502
1125
1238
3980
2401
6780
9312
6039
1683
9502
1510
667
9742
7062
10132
7952
9579
5743
7452
5945
5638
2705
1463
7206
9429
10297
1195
5911
3114
10547
9166
1628
10391
2011
4462
4109
7707
8838
4558
5207
2035
356
953
6701
127
1034
7445
7653
1270
3809
6727
3677
2350
9700
3566
6442
5626
7066
1140
3091
7179
739
547
2082
7024
2349
4090
6244
9234
7413
7885
1417
2517
9674
9103
4596
6500
4080
10569
4965
8467
3771
1520
2171
7438
6058
9678
4553
1944
4854
2927
2502
2996
8833
9384
871
7033
4234
4657
7067
8235
4607
2240
8190
1678
7636
5265
6358
9425
4412
9948
8842
1886
3623
4934
4480
3530
684
3797
8708
5669
3944
3537
4556
7365
4794
4587
4362
5687
5403
7143
7237
9682
8046
4374
6768
7324
7717
5595
10254
6305
9379
3102
7007
5046
5156
583
8502
3050
8339
4751
3778
3682
6848
1786
738
8663
8911
3149
9363
4082
1325
9979
2340
6024
10191
9295
9733
1893
2669
4034
234
9638
3380
28
10381
6263
8812
3783
5408
3851
3326
1684
4079
3607
1535
466
10203
3712
9963
8216
2524
3469
2925
2604
1812
2833
6092
3689
10624
10451
9607
10575
5032
10087
6542
8099
10398
9431
260
8926
7214
16
10558
9096
3883
8067
6406
7971
907
6147
4402
3735
241
3125
6867
2119
9406
8874
4857
7187
3903
10114
10285
4010
9557
7292
5088
3297
1947
870
1031
10478
764
371
348
7931
3743
1916
8575
7367
6759
4155
7740
9068
10010
8979
7639
9838
1228
2049
7499
7796
1539
8736
7435
9179
8553
1071
2368
91
10345
9926
6175
8385
825
9041
4095
8735
8435
1816
982
9577
1874
7836
3053
1503
3254
2321
7424
784
6297
6323
2104
8684
7908
9412
3296
8501
4141
7791
9596
1437
1362
6318
5793
7573
7583
4574
4867
7701
3261
10006
5480
5608
1448
2610
5027
8999
10580
6121
501
6655
1587
1304
6372
3642
2755
9755
7481
10019
3357
4892
6336
9119
9365
6567
2265
3628
9097
3572
56
5098
4103
9332
10584
407
782
7304
9701
2121
5170
9391
7574
1513
9427
3078
4628
2688
623
4313
1385
2227
5720
5380
1490
804
62
5076
2701
1411
2796
6581
6779
3389
3758
4037
9106
3998
6712
1907
300
9606
5126
427
4742
8969
5099
9817
6357
3325
10325
3203
3759
7889
1879
7690
10046
2679
4062
8986
5873
5458
8656
1056
8356
2456
4977
2665
3383
4124
10030
589
6368
8987
6614
7040
8276
7262
9659
9546
2758
4853
3731
6876
9465
462
10240
6162
4935
3192
10116
3989
2791
1927
5484
5372
5164
7599
3348
2741
9672
4333
1366
8798
7096
5545
8332
2959
3913
465
7282
4256
962
10622
10466
9282
7105
1153
4887
3320
983
4836
5860
3864
8232
5876
4672
1585
3106
3221
821
1673
5772
7905
185
10269
4449
8458
5222
6770
1541
1310
6860
6460
5392
5727
7746
459
6081
2546
4571
2865
9037
7837
2293
7329
516
5770
2092
7835
7161
8778
5740
6451
7173
2436
2149
8239
6494
9039
1242
6915
3807
7877
6829
1057
3924
3306
8980
7586
6501
10024
8963
2355
4912
1929
10237
3146
2126
5397
5993
1495
9374
5353
1187
1201
7519
7681
1214
2868
7138
7605
5144
7923
2016
6322
2061
2201
8532
9356
1129
4732
10389
8535
4524
4072
1974
5968
240
3354
8564
2982
4126
8861
3536
8290
2550
2191
7762
7780
9401
2290
4151
1405
6992
4198
1063
3465
7517
85
8683
6179
9168
2030
8085
2677
6811
9213
3648
4078
7756
4976
8056
8576
416
4175
8191
9128
4342
748
9043
6454
3474
2375
9310
5785
7566
7810
1425
4629
8989
3592
3658
3827
5473
8363
8321
8183
2107
4933
8169
6647
9135
10375
5197
9022
5205
8429
1511
3247
7440
8430
10618
3458
2098
1148
6815
528
7026
3600
8886
5421
3798
2397
10309
8870
4117
8811
4808
6771
829
7130
4721
4706
9934
3060
2271
359
3082
7384
10384
2605
1715
5423
5762
430
7867
7700
8312
7450
9640
9719
9779
8314
4879
2080
4626
6609
2533
217
4190
5386
4939
3846
1361
3385
9567
1866
8406
3964
5622
8097
7116
3029
317
2424
5495
9991
3398
3841
8619
2715
4659
3004
7402
9156
4923
4366
4330
4693
2859
293
4622
3268
9227
7100
9584
511
9385
1746
8168
6751
3541
1340
9975
3632
6279
10482
567
4839
3336
4138
6570
6359
5422
7593
365
1941
3753
306
841
1646
2063
9668
44
8155
8322
5491
6044
1471
6174
2072
1759
7106
3040
904
261
8201
37
2690
2633
7694
6564
4900
9956
2443
1518
6399
8652
7833
931
2751
6078
6415
10545
10280
8331
2450
6998
4022
4576
1845
4906
2781
7446
7874
2473
6300
5443
5997
3937
2742
2202
8109
5212
8968
231
10215
8544
2646
5293
7065
8509
1374
9615
8699
4695
6836
5063
9708
6584
4940
6430
9226
5162
3893
1143
8019
6904
9302
8129
2339
7793
4781
1154
10189
8905
6851
1330
5613
9799
9231
3083
5109
9207
3038
8992
5617
9670
5496
3744
3975
6997
2132
4006
4813
1552
3904
8696
1352
8876
207
5080
8958
7465
5246
284
4809
4927
1804
1401
10083
7736
1600
9309
3133
7352
8288
2439
10616
1126
8024
7031
4218
10568
7799
3831
6678
4974
568
830
8094
1208
2848
5440
9988
1235
7832
7604
2563
9732
3292
1104
6463
1200
5925
8416
7495
3804
5367
8450
5591
7878
4433
6574
5633
8491
2203
1560
9359
2597
8592
7293
7591
5069
3289
10532
35
7345
2314
3821
9595
1479
4639
5583
213
7575
5115
1051
3815
4833
10274
5885
8116
5329
3608
6651
6653
5512
4951
4323
683
69
3215
151
10554
5379
6325
5604
7830
9821
5957
7166
7470
5340
4834
5989
2949
1077
9418
3849
257
1766
9002
819
1826
4400
10127
6269
2351
2040
8921
7961
6874
6788
1395
9446
319
1505
10186
3157
2186
9494
4288
6284
4395
4149
3119
3782
8579
3253
10486
10409
8503
9479
6924
4278
354
1606
3379
8952
8048
9790
3994
5535
8028
6375
5826
9060
5108
8295
5901
7667
7158
3949
959
4799
2845
355
640
5051
2829
7851
2714
1414
7126
2815
8459
3637
4975
8057
10172
8702
7036
8623
8141
309
5852
9921
4204
9847
6172
6056
8121
4767
2483
5053
6247
2710
7886
5698
10527
55
4924
9262
1722
10202
6387
4575
2626
7277
9257
9329
32
2262
6591
1576
3436
9539
7969
5579
2407
9092
5865
405
3100
4156
3135
9714
6492
78
7181
4383
2416
10239
2042
9680
5030
8394
4498
6381
3332
5137
7955
3496
8387
1392
8225
8338
5670
8898
2852
66
1959
6761
7486
119
3775
1144
9872
3726
6731
9694
10076
6902
9578
9639
345
7341
3912
3455
1480
6391
1905
6620
2312
3110
1565
5905
7125
9364
3554
3979
155
6105
7509
8176
7900
6181
7702
635
2212
3251
4135
5474
7530
243
3264
1785
6536
3627
2712
9089
4353
7113
8799
4444
3099
9826
2880
1100
751
4326
6622
2577
927
1557
8906
4446
1677
9512
2800
4128
7513
8725
7038
7183
7327
5572
4372
7246
205
7473
8213
9023
4998
4180
104
9455
1877
8036
8602
9621
478
8146
22
7049
3887
1873
5616
6206
4581
1313
6256
7634
4286
7808
5736
2953
410
1052
192
1653
8943
6995
6071
1933
7521
6750
3257
5920
5160
957
9328
2047
6666
5933
8012
1184
6807
3461
3130
5637
1858
8186
8320
8549
2525
9960
3378
4567
6989
2024
6559
2700
1322
10365
8158
4710
2038
9570
599
2497
6486
2419
1887
3728
3334
10318
4370
9450
4394
1990
4894
4782
7079
7208
1111
2484
2448
1832
5983
1936
8573
7991
1399
2091
6021
9377
5490
6227
1250
10249
8372
6250
3124
9706
7863
5037
6301
153
5055
7650
10067
10600
840
3664
1975
2952
9077
8384
7176
10039
3502
550
1142
1039
858
9496
6316
9980
2986
9126
4640
1708
2257
4312
9040
10200
1551
8966
9232
8818
8166
6214
5102
9535
6913
939
10294
4502
6796
6243
1876
3184
7011
6202
4054
6397
170
5571
2618
8361
7974
5062
1713
8358
4862
5297
7843
8533
3104
3345
4214
6257
1258
818
8300
3501
7178
954
9267
2683
2366
8017
1650
2163
8586
9202
10117
4606
5598
5596
4642
2394
7914
7802
4728
4972
8466
10464
3246
2165
10373
3088
2992
158
8934
4499
2208
7554
2649
4482
5557
8954
10252
6424
3870
4769
5400
1966
5437
9734
1971
9042
4007
556
2748
6637
9343
885
6837
1139
6865
2818
1047
6692
604
6362
908
8732
6115
8845
3432
978
593
1338
6159
7260
10528
3672
853
3155
9199
5817
3022
2999
1645
7939
9540
5125
3852
9423
2914
888
642
7218
3582
1773
9951
5863
1410
5642
3278
1294
432
1317
10283
5509
8252
4107
1822
2405
4432
3708
493
2722
1067
8782
9088
8286
4460
8557
2168
9961
3686
7785
5442
2794
771
4506
9125
9791
8671
6897
7175
5886
839
3190
753
8052
6146
4275
343
10118
6646
5335
3855
1809
775
8936
10043
8738
9360
4948
5286
10333
4210
7689
9439
1379
5399
1685
1834
10101
4802
5691
1438
9863
9426
3724
3118
1895
5906
6674
5815
9609
9408
3393
8347
8053
1489
6588
2674
8747
6065
3453
8700
9143
9129
3012
4159
3481
6459
6533
6696
186
10588
9131
2603
787
6020
6047
10154
814
4367
5524
6669
5823
5884
2487
5541
5251
994
7524
4089
108
3271
3070
5759
1575
7945
10291
1428
5401
1937
2840
617
79
2170
799
8087
2386
2699
7860
2237
6642
3824
509
6103
6520
1115
7850
409
2430
7477
5253
2888
372
3489
3625
3434
9011
591
4270
6320
9102
2324
4528
1808
7391
9541
3322
7303
7118
440
5317
2345
6682
8106
3031
2147
6583
6287
3174
3788
7332
10161
4699
7447
8037
8015
4624
4063
2066
2054
522
8461
3344
7953
2215
3200
5764
1538
2977
2571
5089
1780
1648
6082
1862
9588
2224
4018
2131
9337
4300
9344
5444
6452
4140
10576
5922
816
9373
463
4545
9859
3058
34
899
965
10602
571
4600
10119
10452
856
4378
3747
9101
2317
4116
8137
8603
597
8196
190
5640
1404
3491
4552
4674
3127
9491
5531
5213
7948
9523
2129
10399
6402
1291
9079
2089
4178
3867
10454
9051
5705
1995
4158
4551
5693
1467
1508
2816
3981
4621
7730
4801
5056
6031
6977
4926
3958
5685
668
29
9782
7704
2671
7109
82
1582
8227
8126
9925
369
326
4715
394
8010
7151
8238
7686
224
7083
6328
2640
4792
9154
7749
7985
1719
7540
4296
6476
7497
3392
4653
1860
2941
1307
691
4457
1439
8649
7407
7273
849
162
7546
1627
6091
6830
1639
3115
7213
9891
7027
7642
1389
565
8600
2939
5499
8050
7898
1094
6725
5382
2216
3773
1081
626
7581
6817
7770
7568
2704
497
4249
8481
489
5267
1906
823
1372
5243
3250
154
6111
1130
1026
6709
4027
8545
5211
5777
10349
3375
6554
2354
1878
7528
8145
3671
9806
7607
5719
7612
6473
1323
7645
8264
434
5680
5013
9141
4592
2294
7139
5358
7629
1934
7053
187
2441
5644
3818
8059
1752
10402
7713
10597
4165
8507
10605
9386
2185
6993
732
3670
473
9896
809
6
2924
424
7284
8327
179
8720
4546
9777
3957
5654
8272
9765
10141
8391
8365
7434
3656
8873
6446
5139
8350
4339
9562
2023
7638
4243
6735
2252
4341
8658
3529
3188
4616
5302
10626
160
2369
1669
8204
788
375
2686
4225
4902
4381
396
7556
7507
3015
3973
3355
9822
289
2641
6340
6611
9099
2922
3829
1902
5697
4440
521
4368
2379
7608
8792
3249
9687
4518
4477
3026
3399
9642
8558
6034
6597
9230
4308
1163
9180
8167
6164
2518
4579
8278
3839
8376
1638
5103
1519
7150
10000
2770
10383
1423
4591
3490
10460
6360
9142
5181
199
6957
9728
1165
6384
3011
2864
4787
2821
9319
7901
4519
1679
10467
10193
5988
9394
5908
7978
9676
5547
1750
8108
2555
1867
9566
2451
1723
10543
7892
2267
5224
989
8457
360
10072
8360
2997
10099
9196
5068
298
9204
3095
685
1092
9313
8449
8242
6303
2021
5183
1729
1633
2629
3019
3651
2492
475
7220
3573
3433
6281
3214
6403
1562
7420
4736
7356
3074
10376
7918
3239
8222
9866
9278
5016
1089
4349
10371
569
2863
8493
1579
7380
909
2377
5792
4738
4617
49
10069
2786
6166
6710
5986
9110
6369
6379
5412
6963
9351
833
1194
6254
7095
4665
8951
7543
8737
9565
2304
1011
9349
9919
8784
4461
9417
5378
3416
9829
9509
5425
5653
4986
7418
4201
8945
6953
1109
7092
9533
6690
8625
3739
1963
8351
191
10136
4970
6068
3978
8041
7765
1964
6956
5712
2857
1335
6619
2673
956
6004
3361
9447
1003
7661
7009
8543
8938
6063
6321
2801
5773
3047
5814
10359
9252
7659
2874
2856
6098
8827
6410
5921
2228
3940
4720
4247
8088
9501
106
10589
2353
7468
10018
10377
7537
8718
6964
3430
6594
9774
9345
5136
6821
1694
5659
9272
180
9010
5142
3951
10045
10317
6000
9368
1507
3397
8042
6310
6396
77
6377
5260
6505
9030
4404
9923
4789
2600
4573
6914
426
1857
10606
2599
7815
2083
3488
7520
3404
9354
4306
6457
502
4242
662
4484
2717
5393
2327
578
8224
1209
3223
6569
10356
5841
6365
545
4213
5275
2692
3480
2651
338
6589
3414
6649
5334
4073
1363
1797
7498
5519
2378
730
10548
5077
5974
3633
7104
2897
6183
1055
1436
3514
9617
9604
3498
2761
1619
3232
8761
652
915
9045
7313
9361
4631
6490
4024
4589
7287
1110
8152
1774
10536
9823
855
1159
2399
10026
995
5791
7504
226
1522
1817
886
2039
3339
5803
1984
10228
5300
7190
4611
8523
250
124
4858
7906
7050
1910
2738
3770
3737
897
8287
2893
3874
1028
1076
5786
2333
5798
4764
5371
1491
2544
3837
10217
4766
6687
10329
531
9
3593
993
1106
670
9589
7267
6976
1604
4131
5538
10540
4086
7363
2547
4501
2453
2226
7250
2150
7997
1308
2842
2568
3283
4750
3304
3945
3016
8997
6472
4989
2830
8801
8333
3620
4447
4195
2199
5085
9024
4259
9217
5234
4883
1278
10437
4641
5007
7097
2765
3275
943
6747
8949
4036
4911
10562
3617
6516
2835
7196
7373
2393
5975
7966
8398
3177
9473
1714
718
7141
1289
1643
887
3263
5563
7831
10487
704
6778
10427
7056
749
6337
1861
4399
4338
810
5661
2614
3273
8937
5288
2190
1710
6748
9120
1790
10140
4426
4268
8352
7164
3400
7630
3701
9876
3639
10159
3641
596
5280
6499
7072
101
9800
9647
5935
10472
9844
8624
675
7896
1360
181
9549
1961
2206
6144
10277
1787
3604
1171
1455
5078
2919
268
4583
8336
7890
9641
5229
650
3403
2929
8490
10494
6805
7232
8182
107
8317
4847
5349
5501
8349
6352
8131
890
7312
614
3784
1004
8744
1806
5012
7984
5808
1647
7951
5005
7557
1443
1079
4717
6378
7217
1086
6793
7004
3382
4244
5104
8258
1494
2635
2270
5892
6810
7508
5150
8497
450
1951
1655
6996
4127
4729
6856
1408
10479
9347
5990
8551
7987
5255
850
10171
8555
5337
3129
2805
5614
5327
1016
7569
8134
1450
4438
4731
3315
9936
9067
3947
8374
2467
3674
7463
10210
10033
3279
3730
2406
6129
5607
9018
3148
4153
8716
8103
8787
7927
5937
7640
1175
5264
8346
6465
2926
5320
9616
768
10308
7405
8816
6335
608
1795
2797
7748
7617
6925
2245
2598
6990
8639
2971
6537
1601
8789
6786
977
7662
4547
10418
562
2174
8399
1928
4682
7394
4945
3762
1337
6299
10199
2950
807
7019
5834
3860
8318
5042
8487
6192
7734
10073
10179
8390
8049
453
130
10367
4245
6313
8887
2255
3109
3934
4873
6575
4932
5602
7377
9162
5190
5333
3330
8277
10121
48
8868
5439
10156
1072
7652
333
7366
7088
601
9172
5904
6221
9211
8093
9107
6241
7346
1347
8159
2417
6618
10412
1285
8539
3086
6154
8409
7270
7353
2155
9285
8897
6661
7207
9186
9245
699
5506
129
6560
5447
6662
383
10455
6280
3525
10524
3500
6037
4232
5554
4919
9357
665
9346
7658
8212
5610
4481
2737
4250
7998
920
2079
4777
2760
10623
2554
595
8581
6556
575
6113
6061
8621
7197
277
5064
9467
3168
10416
7964
7290
8173
657
3042
6341
4337
5122
3935
7628
5357
5306
7994
6042
8630
5010
5262
6912
2160
3245
2361
10225
7682
1263
6991
6667
6401
10150
786
4187
9784
5966
7854
9222
1293
1825
193
4143
5811
5980
4403
5311
8651
1853
6288
2787
713
4956
10246
9083
5674
6026
8160
10005
3252
3519
2511
6739
5314
4878
8261
9248
10238
641
2606
13
4586
6795
7442
3021
3601
10126
8531
1444
6062
122
4375
10052
3372
3578
1938
3447
8562
2284
6489
6439
4420
4843
7820
4274
5086
10362
5
1069
1870
3522
10350
7153
5024
2179
9750
5646
7406
7395
6527
7797
5778
7258
5790
4671
6878
1952
9497
7
4291
2620
6741
4112
2300
7199
6110
7545
9574
7249
7944
9608
9828
6875
4555
4602
6198
9279
7814
9749
5728
10450
2434
3777
1006
6478
7986
9314
7947
9443
296
859
8340
649
138
5546
36
961
342
2707
3003
2259
2878
3457
7354
3443
8730
1799
292
96
9133
8209
2512
210
5776
2130
4866
2060
5143
1207
1241
2004
10355
4171
990
2843
2839
3539
4137
8542
9914
8749
3492
761
8767
3166
4111
4599
8299
8839
10124
923
2478
4021
2285
6191
3370
4320
4572
7789
5540
7361
1920
6311
8142
4633
6006
10009
1473
75
3571
508
3034
8455
9981
3590
9084
9842
3405
9966
7761
1180
8284
610
8144
1900
9504
121
8664
541
1484
9026
3835
8200
3545
7376
2622
2172
876
9857
4703
7669
6285
10134
8275
10079
9738
5093
9986
8273
6041
5384
7078
3173
2734
1131
8220
6271
4804
6005
740
5914
8309
276
8772
479
5854
10184
1620
6847
8189
6376
8247
6050
8880
10074
6972
1292
4352
4958
7168
6546
891
705
9108
8013
6883
2310
9029
10395
3217
9471
377
8040
8244
10410
4877
1121
8205
8171
5800
4228
1666
9194
3027
4625
6947
697
9462
3583
1472
5517
7859
3659
911
10610
1418
5369
10148
2264
3868
10435
3487
6819
10380
4196
2140
7912
6922
10035
8248
5807
1580
3470
3655
6629
7596
9203
3911
9475
947
8310
2785
1311
7443
4222
7928
9797
2112
7664
8830
1770
4615
8478
1001
5869
551
5231
1306
9922
3614
8479
2154
5715
9047
6199
1065
7779
6427
5240
651
6935
8912
6844
3467
9846
2141
1134
6449
1875
4173
469
5045
1999
992
8854
8855
8647
10328
3454
949
4114
9544
9500
7660
9362
295
3424
4890
2230
3713
9885
5075
8136
6871
1954
4407
5861
10408
1351
7527
5816
7371
10195
734
9865
2017
4172
9739
6367
991
1574
9189
9819
4115
9531
6596
7920
10400
8068
4529
150
6329
6515
4806
6733
9677
229
8433
9387
7289
4952
1996
7849
3411
1546
5525
4688
9939
918
2297
3599
2239
3532
6862
10034
10517
2936
998
2462
8045
6529
5017
3178
6160
8417
7306
2504
4936
7564
8580
9393
10560
8858
10611
2795
4350
9643
4922
1466
5528
8550
2302
2955
143
9452
5120
2762
7409
9766
2067
5185
10340
686
5965
580
9289
6604
1156
5227
9969
9430
8691
9592
1226
6484
1365
147
4590
4393
3552
7146
9341
7610
7055
8829
1380
1897
3055
756
2564
6013
9735
5716
8593
1251
9930
6612
1903
10518
1930
7510
967
5660
563
2109
7368
8246
2631
6471
9901
1435
3908
7829
3504
6534
3961
2891
506
4673
9193
7709
2029
9247
7245
39
2694
590
167
247
10448
2736
6665
9910
3387
3792
1534
5733
3169
8492
9488
3597
1147
3281
2425
10319
7288
6528
9348
5641
3808
1021
9776
7950
7904
10048
436
8079
5594
10300
2009
483
5204
2099
6286
9878
3746
5797
7919
382
4388
10304
8423
8896
3226
2408
7255
963
8758
9152
4038
10155
1358
2365
3402
5459
5926
5247
6383
8436
919
1282
3167
10057
1661
3005
2899
8610
1712
5749
2576
1629
7210
9695
10449
3531
8662
6608
7205
7979
1314
2824
2681
7469
58
5846
4473
2920
4253
1300
1775
7064
4536
3444
9032
177
5825
1275
8111
4065
7309
9480
1225
5029
7708
7894
2637
10288
9581
5342
5765
9712
9358
1754
6261
7871
4795
9476
7678
1277
6464
8206
6985
6718
10216
4950
1099
9740
7561
1968
3577
8211
4684
6441
6364
328
202
5556
3653
9832
1973
6084
3996
6163
5789
8257
7189
7771
5449
2520
1687
7416
4284
3793
3814
9324
8909
9338
1193
5179
5923
4918
6511
10620
2438
3567
4973
6820
8377
6157
5782
1273
10040
5634
7448
8528
8326
7946
9664
7676
1949
3757
7576
6896
5135
2745
8717
10139
7437
5343
413
2974
1037
1818
7620
1527
149
3236
4650
7362
6887
10298
8803
2619
912
80
9054
3865
6691
4538
9505
6330
2094
2084
495
914
9618
9977
4786
5330
4630
540
5606
2169
9715
10370
681
10105
5928
9181
