1.0850000381469727,0.9910001158714294,3.000005006790161
1.187999963760376,0.9910001158714294,2.9999923706054688
1.9839999675750732,0.9769999980926514,2.999995708465576
1.2489999532699585,0.9930000901222229,3.0000014305114746
1.1740000247955322,0.9920001029968262,2.999997138977051
1.180999994277954,0.9900000095367432,3.0000057220458984
1.1419999599456787,0.9900000691413879,2.99999737739563
1.128999948501587,0.9920000433921814,3.0000057220458984
1.2249999046325684,0.9900000095367432,3.0000059604644775
1.252000093460083,0.9860000610351562,3.0000033378601074
1.1119999885559082,0.9879999756813049,3.0000059604644775
1.1770000457763672,0.9900001287460327,3.0000009536743164
1.3199999332427979,0.9900001287460327,3.000004529953003
1.2079999446868896,0.984000027179718,3.0000059604644775
1.2319999933242798,0.984000027179718,2.9999966621398926
4.522000312805176,0.9340000152587891,3.000004768371582
1.3459999561309814,0.9910000562667847,3.000002145767212
1.068000078201294,0.9940000772476196,3.0000061988830566
1.246999979019165,0.9880000352859497,3.0000014305114746
1.0520000457763672,0.9950000643730164,3.0000059604644775
1.0649999380111694,0.9950000643730164,3.0000057220458984
1.0810000896453857,0.9950000643730164,3.0000054836273193
1.1050000190734863,0.9930000901222229,3.0000057220458984
1.221000075340271,0.9950000643730164,3.0
1.0799999237060547,0.9940000772476196,3.0000052452087402
2.573000192642212,0.9679999351501465,3.000002861022949
1.222000002861023,0.987000048160553,3.000002861022949
1.2139999866485596,0.987000048160553,2.9999969005584717
1.3109999895095825,0.9910000562667847,2.9999964237213135
1.4579999446868896,0.9839999675750732,3.0000014305114746
1.068000078201294,0.9930000901222229,3.0000052452087402
1.4840000867843628,0.9900000691413879,2.999995231628418
1.4589999914169312,0.9850000739097595,2.999997138977051
2.9190001487731934,0.9649999737739563,2.9999938011169434
1.559999942779541,0.9859999418258667,2.999990701675415
1.902000069618225,0.9809999465942383,2.99999737739563
2.452000141143799,0.9709999561309814,2.9999992847442627
1.1750001907348633,0.9900001287460327,3.0000057220458984
1.224000096321106,0.9900001287460327,3.0000014305114746
1.9540001153945923,0.965999960899353,2.9999983310699463
1.996000051498413,0.9729999303817749,2.9999914169311523
1.188999891281128,0.9890000224113464,2.9999969005584717
2.0380001068115234,0.9760000109672546,2.999995470046997
1.2010000944137573,0.9900000095367432,3.0000054836273193
1.2079999446868896,0.9890000820159912,2.9999969005584717
3.682999849319458,0.9420000314712524,2.999999523162842
1.1629999876022339,0.9900001287460327,3.0000054836273193
1.1299999952316284,0.9930000901222229,3.000004291534424
1.190999984741211,0.9920001029968262,2.999992609024048
1.2209999561309814,0.9829999804496765,3.0000011920928955
1.0940001010894775,0.9950000643730164,3.0000059604644775
1.0600000619888306,0.9930000305175781,3.0000061988830566
1.9429999589920044,0.968999981880188,3.0000033378601074
1.225000023841858,0.9869999885559082,3.0000054836273193
1.315999984741211,0.9860000610351562,2.9999966621398926
1.3010001182556152,0.987000048160553,3.000004291534424
1.1669999361038208,0.9920000433921814,3.0000052452087402
1.0770000219345093,0.9940000772476196,3.0000059604644775
1.315000057220459,0.9880000352859497,3.000004291534424
1.0239999294281006,0.9950000643730164,3.000004768371582
1.2950000762939453,0.9850000143051147,3.0000009536743164
1.6640000343322754,0.9850000143051147,2.9999966621398926
1.28000009059906,0.987000048160553,2.999997138977051
1.247999906539917,0.9930000901222229,3.0000040531158447
1.2919999361038208,0.9839999675750732,3.0000057220458984
1.156000018119812,0.9940000772476196,2.999997138977051
1.0959999561309814,0.9940000772476196,3.0000059604644775
1.878000020980835,0.9850000143051147,2.9999966621398926
1.321000099182129,0.9900000095367432,2.9999969005584717
1.0829998254776,0.9950000643730164,3.0000064373016357
1.0490000247955322,0.9950000643730164,3.0000052452087402
1.190999984741211,0.9950000643730164,2.999990701675415
1.2090001106262207,0.9869999885559082,3.0000059604644775
1.2310000658035278,0.9860000610351562,3.0000009536743164
1.1689999103546143,0.9930000305175781,3.000002861022949
1.2319999933242798,0.9930000901222229,2.999988317489624
1.622999906539917,0.984000027179718,2.9999990463256836
1.128000020980835,0.9880000352859497,2.9999969005584717
1.0800000429153442,0.9940000772476196,2.9999964237213135
1.2100001573562622,0.9930000305175781,2.9999966621398926
1.3270001411437988,0.9900001287460327,2.999992847442627
1.16100013256073,0.9950000643730164,3.000005006790161
1.1330000162124634,0.9930000901222229,3.0000059604644775
1.1949999332427979,0.9950000643730164,2.999995470046997
1.2939999103546143,0.9839999675750732,3.0000014305114746
1.9320001602172852,0.9750000238418579,2.999990940093994
1.0820000171661377,0.9950000643730164,3.0000059604644775
1.3279998302459717,0.9900000095367432,3.0000009536743164
1.1610000133514404,0.9950000643730164,3.0000040531158447
1.0789998769760132,0.9950000643730164,3.0000057220458984
1.1420000791549683,0.9910000562667847,3.0000059604644775
1.1379998922348022,0.9920000433921814,3.000006675720215
1.0880000591278076,0.9950000643730164,3.0000061988830566
1.0289998054504395,0.9950000643730164,3.0000054836273193
1.2929999828338623,0.9900000691413879,2.9999969005584717
1.218999981880188,0.9910001158714294,2.999992609024048
1.090999960899353,0.9950000643730164,3.000005006790161
1.1299999952316284,0.9920000433921814,3.0000061988830566
1.1759999990463257,0.9880000352859497,3.0000061988830566
1.0449999570846558,0.9950000643730164,3.0000059604644775
1.1920000314712524,0.9839999675750732,3.0000054836273193
1.1890000104904175,0.9869999885559082,3.0000057220458984
1.2610000371932983,0.9829999208450317,3.0000014305114746
1.4679999351501465,0.9779999852180481,2.999992847442627
1.1249998807907104,0.9900001287460327,3.0000057220458984
1.4359999895095825,0.9799999594688416,2.999992847442627
3.764000177383423,0.9740000367164612,2.9999966621398926
1.5490000247955322,0.9750000238418579,3.0000038146972656
1.1269999742507935,0.9910001158714294,3.0000052452087402
1.250999927520752,0.9890000224113464,2.999999523162842
1.2420001029968262,0.9930000901222229,3.000001907348633
1.0679999589920044,0.9940000772476196,3.0000016689300537
1.2120001316070557,0.9900000095367432,3.0000014305114746
1.1970000267028809,0.9880000352859497,2.9999992847442627
1.0959999561309814,0.9920001029968262,3.0000061988830566
1.1319999694824219,0.9930000901222229,3.0000059604644775
1.1380000114440918,0.9890000820159912,3.0000052452087402
1.4690001010894775,0.9839999079704285,2.999997615814209
1.5120000839233398,0.9839999079704285,2.999997138977051
1.0760000944137573,0.9950000643730164,3.0000054836273193
1.2610000371932983,0.9900000691413879,3.000002384185791
1.2400001287460327,0.9840000867843628,3.0
1.468000054359436,0.9810000658035278,2.999999761581421
1.096000075340271,0.9920001029968262,3.000005006790161
1.6699999570846558,0.9709999561309814,2.999995231628418
1.3289999961853027,0.9850000143051147,3.0000052452087402
1.3470001220703125,0.9940000772476196,2.9999935626983643
2.131999969482422,0.9839999079704285,2.9999969005584717
2.138000011444092,0.981999933719635,2.9999935626983643
1.1319999694824219,0.9950000643730164,2.999997138977051
1.1319999694824219,0.9920001029968262,3.0000014305114746
1.537000060081482,0.984000027179718,2.9999966621398926
1.6510000228881836,0.9860000014305115,2.9999935626983643
2.31000018119812,0.9700000286102295,2.9999911785125732
1.1940001249313354,0.9869999885559082,3.0000011920928955
1.1910001039505005,0.987000048160553,3.0000057220458984
1.4219999313354492,0.9760000109672546,3.0000040531158447
1.2580000162124634,0.9910000562667847,2.999992609024048
1.2669999599456787,0.9829999804496765,3.0000057220458984
1.315999984741211,0.9849998950958252,3.0000014305114746
1.3359999656677246,0.9849998950958252,3.0000011920928955
1.1740000247955322,0.9950000643730164,3.0000014305114746
1.3500001430511475,0.9900000095367432,2.9999966621398926
1.3849999904632568,0.9930000901222229,2.999998092651367
1.375999927520752,0.9820000529289246,3.00000262260437
1.4350000619888306,0.9859999418258667,3.000005006790161
1.3060001134872437,0.987000048160553,3.0000057220458984
1.065000057220459,0.9930000901222229,3.0000054836273193
1.494999885559082,0.9819999933242798,2.9999961853027344
1.1049997806549072,0.9930000901222229,3.0000059604644775
1.1600000858306885,0.9900000691413879,3.0000040531158447
1.2290000915527344,0.9910001158714294,3.0000057220458984
1.1069998741149902,0.9950000643730164,3.0000054836273193
1.2940000295639038,0.9950000643730164,2.999988555908203
1.335999846458435,0.987000048160553,3.0000061988830566
1.1279999017715454,0.9920000433921814,3.0000054836273193
1.0959999561309814,0.9930000901222229,3.0000057220458984
1.1319999694824219,0.9940000772476196,3.000005006790161
1.2110000848770142,0.9860000014305115,3.0000011920928955
1.2060000896453857,0.9850000143051147,3.0000059604644775
1.340000033378601,0.981999933719635,3.0000014305114746
1.4790000915527344,0.9790000319480896,2.9999992847442627
1.2319998741149902,0.9850000143051147,2.9999966621398926
1.1770000457763672,0.9880000948905945,2.99999737739563
1.1269999742507935,0.9880000352859497,3.0000054836273193
1.4229999780654907,0.9789999723434448,3.0000016689300537
1.5140000581741333,0.9809999465942383,3.000004291534424
1.3580001592636108,0.9799999594688416,3.0000011920928955
1.3289999961853027,0.9900000691413879,2.999992847442627
1.2950001955032349,0.9829999804496765,2.9999923706054688
1.098000168800354,0.9930000305175781,3.0000059604644775
1.0670000314712524,0.9950000643730164,3.0000054836273193
1.1409999132156372,0.9940000772476196,2.99999737739563
1.1420000791549683,0.9930000901222229,3.0000059604644775
1.1400001049041748,0.9920001029968262,3.0000061988830566
1.3920000791549683,0.9819999933242798,2.999999761581421
1.2590000629425049,0.9890000224113464,3.000004291534424
1.2139999866485596,0.9829999804496765,3.0000061988830566
1.277999997138977,0.9799999594688416,3.0000064373016357
1.0750000476837158,0.9950000643730164,3.0000059604644775
1.4320000410079956,0.9900000691413879,2.9999983310699463
1.0640000104904175,0.9950000643730164,3.0000054836273193
1.0470000505447388,0.9920001029968262,3.0000054836273193
1.1440000534057617,0.9890000224113464,3.000000476837158
1.1970000267028809,0.9880000352859497,3.0000007152557373
1.656000018119812,0.9829999804496765,3.00000262260437
1.0800001621246338,0.9909999966621399,3.0000052452087402
1.1559998989105225,0.9920001029968262,3.0000057220458984
1.1780000925064087,0.9860000014305115,3.0000057220458984
1.4500000476837158,0.9830000400543213,3.0000011920928955
1.1729999780654907,0.9930000305175781,3.0000011920928955
1.8880001306533813,0.9749999642372131,3.0000040531158447
1.1100001335144043,0.9930000901222229,3.0000054836273193
1.5609999895095825,0.9790000319480896,2.999988079071045
1.1330000162124634,0.9940000772476196,3.000001907348633
1.11899995803833,0.9950000643730164,2.9999969005584717
1.5089999437332153,0.9779999256134033,3.000004529953003
1.090000033378601,0.9920001029968262,3.0000052452087402
1.5420000553131104,0.9859999418258667,3.0000040531158447
1.6519999504089355,0.9849998950958252,3.000004529953003
1.8270000219345093,0.9859999418258667,3.000000238418579
1.183000087738037,0.984000027179718,3.0000059604644775
1.3750001192092896,0.9799999594688416,3.00000262260437
1.3730000257492065,0.9769999980926514,3.0000054836273193
1.0809999704360962,0.9910000562667847,3.0000059604644775
1.2660000324249268,0.9940000772476196,2.999987840652466
1.1380001306533813,0.9920000433921814,3.0000059604644775
1.056999921798706,0.9940000772476196,3.000005006790161
1.0529998540878296,0.9950000643730164,3.0000054836273193
2.6690001487731934,0.972000002861023,2.999995231628418
2.186000108718872,0.9849998950958252,3.0000009536743164
1.1019999980926514,0.9930000901222229,2.9999966621398926
1.3030000925064087,0.9839999675750732,3.0000057220458984
1.097000002861023,0.9900001287460327,3.0000057220458984
1.152999997138977,0.9910000562667847,3.0000057220458984
1.4800000190734863,0.9709999561309814,3.0000057220458984
1.130000114440918,0.9910000562667847,3.0000057220458984
1.2410000562667847,0.9910000562667847,2.999992609024048
1.3269999027252197,0.9829999804496765,2.999988079071045
1.3340001106262207,0.9930000901222229,2.9999966621398926
1.1690001487731934,0.9900000691413879,3.0000059604644775
1.1460000276565552,0.9920000433921814,3.0000057220458984
1.1050001382827759,0.9910001158714294,3.0000057220458984
1.3050000667572021,0.9869999885559082,2.9999969005584717
1.409999966621399,0.9799999594688416,2.9999921321868896
1.1740001440048218,0.9890000224113464,3.0000052452087402
1.1700000762939453,0.9870001077651978,3.0000059604644775
1.125,0.9930000901222229,3.0000059604644775
1.1119999885559082,0.9900000095367432,3.0000057220458984
1.1410001516342163,0.9860000014305115,3.0000061988830566
1.1450001001358032,0.9900000691413879,3.0000007152557373
1.0880000591278076,0.9950000643730164,3.0000057220458984
1.2280000448226929,0.9860000610351562,3.0000054836273193
1.2529999017715454,0.9859999418258667,3.0000054836273193
1.5190000534057617,0.9879999756813049,2.99999737739563
1.2979998588562012,0.9880000352859497,2.9999985694885254
2.0460000038146973,0.9819999933242798,3.0
1.0670000314712524,0.9930000901222229,3.0000052452087402
1.0789999961853027,0.9890000820159912,3.0000061988830566
1.190000057220459,0.9839999079704285,3.0000014305114746
1.4079999923706055,0.9869999885559082,3.000002861022949
1.3910000324249268,0.9910001158714294,2.9999990463256836
1.3149998188018799,0.9920001029968262,2.9999938011169434
1.0729999542236328,0.9920001029968262,3.0000054836273193
1.067000150680542,0.9930000305175781,3.0000059604644775
1.0419999361038208,0.9940000772476196,3.000005006790161
1.1520001888275146,0.9860000014305115,3.000005006790161
1.440000057220459,0.9800000190734863,3.0000011920928955
1.0740000009536743,0.9880000352859497,3.000005006790161
1.1570000648498535,0.9890000224113464,3.0000064373016357
1.068000078201294,0.9909999966621399,3.0000054836273193
1.1070001125335693,0.9910000562667847,3.0000061988830566
1.4040000438690186,0.9739999771118164,3.0000009536743164
1.096000075340271,0.9920001029968262,3.0000059604644775
1.1810001134872437,0.9860000014305115,2.9999969005584717
1.279000163078308,0.9880000948905945,2.999997138977051
1.3359999656677246,0.9850000739097595,2.9999959468841553
1.1740001440048218,0.9900001287460327,2.9999969005584717
1.156999945640564,0.9839999675750732,3.000005006790161
1.066999912261963,0.9940000772476196,3.0000057220458984
1.1290000677108765,0.9870001077651978,3.000005006790161
1.0909998416900635,0.9910000562667847,3.0000059604644775
1.225000023841858,0.9950000643730164,2.9999992847442627
1.4940001964569092,0.9860000014305115,2.9999988079071045
1.281000018119812,0.9840000867843628,2.9999983310699463
1.2190001010894775,0.9910001158714294,2.999992609024048
1.0759999752044678,0.9940000772476196,3.0000061988830566
1.096000075340271,0.9930000901222229,3.0000057220458984
1.0910000801086426,0.9950000643730164,2.9999988079071045
1.2060000896453857,0.9880000352859497,3.0000059604644775
1.246000051498413,0.9920000433921814,3.0
1.375,0.9810000061988831,3.0000061988830566
1.1629999876022339,0.9900000095367432,3.0000061988830566
1.9559999704360962,0.968999981880188,3.0
1.1170001029968262,0.9920000433921814,3.0000059604644775
1.0390000343322754,0.9950000643730164,3.0000061988830566
1.1200000047683716,0.9940000772476196,3.0000059604644775
1.0830000638961792,0.9930000305175781,3.0000059604644775
1.3879998922348022,0.9829999804496765,3.000002145767212
2.125,0.9679999947547913,2.9999988079071045
1.316999912261963,0.9930000901222229,3.0000040531158447
1.1759999990463257,0.9930000901222229,3.0000035762786865
1.1460000276565552,0.9920001029968262,3.0000059604644775
1.5160000324249268,0.9789999723434448,2.9999988079071045
1.2089999914169312,0.9869999885559082,3.0000040531158447
1.1069999933242798,0.9950000643730164,2.9999969005584717
1.0779998302459717,0.9950000643730164,3.0000057220458984
1.5170000791549683,0.9739999771118164,3.0000052452087402
1.1179999113082886,0.9909999966621399,3.0000057220458984
1.1790000200271606,0.9900000691413879,3.0000014305114746
1.2430000305175781,0.9860000014305115,3.0000064373016357
1.4350000619888306,0.984000027179718,2.999999523162842
1.3350000381469727,0.9800000786781311,2.99999737739563
1.4900001287460327,0.9759999513626099,3.0000059604644775
1.0740000009536743,0.9940000772476196,3.0000052452087402
1.1579999923706055,0.9890000224113464,3.0000014305114746
1.0670000314712524,0.9910001158714294,3.0000054836273193
1.0989999771118164,0.9930000901222229,3.0000014305114746
1.4179998636245728,0.9869999289512634,2.9999945163726807
1.821000099182129,0.966999888420105,2.9999966621398926
1.5,0.9799999594688416,3.000002861022949
1.3260000944137573,0.9789999723434448,2.9999964237213135
1.2300000190734863,0.9940000772476196,3.00000262260437
1.187999963760376,0.9900000691413879,3.0000054836273193
1.2380000352859497,0.9860000610351562,2.999997138977051
1.128999948501587,0.9920001029968262,3.0000052452087402
1.1979999542236328,0.9859999418258667,3.0000061988830566
1.238999843597412,0.9890000224113464,2.9999983310699463
1.372999906539917,0.9800000190734863,3.000002861022949
1.2860000133514404,0.9880000352859497,3.0000052452087402
1.3140000104904175,0.9850000143051147,2.999992847442627
1.342000126838684,0.9829999208450317,3.0000011920928955
1.5210001468658447,0.9780000448226929,3.0000035762786865
1.2260000705718994,0.9869999885559082,2.9999923706054688
1.2519999742507935,0.9900000095367432,3.0000014305114746
1.3860000371932983,0.9860000014305115,2.9999938011169434
1.0440001487731934,0.9950000643730164,3.0000061988830566
1.3519998788833618,0.9799999594688416,2.999988317489624
1.1200001239776611,0.9900000691413879,3.0000057220458984
1.0770000219345093,0.9940000772476196,3.000001907348633
1.3590000867843628,0.9880000352859497,2.9999969005584717
1.2420001029968262,0.9910000562667847,2.999988317489624
1.1099998950958252,0.9920001029968262,3.0000054836273193
1.2009999752044678,0.9880000352859497,3.0000057220458984
1.0679999589920044,0.9900000691413879,3.000005006790161
1.125,0.9930000901222229,3.0000064373016357
1.1630001068115234,0.9920001029968262,3.0000059604644775
1.2140001058578491,0.9880000352859497,3.000005006790161
1.123000144958496,0.9930000901222229,3.0000057220458984
1.3179999589920044,0.9890000820159912,3.0000040531158447
1.0680001974105835,0.9950000643730164,3.0000011920928955
1.0920000076293945,0.9950000643730164,3.0000059604644775
1.123000144958496,0.9930000901222229,3.0000057220458984
1.2699999809265137,0.9849998950958252,3.0000057220458984
1.0570000410079956,0.9940000772476196,3.0000057220458984
1.2330000400543213,0.9940000772476196,2.999988079071045
1.1420000791549683,0.9940000772476196,3.0000014305114746
1.215000033378601,0.9850000143051147,3.0000057220458984
1.053999900817871,0.9950000643730164,3.0000054836273193
1.1079999208450317,0.9940000772476196,2.999999523162842
1.1220000982284546,0.9940000772476196,2.9999966621398926
1.0649999380111694,0.9950000643730164,3.0000057220458984
1.063999891281128,0.9930000305175781,3.000004529953003
1.4559999704360962,0.9900000691413879,2.999999523162842
1.2940001487731934,0.9950000643730164,2.999995708465576
1.090000033378601,0.9920000433921814,3.0000059604644775
1.1540000438690186,0.9880000352859497,3.0000064373016357
1.2619999647140503,0.9880000352859497,2.999999761581421
1.5230000019073486,0.9820000529289246,2.999998092651367
1.2009999752044678,0.9869999885559082,3.0000059604644775
1.0880000591278076,0.9930000901222229,3.0000057220458984
1.3270000219345093,0.9890000224113464,2.9999935626983643
1.3269999027252197,0.9860000014305115,3.0000011920928955
1.2769999504089355,0.9880000352859497,3.0000040531158447
1.0640000104904175,0.9950000643730164,3.0000054836273193
1.097000002861023,0.9930000901222229,2.99999737739563
1.0369999408721924,0.9950000643730164,3.000005006790161
1.350000023841858,0.9759999513626099,2.9999923706054688
1.0480000972747803,0.9940000772476196,3.0000057220458984
1.0850000381469727,0.9880000352859497,3.000005006790161
1.0780000686645508,0.9880000352859497,3.000005006790161
1.0679999589920044,0.9900000095367432,3.0000061988830566
1.0780000686645508,0.9950000643730164,3.0000059604644775
1.062000036239624,0.9930000305175781,2.999997138977051
1.5309998989105225,0.9820000529289246,2.9999923706054688
1.0590001344680786,0.9950000643730164,3.0000061988830566
1.0479999780654907,0.9950000643730164,3.0000052452087402
1.683000087738037,0.9780000448226929,2.9999942779541016
1.2680000066757202,0.9900001287460327,2.999999523162842
1.290000081062317,0.9900001287460327,2.999999523162842
1.2660000324249268,0.9830000400543213,3.0000061988830566
1.0989999771118164,0.9890000820159912,3.0000059604644775
1.059000015258789,0.9920001029968262,3.000005006790161
1.128999948501587,0.9910000562667847,3.0000016689300537
1.2020001411437988,0.9839999675750732,3.0000059604644775
1.2599999904632568,0.9910001158714294,3.0000035762786865
1.0490000247955322,0.9950000643730164,3.000005006790161
1.2170000076293945,0.9880000352859497,2.9999964237213135
1.0829999446868896,0.9940000772476196,2.999997615814209
1.5090001821517944,0.9869999885559082,3.0000009536743164
1.1079999208450317,0.9890000224113464,3.0000054836273193
1.1169999837875366,0.9850000143051147,3.0000059604644775
1.069000005722046,0.9920001029968262,3.000005006790161
1.128000020980835,0.9950000643730164,2.999997138977051
1.2740000486373901,0.9890000224113464,2.9999938011169434
1.1069999933242798,0.9880000352859497,2.9999964237213135
1.084999918937683,0.9940000772476196,3.0000054836273193
1.777999997138977,0.9829999804496765,3.00000262260437
1.406000018119812,0.9819999933242798,3.0000009536743164
1.2100001573562622,0.9880000352859497,2.999992609024048
1.093000054359436,0.9890000224113464,3.0000057220458984
1.1299999952316284,0.9890000224113464,3.0000057220458984
1.2389999628067017,0.9799999594688416,3.0000016689300537
1.1519999504089355,0.9890000224113464,3.0000061988830566
1.062999963760376,0.9950000643730164,3.0000064373016357
1.0439999103546143,0.9930000901222229,3.0000054836273193
1.0839999914169312,0.9920001029968262,3.0000061988830566
1.1640000343322754,0.9910001158714294,2.99999737739563
1.1459999084472656,0.9900000691413879,2.999988317489624
1.1449999809265137,0.9880000948905945,2.99999737739563
1.1130000352859497,0.9869999289512634,3.0000054836273193
1.2300000190734863,0.9950000643730164,3.000002861022949
1.1129999160766602,0.9930000305175781,3.0000052452087402
1.11899995803833,0.9950000643730164,3.0000057220458984
1.0920000076293945,0.9940000772476196,2.9999966621398926
1.031000018119812,0.9950000643730164,3.000004529953003
1.1129999160766602,0.9920001029968262,3.000005006790161
1.1200001239776611,0.98499995470047,3.0000054836273193
1.0600000619888306,0.9920001029968262,3.0000014305114746
1.0339999198913574,0.9950000643730164,3.000005006790161
1.1069999933242798,0.9940000772476196,3.0000054836273193
1.1510000228881836,0.9879999756813049,3.0000052452087402
1.1320000886917114,0.9950000643730164,2.9999966621398926
1.133000135421753,0.9890000224113464,3.0000052452087402
1.1460000276565552,0.9920001029968262,2.99999737739563
1.0520001649856567,0.9950000643730164,3.0000052452087402
1.2879999876022339,0.9849998950958252,2.9999969005584717
1.0759999752044678,0.9950000643730164,3.0000057220458984
1.0409998893737793,0.9930000901222229,3.0000054836273193
1.184999942779541,0.9900001287460327,3.0000052452087402
1.1019999980926514,0.9920000433921814,3.0000054836273193
1.1970000267028809,0.9950000643730164,2.999998092651367
1.1150000095367432,0.9890000820159912,2.999997138977051
1.090999960899353,0.9930000901222229,2.99999737739563
1.0460000038146973,0.9940000772476196,3.0000057220458984
1.0709999799728394,0.9900000691413879,3.0000052452087402
1.1769999265670776,0.9900001287460327,3.0000014305114746
1.4020001888275146,0.9819999933242798,2.999997615814209
1.0429999828338623,0.9950000643730164,3.000005006790161
1.1319998502731323,0.9900000095367432,2.999999523162842
1.183000087738037,0.9910001158714294,3.0000038146972656
1.1099998950958252,0.9890000224113464,3.0000057220458984
1.1430000066757202,0.9900000691413879,2.999997138977051
1.1290000677108765,0.9890000820159912,2.999997138977051
1.2319999933242798,0.9840000867843628,2.9999969005584717
1.2999999523162842,0.9880000352859497,2.9999983310699463
1.1519999504089355,0.9850000739097595,3.000005006790161
1.0770000219345093,0.9890000224113464,3.0000052452087402
1.0859999656677246,0.9920001029968262,3.0000061988830566
1.1389999389648438,0.9869999885559082,3.000004768371582
1.1990000009536743,0.9900000691413879,3.0000057220458984
1.058000087738037,0.9930000901222229,3.0000061988830566
1.1239999532699585,0.9920000433921814,2.9999964237213135
1.1110000610351562,0.9950000643730164,3.0000057220458984
1.087999939918518,0.9950000643730164,3.0000014305114746
1.0740000009536743,0.9930000901222229,3.0000057220458984
1.090000033378601,0.9900000691413879,3.0000057220458984
1.0479999780654907,0.9940000772476196,3.000005006790161
1.1060000658035278,0.9930000901222229,2.9999966621398926
1.0859999656677246,0.9920001029968262,3.0000059604644775
1.2109999656677246,0.9879999756813049,2.9999923706054688
1.2300000190734863,0.9850000739097595,2.9999990463256836
1.102000117301941,0.9900000691413879,2.9999969005584717
1.0519999265670776,0.9950000643730164,3.0000057220458984
1.1480000019073486,0.987000048160553,2.999997138977051
1.0959999561309814,0.9940000772476196,3.0000014305114746
1.1150000095367432,0.9890000820159912,3.0000054836273193
1.252000093460083,0.9890000820159912,3.0000035762786865
1.0499999523162842,0.9950000643730164,3.000004768371582
1.0869998931884766,0.9889999628067017,3.000005006790161
1.119999885559082,0.9880000352859497,3.0000059604644775
1.1430000066757202,0.9879999756813049,3.0000057220458984
1.090999960899353,0.9910000562667847,3.0000057220458984
1.0800000429153442,0.9910001158714294,3.0000059604644775
1.0549999475479126,0.9930000901222229,3.0000057220458984
1.0749999284744263,0.9920000433921814,3.0000064373016357
1.100000023841858,0.9940000772476196,3.0000014305114746
1.0399999618530273,0.9940000772476196,3.0000054836273193
1.0619999170303345,0.9930000901222229,3.000005006790161
1.1679999828338623,0.9880000352859497,3.0000059604644775
1.0429999828338623,0.9940000772476196,3.000005006790161
1.1460000276565552,0.9900001287460327,2.9999964237213135
1.1349999904632568,0.987000048160553,2.9999964237213135
1.0779999494552612,0.9920000433921814,3.000005006790161
1.0719999074935913,0.9930000901222229,3.0000014305114746
1.1000001430511475,0.9900000691413879,3.0000054836273193
1.084999918937683,0.9950000643730164,2.999999523162842
1.100000023841858,0.9910000562667847,3.0000054836273193
1.0699999332427979,0.9940000772476196,3.0000059604644775
1.056999921798706,0.9950000643730164,3.0000054836273193
1.0640000104904175,0.9890000820159912,3.000004768371582
1.087999939918518,0.9900001287460327,3.0000054836273193
1.0500000715255737,0.9950000643730164,3.0000011920928955
1.0720000267028809,0.9900001287460327,3.000004768371582
1.0750000476837158,0.9880000352859497,3.0000052452087402
1.128999948501587,0.9880000352859497,3.000005006790161
1.062999963760376,0.9950000643730164,3.000005006790161
1.1149998903274536,0.9930000901222229,3.0000057220458984
1.0929999351501465,0.9880000352859497,3.0000054836273193
1.037000060081482,0.9930000901222229,3.0000054836273193
1.0260000228881836,0.9940000772476196,3.0000052452087402
1.0740000009536743,0.9930000901222229,3.0000057220458984
1.0450000762939453,0.9950000643730164,3.0000052452087402
1.128999948501587,0.9950000643730164,3.0
1.027999997138977,0.9950000643730164,3.0000059604644775
1.0250000953674316,0.9950000643730164,3.000004768371582
1.1029999256134033,0.9869999885559082,3.0000054836273193
1.0199999809265137,0.9940000772476196,3.000004768371582
1.055999994277954,0.9910001158714294,3.000004529953003
1.0350000858306885,0.9909999966621399,3.000004529953003
