1.0380306243896484,0.9500000476837158,1.0842207670211792
1.0220800638198853,0.9750000238418579,1.0679707527160645
1.0199999809265137,0.9800000190734863,1.1689083576202393
1.0363308191299438,0.9550000429153442,1.0739082098007202
1.024999976158142,0.9750000238418579,1.0310957431793213
1.0199999809265137,0.9800000190734863,1.0378146171569824
1.024999976158142,0.9750000238418579,1.0323456525802612
1.0375635623931885,0.9550000429153442,1.2296894788742065
1.0328145027160645,0.9500000476837158,1.8515644073486328
1.0199999809265137,0.9800000190734863,1.0687519311904907
1.0433298349380493,0.9500000476837158,1.6392207145690918
1.0374572277069092,0.9550000429153442,1.6550019979476929
1.0323158502578735,0.9550000429153442,1.441720724105835
1.024999976158142,0.9750000238418579,1.0435956716537476
1.024999976158142,0.9750000238418579,1.0401581525802612
1.0372639894485474,0.9550000429153442,1.2257832288742065
1.024999976158142,0.9750000238418579,1.023751974105835
1.024999976158142,0.9750000238418579,1.035470724105835
1.024999976158142,0.9750000238418579,1.0581269264221191
1.0199999809265137,0.9800000190734863,1.0365644693374634
1.0199999809265137,0.9800000190734863,1.0350018739700317
1.0221220254898071,0.9750000238418579,1.0528144836425781
1.024999976158142,0.9750000238418579,1.024064540863037
1.0199999809265137,0.9800000190734863,1.0476582050323486
1.0354321002960205,0.9550000429153442,1.165939450263977
1.0199999809265137,0.9800000190734863,1.0259395837783813
1.035908579826355,0.9550000429153442,1.0675020217895508
1.0199999809265137,0.9800000190734863,1.034064531326294
1.024999976158142,0.9750000238418579,1.0273456573486328
1.0313308238983154,0.9600000381469727,1.0735957622528076
1.024999976158142,0.9750000238418579,1.043439507484436
1.024999976158142,0.9750000238418579,1.013283133506775
