7514
10267
2007
6244
7545
4740
5426
4478
7803
436
4443
789
372
527
6497
1903
2436
5428
10454
5644
7554
4640
10193
9256
4582
6095
3850
8684
3515
6650
10143
1728
8073
7473
5567
5027
8703
3163
989
7248
7139
8590
6560
8727
8127
10243
3874
7618
7705
1275
3417
5642
519
5408
6932
4109
7986
8433
5029
7938
1257
9628
8451
1281
73
6510
1563
10187
4386
4044
862
219
5991
7802
9291
3437
6955
5077
9514
6157
737
958
4567
6978
8672
6396
3022
475
9038
67
5754
3432
6744
2618
8022
7993
4889
1290
5708
4298
7454
4167
5943
153
9095
600
3578
9674
8592
5256
6642
9417
9928
2578
8257
7333
1203
2331
2042
4373
6532
9750
8724
932
3469
3220
8274
7450
5452
10138
10309
7050
1451
8460
9688
7530
4518
3679
6110
377
4574
3084
8407
7726
10184
6223
4876
9185
3088
6066
6607
8270
2798
6780
4399
7322
7462
4299
6945
5733
7486
2768
10461
10182
1367
7816
2791
1522
2141
247
10014
2966
6593
2027
1271
2592
68
8172
290
2805
567
1784
9070
3687
3764
6408
9315
5170
1192
10501
4176
5735
331
4540
4639
9486
4741
1670
2013
9823
1978
2438
3105
5237
452
2577
3019
4918
7421
4332
3282
2
2552
310
2343
4569
942
3165
3051
9372
9175
8630
8141
8537
7538
3002
9201
8015
9529
5901
4242
2092
2366
5489
10107
3660
2559
4466
6093
9124
6214
5386
1584
7372
6784
2961
3098
4016
1277
5853
1239
10478
2740
355
1087
5418
8313
2932
8654
6234
9788
8420
4327
1746
3058
9857
4696
4051
9218
8573
10581
4193
1802
3783
9884
6347
4285
1226
7718
3662
2957
7794
5723
9698
591
8853
10088
2463
10254
2014
2994
2085
3778
6107
1217
9034
3044
3686
2693
5828
3554
5586
540
10381
2424
1242
4821
9513
8156
1932
4345
7826
735
81
3562
7182
2665
4576
6755
7536
4031
3949
8182
3089
3631
10462
1336
4822
8215
5409
650
3413
7839
593
9864
9506
6695
8158
1388
1454
9690
1966
1772
5869
8353
848
641
523
7058
8585
7033
1397
2888
4792
220
383
1483
5627
4744
5813
8117
1288
5117
7680
1723
8730
8059
946
7755
8728
2762
41
1
4817
1747
10594
7483
4415
7220
661
944
5118
9785
4246
4128
8867
2411
7097
7878
8921
7877
8251
1253
2315
10613
7212
9963
9938
9927
2478
4208
7716
7666
5373
4512
8083
7203
4796
1525
3816
4993
5894
2472
5818
3852
7571
3989
8204
5225
7721
3828
4476
1045
2233
9772
7148
7546
2615
7304
3327
8079
9049
8058
3148
5936
1289
10237
7035
2921
3919
10128
10260
2191
9145
6844
6641
4995
1324
1482
8693
8109
538
3991
4848
3968
6996
4294
6414
1089
2154
9720
10008
3434
4406
9280
8978
7493
7795
5710
8960
66
4354
1391
6826
7636
6311
3372
9625
7866
4256
1726
9311
8890
5911
5057
6454
4214
7737
501
6518
6702
8202
2491
6133
6871
1665
9511
5062
6198
7305
1154
1797
6430
3905
7739
7685
3897
553
1382
188
4203
945
1916
7193
6257
5369
6165
8893
1252
10069
14
6326
3427
3942
2519
1892
2426
3923
9111
3739
4067
5394
3514
9527
10124
5495
9679
4839
7752
4606
10227
2816
2204
10219
2488
9795
7440
3480
7612
9047
2587
4517
7559
8635
5459
10164
8296
2999
8017
5997
5928
10294
5919
7204
7099
3576
9971
5794
3622
8392
1445
2362
7296
5300
3508
9107
5266
7934
10626
8125
8766
8314
2199
2307
7608
8906
9248
5363
1827
2470
5179
5338
5021
2653
1696
8849
7738
8034
8558
10423
3269
2031
2008
8082
4456
7043
2551
9929
5333
1780
154
4477
1212
9587
5058
656
3902
6779
3544
6864
8194
2542
8106
685
8839
5016
953
7146
10367
5566
5568
587
7443
5647
5138
4404
2572
678
8790
10157
10402
3342
7833
1006
6999
8480
7275
2729
3775
4123
2197
1702
2728
10408
1433
9575
2451
10520
4479
8691
8435
5540
3577
2079
384
9297
7419
8937
8739
8854
151
9300
2278
10350
620
7638
9343
1529
686
5779
1627
7817
3245
5755
9547
10013
820
1517
8317
5470
2562
2457
1589
2114
8068
6875
682
7341
2692
7815
5011
89
1131
9052
3898
7482
6870
5046
5722
3541
6754
179
1424
6063
2249
1645
10198
2173
230
2758
8075
7009
732
583
3952
6023
5364
5550
1532
917
9841
3159
4765
7263
7985
3615
3433
10488
8922
7746
6707
2317
8267
9361
6425
5242
5478
3335
430
1544
6964
8629
7136
6783
5812
5743
2511
7972
9147
3003
1375
1185
2589
2509
10553
1345
5750
1462
5157
7474
8513
9207
8388
9476
7218
9753
10483
3265
7544
10119
2183
6313
1807
1344
4745
892
4560
5267
2736
7395
5761
4112
3042
5835
4295
10321
9883
1303
6748
9586
8253
8116
5370
2933
3713
3623
1713
7192
8827
1971
7719
8094
5100
5588
157
8190
4154
2906
3367
7790
70
1789
10034
948
776
7356
726
5932
6153
1858
10263
6277
9889
9030
7129
5466
9368
5953
7796
2496
7633
5449
3194
4958
5748
8163
8320
2904
1567
2026
701
9489
4141
3124
6487
3162
9505
9426
2814
8633
2855
4703
479
9397
1069
6540
9504
4675
10620
8682
1059
6122
9879
10216
575
10171
882
3873
4110
2978
814
698
3486
9721
6493
4200
10059
5515
3792
1577
242
1330
10346
6577
9153
10569
9080
3010
9461
8385
7862
7081
9815
3591
2553
5643
6704
6167
7368
6839
3756
1215
8218
8622
5539
7996
10207
1223
526
6354
4501
6467
3551
5720
7781
9027
614
2810
10453
7787
47
4967
2242
5435
4793
2597
6235
9353
4225
5535
2059
10114
7477
224
7181
9170
3346
8430
5432
6012
167
9023
3431
10417
424
2723
1360
305
2443
3185
10383
10409
2410
5747
8970
1297
7167
503
9069
3212
7830
288
6995
4968
5232
5085
8008
2161
2052
4877
8108
7214
3559
2359
482
101
10611
1347
950
10524
4572
4331
6101
1241
5635
5559
5824
1763
936
9837
5304
4902
6332
8424
1518
3900
7350
9279
2116
4445
6957
2380
340
9407
930
10019
5839
7382
5944
3101
7011
2735
10118
2232
470
8446
6575
7631
5091
4981
5605
2328
3382
6832
797
997
5685
3666
2422
4748
6912
1591
10313
973
6299
8887
6137
1168
2029
7776
1624
3746
9263
2332
7527
2458
3901
3594
8018
8092
2556
10490
5849
986
5243
5144
7091
3178
9713
9462
4571
2455
4446
8852
717
4562
58
9947
4288
4978
9079
8702
2674
2091
458
4784
3730
52
5678
1245
5230
5979
9143
8962
9129
5468
9768
8128
6694
1663
7277
4481
5551
5926
3571
4693
10132
2558
8414
5205
6911
9299
9502
7632
9195
7916
1028
3637
10232
3284
9736
7810
10036
3276
9776
5070
7308
1937
2813
1619
7555
7017
1466
5002
5185
4743
1651
5316
9324
4665
2032
9812
6065
5830
4338
8362
9915
4224
2603
7668
1142
5079
1870
197
3981
7829
2996
3947
1890
6640
5640
8412
9653
10575
8152
6428
824
729
3349
9992
9921
5897
3691
464
2672
10028
8338
8668
1348
6468
2088
3251
1761
10358
1912
7022
8482
1140
8491
107
9444
4172
6701
1452
765
7047
9896
1150
6178
6769
3223
8745
5664
6149
1941
8279
6967
8054
6030
5277
240
7227
8315
6117
7639
845
1868
592
5526
2100
9951
275
1361
5103
7400
6465
2075
244
8074
5241
7526
4558
9869
8912
2195
7812
5790
9546
3697
7390
291
1362
3643
8284
10505
8269
9568
10435
283
4780
6646
4964
7590
7379
7580
9437
1768
3332
5868
10276
3507
7950
963
722
4620
5023
1061
5135
5083
6328
3827
4636
6089
7244
9639
604
6661
31
1737
1319
2617
5194
9484
7491
4538
5543
1128
1153
6473
2207
4832
3665
6802
10324
3383
4072
7362
2676
4621
137
1211
2702
3341
10106
1612
210
7766
8406
8699
10223
10306
6254
2539
6927
5707
8413
8025
9732
2706
7532
9100
8395
6062
4013
3352
1113
8692
8114
9704
8872
8923
9957
3700
9955
8149
7238
5388
1117
10236
505
9123
502
897
10017
2399
7867
535
6758
5376
8663
7906
5961
8967
4430
926
9105
6564
2940
7134
2406
8286
3123
8263
10372
2642
6295
1195
912
10192
4613
4945
9411
2726
6726
4890
237
8653
5211
10546
1066
4983
9041
5575
5805
857
8287
9640
7851
1025
483
6288
6605
7101
640
906
9682
5633
1346
7907
10347
6867
6076
9199
8841
2643
10304
9993
3886
7569
571
4984
6373
6472
3252
5262
10078
10273
4065
7550
599
9935
8820
7998
6553
4480
5625
665
2899
316
8486
2324
8814
6643
8930
8580
1939
7698
3359
4333
769
7086
1818
86
7197
5499
9004
1811
6043
4266
7288
4838
4635
710
279
6042
4282
10172
4754
7757
4669
7763
10037
226
7127
10474
570
1668
3150
6891
10596
7556
2177
3045
1955
3164
6210
1036
7770
3043
9252
708
7470
8885
6166
1341
1364
5167
2785
5684
4919
971
9831
9232
5968
7723
5124
1359
6190
1334
397
876
3959
8642
1509
1265
3584
4339
3288
5590
6074
1172
7648
1701
7130
4311
8219
9657
2980
10147
10384
1822
9250
5783
618
9451
9370
3763
3117
1524
1494
1580
4083
6794
2895
6763
2432
1035
5335
745
1710
2991
6849
7119
7894
5670
9339
10084
9154
3441
7430
6048
332
1907
5819
1977
806
4843
5612
3196
2477
4469
2090
6084
3929
1690
20
2523
2624
7578
2145
9326
6382
605
9559
7467
10509
3385
236
5159
10257
7328
9109
4408
2482
2631
7029
6392
1096
8539
5415
9253
8543
6631
4313
