657
237
965
619
477
762
231
277
698
37
724
618
238
494
89
788
71
471
335
191
259
412
1069
588
91
385
766
789
93
303
404
1021
288
174
103
129
325
128
933
898
832
408
1000
90
58
47
63
838
337
581
425
487
683
695
221
1024
693
576
1009
983
228
69
168
258
1043
896
439
92
126
139
519
45
266
594
839
873
636
1015
1048
421
217
938
503
829
906
179
330
952
940
991
3
936
500
883
374
942
630
378
647
1060
660
1052
447
218
134
676
537
613
528
529
409
923
65
824
745
509
495
556
345
188
662
122
14
348
785
10
715
215
109
530
624
866
803
780
951
999
82
453
865
23
458
284
1062
399
558
592
354
312
38
804
185
885
289
131
302
568
243
888
801
219
717
244
1065
547
797
871
810
1050
868
1025
165
791
212
344
799
169
155
133
921
691
144
859
784
435
338
466
213
328
167
406
429
1014
367
862
708
927
854
246
1022
224
54
1005
1059
64
441
410
355
874
110
121
104
422
812
305
850
666
729
433
136
593
764
107
101
815
263
253
170
591
164
317
1073
864
858
586
882
572
614
13
156
984
333
1026
443
718
597
377
321
644
108
985
17
628
534
830
87
419
879
670
747
281
966
758
981
776
157
297
532
542
701
171
308
656
1055
456
70
700
610
267
489
418
589
225
372
659
234
260
751
571
436
605
713
634
444
482
583
970
892
521
1002
57
853
28
702
402
1032
356
667
105
600
723
625
690
1016
536
502
430
1064
319
446
736
699
245
845
292
31
732
1074
937
1067
300
913
501
67
563
710
682
793
661
135
140
993
331
526
211
777
834
825
969
926
857
903
186
249
633
849
1037
26
552
257
448
88
518
307
735
805
162
602
86
360
227
990
987
802
711
622
960
621
1041
59
291
851
887
771
616
205
442
819
391
481
62
922
681
506
876
612
755
971
742
813
428
646
1007
387
673
153
485
1077
665
653
561
505
787
790
844
599
609
924
1036
97
483
573
396
1028
577
269
994
604
116
132
1023
863
323
996
508
954
0
426
369
889
301
496
979
20
800
880
598
692
152
1011
1033
783
826
112
679
241
42
1070
197
513
569
279
767
822
861
820
401
283
5
637
397
910
250
840
190
778
884
1027
55
51
818
119
382
347
400
363
574
639
474
159
18
306
457
394
823
516
931
480
207
346
544
294
407
750
148
872
511
450
523
988
905
151
247
486
40
85
276
714
233
522
343
623
146
580
575
106
809
427
1072
206
945
792
1004
310
1008
470
220
273
490
914
388
606
74
1047
392
202
173
977
287
2
565
454
1053
948
669
846
893
774
560
232
141
961
383
349
216
239
452
298
274
781
654
278
720
280
738
180
84
203
460
25
807
672
83
881
934
475
992
869
19
493
972
978
52
741
1020
362
748
473
962
264
181
459
81
1058
118
963
332
163
769
843
650
398
296
395
316
438
953
587
48
73
925
976
525
497
760
631
251
899
49
964
484
841
897
463
941
39
982
178
16
96
111
973
208
314
124
1031
643
386
754
645
43
632
975
1034
998
1013
595
449
479
7
635
761
728
1054
472
147
727
596
722
842
816
658
603
794
1012
848
375
1038
886
875
782
734
958
455
677
744
115
12
607
192
56
930
1010
626
915
242
1003
986
365
295
1057
539
1044
567
21
968
327
765
870
995
184
531
318
535
236
282
413
320
541
384
770
900
194
515
210
30
1076
550
1045
932
512
166
950
326
651
746
686
904
712
675
329
177
359
566
24
145
1
130
368
749
1039
313
579
980
357
956
469
752
545
451
248
350
41
268
1030
554
1029
878
261
725
270
957
187
562
685
114
918
1061
138
989
1068
1042
806
75
974
557
403
214
817
697
706
50
33
835
478
254
786
315
183
890
424
663
461
15
437
411
176
94
1075
