23
401
350
279
156
38
249
324
228
42
45
81
472
336
341
155
169
13
348
259
161
202
274
235
340
404
357
229
451
162
201
240
108
177
150
181
344
8
480
494
224
351
47
131
76
387
381
126
273
296
384
497
118
308
383
239
28
270
163
378
304
119
469
124
317
125
75
428
257
353
322
141
234
295
403
247
171
440
448
49
194
120
183
82
339
450
334
281
367
477
205
29
323
475
394
130
492
426
284
214
39
37
288
376
352
102
96
432
215
406
390
485
103
277
221
369
227
331
236
488
241
408
218
260
12
264
22
271
434
67
153
44
253
333
79
332
245
122
204
343
190
489
435
482
78
420
34
380
105
456
58
216
9
313
195
188
92
70
303
192
69
382
300
172
499
85
115
365
481
168
198
104
358
93
2
455
89
88
233
301
415
375
11
463
319
430
211
439
476
152
275
366
100
16
164
213
61
27
10
417
50
20
5
206
425
21
132
495
242
422
193
106
314
409
97
222
217
290
407
255
174
309
418
292
461
328
359
347
185
43
144
467
310
197
148
363
289
370
56
175
40
166
165
372
329
297
400
151
254
32
