1755
5215
8627
10074
7138
6335
10538
3578
2048
2827
3236
2944
2760
10347
2663
6470
888
7169
6786
10364
2025
9891
374
6980
7035
770
8990
4149
9610
4022
6413
7438
7203
9541
2684
5573
1725
9135
2113
10505
5379
6915
3
10174
6616
2532
7261
15
10072
3687
9381
10519
9558
10045
9102
9078
1545
2513
3874
1983
9802
5049
4838
2053
10016
6114
39
7188
4812
2714
9274
4221
5630
9152
3602
9200
7551
282
8340
5828
5611
1167
7153
4798
5656
6410
3841
8596
2743
2035
9771
1481
841
1219
8786
3209
2173
1635
788
9739
3930
5442
4266
571
9298
3234
7694
2563
2589
153
9261
10500
9962
1923
4881
505
8884
4792
2223
1338
8187
3434
4977
3585
7652
1959
1413
1910
8428
8079
8291
1994
8504
10536
4591
5541
3063
6142
4685
3428
4419
2596
6189
2500
10215
1397
5955
3745
5268
9510
5057
6053
6761
4737
6557
2402
8918
6250
6495
10379
10231
4921
2855
5237
5772
2610
7473
1513
8619
7191
7322
10115
7631
5493
8891
8086
4375
1195
6007
6713
7932
7536
9456
4564
2111
7899
2635
5441
6287
2465
6397
6814
6220
5928
6176
6945
3739
3925
817
8803
3944
9997
6912
2086
3523
7841
10012
6966
3062
6614
7073
6643
126
7619
5137
9805
10365
8267
6902
2845
2633
3159
431
2236
7469
5643
9221
721
6020
10306
507
3429
2909
8677
3488
2144
4912
1112
10490
221
4984
4129
10005
952
8814
191
8826
8989
2678
10164
7227
3632
7511
9033
10452
8004
2392
2705
508
7953
325
7624
3320
809
474
3960
7005
10466
7045
5450
7678
1244
10160
9622
8096
8997
5086
766
344
4184
9794
5004
10030
7136
1781
1563
7110
40
3230
7299
514
5433
4711
8401
1681
183
4611
9548
5115
10206
5952
5228
326
10314
596
2028
8361
1796
10130
9233
4228
6805
9705
610
8986
4287
7657
2224
8010
9114
8050
2081
9110
9984
1204
2476
9859
10609
1299
1001
5998
5664
2541
6199
3616
3343
1764
673
6856
8138
2287
10391
318
9866
8380
4391
10038
3393
7183
2322
8203
9625
613
6019
10218
2112
805
8933
4680
5701
3168
2672
8562
2630
8116
6771
1730
6295
6857
2977
4245
1004
6513
2040
7416
10193
3873
8186
2759
9208
4045
9902
8919
8950
10232
2641
2431
7250
1407
2559
9854
958
7691
10180
9212
4323
5889
9142
373
4841
10497
9225
2225
6236
5814
4519
4937
5523
4879
4693
8883
6734
5910
8947
9242
3983
1960
1958
1705
1678
5589
4350
9039
4362
123
4913
10269
1852
4854
9520
9514
2468
6963
558
5348
10254
8507
2745
9327
8999
4791
6606
8913
7943
2416
9650
3934
6197
9575
1487
2433
3958
10442
8297
4270
9952
7288
2116
5384
5521
2393
3742
6148
6764
5208
2417
9755
1868
10532
7192
3851
5953
4908
605
4167
7650
3154
7339
10539
443
3691
4253
87
5479
7441
1830
9264
9346
800
3068
838
8701
2822
4359
2177
9826
7758
8553
8072
5061
6254
9644
2286
664
1102
0
5065
194
4788
8229
9923
1823
9700
6073
2673
5331
1368
9648
3628
6917
8436
7112
5648
5496
4423
8793
1575
7605
5808
4437
5638
7693
5440
3836
5418
3454
1976
7083
3838
5176
10580
4505
8493
5404
5015
9887
1118
1918
3981
2786
528
18
6864
9475
4204
8833
10485
8036
5954
7659
8185
9945
5520
9231
591
7747
5399
637
3491
8954
559
9325
2927
52
5728
5627
500
4831
6860
6793
6488
6447
2189
1579
1284
834
2175
9992
1053
2388
4057
2571
9966
5614
4289
5985
7936
2592
10446
1246
9820
6252
2850
3197
6379
9693
3866
5249
3618
6339
9179
6968
4663
6394
8700
2835
6260
2301
8763
410
6190
6106
10099
867
3339
3248
2680
9579
5140
1160
10329
1670
9831
6948
447
4556
6798
7246
449
7856
10227
7277
1740
4093
4907
8398
5337
2267
1643
6034
762
8531
2771
8865
9205
1788
2450
1148
2066
3807
3306
9918
8851
5008
359
8570
2754
1249
3878
6392
4205
9920
2886
9216
10105
2728
7238
5684
2179
1147
3542
1834
1845
3918
1034
9394
5867
3133
5175
5962
8556
7067
5222
1215
8727
4719
8464
987
6311
10462
5002
871
7852
6847
8099
1572
5030
8943
3663
3106
2566
8614
7338
8420
10599
9799
751
7566
10168
997
10171
5424
590
5940
6872
10222
3319
7004
10327
6492
765
5503
9043
6769
3238
1327
8838
2651
1738
7380
9461
9164
1479
9018
1630
5678
347
2145
3324
2229
2461
1930
346
8809
6927
5232
7213
3529
7767
3782
6923
5909
8159
7185
764
3364
1964
7504
3333
6168
10447
2787
1318
1810
1642
6156
7768
584
8066
5349
9159
6691
4735
9363
10456
653
9529
3508
7189
8956
9255
10360
2512
3299
9796
3779
7160
2634
6350
4358
6154
7142
8325
8173
7569
4090
6702
10037
807
4488
5187
5141
8823
9602
8465
3290
944
4623
7981
2608
7970
1282
2029
8559
6210
3277
7049
2552
9924
8791
4496
580
1206
4946
4588
2492
9260
4147
2867
1348
5422
46
480
9503
9765
626
5123
3826
10198
9767
8630
10090
3140
875
1041
10489
2383
6658
5250
9494
5901
10472
736
1673
3466
3482
8484
10356
6756
4561
1424
7249
5067
5484
6969
5032
7564
5272
8141
1426
7014
1745
1216
7270
9701
7696
3058
3788
5220
6157
4506
9627
9574
2737
4252
6533
4514
7383
945
2740
1205
2162
7912
7184
5216
4550
1949
6942
9153
8586
8289
8097
9403
352
8296
933
2814
2253
9882
5911
5526
8234
4673
4993
9331
3624
2027
8238
6944
7956
1992
10560
1763
9752
4268
7417
9759
1497
2854
10419
6845
140
3312
612
5569
6727
350
739
9543
10479
2391
4382
7535
4935
1832
261
5403
1259
5056
6607
6301
7243
3884
9791
208
6411
3579
6618
6400
1115
2082
7282
1023
8849
5310
10591
10265
1232
5319
5801
336
6556
7463
7919
8737
8926
8314
10435
3501
1399
8825
262
5311
9230
3658
1776
7835
4906
4627
3464
780
8466
2625
7695
6305
6012
7340
2088
2676
3390
10523
1627
2496
6505
7794
6036
5000
4280
6262
4357
10397
6329
4992
8354
6233
6043
1880
5286
1379
5900
9637
6479
5556
1358
2725
913
7606
1274
6976
5303
2697
10256
362
3921
8455
3067
6441
8022
954
177
3301
3435
1535
6714
9387
1323
8278
1227
3424
9726
4583
6671
3373
7281
380
10029
3345
2036
9021
10439
4138
9873
7585
4884
7588
6097
3942
4227
3155
4442
1561
5532
6103
4145
7144
4526
8389
5993
7098
7030
4306
6296
8500
9113
1921
799
6179
2350
1139
1702
10274
3775
3292
9396
7746
6172
3494
5390
3828
5042
7413
3383
3790
691
7465
9420
4027
10023
4843
6111
8395
408
4555
9840
118
6360
7437
8796
5629
4464
6596
7612
5913
6082
394
7099
8157
7770
2524
4805
2538
375
8110
8349
7204
740
1708
9907
3725
2002
8683
10021
861
4765
8227
8620
5094
6417
8130
5401
5100
6115
288
7320
515
9440
1491
5754
2998
8654
230
4153
1356
3430
2791
2194
10601
2955
1234
6758
2838
8180
3258
3766
5783
166
8703
9360
5104
10085
9718
4132
400
7950
279
2456
7561
9896
3672
6487
2888
9291
532
544
4988
271
1938
10537
10481
6461
9138
4282
903
7310
9583
8201
10263
3247
10432
6276
5610
10098
7716
2352
6581
8736
6605
1050
5417
8474
7155
10194
5047
3012
8241
8505
6430
1816
145
9316
3246
9163
9372
5375
4931
6139
2340
3511
6961
9476
10159
683
4451
32
8598
10453
4215
5905
990
88
1231
7279
1767
10502
2951
3858
6243
6514
2497
1238
5823
2335
1674
10189
5394
3771
2999
1401
3206
9097
6160
3381
9028
5925
161
839
962
9354
5218
4152
6186
9093
4578
7168
1801
86
6004
1333
7927
6754
7830
3520
921
3903
5744
5138
497
4484
10069
5040
1008
7218
8080
2932
5558
7342
3769
4047
10618
5465
2458
10247
6891
963
1973
6790
3576
2813
7335
6639
10177
8494
4405
7609
8174
7987
5380
168
7914
5224
1339
2685
6609
4797
10487
1016
4088
8610
7229
5178
3298
4106
5947
2618
3188
5413
8967
4283
7362
2434
10165
2694
1616
4478
1908
2644
8191
7418
9017
4739
8163
603
444
4530
1347
2981
3365
7316
8875
5335
4635
10482
9101
8078
3406
9259
5476
7961
5752
3270
5262
586
5933
10443
8775
6550
6510
8854
9695
5978
9685
9518
2364
4341
4308
3564
7870
489
448
5959
387
8057
8795
4507
8935
9437
2265
6056
1100
929
5874
5700
5093
9631
6656
3772
7733
6319
7675
4460
1889
8502
8739
469
7616
1523
8230
9517
8012
8641
8637
814
4157
7216
3221
8181
1768
2485
7709
4868
59
3119
7257
2493
9985
3929
5895
718
31
1867
8435
9169
6482
2664
4592
8878
4331
6603
370
5267
3199
8283
6102
4876
3657
10075
8892
7286
9409
1598
977
6541
7762
5278
8362
9874
5084
6050
2781
1510
6272
1697
8162
10151
4005
5017
5980
8441
6452
9422
6759
3176
8479
7024
4336
5179
8491
2692
6376
1777
3002
5516
5853
1360
9191
4303
8111
1869
5574
5066
712
2107
6788
4329
564
4393
5768
1817
9614
8824
6834
6133
10410
9667
6940
9811
1427
9269
89
8119
7697
3255
9098
2410
8054
778
10
9103
8045
3191
3561
7580
4387
2108
4490
4925
164
10047
1522
648
8554
1505
6314
9418
2406
2647
10325
8366
1173
10393
10175
5165
9131
53
7050
7075
6903
7132
2915
8038
9868
2181
6848
1040
6508
1685
8628
5769
6086
3535
2166
4515
3634
3139
5811
3751
1256
5653
3391
4801
1313
4520
1975
4821
3763
6509
5717
6621
1096
6993
889
6244
3586
4852
6502
4553
2212
970
7957
17
7875
9713
10390
9780
4979
6743
2723
10606
8621
10068
1970
1536
932
9582
1492
7512
7470
2277
5209
8447
1928
2235
339
420
1247
207
2764
2978
1211
6317
3372
7640
1336
5502
9499
10597
5642
1527
3181
737
7591
7240
3554
2284
8771
7076
67
919
6173
931
2411
5845
1507
7931
2933
4370
6498
1464
1886
10279
6858
2669
3471
3582
570
9262
4332
9025
2603
10592
9210
4053
8805
2374
5487
1081
5902
8872
5482
687
3598
7629
5378
7797
5936
7804
7853
10420
365
10220
2138
9632
709
3943
9553
4408
6586
991
4304
5427
9789
4594
6242
5095
8982
4813
4675
5645
9835
9589
1082
9686
995
2837
5861
9048
6022
3549
10162
2896
9458
10414
3171
2784
3805
7842
1157
16
10589
4396
351
7414
1787
454
920
8648
5183
10516
4299
4903
158
7079
1288
248
6523
6235
6035
3493
533
795
7923
3711
8599
4654
9895
9429
8026
8005
2326
3510
3505
7902
1473
45
3514
7838
7653
382
6108
6028
8272
9829
1653
4474
10385
857
2785
2881
1703
10546
5734
9297
5685
4969
9709
6131
4333
2907
1927
4866
3020
3865
6237
6838
5594
5184
7737
5458
3461
675
7036
357
3546
2748
2617
10431
7632
5762
114
9161
4421
1540
524
2689
2137
332
1110
4296
6223
7508
9218
4516
5343
1659
1611
7515
769
1864
883
3302
1059
2656
9373
2972
8461
9171
4284
6432
74
4269
8541
5837
2362
7471
7177
1257
100
8030
8819
8313
2930
7596
4242
7586
2056
3189
8756
5163
10565
2864
5290
1406
5726
7197
1917
2378
3382
4959
10108
5860
1027
2333
4873
2318
2529
2445
9016
4098
4700
3244
4254
2945
1062
10450
1462
417
8711
364
3633
8772
9684
4061
632
6358
6464
8207
3577
9708
5704
4443
2984
4495
8189
2939
3127
10057
6631
3704
7985
9412
3328
4802
8732
9766
1866
8044
680
8757
7874
1715
10284
477
8787
7224
2343
1295
4974
5906
2605
3313
4639
8411
9081
3451
1824
7450
3245
9933
3708
9800
9100
1463
2348
5924
4281
8774
8016
5793
1078
6670
2202
459
5733
6919
5264
9954
226
3146
4074
7633
5101
4141
1985
1218
5393
10217
10309
8197
3157
7195
1390
1122
10223
6259
3867
5273
1435
7941
7553
6318
7481
4123
7690
8634
8671
8983
4806
3540
3798
5586
7497
3134
220
10544
8268
4562
6559
5525
1537
7740
8938
634
7090
781
1132
9143
2408
4769
6810
120
3250
10007
8741
1898
6052
10041
3352
4406
3834
1721
5890
4352
7487
6227
6526
197
3260
8747
8968
2574
1320
1775
8264
2216
1909
7929
3219
2681
1766
6083
4201
615
7575
8715
8158
3984
10416
7040
5869
4434
6140
7636
3213
10324
8145
6820
2779
7983
5963
2298
3225
877
6931
2457
10486
7793
9744
5063
1692
4439
3288
4302
5338
5342
7012
7053
1182
6818
10555
4420
2666
1342
7265
5136
3104
7571
2858
5244
9149
5674
5805
8589
217
1485
2718
3254
6930
1953
1154
2373
4111
1396
1774
4025
8547
6831
9280
2443
9258
3639
2751
9318
5014
4911
5722
2668
5800
9130
4448
774
1805
4602
5090
8822
4656
3553
9173
5436
7093
2381
5143
10552
1352
7346
8734
9727
7427
229
5469
198
6257
2719
9480
9019
4980
8170
8118
4712
1562
9761
5566
10044
7921
611
5976
358
4880
231
170
6895
8265
7684
6554
5948
6511
8780
6910
6288
6904
6760
5882
6231
4208
4947
4800
6364
7637
9798
4410
3022
10184
5018
1885
4112
4489
8391
8861
4453
10063
3076
4491
3995
4683
1840
5970
6522
7466
2811
3781
8565
7400
1655
142
6650
6144
4364
10494
2962
4010
7655
3227
6032
5888
2124
5079
2219
6840
8728
7920
10507
7361
1277
4363
5113
2020
4438
5979
9057
10277
1999
1779
75
9058
1265
5676
862
6292
3837
7775
2006
9015
2372
9948
10205
9168
2271
8877
284
10083
10019
5462
6396
2047
451
2368
1344
5650
6958
943
5550
8434
551
6967
2200
6345
5013
10547
9467
7858
2724
3116
1615
493
10567
517
8957
4196
7145
7937
2690
2775
1619
908
7194
5662
3440
2087
2163
7589
2739
5397
10195
892
9073
966
8902
7812
4029
6041
10271
3886
300
2079
6863
5593
7994
975
2653
4543
5803
4659
679
2733
4462
5616
3519
9581
9892
10062
3852
470
80
974
1640
9760
3417
3336
7825
10326
994
1003
2565
1576
9244
9239
4444
9301
369
947
7
3941
7065
9748
1312
3356
8293
8658
3595
7479
9460
10095
1395
9295
5415
5172
2068
5967
5724
3752
176
6677
2422
6057
8095
10615
10122
9063
7704
8350
9762
5740
8642
3728
3118
2241
6449
8149
5431
6123
1076
7037
5682
1275
870
782
1055
6918
8437
2220
7701
3516
162
7577
2874
9049
5881
1280
2489
9115
3645
7713
7883
2311
3694
6322
5759
8624
5651
4893
4584
2363
2917
2623
167
678
5736
6313
8949
9665
6628
3910
9067
5522
7978
4118
1163
5737
9265
8249
2464
10308
3671
8904
7006
1589
9024
7259
3124
10018
6414
8744
245
4033
224
195
3899
981
5956
6777
3338
4238
4699
3486
6587
1212
9963
8972
3717
125
8524
9837
4620
7885
8214
749
3915
3716
758
2091
1272
3844
8304
4944
7831
8963
3018
25
2839
7349
7565
93
7905
10199
147
9638
3431
8370
640
10116
6951
3078
9471
6962
4055
6342
1520
8100
8608
10136
2557
5987
6346
567
7302
1853
9803
4695
4293
7977
10333
10302
2009
9849
8432
5107
112
276
4042
1186
3266
6633
8263
1667
4493
557
786
7063
3735
2143
2572
8301
3187
10059
9991
1550
8388
6150
918
7209
8577
5122
433
4320
5366
773
3531
9196
2412
8792
6409
9872
7776
412
5256
7529
1459
8348
122
3793
7034
3332
1328
6959
1083
5836
2948
5804
8626
5193
10141
4674
7620
1905
5398
2531
294
1037
2530
1334
2243
7625
5745
6687
9903
6846
3229
10106
8415
10092
5872
6098
4177
3165
5693
7410
10150
8025
772
5186
8047
7765
9853
1942
5318
8359
10568
9053
9774
4858
6119
8445
4481
7938
3204
5658
3233
10339
645
2872
1948
9881
10437
6230
7452
8713
10359
3064
6113
148
2349
368
7645
9431
7595
2582
3186
6569
10457
4376
1554
8018
8503
6497
4468
4955
5908
3267
617
2355
4746
3265
8259
6772
5671
7743
1586
1818
1235
234
4621
6875
3325
2320
9785
7372
4403
4483
686
3163
10550
4210
4344
3622
8374
7086
9995
5599
2810
8582
9035
2172
3308
2178
1799
9183
5324
4949
8672
1566
10233
4407
4078
9621
6480
674
2067
5709
3385
10320
8290
2899
1560
10349
5633
3253
9124
5077
8611
37
7915
1109
6928
106
9240
9719
8439
1253
6328
9424
4689
2983
7509
3651
5730
2394
8327
7503
4525
1596
413
1595
7103
6952
156
4181
10186
7352
8979
6701
5161
8224
10052
10594
2696
10203
2959
552
8931
8240
399
2675
4619
3240
4072
1645
2499
116
10509
2654
1838
2313
3098
6570
9894
7539
4968
10255
2377
8430
677
1680
4317
1120
3340
3099
6338
1198
7172
5374
4708
1189
4436
2370
7193
6058
5750
8948
1706
9328
8055
3912
2218
7731
1165
5435
4318
5727
1469
367
10142
7630
728
7925
5255
5966
9968
5021
3237
7306
6438
4207
4471
9814
1355
5729
9560
6534
5806
6982
661
129
6956
6060
3827
9546
4582
8131
3049
10113
2115
353
7199
1783
8281
4144
6162
5537
2249
2883
2511
8114
9401
4836
2459
9435
2016
6528
784
2621
10024
6271
7738
3996
6003
9234
5623
6282
3173
8936
1434
4417
8478
8704
9080
1980
3692
2240
583
4932
2057
8136
169
172
8929
4987
7298
4567
9899
10111
2228
9939
8046
2577
2014
9828
2560
4109
7439
922
5402
3567
1896
6844
10100
9013
5880
6755
8636
2556
539
9095
295
1851
9227
1381
9568
2709
7642
5763
9539
8859
1719
8712
6343
7997
902
4794
4124
8576
3138
797
348
1637
9786
402
10003
4267
6862
1093
6638
6191
7670
7367
8911
8239
3170
215
3741
3626
1066
2742
4012
4823
5297
5121
10241
1047
5713
4761
8680
1039
6204
7091
5088
6549
10404
8144
510
5673
10408
9756
7805
7757
6406
9703
442
10167
8299
9996
6045
9007
526
9818
7592
3042
4784
8750
10267
7672
4910
5821
6566
9505
404
7363
9232
3427
4186
9555
6251
1074
851
3613
10582
6391
182
7800
6991
9189
6680
9281
291
6302
10611
5846
3178
277
1684
9313
6091
174
4203
7179
3806
3660
4372
1553
6546
144
5023
6104
10235
4028
2332
5721
7443
9487
8212
2880
2264
722
3661
10248
6171
5074
7287
9673
8410
1532
7181
4863
4188
7707
5824
1319
5059
8551
4886
10192
8578
4985
8424
10281
5690
4404
9715
10070
8013
4159
3966
4782
1152
9605
6794
8778
3033
5461
8458
1054
7354
6159
3524
8011
8676
10210
6327
7930
6087
9358
2861
9496
8695
635
5960
5897
9353
748
5601
4294
5887
10501
2974
2398
5914
3169
4887
985
1353
927
9150
3688
3683
6792
7483
3902
3499
7269
9808
9544
4534
4697
7128
6109
6074
6833
9375
4321
1665
6389
3551
6195
3744
3726
9495
8698
4052
9740
1476
8198
5467
7118
8909
6545
8128
9642
845
9986
3584
9011
2167
4864
3589
1101
1060
7108
5893
6780
666
8125
8255
5481
998
5024
8460
2256
5666
1525
9697
8863
8716
2470
8735
906
7999
10425
6284
9462
9393
785
825
8386
658
3439
10396
8740
3412
4431
2262
10022
8890
10626
1309
2130
1954
7482
3571
1329
9121
7241
6519
3635
4059
4753
830
5490
978
5151
5477
9389
4409
10219
8220
8312
9509
9775
5395
9400
7654
816
4263
1699
5665
3257
3926
8246
1494
2169
1340
10557
2677
9323
10574
299
1943
5815
6768
3371
8769
5317
6637
6593
4898
9867
7644
915
6644
10225
9122
4521
10476
1501
6678
1172
1986
9166
7750
10471
9366
651
293
5548
2953
5875
2013
6843
7878
9989
7444
10152
8127
1548
2976
4754
7500
4043
1701
210
3075
4456
616
9266
4452
10202
3185
4091
8481
3003
3650
9376
6877
4889
4322
3961
10268
3583
1897
7392
6553
9243
9192
9427
10243
6938
10524
9832
5942
9921
8665
4220
9271
3295
5025
10528
6636
7058
2208
10540
2158
6770
7971
6824
5336
7351
5817
7906
1176
3839
9201
7478
3143
4923
6706
4508
200
1117
2875
2232
1695
1369
398
4380
763
8217
10514
6876
6984
8916
8423
9658
8743
1045
8019
9347
6065
3144
4803
7296
6762
3275
7321
2923
6995
3079
1130
8535
4180
3537
8309
10515
7061
10053
4326
6676
6334
5543
1458
4503
7712
1091
8051
7688
2736
5863
9753
968
9641
371
1727
6579
9608
756
3780
9664
2599
6716
9692
8284
6933
5196
9515
9941
2772
641
4596
10625
8153
2413
1067
2715
4425
5605
8381
6408
6362
9482
1633
10249
2770
2699
349
1416
333
5708
7778
4261
5958
7359
7901
7051
2782
2026
4605
1950
1524
5478
8413
3949
4095
864
446
3041
472
2365
9904
1556
7993
6135
3673
4192
3016
568
9235
2285
1307
8073
2382
777
7152
5202
1597
5907
7242
9374
3676
8039
7303
2803
2328
6885
4963
6373
6592
10001
1304
8467
6700
959
9687
3559
2989
6344
7940
4557
6427
6059
2338
5254
9671
4198
6281
1127
328
587
8886
1790
1871
8789
10313
3615
2395
10056
7799
3603
10133
4310
6720
8306
2662
4246
6155
4346
647
8421
3278
9594
7860
1632
10389
5236
9878
9691
5681
3532
8659
10342
667
7962
9769
3050
569
9955
1664
1119
4066
4575
3174
5669
1856
10296
2585
4850
8908
5150
3988
8215
1308
9449
3527
5779
8662
7170
9415
8804
3641
9382
7836
2346
642
10468
1449
9215
8329
7952
6735
7948
3800
5351
761
886
5707
4388
6320
6707
8276
9932
492
2937
8951
9845
10353
8383
2778
4551
7579
7996
4861
5637
9172
4288
9801
844
4897
6323
6437
267
7373
3545
7818
6279
7570
3073
5421
5198
6224
4665
1412
5868
2744
3160
562
5387
8279
956
9773
7294
7180
3405
2255
8584
1583
5453
6212
4182
6629
4298
5091
4114
3335
6167
8092
6137
4940
3801
9953
6657
4077
8049
3617
6826
7703
9330
5518
8339
2659
2213
3693
6738
5564
1454
8729
5950
7602
3249
2517
604
10191
1621
7032
6500
3190
8294
6673
9898
3786
159
4928
9324
2628
5492
10273
8790
7917
5439
2922
3864
6169
10124
1748
1798
2247
4920
6481
7464
10002
9137
4473
1829
2866
2894
10046
8880
10182
7448
6198
5494
2650
4865
3746
10190
4398
10061
6744
3612
866
1020
4271
5563
8782
3198
3558
6494
1306
6325
9964
3733
7862
525
419
9355
3765
6836
3758
5825
1753
3937
2488
3039
9999
3242
5373
7626
5164
8633
1891
8233
3368
10386
10352
329
2156
4975
466
6664
66
1388
7021
8254
10244
9825
1500
5333
704
10512
3700
8980
5070
7824
3226
3294
8856
3177
5994
593
1963
2887
4480
8601
9926
10620
6008
10079
2870
3017
1270
7433
9322
6489
62
9730
9927
7308
2506
7327
3256
8378
2401
3819
6721
7811
6383
2691
5865
4345
5777
3102
9624
1098
6960
9916
5935
2454
898
7141
2227
4470
1057
8893
1490
70
1405
10605
7364
280
9488
1447
6839
2788
101
7975
2260
1587
428
8692
5878
3796
1901
270
676
8691
1732
7796
10310
4909
8934
8643
5075
10392
7100
8928
10394
2762
6907
8168
7016
6555
10459
9804
4541
7290
7966
9089
3291
130
2804
8407
858
7365
4194
3857
7493
10291
8686
4475
2946
2523
3047
9784
1151
8384
7017
8333
5826
6093
8477
8527
2757
3387
1166
4411
717
9862
5498
9619
4927
9045
7813
5174
4094
2996
2652
1417
9357
6506
3355
7344
2997
5405
2776
9446
1704
54
2993
8090
4837
3153
3888
4870
4449
8794
5755
10328
4041
1709
4360
6868
9044
4901
5060
8917
4607
2985
5058
464
2862
4446
6736
6604
6782
6286
1493
7900
3909
4353
3665
2992
5416
2806
5345
2361
2090
10395
4084
8537
5843
3853
1850
2528
3348
8583
2214
5621
4637
5876
4885
5536
609
9162
8755
1519
5919
4990
8452
5613
8140
8490
1080
1292
8544
4645
360
6485
6867
1140
10126
6458
2058
2824
6324
7472
7665
5483
1006
9287
8261
9365
7849
8356
5504
7330
2425
6423
2498
5501
4297
7892
4810
5283
3349
3848
2796
6662
10477
3652
5364
8408
1409
1354
6819
9158
212
7681
7283
7456
8204
3928
9662
2157
9961
1806
5259
5212
3305
5785
8266
5588
9391
6563
6429
9929
4067
10239
7730
3023
8617
10176
7085
8028
9468
1128
759
5428
218
3945
9117
10112
3552
8985
513
8001
4835
2936
787
8251
5432
9628
4834
20
9586
9720
1557
2825
8032
5085
6597
6837
9194
3425
1503
6174
4101
5775
4666
7272
6775
9823
4701
8404
3261
7297
4643
8663
9238
9470
3813
4558
1135
3180
7786
10096
9185
7542
2149
7081
5281
1771
309
798
1614
2471
3433
3142
2300
6970
9477
5609
3271
7007
5300
5046
4537
2424
3963
7784
7301
5406
10166
5190
8602
768
7872
983
6537
10260
5578
8298
8696
2128
2250
6926
3317
5756
10065
2148
6291
204
2123
10297
7522
3871
1092
1602
8244
8807
5305
9333
19
7911
9120
8876
4433
607
9444
9459
3556
9596
5073
1428
3749
4374
5126
5371
9428
6696
6516
8521
9344
5412
8830
3860
4339
10251
4684
4461
6352
10229
9170
5517
2161
7455
3105
6255
1194
6965
9414
44
601
9132
6835
7523
5166
2302
6712
9404
7821
243
3259
7826
8364
157
1841
2768
8874
9974
5171
8247
3669
4757
1825
9165
8471
5497
139
10382
2199
8670
10237
3965
9148
4418
6765
7864
1911
9588
3456
3447
7146
9501
1391
6153
3376
9359
1415
9934
421
2629
576
7787
3474
9530
2012
3329
6158
3077
10357
3507
10178
4230
10622
597
2469
755
7613
7727
6439
3040
235
7423
7166
10213
8353
8920
9209
7877
4060
10575
2607
9249
7114
9384
8723
2314
7147
6501
8126
4573
2052
5169
4327
4531
4135
1808
3821
6527
6950
8840
6598
2085
729
7419
3126
9630
7236
6507
9133
2371
1042
5982
5981
7669
7955
8922
7806
3755
3286
3093
5217
4808
3843
6823
2196
5990
5052
3740
8549
3065
7402
6152
7055
937
1795
986
4902
6874
5466
391
7753
5870
7105
3596
4260
378
381
1437
10604
5227
4698
8103
8817
1414
1445
8245
6757
1489
7785
6229
1089
1794
9109
8346
7109
6105
6092
1744
9251
3268
1498
1502
6353
10087
1517
4817
7232
776
2441
2118
1890
3521
6021
10214
2429
4965
7766
10573
7207
9604
10104
3879
6006
9649
4626
6331
1558
9079
2613
10236
8235
3374
9278
7754
6815
10506
3829
3890
3251
4120
8941
6645
7211
3680
10619
8905
1012
9781
4986
7871
6018
608
3097
8899
8034
1495
1090
7382
317
8137
4494
175
10430
8746
1847
4872
3156
7462
10275
971
10125
4815
910
7139
5747
1855
3220
7115
4517
3889
2645
8382
7622
9979
2308
669
5246
482
7274
803
1033
4354
652
9526
1457
5139
5746
9319
3453
6085
1978
10541
7839
5003
7618
1439
9356
8133
2661
5725
4938
8546
151
35
8590
9283
3994
9910
4943
1111
2426
5332
3785
827
6584
5242
4871
5838
7176
8879
10409
1646
8675
8940
7649
541
9947
77
8749
10212
4142
2789
6033
713
7190
2280
6149
1237
4677
7651
265
1752
10272
7381
10612
6742
3630
3145
3625
6615
2455
2390
5425
7056
6090
8871
8953
2537
3791
5355
3026
5142
7714
1070
1516
1365
1688
274
4609
530
813
1888
8442
10372
4487
10403
6428
668
5500
2246
6249
4796
6226
3322
8816
6308
837
3768
7524
3175
7394
10578
6992
4740
7002
2366
10545
815
7371
618
113
7760
36
10197
5538
10259
8178
462
4724
1813
1255
7886
7042
2950
6711
2089
7527
8592
6766
6469
563
1584
10465
707
1296
2726
1713
3560
10376
9572
10287
2237
23
1141
1108
9441
2963
833
3506
3444
5443
3370
10118
7663
3816
1268
2105
4107
3081
9661
7326
7263
1209
1530
6013
5951
6089
8253
3182
7453
4366
7485
9250
2430
7557
5134
488
9917
9679
5827
2805
3120
1892
10371
3696
9512
432
10572
5971
2154
10562
1882
133
4849
3955
655
1716
1258
5019
6361
9893
5879
598
5334
416
522
868
10121
6127
5996
7935
3273
1026
3737
8925
5211
6729
573
9090
4133
5647
10050
1894
3861
6851
9812
8115
6741
2176
6975
9971
10147
1291
2703
6370
949
3760
128
8155
6200
6674
5362
1585
9433
8837
5323
8166
6217
2409
6422
1330
2952
3400
7247
6822
10367
10293
3894
9857
3150
7789
3998
2752
1113
819
131
10285
1064
6017
2337
9219
5512
4049
10346
3850
2869
5943
5289
3032
942
3377
1997
7792
1683
10035
6245
873
3979
263
65
8112
308
3479
4786
4828
7807
6776
2304
1791
2834
3557
6925
4032
239
2614
7292
2682
2170
2897
5807
1184
7803
4732
531
891
874
5579
6548
3004
7514
9595
5716
5132
5644
4632
465
6387
8897
5459
10335
3280
695
3572
4971
3654
7212
2310
5388
595
68
9402
2062
2252
1564
9492
8288
8603
196
9511
7550
3304
7000
3675
4672
7319
804
5748
7752
5723
8262
6253
5545
7676
876
7533
7095
4003
9670
9061
880
1032
7491
1690
4064
8371
5434
1515
5604
8487
6491
2594
9678
4742
8089
2323
2092
8077
5510
3845
5834
4718
8605
1425
311
146
7150
8717
3350
878
9352
5282
4309
7378
4752
3783
3580
5457
5641
9410
2345
9099
1125
463
7415
7810
9886
7968
4948
2384
5625
8390
5144
5064
6368
8708
3923
8580
4046
2133
3137
6521
7965
9563
9600
7398
4934
7314
821
2648
8360
10132
324
6064
8958
3326
1137
4770
1011
9746
2093
10181
2467
9310
3311
10209
2192
2185
6363
2831
8088
1749
4286
10294
2008
5322
3997
8806
7820
2843
1608
8571
9663
14
2448
8318
6205
2083
9659
5986
10051
3113
6110
2201
9949
6886
7597
5761
2840
2643
1968
7129
3443
606
3947
1735
5977
3341
10245
2276
2217
5731
9247
1021
5423
1568
10378
1987
2717
5083
3183
2354
5189
4211
104
7013
445
2667
6682
4165
9483
3833
6661
7262
5590
623
5964
1224
7087
7165
5797
5062
4905
5927
9286
7623
6182
6315
1657
5847
8399
7143
2400
4830
8104
3574
7506
6474
3472
8514
4076
2462
5697
2303
4776
5659
2671
4259
7893
10155
50
4783
1315
4075
6265
228
1010
7895
9088
9268
3817
3094
8847
9549
599
9303
7646
8021
1261
6398
6642
7174
1392
92
5506
7543
8964
2793
10226
1668
7607
7391
1812
3279
2934
8673
836
5528
8764
7201
9833
10026
2074
5449
4073
307
4709
6484
7576
5796
10034
2954
9064
377
2687
4966
5698
8820
6625
2341
395
9942
1193
5923
4773
10127
5855
10522
2851
511
5491
8041
2777
7603
1322
5720
7442
9087
2877
9481
8753
4681
2567
1094
705
1123
5969
3241
6694
9292
5248
6852
747
9527
7097
8061
4071
13
388
951
4629
10163
4428
8335
6386
7374
8070
8625
10145
9552
9806
1804
1143
3954
1606
9599
9223
1273
3713
4265
4845
2755
5635
5912
4855
2581
9587
5937
2615
8754
1592
7104
1747
2602
5612
5239
7350
7898
10417
6246
2385
9199
6420
7848
3369
6472
5053
4729
9175
8274
2427
5677
5714
8629
8102
10581
7759
9198
5850
5841
3787
7311
7795
2005
3070
3690
2257
5358
8315
4018
6576
9694
9513
1531
6688
9643
2245
2317
9438
4597
2569
7307
8912
1559
10286
5444
2539
10551
460
9585
8668
6267
3212
5177
6380
4799
2807
10262
6304
1904
7791
2168
10187
10153
2221
8226
2147
5213
8120
1862
3129
8375
4869
10109
9564
5200
3698
501
4105
6444
1925
9688
2030
3762
9905
9084
7273
7333
6395
2911
5050
8176
1691
3562
401
1555
7546
8369
1114
4136
5916
8300
9556
9706
2859
8616
5429
7043
8785
946
1213
8295
4542
4351
9197
10303
8647
1335
342
872
3492
4001
8152
3497
4524
9293
1902
8827
5485
8009
9377
4720
1800
6524
843
8977
3344
3061
1947
7627
8860
2908
6164
6718
1293
2050
8154
6745
2077
5152
8427
8520
1305
3473
964
961
6465
2078
4576
2924
1180
190
1780
3100
3465
2929
4300
1185
2329
6532
4941
6256
7291
115
7064
6797
2876
2547
2591
6529
7167
61
689
8307
10300
4108
3396
10290
3293
3738
6538
2573
1613
7843
8365
1728
6442
3627
21
9065
1385
5103
10252
4970
2860
4976
6399
7460
835
10185
779
9211
1811
9577
4827
5782
8285
285
818
3166
973
2131
8443
1822
2505
47
4669
5385
2561
8564
8107
7863
10216
10467
5620
9863
3211
3978
4939
7186
7779
10377
982
8773
8482
4610
2729
8184
5005
9754
4612
1663
10463
4223
6979
5312
1874
2575
9334
6015
7673
3911
3747
163
2502
6728
9126
9267
2152
6626
3623
2449
2037
9729
6040
6684
3892
8000
8243
5739
5279
1669
9341
1693
3731
2288
3808
6436
4717
6274
8555
4069
3038
6209
656
8440
5367
2670
2698
7406
7587
9936
9711
8146
3956
6832
1528
3108
2010
8498
6143
2275
3957
1984
3611
4440
3399
10628
2988
2231
5301
9567
4581
5307
8573
6999
3664
5749
3121
2347
7066
853
8419
7755
3380
3973
5617
8035
8426
9176
8393
10338
6525
4625
9877
2266
1018
250
41
4589
9841
2515
8287
10475
7355
7337
3394
10504
85
6906
1844
4236
4613
441
1279
1843
4997
5128
6612
1966
984
1689
12
10266
181
6175
7698
7130
2155
10048
5191
1294
8751
714
4628
577
6608
9436
1582
1252
7387
6591
6478
565
9348
6564
2309
9987
9351
1526
5818
2716
6070
8068
696
9506
7720
7009
2622
2342
4617
9408
1383
512
5326
2925
5628
3881
7044
1451
8802
7729
7182
1043
1957
3908
2721
10276
10454
8156
10258
5226
8322
7692
7700
7538
1000
6672
2549
7521
2836
6381
6356
3689
1046
7244
628
4330
2518
1916
8834
6551
7819
251
3195
330
1124
7106
7082
9889
5694
9875
10508
5382
5304
9909
189
9879
3885
5842
8660
3414
9807
461
5672
516
7251
418
6520
1922
6234
8815
141
5582
3059
3048
9489
8869
6751
3896
6048
7827
5760
6051
8480
102
3162
4585
6994
5849
4416
6949
8260
1760
10526
4466
4919
1418
1325
2642
5170
925
2818
3361
1765
8400
1588
2494
187
519
8363
7974
237
5584
887
8632
1547
8074
7744
1937
7815
2294
6692
9442
860
4121
8679
1423
1940
3964
9946
4232
7198
2898
3659
9993
10493
7628
319
9531
3709
3208
4017
6193
1419
5260
8844
2171
6655
3407
2336
10571
2901
3999
7357
6185
8459
7718
10445
2906
10149
6061
124
6241
3409
7671
6238
7945
1769
5192
1475
6571
1570
4324
2234
4904
6653
5089
8515
5314
8172
10354
2004
7667
1770
855
5932
10412
6773
8355
8273
1243
5984
5603
84
1631
7736
738
10278
9797
2710
6924
1590
4651
7111
9257
3437
8135
9623
6807
9660
4670
8722
727
535
3756
8766
5938
10603
225
7868
923
9792
3916
600
8472
4744
2291
6297
9473
6740
7982
1906
7102
4577
4563
10250
6808
3541
9206
9919
10102
3832
390
5757
1717
4100
8971
10204
8083
1411
9
1468
1935
3970
10413
9050
8623
3462
5411
5561
341
2509
203
4454
91
9213
1876
4601
2616
3932
9827
650
9128
4463
9738
884
10172
1371
538
2281
3000
4154
733
6690
7507
989
5751
3566
7903
498
3573
4544
4371
2544
6075
3024
7334
2611
7360
6683
1961
996
4058
4954
3946
4301
10080
4063
3478
10624
8850
7220
3644
633
934
897
8552
4169
4234
1793
1504
411
4035
7850
1639
9010
5975
1129
8317
2188
2967
356
7054
3415
4185
4068
7356
6055
1511
7495
6183
4127
7725
8341
8594
8397
7967
8828
7404
5480
4312
2526
7131
3395
5277
6632
10014
171
152
3530
4233
8770
8029
6261
10561
4532
7202
793
9195
3842
8545
10433
8674
1601
2353
7781
7683
2799
5634
5848
6029
6899
2307
8020
2139
7715
8372
10054
5247
8881
9329
1907
5214
2222
5316
1408
1618
4512
8208
8344
957
9037
566
9635
1056
7089
34
9699
1773
6619
7078
936
10143
3901
8269
4778
2802
3685
6369
8483
1370
9397
4694
2071
9911
2852
6031
7393
5511
752
5576
3455
2263
3697
2958
8523
2564
7677
824
5102
2821
4349
9273
4914
4766
6739
8007
3152
3629
5844
9203
241
10170
7484
8857
5699
1944
702
1351
7449
6141
5587
425
9865
7275
8303
6578
5626
2019
5810
9030
4785
3789
2180
5245
4038
2558
7780
8752
7163
1629
8042
4385
82
5891
2540
5957
3967
4877
3831
2707
9557
3517
1168
3883
1420
9343
3917
48
10264
8508
1250
5127
3754
7123
7431
732
3784
8456
5160
4548
10478
8779
6813
9302
9654
5167
2463
10131
10460
2873
1682
2794
6560
8939
8801
529
10146
2536
1577
4958
10036
6620
2358
4191
3103
7429
7048
5949
2522
211
9566
8745
9634
4658
2369
7019
1731
2639
4335
6809
3264
1400
2129
5280
9790
8563
2359
5822
1573
8497
9793
3071
1146
5069
9592
8706
1967
5529
757
8842
2209
6669
8040
4811
5929
9982
5864
9869
7517
6385
5241
9367
3767
7126
832
9146
6774
2442
2367
9014
9680
1815
7763
3668
979
726
9757
9900
426
2097
6371
4002
10590
7498
625
5688
9399
5038
9751
8248
6424
7178
688
6475
5608
2598
8798
7425
9454
9580
4272
3231
3526
8058
186
3757
6679
6577
9498
396
6880
4040
8451
3285
1644
10351
6893
4319
3239
2871
9885
4648
4137
6471
6905
9276
6054
3151
2535
1145
2597
232
9364
9571
2159
10299
10340
9860
222
810
6600
5992
165
5275
684
2055
9182
3136
8542
7857
5116
6222
3891
5309
6010
10129
5570
7490
5765
4347
10094
9119
7598
4019
659
3218
8962
1971
4394
10161
701
3029
6816
7228
8017
3811
5857
5092
4163
9912
4703
4397
2890
5120
7426
6194
467
8064
8
2792
7116
1859
4039
4772
5363
8377
4164
3919
7070
6894
7446
219
3083
9613
4334
10101
2926
3122
6460
7604
2017
1789
2075
4276
7289
9768
9612
6871
5081
1549
540
4070
5715
6897
9111
1878
3235
4918
4465
9782
5941
9723
7664
10511
4477
3547
6704
8870
5983
3149
9611
2182
6126
9858
3224
2324
4839
823
10207
4615
7823
8194
10424
1382
6572
8843
2797
2761
7060
3907
2848
10120
7315
6457
3893
6076
7909
10373
3643
495
3703
9676
9202
9850
10362
392
518
1733
321
2289
7317
2073
2389
5812
1471
1739
5203
8105
10020
1567
4151
9824
4687
2720
283
5776
4721
10058
4787
7405
10542
1543
7245
7834
4723
6354
9005
4725
4247
842
5182
1979
1720
9930
3599
3441
4509
7137
1361
5786
6134
8225
3653
8846
8489
8337
4756
10554
2774
1951
5679
3509
3980
2452
2942
8277
10077
1440
9750
4140
4250
1051
3803
760
2800
5229
2272
5028
10488
7685
8937
8433
8812
928
2045
3544
4139
6294
7107
1421
3605
5037
2190
4953
4825
1861
6078
2315
1478
3243
1761
8462
7084
8526
7822
6273
7944
1879
9646
5670
5396
2713
6280
9062
1826
3416
7547
10440
8566
1196
5470
8321
244
9177
6100
1283
1694
1063
7992
10513
2844
9861
8522
8705
3868
3795
5082
9647
1389
393
8352
3764
9485
240
791
4256
10521
1349
9975
10073
550
7662
8373
9284
7711
9983
4080
2957
1483
1474
9270
4441
7964
5606
7280
8488
5117
7038
9419
2763
3452
8379
3710
2396
6024
5471
3931
8305
6462
5454
8326
3274
5655
1533
2693
7555
9593
3666
6937
911
5486
742
6611
345
8581
8345
10307
4125
6594
5488
1534
3722
794
7401
654
10261
5771
5965
1486
8811
9465
7409
2543
3448
9051
697
5035
7891
6817
7621
1161
2319
3422
1707
8687
8969
8405
1700
3536
2903
4566
9819
8699
1900
1612
1989
1480
2938
4860
1754
4179
3990
7594
439
6921
10270
4113
3927
3459
10242
7151
8853
7323
7790
4624
3620
6300
1303
435
7041
10449
1654
1544
5592
5515
5866
5530
6896
4758
7149
6443
3346
7828
5456
545
9279
2583
6456
10084
3432
1675
8228
3859
8612
549
335
354
6181
2103
3421
5920
3975
6289
6829
9241
10405
4956
3072
7208
9569
2701
1357
471
3055
9836
6063
3849
6853
3515
5778
8218
9707
9314
8901
7266
4424
8101
6811
4430
4995
9134
2914
6275
7689
5430
4616
3518
7847
132
5764
2011
1722
4793
3194
7572
8848
4647
7904
2063
6723
7837
6321
9407
4696
4122
9809
2122
5852
8974
108
5753
10498
6708
6987
5368
10311
1726
4569
3300
8697
10064
4731
4432
5072
2658
3164
6752
7407
121
6208
8906
6416
1456
2282
9332
9852
3952
2239
2049
81
4816
3357
960
6201
9362
682
6881
10283
7558
5036
3609
4235
4338
227
6419
3938
1372
10319
3581
1751
8151
7845
2655
6071
6340
5261
2226
7635
6504
4026
5027
6932
8343
8955
969
706
8758
1144
5210
6402
3446
3638
4011
2453
4535
700
6026
10429
7412
2579
8731
9042
1877
72
7154
6892
4781
3128
3720
8690
5389
4373
10334
2780
9969
1164
2688
9655
808
6935
542
5181
7435
2712
988
1207
8338
5886
3095
7761
1661
4668
6585
499
4034
10288
9714
1857
6221
1223
8192
5263
630
5068
10368
8525
405
852
6316
4020
9369
8930
8216
9312
4365
9717
7656
8927
5156
930
8978
7882
4305
2446
1075
3011
9601
8719
4764
2816
6986
4705
8402
10358
3096
8714
5048
1374
2918
3450
3196
621
5029
414
1248
2418
5315
10383
6263
10078
9683
8446
2153
8171
9116
9817
6080
9532
1893
1177
476
10292
6483
4899
3924
3570
3167
2631
9023
5696
5507
5221
1364
4126
4552
10585
8316
5391
94
5284
6355
7567
4315
2640
10375
3594
5168
2895
6981
8765
6941
69
6699
5108
5043
899
3648
5773
3036
7046
9935
649
4952
9735
4727
9651
7368
694
3044
6348
3667
9689
4013
9304
6
5798
4278
6214
5904
5112
881
4900
2769
9675
9188
1658
2141
7989
10584
1786
9160
7866
1073
9787
8200
5583
9371
8685
9068
614
5124
1007
434
2466
1814
6120
2041
4640
3640
3252
2632
9578
7599
1202
9652
1969
5702
5799
4030
5133
8678
9603
5657
4714
4546
5788
5819
1634
479
6404
2472
2386
2015
5096
8987
10607
10553
1884
304
8342
820
9222
5791
10361
3872
3706
9674
7705
8222
2593
9777
3358
8223
331
10015
9252
4457
6543
4790
1116
6069
2514
1603
7972
9732
8534
1155
8406
3347
10006
5784
3037
859
3006
10114
9036
10228
199
2600
9246
5795
620
638
4657
7370
5340
2486
9959
1679
4862
3820
5080
7278
2295
42
5148
8776
4051
8588
1169
5873
3388
5600
7474
7080
9629
436
389
1990
29
7267
6278
693
3384
1048
556
5445
9742
2197
3015
7068
5219
8730
5918
5327
6715
2046
9421
7976
9180
2949
3875
2808
4171
9071
7769
10032
3386
1331
9432
4688
734
7496
2832
10082
2912
4348
1393
2798
6290
754
2979
10316
6163
9466
9950
24
4258
8924
8996
5790
1183
9430
2204
3362
5514
475
1915
1266
4819
4048
7963
3223
2964
9884
185
1996
343
3986
4590
4216
4649
6722
2119
10566
1677
6330
6635
8656
7513
8351
1676
9606
2134
8470
8002
1220
6468
1097
2795
8183
6493
2150
2444
4218
3905
6184
575
3331
4275
5313
9040
4160
8529
9745
7682
8358
2986
1609
6634
5205
4807
7568
4116
8453
7897
885
8334
1030
8037
9880
7658
5877
2885
3882
503
7459
7748
6001
4392
340
57
3117
10588
3543
636
1443
10201
33
26
965
6988
1712
107
1289
7293
537
7896
731
5001
6971
7859
3854
10548
2121
6219
4707
724
1729
9008
9562
8206
9725
8431
1620
7939
2849
1778
2902
4290
56
5840
1373
6121
8150
5321
4964
3148
9704
238
1945
6037
1350
1610
1201
5114
2114
2273
1175
8836
9620
9554
8164
6011
1488
4016
8232
4249
4178
7979
2399
10253
10400
5831
9640
10587
2437
8595
1217
5409
7454
6203
3436
5581
1376
9795
264
9092
1433
7332
3442
4037
574
2700
10179
5010
4115
1341
2533
4229
9145
6784
879
4851
3013
7958
10370
3619
5197
5646
7984
3761
2339
1107
2960
4214
940
9125
4502
7573
257
4224
849
2702
7590
4777
10517
7960
6116
4795
10221
5718
7817
1652
6382
1300
1757
1931
2481
6077
1470
1088
10421
8984
10028
2856
6218
5565
3014
9888
1260
9528
8425
2100
2268
5045
2033
9256
366
3484
4459
2244
6640
7530
4572
719
9728
6378
1214
3555
1647
7074
3606
1863
8960
7476
5654
4951
5934
1444
9590
9009
5130
9140
4678
9844
7388
1542
3777
1839
1521
7008
4377
4736
4166
8781
6539
9525
9186
10623
5999
8468
7162
1024
6405
8669
6431
6725
8915
9681
5894
5652
3074
3814
2568
6490
6016
3935
4244
8557
7505
4759
8724
2553
8762
882
3031
1827
4273
6333
7560
926
8991
2900
8250
9167
8970
4565
5668
9096
8129
9299
7643
8652
1656
3470
8516
5505
1251
3869
1792
5201
4804
8113
9296
3125
4175
8618
8873
4996
1086
5961
4378
5973
6066
4822
2096
4662
7764
5099
5596
2125
2545
5446
7389
7214
1345
1079
6138
6337
941
2508
10499
9486
3467
223
2765
1860
5234
8942
1624
1150
3378
7447
9960
3469
4295
9980
9349
9928
4237
8946
10491
4379
9741
1310
2451
9778
9272
9112
2432
6096
1276
4540
502
1982
173
8650
2846
6421
7018
4212
9500
8219
9633
206
2928
4560
10426
2746
5097
2270
7226
10627
2525
4110
7884
4499
6649
7510
372
6812
8063
7217
2686
452
5257
4606
9411
7666
8560
1539
9108
4608
11
9395
6047
1972
8417
7304
303
9897
4622
2857
3677
5871
3460
2484
3825
6627
7946
8065
5330
1741
9615
1903
1858
1512
6448
6946
9337
1529
2109
6855
520
8387
4342
6602
2211
2195
3590
6446
5856
7873
10224
8308
8179
1711
2695
5602
2038
3057
5041
9052
456
5552
7159
6796
5542
7518
2000
7489
4933
7949
8190
8839
3714
6216
5939
581
3655
3674
8944
2207
8256
312
5695
2732
2312
1197
6842
9385
109
3682
826
3809
2551
594
7916
9682
2127
10154
8193
8952
2330
9855
890
9994
8476
314
1714
9379
4445
4096
4706
5302
8976
6779
7554
247
1831
5410
6285
5408
3565
6624
4340
10301
2487
3323
4614
1394
7329
487
5851
9077
1346
10257
8454
4859
192
6044
8031
8076
5553
1782
4533
8210
1263
1580
119
8707
4924
9536
7742
5252
2292
8688
3548
2884
10081
9224
2334
4092
3402
561
9455
38
1461
486
711
8509
3489
4386
8655
2982
9743
1015
4498
3053
9178
1737
9922
30
1600
9519
5306
1245
5206
9547
4450
9591
5350
5489
3649
3933
6451
1068
716
7420
8579
3179
6990
4559
8513
8788
7486
9340
8085
2868
10289
8331
209
2379
7358
2722
9876
4686
10128
3732
1849
4922
5071
3939
9378
478
5386
2753
7072
10208
8167
10510
1290
895
10240
7854
8568
8094
10043
6785
8231
6717
9668
7869
7156
5917
8143
1236
7436
5269
2064
7125
481
9075
3718
10350
8900
3337
7499
201
7133
9056
2054
7926
9788
8403
7480
10461
7033
2604
6654
4134
7959
9423
4653
8800
3621
2042
6014
1332
4692
3056
3977
9639
6540
268
5087
4741
7430
8587
1848
8414
1446
939
22
5438
5474
1226
950
7399
5118
8418
453
4587
4991
8501
4199
9174
2829
8271
7516
2637
10496
4325
2973
3035
4099
7918
4848
1919
8585
6081
543
7774
1013
5595
253
3607
2136
2904
7020
8607
8702
5742
1429
6879
7432
710
7421
7887
1156
5995
2507
4604
2905
6147
4243
6878
4226
9901
10559
4767
3592
6964
9537
6954
2750
4652
5230
5598
10008
2094
1121
8981
10345
1286
4682
5540
3086
10323
10543
1149
10282
1538
4527
3088
8613
6046
5519
2727
427
4143
10234
1617
7375
4942
3887
6799
8084
657
10503
7861
1181
3533
4528
730
10422
2102
10322
5618
3477
9973
6467
6049
1228
9839
506
4337
6544
2283
7121
7285
8797
1571
422
1402
