1.040769338607788,0.9500000476837158,1.1259394884109497
1.0270800590515137,0.9700000286102295,1.0759395360946655
1.024999976158142,0.9750000238418579,1.1601582765579224
1.0363308191299438,0.9550000429153442,1.0743770599365234
1.024999976158142,0.9750000238418579,1.0326582193374634
1.024999976158142,0.9750000238418579,1.0453146696090698
1.0199999809265137,0.9800000190734863,1.0309393405914307
1.0375635623931885,0.9550000429153442,1.2304707765579224
1.0342494249343872,0.9450000524520874,1.805001974105835
1.024999976158142,0.9750000238418579,1.072033166885376
1.0406477451324463,0.9500000476837158,1.6550019979476929
1.0424572229385376,0.9500000476837158,1.6350020170211792
1.0337507724761963,0.9500000476837158,1.4071894884109497
1.0199999809265137,0.9800000190734863,1.0440644025802612
1.0199999809265137,0.9800000190734863,1.0320332050323486
1.0372639894485474,0.9550000429153442,1.2257832288742065
1.0199999809265137,0.9800000190734863,1.0242207050323486
1.024999976158142,0.9750000238418579,1.0359395742416382
1.024999976158142,0.9750000238418579,1.057814359664917
1.024999976158142,0.9750000238418579,1.0387519598007202
1.024999976158142,0.9750000238418579,1.034533143043518
1.0271220207214355,0.9700000286102295,1.1062519550323486
1.0199999809265137,0.9800000190734863,1.0265644788742065
1.024999976158142,0.9750000238418579,1.0462520122528076
1.030432105064392,0.9600000381469727,1.1675019264221191
1.024999976158142,0.9750000238418579,1.0256270170211792
1.0386472940444946,0.9550000429153442,1.0696895122528076
1.024999976158142,0.9750000238418579,1.0298458337783813
1.024999976158142,0.9750000238418579,1.0281269550323486
1.0363308191299438,0.9550000429153442,1.0710957050323486
1.024999976158142,0.9750000238418579,1.043283224105835
1.024999976158142,0.9750000238418579,1.0140644311904907
