69
57
421
471
298
358
154
30
0
288
33
344
347
480
326
48
92
183
58
166
219
425
139
19
372
429
44
245
389
240
495
448
388
249
42
497
2
87
54
218
386
325
264
485
482
300
296
64
21
153
444
499
70
246
243
380
28
116
49
40
216
248
307
447
115
341
491
253
226
7
267
373
108
331
310
327
1
320
55
101
488
305
145
418
354
275
297
132
285
63
374
356
178
385
11
31
303
197
194
8
232
9
441
346
276
43
130
364
60
401
470
440
464
430
236
416
4
352
400
163
414
272
199
224
32
412
463
481
360
383
378
168
323
76
438
355
423
411
72
367
336
424
254
182
185
187
93
280
156
292
451
461
90
138
227
208
458
235
125
143
314
446
16
190
15
492
319
174
103
195
376
71
97
435
80
221
332
127
365
68
391
82
53
239
151
261
370
62
173
318
201
417
202
428
3
427
402
466
18
207
408
234
384
214
487
343
50
398
74
342
188
35
73
191
170
462
131
47
167
279
266
189
338
395
142
353
210
17
29
146
484
311
273
175
281
455
259
351
329
114
490
134
330
397
335
419
81
328
432
211
256
158
309
150
5
443
89
212
152
79
20
262
84
179
265
306
237
294
180
126
140
337
349
270
431
238
117
313
268
124
453
26
282
252
363
324
433
290
242
452
36
399
171
120
51
233
494
122
241
66
165
102
118
449
27
229
160
456
137
228
317
255
176
105
450
295
205
269
220
473
10
454
23
12
442
340
6
45
13
381
474
110
107
34
410
94
263
345
283
141
460
291
436
67
357
38
366
98
56
177
148
251
274
113
333
41
293
119
223
109
472
77
467
231
277
46
95
304
393
225
215
322
147
405
459
