1.040769338607788,0.9500000476837158,1.0673457384109497
1.0220800638198853,0.9750000238418579,1.0679707527160645
1.024999976158142,0.9750000238418579,1.155314564704895
1.0313308238983154,0.9600000381469727,1.0735957622528076
1.0199999809265137,0.9800000190734863,1.0323456525802612
1.0199999809265137,0.9800000190734863,1.0378146171569824
1.024999976158142,0.9750000238418579,1.0326581001281738
1.0375635623931885,0.9550000429153442,1.2246894836425781
1.0401324033737183,0.940000057220459,1.7432832717895508
1.0199999809265137,0.9800000190734863,1.0687519311904907
1.0456477403640747,0.9450000524520874,1.5659394264221191
1.0424572229385376,0.9500000476837158,1.6315644979476929
1.0337507724761963,0.9500000476837158,1.4307832717895508
1.0199999809265137,0.9800000190734863,1.0440644025802612
1.0199999809265137,0.9800000190734863,1.0320332050323486
1.0422639846801758,0.9500000476837158,1.2246894836425781
1.0199999809265137,0.9800000190734863,1.0242207050323486
1.024999976158142,0.9750000238418579,1.0320333242416382
1.0199999809265137,0.9800000190734863,1.0520331859588623
1.024999976158142,0.9750000238418579,1.039376974105835
1.0199999809265137,0.9800000190734863,1.0350018739700317
1.0199999809265137,0.9800000190734863,1.0467207431793213
1.0199999809265137,0.9800000190734863,1.0265644788742065
1.0199999809265137,0.9800000190734863,1.0476582050323486
1.0354321002960205,0.9550000429153442,1.165626883506775
1.0199999809265137,0.9800000190734863,1.0259395837783813
1.0386472940444946,0.9550000429153442,1.0689082145690918
1.0199999809265137,0.9800000190734863,1.034064531326294
1.024999976158142,0.9750000238418579,1.0276581048965454
1.0363308191299438,0.9550000429153442,1.0710957050323486
1.024999976158142,0.9750000238418579,1.0420331954956055
1.0199999809265137,0.9800000190734863,1.011095643043518
