378
386
394
142
547
744
465
975
938
461
45
264
690
937
167
739
374
449
742
878
224
573
1012
557
197
836
428
250
322
1064
321
778
675
734
1075
51
722
997
135
766
528
72
325
637
972
576
676
10
543
974
232
345
269
736
437
484
834
951
761
259
363
208
20
315
929
336
151
291
694
541
828
1067
348
281
349
881
788
50
385
854
255
1013
209
446
161
265
222
936
346
952
94
1073
382
53
316
927
1056
426
1023
261
631
447
404
164
759
351
5
657
563
26
496
674
940
841
157
84
994
247
730
942
700
181
99
862
1030
212
310
890
107
91
548
634
335
274
410
813
711
98
350
910
180
982
614
18
248
564
1015
355
392
347
300
963
1036
198
748
882
1005
96
911
184
606
108
772
903
418
457
290
480
201
239
34
710
501
697
950
456
41
87
342
935
579
1035
808
145
587
648
668
1
1014
95
659
918
270
1076
16
596
858
743
114
460
463
121
611
381
367
704
462
887
280
771
173
875
992
934
945
800
150
948
479
776
1065
738
830
168
754
569
421
574
416
27
93
272
793
786
1001
218
900
174
930
983
869
525
137
658
1057
455
947
612
383
629
607
498
538
158
520
847
482
28
452
556
475
522
73
412
888
840
671
906
219
29
429
405
453
735
1008
1045
873
14
877
125
812
799
138
880
532
953
866
1031
605
645
925
756
76
969
42
732
949
400
600
154
959
1033
44
617
166
727
874
1066
127
955
516
117
673
61
585
599
241
1006
172
961
894
797
886
712
619
794
256
835
691
436
414
106
718
598
425
1071
602
159
820
75
503
689
989
331
1022
837
285
74
32
282
818
375
423
806
902
406
737
1020
871
102
120
544
440
398
508
169
965
123
682
1003
802
356
365
981
721
206
1009
486
433
193
562
1019
577
884
555
566
751
243
879
647
921
33
923
816
478
896
112
850
332
773
22
578
589
288
681
422
379
932
973
582
1016
661
220
129
872
160
917
865
370
413
252
639
999
860
140
1062
618
978
109
36
613
149
653
789
662
1026
849
664
790
124
128
246
293
307
341
628
784
25
699
967
329
240
521
424
655
3
372
851
334
309
610
11
317
679
284
221
616
1058
411
276
470
783
254
101
803
1041
594
509
305
289
1050
1028
686
450
897
260
603
79
924
393
898
891
466
717
688
451
984
561
432
571
187
908
66
941
767
531
442
624
916
590
609
1027
856
376
692
490
1024
822
1063
814
1004
1052
725
798
152
944
38
143
500
640
213
401
210
770
130
306
104
1032
295
553
745
491
485
111
435
848
43
230
729
431
13
65
257
57
155
988
402
231
494
473
77
408
1046
319
216
190
337
364
318
115
171
302
922
512
859
757
763
226
514
1074
774
976
539
153
368
526
696
303
701
510
444
15
889
40
787
709
768
170
360
635
39
47
926
1072
779
0
100
979
320
420
515
328
191
308
217
644
667
48
399
244
1034
530
630
876
119
565
214
781
454
497
920
141
1049
35
782
1077
31
296
176
654
760
895
762
267
939
998
202
567
796
427
905
551
683
415
343
6
919
30
656
118
535
708
833
527
636
1059
297
163
519
330
537
122
996
110
832
506
403
604
194
277
1025
249
253
235
439
1054
777
483
568
632
380
156
810
67
225
1044
821
469
583
807
769
915
215
518
234
1039
474
726
892
23
314
299
489
714
207
384
1017
823
162
907
815
720
395
68
651
389
185
731
954
741
227
116
251
434
1043
914
397
625
608
809
344
55
407
9
669
962
62
49
677
396
448
242
804
338
956
126
559
204
646
86
852
417
487
203
339
672
83
505
913
1037
1002
868
103
340
105
467
753
912
795
964
430
24
1060
1069
327
702
477
354
752
324
499
572
263
534
286
716
857
971
893
278
558
904
933
601
507
199
842
843
