2666
2362
8856
10253
9198
9561
7376
4166
2830
6449
5684
54
3949
2816
5629
5710
2377
2685
2755
6375
8927
5640
2780
1395
8658
1433
8459
1932
8928
9506
3268
2665
3522
4480
7781
5518
4706
7231
2967
9963
6090
4897
2088
6631
944
7645
3499
9444
6110
5033
6494
6476
280
2998
4422
9237
9889
8196
2918
4162
7100
3821
3011
917
3736
3399
9349
328
6508
5483
5502
5960
3554
10271
4045
635
1103
3642
7734
6038
9185
9371
6602
6165
2246
4600
6374
977
8932
224
5424
9526
2969
1643
1166
3425
4930
5057
5084
793
9445
8898
7953
7608
2556
2982
9574
1886
3984
2856
7895
9486
6092
4629
2188
3527
327
8203
7768
3695
5043
9939
10109
2938
9883
2023
5011
6498
5370
1735
980
7264
3173
9507
9256
10456
3757
8906
3887
1561
6549
9803
4606
2985
8941
7641
2315
6913
7576
8030
6325
858
236
2453
8589
1839
6190
9245
3355
2988
4611
3495
9180
889
7596
4128
6361
10280
3576
10197
8088
9167
6523
6343
7087
2266
5464
8828
5820
1655
1545
5779
173
6863
9659
6266
5079
9017
2625
4314
10568
4286
7115
7858
9633
9472
6322
4948
8396
5844
7594
7923
6882
2142
7206
4416
3311
5559
6018
10616
9716
658
3665
5113
5007
8821
9293
251
4397
4499
2422
5428
10352
6933
3521
5269
4604
9013
5278
6790
395
667
5391
7960
6077
10296
936
578
1235
5819
3542
9419
7909
1903
8462
1826
4253
4631
9
7947
7558
3679
6357
8727
7249
1950
4861
1968
2803
3033
8622
5850
3390
1659
5060
1990
5573
6370
8669
6019
4874
6030
2029
6656
483
2500
7281
3577
5362
9513
421
9553
7112
9504
6832
3940
4467
215
1287
3263
3867
9715
1052
5061
8194
2406
261
10231
1183
3185
9465
2889
8028
2675
10146
10331
5114
2085
6601
3083
2794
4399
7935
2582
3211
5360
1282
7071
1629
5185
9603
10024
9239
1300
5998
6240
8631
888
6774
1425
9000
6791
2551
2230
5104
4817
847
8244
10328
5251
4666
1111
1630
3938
1806
2813
5432
1656
9597
4718
8623
926
9385
4380
3764
10047
6512
3395
7662
3444
5227
6891
172
294
5225
8504
6620
9339
9410
10500
9042
2819
577
5284
2958
9438
6974
7174
3687
4647
7678
6453
3540
939
7681
4203
3191
2328
7948
1202
1952
3767
9977
10404
8607
765
941
6600
9683
7651
8130
5357
7295
1740
6070
7650
6104
3233
4003
7597
5574
3226
9786
7309
9679
5022
1907
6666
5531
843
5082
1965
4650
2951
1865
7945
7886
3453
3094
857
986
9560
10309
5299
1611
9038
8726
4976
451
2395
9981
8702
7520
4514
3709
3208
5407
8303
3639
8942
7713
2795
4562
735
168
4632
8579
7311
112
3122
107
378
10440
8087
10448
5545
5385
3897
10257
7521
3889
1265
1061
8808
3603
6438
3525
5949
2059
8219
8009
7514
9570
6174
4800
687
10329
2592
10608
8160
2708
3595
9194
4762
9740
2190
5950
1638
2148
10001
3461
6284
6754
8991
8745
3669
4605
7557
1566
1906
6804
2709
4830
1716
3217
10157
1899
4334
209
9047
806
8525
1370
3678
8892
8412
3441
5050
7473
6207
4716
6312
3242
6192
409
8529
9319
4898
9315
3407
3236
4469
9429
5075
6265
3289
9373
9547
170
8959
6365
10596
1521
5938
2224
7022
7973
2411
3551
772
4369
5526
654
7763
1679
1100
532
4504
4579
3198
7085
4349
1696
39
3238
9693
3729
1984
8696
7526
9408
7964
1091
9275
8147
8339
9150
1240
2192
5975
4456
7453
9608
8172
831
1602
45
7567
8431
2746
1674
1875
3063
3650
10243
8989
4367
4739
2671
7398
2724
2648
526
663
9152
8843
982
3730
8498
3493
8315
9359
5240
5521
8108
7303
10110
2487
4429
2296
8452
2942
636
6426
5267
1853
3292
3366
6253
6075
3029
8342
6942
1615
7774
7207
6999
68
5987
4433
7052
2495
1662
2786
6780
2474
5122
5913
3097
484
362
8397
6326
5643
6580
5421
5384
4728
7988
6394
862
10
8010
6436
7436
4998
879
8800
9041
331
3056
3720
4665
2574
6798
3190
7648
3420
8290
10411
24
341
7949
8605
7437
2158
10487
747
339
6892
4662
6752
5667
4917
5652
4160
5320
5449
8406
1751
5106
5203
9800
2134
10529
9473
7660
5594
10353
6086
2738
5751
7346
7179
4664
4736
9671
6171
6868
3948
4929
6931
3800
2109
8018
5337
9049
9922
1733
6273
2984
3384
4090
4458
10118
10099
5307
4263
7505
3437
599
7522
7727
9914
9240
9043
3816
822
2881
7543
1555
4209
650
8583
5988
8763
10469
287
1189
5696
2531
10613
2901
9811
4323
1181
8934
9109
1754
2155
1774
1123
9249
2123
7094
7723
4837
1393
6847
9823
6078
1837
3258
10325
4915
6020
9656
6846
5259
6509
9641
2086
4118
4637
1623
2839
4419
5672
8180
6117
2968
3785
3359
530
2080
3452
701
366
6487
598
1792
6149
2682
4173
9016
7347
2892
3223
4914
8439
3058
3506
3018
5099
7837
1364
8936
8545
9967
7612
3064
867
9787
6510
8076
1023
10171
8517
2132
3533
6195
2663
7611
3708
2764
5038
5755
3421
267
3546
2072
9606
10627
7141
832
4752
6723
3389
8719
1369
8698
705
8163
6286
859
2111
5472
1448
2041
447
6915
5291
8024
1392
1200
1304
2697
1177
7374
4261
7458
3102
2510
8537
9558
4094
7218
2460
702
9915
9595
6755
7471
6094
1871
8980
4309
10555
3714
7357
3904
1165
2049
8387
9611
8946
6880
9397
3317
1308
8854
7224
2805
5935
1803
7861
8967
7646
3129
2481
6336
7575
6100
6831
92
6565
9329
6464
1780
7119
4927
9034
3766
9653
5718
3648
3851
7480
4592
5242
7600
2718
1722
5973
5554
1493
9692
10422
4476
5368
8807
645
4048
2888
7236
624
3699
7692
6291
3299
3107
9539
10209
1718
9100
7088
6848
9115
2503
5246
8523
2172
4899
36
1941
5568
6613
700
5219
4494
8373
7872
3659
3619
9117
7153
1775
10235
7695
6133
1259
2463
10071
96
4963
9614
314
1397
4848
5023
9624
1889
8709
50
2015
8301
1876
9317
4280
1483
6262
8479
9230
5577
5599
6085
26
7735
3666
9243
8910
3282
9583
6227
3408
9370
8060
2961
2715
8735
7090
8152
6315
5635
2183
10360
326
616
2141
130
7047
3203
1141
5588
3418
41
7664
8190
10210
426
5482
1777
491
8159
5345
338
9699
210
8574
301
6258
737
4032
3080
7671
6396
5520
2873
6219
10619
407
7451
6405
1669
998
1983
5934
8486
9670
5587
6161
2980
4745
584
4408
7553
3498
9765
2065
5427
6917
10524
527
3435
5889
1150
5816
3684
5097
385
753
8275
4626
6823
7683
3040
1770
7515
7738
2374
9816
7429
8164
6341
4783
4448
383
8448
1993
2704
4232
6634
2220
933
3847
3953
1585
6936
6975
7877
1958
2447
473
10527
8487
2249
8835
6137
1791
7818
9669
7123
5237
5664
270
7040
9443
6577
2197
1811
4876
1147
2010
9901
1807
10442
3999
9361
8187
7647
2549
3147
4826
5369
2231
3614
10543
10359
8786
4996
9556
3200
4968
5485
9212
4325
5335
8542
2636
10304
3582
7907
7051
3680
6276
6066
3406
416
2444
8483
8524
5249
9578
6716
3500
4396
3419
10148
9493
9528
8042
2035
2524
3691
7169
7259
29
9476
9754
1570
4054
8148
8846
1642
3956
5200
6113
2853
7156
7574
5757
10029
9854
3424
2651
3092
1863
439
6588
3817
4911
8819
2445
9886
141
4000
375
4193
6455
2222
1001
8420
7012
10187
7537
477
602
4018
3383
9462
8966
7857
10059
5967
8047
4608
9066
3655
7672
2156
9083
3921
4774
8414
7145
2258
8254
6573
9480
9755
9029
10566
3136
2639
1856
3474
5004
8981
5767
5540
727
3450
6016
3403
7461
4311
3262
5093
9741
820
2349
6244
5491
4150
5740
147
7162
649
2064
10455
10290
8677
7863
528
5702
5487
3850
7046
2469
10307
7579
4108
4093
2473
6404
6562
3818
2484
6048
1065
2957
10164
75
681
9567
1593
1253
6280
6857
7439
9048
8265
9082
1252
2854
1460
2223
8839
8485
9852
5455
661
3558
7474
5198
631
9222
6351
4942
7208
1004
9756
5845
2974
3802
2814
4084
3893
6511
8683
829
2913
4565
6228
4602
8874
6017
6955
1503
3788
8672
9848
8885
811
7364
9456
6428
7267
6593
7758
188
9751
2353
6376
10014
744
571
6248
8982
7556
1522
3809
7787
5158
2614
1385
6212
4617
6729
6196
5364
6653
4337
2562
10539
558
2125
6187
8417
5008
1590
8382
4382
442
5184
9530
1823
8507
8424
3283
8035
3412
8161
6176
7655
3128
7272
5015
8488
539
5136
3116
4206
9218
9411
5392
5918
5735
7290
540
8656
7352
4348
2034
9920
945
7929
3913
5481
2694
1129
3464
591
3426
3099
4501
8964
3131
5343
4512
7902
7129
1368
6698
6425
4366
3010
1601
9342
7363
3312
1672
10056
3108
7711
3649
9087
2778
1458
7059
8546
9774
7896
8924
5316
8104
8354
3089
2475
9331
6632
2026
1324
3243
10216
47
1685
6422
4351
7915
9207
8345
1725
1301
8082
3676
652
9224
6583
4088
8443
6564
1979
6099
5721
4877
5103
8561
5995
7629
8919
8215
10451
4527
2966
4581
4079
226
7693
1444
315
9085
10144
3916
403
9844
9968
9482
9318
3045
8189
2683
257
5876
6642
2241
8591
6822
9865
7176
9179
6492
6742
8423
1794
10349
3508
5202
7139
9142
8969
2489
2948
8116
7133
909
5442
1305
4473
2187
10077
4853
9538
4884
5928
9952
7830
8268
9368
10020
9712
161
5656
3463
9372
10365
329
6150
5715
7233
7969
5042
10195
1598
5671
9089
7917
760
7152
1473
7898
8239
10478
1603
3422
10489
2312
6879
1356
6944
6429
7899
7634
4199
1278
6630
2202
4420
4251
574
6021
2291
336
9204
5440
2621
4235
4293
5308
9732
782
5965
2991
2345
8512
2792
10249
3503
5670
1724
465
10351
9512
8736
6672
9326
6591
10066
4432
4641
993
31
2418
8836
3125
2008
8492
844
4860
2960
5435
10521
10536
5390
9421
1041
10177
3342
1078
9063
6550
3448
10049
286
9778
10406
1296
7016
3237
8375
7275
1573
1069
7465
9030
183
2236
536
8767
618
9760
4493
4275
10356
8085
2301
586
6167
4709
2491
9149
8945
1864
8920
7753
4805
8834
8770
6650
9450
5028
3760
3915
1374
5610
1051
6836
1
6141
5450
6771
3935
3372
3438
6178
803
2478
4832
5791
7353
1517
86
6235
2512
992
1648
3457
8023
4038
2611
8206
8988
5547
4822
10274
6384
1898
10537
3566
4255
6238
6958
9545
8847
4186
4589
8670
7918
7222
4799
1459
3379
4802
10357
1362
10589
538
4773
391
5393
6738
1085
6320
1332
2558
3713
1929
4285
5077
6367
2997
2934
8471
6337
5989
4892
10255
5836
4126
1227
6122
7754
6540
10010
9762
1394
497
4122
5676
76
8868
1145
1762
3113
9330
1960
3446
5014
5564
4042
5215
1325
2370
4730
4411
10183
710
8084
9290
8757
510
823
10041
3710
9195
10036
10038
2779
3814
6277
7625
8093
4178
2714
5387
2921
515
3661
3101
6358
1007
7367
9966
7893
8228
3302
7171
5116
4319
4227
8916
5606
7696
5811
4327
9691
4015
7843
5176
109
1228
7255
4616
1072
5117
5359
6635
5528
5940
9626
7031
9460
3931
3755
8133
4086
6047
146
6490
1891
4693
1926
496
7414
895
3926
10288
2842
9727
6548
4717
5214
4188
5230
8308
2850
2911
5857
9146
6352
1035
5620
5494
504
2028
9162
7020
5420
5853
7965
6074
943
8438
1893
7639
7441
5829
10444
2293
6992
2342
6839
10520
3433
8091
938
9605
4460
10609
7395
2239
8673
4939
9267
718
8780
6427
8915
8367
2504
7485
7044
9056
1533
3706
6272
7668
7780
516
1247
10618
8551
8350
7769
5301
4526
4618
8432
7845
6683
609
5877
5917
5529
5127
3388
7055
3672
2429
8875
4152
6717
9951
1406
4236
10189
6025
6677
2011
7888
8855
4928
1102
6947
357
2506
7324
4200
310
1708
2075
6938
9261
7994
1976
2589
1872
7412
284
7382
5730
8267
5563
4065
776
3903
4421
485
2878
3682
3902
3646
2655
7000
1597
2658
4583
1146
10495
8272
5705
9292
8368
6994
10598
8960
7549
8427
8494
1130
1637
5365
643
6169
4383
927
1846
6928
4345
268
597
5128
3660
9177
3318
9156
9907
10409
10094
5807
1547
4511
790
6112
6221
6987
4891
1435
9810
186
3517
6471
1967
291
1852
9405
9784
8184
4266
8877
2840
10499
8341
2331
7481
9962
7478
5401
1618
1516
7989
345
6644
10084
9770
10364
10315
3573
8675
5607
8817
3812
6910
5400
2168
8263
9121
5699
7340
952
7080
9020
2117
989
4435
546
3182
785
2990
4341
1144
5760
459
2630
864
3100
5283
431
10074
5892
1442
7140
8955
6875
6799
252
4700
2354
2131
1482
9166
3852
2684
2976
2476
4560
2095
2116
3078
5833
6210
9979
8781
3363
2898
4760
1683
340
6143
5625
3892
8600
2555
2340
95
3316
2631
5961
1118
1251
3516
1086
9602
6281
544
740
594
8075
93
7512
10468
5982
6914
6431
8824
581
3523
1534
7198
5070
3808
5041
3726
8649
6658
9139
8823
5094
7196
720
8048
4031
4344
7595
10275
8957
9316
2953
10388
3051
2640
7057
761
220
7455
9973
5980
6761
522
547
9003
9032
1472
7747
5168
2151
6097
7086
8386
9279
6050
5654
8567
8549
6926
3933
5618
1769
9503
5692
7950
10270
3414
6185
9596
3047
9025
2868
7622
4547
4112
62
10264
4696
6321
4625
1922
5247
149
5848
8135
5403
8751
1334
3963
2316
8310
7238
5589
8947
412
228
8460
3166
1344
5619
6728
1352
6045
8764
999
6694
5803
6065
1272
2294
792
8570
8611
890
1604
2610
4298
311
10154
722
8971
8521
5154
1455
4395
6283
10462
7938
949
9110
4812
726
2525
1697
4711
7096
1501
3586
10112
7005
4595
1882
5920
10540
5662
9953
5139
9588
10310
836
3023
3077
9675
7958
2318
5244
8710
1921
1719
4791
2376
3742
8615
8041
293
8562
2093
6571
4352
6308
8081
4732
8246
4230
6469
7342
2723
2393
2769
10366
6188
690
8320
2102
7343
3693
7146
9108
4786
3376
8259
6819
2078
9255
1579
9252
5516
7828
2686
6695
3254
7302
10103
2018
5842
872
7268
5396
7525
6052
10445
9826
2232
9795
1410
2667
5110
6491
8963
8011
959
3703
8950
2494
1201
3553
6378
7008
115
2055
2761
1632
7511
1732
6001
3751
4646
4224
1020
7914
3961
2528
7539
6412
2837
965
6866
6439
1646
6205
9524
3774
2420
4806
9510
1474
10199
8102
8923
1415
1847
4168
9970
10169
3035
8933
7113
7930
8321
7377
494
453
8021
2654
2727
6530
7982
9645
5161
5100
2979
1267
2590
3487
1513
9277
4655
9766
6064
9872
3224
1848
1726
1502
1194
5509
10336
10453
8612
1340
10547
2351
7457
6867
9369
7033
9722
6294
3127
5747
3750
2180
3924
9114
7068
9814
5119
9495
5302
736
3189
10003
1748
157
5351
8213
7977
600
3170
839
7957
3667
5544
3545
2568
6377
4769
9850
3909
5315
8559
9500
5679
22
1404
5058
2726
9687
6688
3140
83
10192
3486
7300
6707
298
2617
4441
2557
5132
1552
116
4216
2900
6175
3815
3860
3568
6073
10086
8201
9880
9018
660
3341
4997
8911
9773
1402
9340
1831
3310
4636
1157
1441
531
6400
966
1966
4486
4468
7464
7450
9191
579
9044
7072
3501
3919
1438
7448
5035
3718
10472
2649
4949
3401
2863
6673
7565
9918
10558
1416
3641
3869
633
2925
3209
10385
2226
4659
1288
6903
5443
8599
2104
4069
4944
3072
8657
9289
9534
2305
5220
6608
9135
3845
1336
3031
5338
1294
6257
7573
6155
1384
3048
7081
2785
8588
4692
2352
7670
4991
6645
7469
550
2126
1399
263
3599
8250
605
63
3430
3468
8331
1778
5188
3735
7559
306
6638
2818
7582
2623
10623
5985
9200
9221
513
3524
6327
9708
7307
7570
7725
8629
259
8472
7122
4854
1817
10119
4103
3520
10080
10591
7933
3207
6342
8413
8359
2579
5062
5426
2515
3962
9685
2801
1962
4568
4910
3952
9876
8689
1582
2541
1841
5304
8343
2777
9007
6168
4757
3906
6865
1654
7884
8655
177
7355
3280
1133
2383
3050
4810
6912
1012
4256
79
9990
2146
8925
5199
6160
6597
2600
6080
3485
8107
4328
6303
8878
179
3510
1186
4452
372
5823
5630
6329
5556
7978
2449
7402
7795
2359
10535
2702
9516
8142
3848
6031
2817
5452
5666
7192
5260
4158
10017
7338
8752
5053
9037
9199
6264
7728
9433
5511
3662
10039
6173
2136
1945
4566
6339
9619
7124
7204
3443
8032
9107
564
8223
7552
5498
4357
6545
6596
2403
1974
1859
8109
7266
5232
7791
6403
3214
5888
5567
4455
7755
25
9654
3579
1275
1564
9459
8652
1909
7003
7679
2355
2944
7530
4931
8197
7578
1207
5280
10496
9904
9572
3560
4695
5383
838
897
1671
3896
5330
2858
269
6849
3756
1819
9987
5143
615
2822
6088
4523
7042
6000
2037
9748
1595
5334
6314
1825
4364
3811
7605
9004
3109
1828
7913
6659
3775
72
9254
2191
5434
7394
6216
696
8708
8080
6369
6988
3799
5621
1373
5821
585
4134
7764
6676
4958
8243
4767
5951
739
2844
2896
5775
285
7007
3315
6477
3192
2372
9551
1391
10259
5881
7517
1684
7979
2564
5972
5322
1550
7998
4533
9494
6946
5279
10040
4426
5884
6179
3044
8990
2002
8071
4428
4340
7937
8573
8949
9140
4610
7243
3415
10042
9417
8972
800
4538
10425
5717
2923
10287
733
4482
8177
1919
684
8458
6079
9406
4374
9483
8077
8357
4355
9863
9821
10057
10337
3370
1536
8278
853
6170
6249
9120
8556
5908
4289
10526
5993
5964
6285
10399
5804
3552
10161
5527
1089
5419
1143
8568
4167
9291
2278
2656
1038
8905
3349
182
2527
5701
9586
8481
8456
8181
6566
8832
7241
5644
8722
4196
7160
10281
4198
8234
6898
7312
1149
6535
4169
4071
9934
6555
6756
6945
2047
5433
10276
9694
5031
9997
5636
723
5787
4050
9721
5265
2572
1049
4588
8068
9059
3400
9868
8209
8717
9103
6579
5311
9141
4026
1509
221
10459
6459
6181
3731
8112
10528
4109
6411
4534
3168
9387
4197
6721
9584
6152
3870
8718
9393
5405
9622
2946
5394
3670
1745
8389
1488
3894
6920
1241
2741
8399
882
2255
4923
5865
8440
4213
4796
2849
2325
2407
8473
1508
195
9874
2773
8401
38
9062
8128
7731
2257
3528
1861
5729
9128
3591
9881
3205
3151
3908
126
2566
6900
2177
8632
10283
646
5372
7803
5814
10400
8053
2281
3440
5513
7532
7563
9995
7028
5469
7211
3988
1092
8543
7636
7580
946
1782
10067
2540
5447
1897
10624
10394
8667
1446
7229
10006
1154
10212
5553
6986
3769
6213
2807
7423
2762
1640
9650
1592
5742
3015
4131
7959
4749
5471
7076
8309
4029
9072
425
6015
1225
10339
6824
8842
3781
3025
8092
2537
8904
2043
9176
4747
990
2057
7592
6592
1915
5186
1860
8054
942
3842
5768
1230
5977
8140
1569
4179
5843
8881
9737
8608
8986
7687
8638
2632
7190
9601
6231
4811
7748
8560
3759
9859
3900
5533
6872
10585
8527
10261
8676
2993
9775
8195
6106
5461
6259
6209
9053
10160
10607
7406
1412
1088
7854
2470
2891
7223
10556
142
4270
7409
5874
6558
1346
5047
3477
6103
7694
5852
5446
5486
8469
5923
5548
6648
850
8191
7993
1262
991
9281
5894
4008
6581
4410
3115
2181
9125
6654
2138
937
9682
3130
1243
607
7912
9946
3996
6559
2140
1327
9231
3878
3929
6131
10106
5571
4294
8000
10037
4964
5148
1728
7685
2855
1428
308
6825
9454
7606
432
1434
206
8090
3658
1462
9579
8695
5688
4614
1010
8760
3776
2603
7191
10554
1500
521
781
2605
8621
4242
2295
3087
6356
10567
4935
9665
3593
2333
9565
2152
5339
219
2440
5617
10034
9576
4775
1329
3855
4181
1019
545
4857
1525
8788
9312
6800
8281
5137
6816
4159
1651
10240
7454
7773
2501
9134
9878
2390
2280
6830
7614
7256
335
7823
5501
5228
1700
3972
837
10234
10572
2317
6812
8625
3454
1878
4402
9217
9362
7547
10573
4161
10603
9610
10061
8371
5576
167
9497
3005
8584
5150
7142
10278
7941
3164
10284
10322
5021
5276
5575
10407
9849
10211
6081
1820
304
7265
397
787
9948
3139
6808
6157
5752
773
3016
9647
9998
3290
8111
593
1815
4358
5895
4244
6218
7194
4503
7327
5495
3229
6163
6475
6333
244
3104
4333
5473
8503
1171
222
8167
4049
8526
1587
2499
9777
4
8457
5048
8865
2106
4723
4388
4362
3041
1553
9839
3467
1466
6506
9666
7603
4984
7618
8680
8149
4758
8119
187
3634
3187
3801
6702
3148
2634
9562
140
9484
8976
5095
7487
8700
4828
9830
4354
8186
7786
4465
4120
2382
5436
958
6392
6241
2285
10449
6625
2452
794
5854
7127
8773
1559
9311
9809
5837
223
1045
1746
3602
6951
9980
756
6990
78
6125
1912
8121
256
4495
5653
2971
7381
4594
3758
4966
2244
9700
2935
919
5076
9160
9412
9202
9649
9782
5229
6621
5027
4731
2334
5088
3354
2887
7432
6435
7848
5373
1196
1096
9390
503
8799
1203
2091
8049
7794
1256
4988
2763
8388
6528
3171
43
1520
1690
4952
8616
4894
7483
3697
1877
1862
10279
955
9801
58
3763
8188
8796
7054
8264
3075
5080
9568
6858
1400
1451
10391
3167
1717
648
4110
10149
1771
4338
6789
5770
8938
3955
6997
923
10509
4281
4089
2174
750
2983
448
947
8158
8965
3979
1210
6622
7717
8637
5317
5812
5096
565
8337
9449
3017
9325
5530
9600
601
6202
9797
10220
2365
4254
5187
6543
3423
542
6589
8304
8659
8814
7554
614
7726
7415
7838
2775
3071
10419
482
4135
5709
4768
4303
7493
8713
9822
1689
533
5613
6845
6461
7460
9903
66
5772
69
713
5869
8398
7383
2179
2931
7652
9192
10238
1709
2823
3737
10081
1050
7583
3055
8063
4759
3460
7875
3987
1691
5264
6883
4537
8791
6890
1310
8958
7981
1868
582
659
5776
2366
5001
5905
4668
7136
5954
3531
4770
7048
8888
1546
5470
7709
10463
13
6708
8390
9831
4685
6725
7551
1505
10501
1245
833
7771
10480
1639
6442
1591
10346
2050
10561
8762
208
1309
4392
98
7286
7306
2400
8728
7757
5476
1153
4970
8693
7262
9935
4019
1758
5992
10347
6206
5948
4477
5926
5389
1670
5142
7800
4921
7297
7867
10051
3686
1894
4478
1471
5055
4532
2608
1575
10194
6646
3284
1538
8245
7399
3212
8831
417
1419
4265
5026
8173
8453
4239
5690
6874
4972
4201
8783
5056
7293
5144
7089
5953
6254
5765
5182
10417
8765
8506
8790
8131
1682
3380
6058
1698
5523
8455
3519
3328
6485
9354
282
2279
6246
6905
7201
9386
3856
5899
4317
5040
3490
8707
7435
9407
7079
8316
3459
4140
4684
7039
10464
9768
508
1867
7143
3353
10100
5714
2542
2733
7021
7873
1542
6159
1895
1239
7315
2669
10383
2250
9785
9779
8535
8008
553
2326
10594
1678
9285
3053
10241
5115
3195
8347
1953
14
8691
10153
6230
5941
4661
1614
9127
6318
640
653
10319
8690
2482
2455
9593
9101
2145
9541
9925
3874
1064
4578
6493
347
9841
3019
1827
3269
6089
4640
2833
2040
8299
9153
8954
4689
7901
2661
2793
4423
10247
7870
4947
9168
10303
907
9102
6251
5738
1757
3385
692
9991
1380
641
7339
3559
8838
9229
1426
8723
9529
4407
10178
4500
8139
4030
4496
1605
1126
8193
8908
2771
4836
9225
8083
7702
7720
3910
10097
3914
6881
3352
4212
4649
205
9879
8716
9270
8738
4005
2074
7770
8222
1549
1766
7232
4630
184
2430
6835
9833
2185
1896
10173
6126
2835
3484
894
995
8853
7604
5025
3753
169
2644
6274
873
3221
7345
7228
2300
9024
5586
7018
10223
9993
4733
7002
1036
6763
4883
370
1840
2254
6671
211
5287
693
10446
9617
8620
5681
6319
6533
8706
3739
4377
1298
486
9158
8510
4657
3958
10546
5508
5901
6359
246
4922
6413
8891
9458
1949
154
488
5555
3405
444
5002
3152
3360
2890
3796
1676
5704
2379
8318
3768
5893
940
4305
6401
3330
3864
5835
5689
5361
332
1874
10428
1140
3711
9178
6961
4901
3397
1087
5789
8061
2479
4596
1090
868
9345
5822
2321
7897
7099
4878
3822
2200
9363
9548
8851
6004
6557
1307
2256
6260
7326
9621
4864
5504
5238
4076
5067
5418
4643
2877
1822
6893
7777
3725
6415
2547
2834
10421
2895
2768
7690
6279
3009
665
5105
434
7631
5522
9163
6718
2577
1584
6895
9138
1626
2535
8929
8686
7827
2576
5006
8015
8530
2567
418
3959
3249
7253
9996
7061
9236
8289
4062
3514
1125
3039
673
1688
2094
988
6657
7356
7026
2358
7494
551
4353
5922
6921
7184
8513
4001
691
2264
7665
8348
9210
6860
1014
827
4658
10242
7334
7419
5957
3694
9208
7134
9909
783
7407
5856
1627
4365
6416
7027
1954
8772
6964
6690
8641
896
9592
8380
2228
7871
2459
3587
6537
5292
1720
4691
4391
7566
2283
9251
881
5855
8704
1765
2343
6393
6996
4300
3882
5170
2633
4746
4946
9532
8338
249
8283
232
8151
675
3387
8681
900
1342
6129
6864
1511
567
4013
3076
4697
7802
144
3184
1844
5406
1628
1695
7351
5958
1456
10614
7653
8844
27
1609
10443
8182
4953
4464
6810
2458
6769
10402
6785
7790
3255
6483
6691
7285
6368
10180
9174
5503
804
3199
3835
6355
2914
7931
5438
6546
6042
8405
8884
2747
10498
5947
9535
10348
595
9870
5325
904
5764
6950
8997
7628
957
5580
9660
6834
10563
8118
5262
6495
1285
7820
5052
9799
969
2502
7976
5731
6640
10248
7103
7230
324
321
7577
6102
10550
4919
1588
10621
6922
1677
10510
826
3346
5425
6984
1242
1297
1644
423
5665
10143
10181
6363
5986
10184
10605
4036
2870
1608
4492
7616
4418
10574
6792
9928
5181
5759
2048
139
3824
3445
2554
3712
9250
3274
3727
7946
10064
964
4688
2135
6310
3060
2389
373
3526
912
6147
4531
2670
10028
6366
2710
5616
5539
855
3884
4979
6006
10218
4924
8284
1486
6457
3194
1995
419
5633
525
2289
3373
4269
3020
5112
80
801
6551
9323
10166
3234
2195
694
975
3398
9798
5912
8801
6060
6408
7633
8286
8470
9235
4474
4823
9169
8682
7932
8541
7840
1389
55
1158
7894
2705
10420
4833
3386
10415
5875
2394
10441
3120
717
2847
7900
7718
9926
10575
10601
5968
704
5736
10531
4920
3215
405
6968
5399
2417
1161
6547
2071
10262
6838
2167
9681
4306
4189
762
1276
2405
143
8861
5213
7992
1694
10168
5903
10125
5153
9739
5009
3024
9298
2273
4466
3846
3
1526
194
1330
3965
7995
7128
9424
7835
622
4228
2108
2310
8464
8496
7519
8314
10569
8031
7724
6068
6714
6424
7470
274
5936
6115
1681
8307
4078
319
5497
1299
6801
1388
10559
7527
10172
9074
6609
2225
9856
355
5196
8127
1981
6002
5911
1487
7202
5515
4157
4764
4241
6587
4554
552
5478
2263
4945
2852
2604
5223
8274
3605
1920
869
10135
1506
2627
2274
10581
1281
8630
8636
9384
8937
1160
1479
2606
5551
5457
2324
9794
8285
10141
3307
5596
3629
5282
8273
10582
3862
2385
6969
7313
7506
9402
994
3320
697
10564
87
5758
8138
4720
9820
136
10063
9201
3143
1523
8363
6153
10021
9274
4738
621
4893
4555
4274
4585
6387
6852
10117
8150
5169
5195
10490
3119
4546
8058
10147
7531
4009
1476
9734
9468
3937
3090
9911
4307
9629
680
9720
1888
7209
7955
3245
113
9426
963
2297
9498
8809
3218
4102
5492
3807
4536
5942
9358
8917
1942
8192
8572
845
7817
8280
9501
1835
5303
4513
4100
5933
2742
7699
7177
9896
8312
8097
9154
8333
8830
9322
3176
7354
915
7371
10043
10390
84
9265
5645
7019
1924
5827
2153
3069
8020
5089
5535
8027
3059
8901
9933
2569
1512
5130
2751
3065
5255
5377
6046
3232
1810
8029
2421
48
824
7714
6963
642
5036
8344
4816
7831
5834
4246
8057
4652
7251
8628
3905
9824
9585
6598
7767
6821
2308
4024
3082
6208
7808
6670
3197
5499
3843
6655
6201
7114
6711
7025
8335
3950
8295
3225
6120
3570
4660
3235
10008
3689
10436
9111
6595
3688
3305
4687
6140
3110
4447
10018
6935
4744
6554
3042
1255
2462
4679
10107
2003
6005
1977
10373
4434
2070
2970
5466
1842
8482
5234
7159
715
8999
8365
1784
4475
8369
10423
4761
3515
1170
5870
7510
10150
3861
5064
7246
6013
556
8493
213
5883
6693
2129
10132
102
3868
9005
5663
7990
7691
8594
2707
7528
10116
3021
5952
6552
1572
1048
6887
2286
9958
7666
1737
4981
5444
1801
1033
9219
8750
10136
5430
10286
8402
9955
4841
1439
9825
4137
5915
676
32
825
5290
8534
3715
9303
4258
9726
8501
10384
9045
1925
3456
4872
8634
1277
9374
8742
2691
10162
10219
159
7069
8036
3588
3303
1969
9351
2182
1290
8144
1911
1077
5924
2936
8311
3572
7400
1836
2781
5861
7215
8410
9145
279
2322
9437
6033
5490
3377
6502
2329
4863
1022
4868
10530
9950
5102
6930
6536
2309
6876
2530
9071
4017
7157
3046
9867
9523
1490
644
9972
8120
5037
10176
2171
9116
4698
8411
6093
1363
1768
6862
2105
7878
10016
3134
2725
2019
6203
7789
3483
5147
7925
1808
1348
7107
6704
9932
7301
9391
10115
880
5976
2538
8141
3993
10473
2860
6982
10523
5352
10092
9758
1021
6976
6295
7082
3502
5858
10224
8240
2415
5939
389
7362
2595
5366
8857
2335
3880
7149
8446
6663
6044
670
688
9398
6414
10374
2426
6614
9804
2451
2643
9284
4621
9011
8463
9172
2514
1498
4820
2193
4148
7244
65
4430
8590
7564
7317
1873
5624
9508
6130
7271
5750
5474
3556
7815
4453
492
6985
9564
7166
413
348
1951
576
8276
5300
7308
2238
3091
7759
2772
3231
10142
5628
5500
5799
2571
3350
6735
367
2067
4002
9555
4058
2160
7276
4789
874
4707
2516
8072
7924
9710
588
8251
7626
7220
5707
8699
3085
3054
5463
7248
10134
4151
2965
569
1037
10186
2740
4940
8879
4438
9875
8497
6972
6585
7746
4835
368
1449
4916
3473
2272
7197
2677
2120
7214
5773
2977
1635
6689
7812
8064
6448
9469
6293
6255
7919
9549
9924
5310
5698
3604
6993
6222
4619
2720
4671
145
4111
1744
1264
6901
6712
637
8291
7700
10129
8922
2498
4156
4742
1134
719
8270
2240
1311
4858
2398
2016
3922
1795
8236
7242
6734
2915
6575
8129
8117
10553
9891
1205
9137
3738
2164
9399
8613
8324
1905
1071
7349
1082
2950
127
5817
1066
5218
777
6983
6432
6054
8897
3365
2587
1565
7173
4978
6139
1991
5970
809
9187
3396
7545
5145
4308
627
2872
5024
7546
2815
3374
10414
40
9008
4704
7446
1339
6720
4612
1850
4132
10467
7881
1398
9073
1193
8004
3989
856
3073
9591
7523
8101
5969
7102
877
1220
9428
1858
10127
5962
9520
4205
5441
2646
1365
4889
7030
3898
2410
1812
3740
1973
7627
5429
9246
6128
2214
6869
3617
9077
8694
7372
3723
6538
10155
9533
4027
5659
5745
5107
8606
1997
9919
9389
5271
4815
7508
2428
7841
7732
3378
10075
6225
745
406
8797
4371
3638
478
4389
5966
6514
4243
9668
9812
3877
9763
5288
3981
2208
9310
5602
4961
8593
7126
51
5994
3432
3488
9661
1073
899
10522
5713
3653
5778
9828
8122
2492
9989
7744
4887
6296
10193
243
1838
6443
6773
9155
3543
5524
4862
3652
134
8214
1461
9133
1405
2874
5367
5514
1108
4105
996
8204
1957
4210
2234
8792
2442
4291
2943
10450
8044
4444
3382
4147
5285
4638
9581
2560
1387
7538
5358
7974
499
7486
175
9400
9759
4645
6236
9835
1057
3674
8961
2205
4635
1223
8026
454
8576
5340
8769
7970
5805
4771
6750
10263
8052
4346
8899
137
6953
10506
5212
2087
2744
1705
7221
9557
3707
7050
7045
1686
8202
2357
3482
9638
214
2532
1067
4502
1982
5720
10140
4457
9276
4485
2464
9123
1261
9674
10300
466
3253
5209
2461
10551
3980
4023
9738
8939
7499
4061
6267
5637
5020
3794
883
4880
6027
3536
6710
4907
10508
8585
7676
8582
798
9818
9701
6109
3252
1786
7226
9965
6316
8256
415
4676
7793
10070
8179
5536
2304
4372
6803
5231
4719
6223
5956
3581
2721
4014
4956
1723
5925
1360
9910
8384
6010
10580
679
610
3969
8777
1060
8300
3584
8640
4443
5708
6423
6268
5413
4609
4557
2248
852
8903
8069
2101
1606
227
3772
10438
6855
575
1600
7282
587
5506
7939
9537
6971
9365
7504
8025
5784
1832
7906
5532
9789
4035
349
5411
10111
9203
1790
9505
1558
6762
3272
2916
9983
7987
1417
8428
2062
876
8478
2414
5831
10502
4375
8862
164
10174
10505
248
9314
8012
2413
4359
5046
8434
5289
4297
953
6503
9238
2641
5074
382
9244
8200
4164
2373
4990
6239
2689
2112
6480
7689
5205
361
612
8037
7874
5847
6107
2829
3983
1851
4843
5542
7405
8926
10435
1515
3181
4406
6541
8732
8089
9095
3150
3081
1155
8872
5135
10277
7359
85
6664
6072
685
8115
4819
7105
3331
7067
1747
1110
410
5415
7017
10476
3026
6331
4378
1994
8313
8692
2543
10053
2729
344
8379
7459
6069
5919
2517
7101
429
7972
10511
8688
498
8598
9783
9455
9531
6840
7120
1432
5813
3930
399
7548
8178
9148
1246
4735
9057
8679
932
8319
495
6618
4525
1260
1470
6829
5416
7032
9181
7109
6802
2544
10330
7314
185
2657
4101
4540
5306
7719
7289
2596
6053
1443
3978
7745
6497
6736
402
271
6032
8944
3337
1413
4909
9078
10089
4797
8668
1268
8721
2851
8019
5243
6623
5087
10052
5991
7829
3409
1379
3946
6036
1970
7219
3923
4487
2810
6828
6056
7805
7095
5808
320
9183
10207
566
9616
3831
9091
9793
10120
8912
2154
797
10612
4121
970
6166
9461
6323
2706
5347
6626
4498
2926
8372
759
5790
6051
5324
1798
2416
3589
5771
5927
4130
3345
200
258
233
8650
7279
2014
2825
2024
10334
9858
9631
21
3306
5748
8495
5978
7431
3597
9717
6967
5305
6726
921
548
7943
9502
1018
4127
5792
6740
9718
9658
4804
4223
10606
5480
2032
8580
10293
4674
6966
1371
5932
6687
461
9862
2886
3513
7163
10198
8845
1350
7806
9598
3535
8340
4184
9554
7035
4187
430
6807
1427
10514
108
2063
7610
3479
8475
1918
6350
2076
5896
5140
5030
846
7064
2100
166
10335
6204
2276
3947
2161
8162
3717
2711
9086
2999
3810
7456
3668
10085
7305
7150
404
3227
1063
1151
8782
2674
3765
8734
2437
8096
4965
7299
2550
3724
1248
4142
5608
3036
8684
2534
9706
6572
10214
7332
318
9232
5477
7807
1169
10418
8992
2526
365
7213
8595
3534
6886
3394
10032
9023
3637
8651
2209
5763
6932
3504
6795
9689
7704
812
6071
8604
260
4238
555
2824
189
5312
5600
3066
4393
7819
2210
674
4795
10002
5190
5121
6709
8744
8953
6340
2119
6481
1198
3944
1317
1115
4424
725
9337
4582
9625
3733
7401
5810
5328
10317
707
8711
5381
3883
2103
2865
4290
10620
3557
9747
9380
4182
129
6214
7971
9396
8900
9546
4171
3675
7825
6806
5163
9559
7637
103
4072
8407
3945
472
7104
4082
8687
9921
7125
6873
8288
4722
5983
3159
174
7750
4886
9885
2784
6138
5623
1414
278
8174
6489
8730
9031
2972
4403
56
4748
374
3911
960
6907
8970
9143
9485
8619
5353
8418
8171
4343
5716
231
4471
165
5974
4957
4879
2465
297
10579
88
766
2282
911
10221
7472
950
6282
3844
8271
1829
7761
7686
6782
9984
9193
7852
7205
5780
9696
7654
5017
7291
976
5517
6516
7498
9338
9697
225
4751
1079
3301
4245
512
6101
12
4034
2561
9233
4813
7277
6977
1017
4803
5815
2930
788
8242
9376
1701
7360
2092
277
2486
2243
3084
1641
3606
9272
5866
7822
8943
9022
8220
7879
10022
5887
8442
6220
6897
5108
6091
6899
35
3561
1900
3281
6148
203
8454
2927
6519
7049
7922
1706
8433
6247
3975
2703
6353
7980
1128
8132
8105
6991
3722
3096
6305
4694
1322
2754
3074
1631
1666
90
6049
7832
1119
6441
2978
7378
6818
8269
2893
9336
7073
1741
5963
7384
8653
4793
4766
9067
2806
6418
8185
9519
4715
1551
3547
2378
3564
5329
2565
3960
436
7751
5019
2613
10201
603
9620
7905
8940
9609
9515
8441
5253
1704
241
10182
861
9413
6023
4624
8005
4524
8505
8731
6911
64
1931
10433
4284
82
3834
1080
8592
1610
2337
2748
4559
8748
8326
1009
4163
6452
570
4528
799
10232
7572
2964
8216
5794
8502
2159
8175
1421
1802
10395
3623
5743
4376
2522
8664
9898
1076
914
10104
9027
1761
9637
4413
9736
6450
1763
9475
10403
1477
2435
2288
1567
1457
10587
1431
8409
2096
10316
3789
6154
7716
10138
4558
3830
8336
2233
10023
10033
4497
2963
4932
4074
10251
7250
9320
916
4368
7422
3469
1175
1986
6250
52
7658
6675
1376
1162
2591
8571
2570
8674
9234
7864
4549
6505
3442
6706
3886
9890
202
9099
10158
10321
878
6406
608
7413
10479
2520
3133
6954
10065
9615
8249
8803
8627
8329
4663
8227
2752
283
6919
10611
9580
9019
1197
9259
10362
6904
2013
4856
2659
8355
4653
4195
6636
9352
5641
7535
4040
3622
3690
1645
10213
3093
8644
9213
6979
5797
4462
6242
6569
9464
7951
2811
3790
5505
1401
1192
7147
1407
5496
2144
237
1335
3361
386
835
4564
2139
3974
10305
6542
2660
5222
2480
657
8474
2157
9453
4339
6995
7151
6833
10269
10372
2229
3339
10228
549
2584
6539
1099
462
4055
6383
8643
8166
7189
8776
7158
9688
9517
9299
3160
2149
754
1206
1727
8489
6570
511
1589
2005
7722
3472
2939
1910
1528
1625
8714
7164
10079
8639
10371
6861
1136
7503
6496
668
935
4220
9959
2022
7434
524
8221
3340
2098
6878
7862
5634
2189
6544
4955
363
2602
8449
5583
7916
6132
1854
6410
7263
4250
3117
10345
4125
10426
1711
9161
5937
5156
7796
8858
683
8210
6826
2396
1237
9713
1450
3770
9081
1263
2904
9986
1998
1454
7075
6156
1805
7814
4204
3721
6360
6409
10378
6647
4506
5930
2242
8883
4520
6776
5651
6765
10355
9652
5550
3734
2827
8837
2446
7586
3175
8522
3518
913
7868
1159
7632
1987
2336
5769
9623
6057
5417
769
10430
10532
6177
1238
1124
8662
61
6307
4272
8586
7810
4598
10389
7684
7721
2386
5206
6628
1580
8062
10045
4067
9499
9328
6604
9705
3654
2743
5336
3626
9895
8499
3135
2388
6145
1540
8793
5766
2367
1355
9039
2485
1713
1755
9294
49
1578
7765
401
7015
2425
3327
1424
10525
9917
1122
5437
4859
7762
562
9096
229
507
2533
10229
10454
6775
6616
3326
5597
9360
4977
6768
4906
3512
5468
5734
4431
1361
4394
8322
4847
768
9055
7736
5263
2456
8508
8739
3314
3392
10412
3210
8518
8146
1855
4561
1411
6556
775
9206
3062
656
4993
3043
8558
6420
8323
3251
5732
18
10519
3677
7320
2845
9097
5166
1619
5191
9676
7135
3957
4673
10503
5376
6037
1767
7500
1916
3222
10534
6827
6889
5703
7581
8633
3532
1568
8962
9642
3562
7319
3300
2488
1663
7783
682
5584
6014
5541
4252
6278
1408
2339
8490
4315
4332
7200
4865
9927
5867
4829
6335
4790
1236
10593
8678
4129
2906
4004
2497
2882
152
6347
4586
7403
1571
6649
7117
7495
1972
4053
7642
5423
5793
9378
6184
9092
6772
5691
8601
10354
2313
10381
7316
5723
3685
2203
1185
8014
5762
1176
6733
8383
1209
2198
802
7077
7613
3858
6263
6989
7749
3741
196
9026
10004
8298
9280
333
9542
1753
6189
2107
5782
5809
3509
153
3841
5578
695
4807
3149
6311
10244
4483
604
2245
3633
8544
456
6937
9415
2987
1142
7560
3927
7880
2012
1269
1292
9923
1156
8110
5880
2030
7824
2734
706
764
1750
5408
7891
786
2307
9974
4734
7284
3964
8758
7801
4022
5921
7391
3592
387
8374
8403
6981
7892
8252
3439
5462
3371
9227
238
8287
7013
3997
1818
5281
7034
4011
1182
6234
9843
6379
2033
4347
5257
10217
9840
4986
489
7624
711
5683
4871
8106
8566
1885
2060
2133
5131
9313
9942
2277
9975
10252
9033
1058
5380
5677
7011
3165
3645
9084
5451
9006
9060
7185
3747
4174
2441
901
3954
4207
10517
738
4642
8217
9536
7444
2360
561
3228
3220
7617
2947
6
5879
8034
8741
2332
6009
6590
1013
4177
3158
10408
6624
954
7630
9999
3630
6313
854
4211
5454
7283
7132
948
9550
4553
2
8705
8840
8226
10205
5258
9913
1139
330
7443
1337
7375
1710
9893
8685
7488
7643
5595
10427
4099
3780
1988
7623
6651
8134
5774
428
5054
8360
2371
1928
3279
8849
6198
2719
309
784
5796
4987
7254
3583
3746
3565
5164
9750
780
4180
8393
6083
4117
123
3611
6482
7344
8740
3803
9451
23
6525
1068
9383
8465
7491
4518
7348
875
2836
5971
4750
8532
5459
9908
10318
1999
8436
9931
9724
6757
216
7779
9753
7187
5235
9304
5627
1495
1834
3285
4628
2989
6730
8261
2668
8260
2578
8538
4729
4295
5029
1062
8864
2347
4690
5081
537
7106
3193
3368
7433
5878
9129
4172
6701
7688
10615
4869
10113
4776
9912
6135
10088
4572
893
4356
9106
979
5250
2253
10597
7379
5224
3787
4623
106
3038
1779
3266
5860
171
264
1869
4060
350
925
2924
2782
3797
6770
4412
6488
8998
7760
6652
1721
7167
4320
6237
6788
6298
3156
9960
2791
6943
5546
7188
7649
10055
4680
1127
3347
8977
8205
2260
4488
4012
4282
2949
1743
9877
3719
1478
5864
4442
2084
9690
4222
295
8392
9348
3995
3003
7273
8882
9613
4264
7235
6041
8351
1532
6925
1184
1083
6513
9211
6531
2175
2045
5439
176
10507
9226
8880
8671
9892
7062
6111
1105
6684
427
10295
1480
997
7640
8754
6527
6779
9119
9929
9988
1914
10090
3607
7985
8528
3973
9414
5661
3213
10439
1489
1249
2170
2199
5005
4335
7752
10082
10314
6275
4633
4472
8749
3012
8103
10250
10466
7296
3854
7
457
197
2929
6500
4597
10376
10515
1403
7927
7043
7497
1354
1668
3696
9636
9440
10401
9257
3004
8377
7154
9442
8
8975
4331
2932
9300
5943
6518
1314
7934
8168
3530
2536
7710
3362
4575
5609
10225
5537
8816
7698
4591
8825
74
5412
5749
4875
5605
4542
8170
9182
5756
3155
7778
3304
6662
3681
6024
1219
4969
9305
9543
1946
4097
3112
8125
8358
9122
795
9509
4982
7887
9888
8617
4973
4113
2341
8948
1396
5996
5194
3825
3132
4737
1499
8841
9093
5722
10121
8238
352
5111
2496
8002
1003
3323
4175
1430
5331
4489
8794
2679
5475
10610
2468
8822
7619
1621
8476
353
8306
5914
4967
2511
4651
4999
8602
10208
266
4943
6957
4025
6504
8876
6529
5275
1760
1120
10062
3608
7366
7393
9514
1283
5086
1056
5840
5226
1420
1381
8775
3351
8984
2678
2952
4449
5371
1884
446
481
3206
617
4324
9050
5697
3644
10236
968
6719
1752
254
6215
9076
10190
8715
3037
8863
1799
6142
4831
7849
1530
9577
1636
118
734
1008
9171
4063
3748
9969
3381
6226
639
1586
10237
5538
3837
5694
10367
5549
2759
2612
4782
6084
9836
891
160
931
4149
9887
4788
5724
1409
8098
1377
9905
10163
9827
4459
2113
5293
10222
8277
4139
8078
5044
4544
8555
2350
3006
7138
10332
520
3008
4070
4669
1011
299
7130
8124
5868
7037
6941
1562
9864
1271
5174
7675
150
3813
6524
628
408
5149
8356
9375
4095
1541
2128
3162
6610
1816
4926
3990
2523
5382
8007
5155
6700
2270
7839
5479
105
3465
6419
2629
7792
2841
9186
8233
10477
6741
2615
9479
5832
5800
5999
8430
6737
5647
3179
4667
6859
2652
6458
7310
9463
4798
1617
6749
6745
2363
245
5321
4145
4194
9940
9364
9262
3070
6484
2637
7408
7110
360
316
2038
10324
8804
9552
4551
4936
5051
4780
6896
9416
3936
3325
5460
207
1507
4838
6232
3264
3261
4141
3609
5183
2690
6934
1494
5519
1270
9010
9164
3663
5013
8468
8795
984
6574
8143
4144
4721
8895
5990
158
3991
6456
10470
6599
7585
3594
5151
10617
3585
573
7274
4713
1756
2114
1016
4851
3417
1937
10545
2553
6871
5674
4779
6344
7798
6837
4896
3673
3541
10156
1715
10518
6678
9882
5216
5294
6520
9334
2287
2728
1870
10576
7743
3657
5197
6096
7370
44
3449
6722
6199
2653
7740
6682
851
1121
10482
10429
514
8787
8753
2268
7323
3656
1328
5493
1730
6606
5049
8317
7029
2251
708
3932
7466
7237
6884
10397
4904
3895
7741
6229
863
4268
1280
3795
9511
10215
479
15
7161
906
6619
9837
4215
9439
4601
6563
5489
7116
2559
1135
9423
3451
1029
8848
535
10548
2831
9853
6395
4051
5180
4107
3838
8435
4405
3169
8257
849
3971
3698
33
779
7673
8820
8815
5678
3256
7484
1796
1622
8614
8255
623
10299
796
2695
7682
3651
4342
6421
1180
1191
6309
3934
4517
464
9900
8045
480
10431
7257
10628
10200
1940
10227
4992
5192
8046
5726
9569
2717
7411
9941
1212
9817
2006
1244
7956
1333
1714
9686
4370
8334
9028
5274
5946
1295
8889
4277
6888
3294
8552
6008
1031
9604
2922
6854
7358
3319
1866
6532
8237
8785
5682
2143
5560
199
6594
592
956
1027
6194
8349
5348
307
2766
1781
3819
6256
2344
3141
7903
4827
4599
9356
6380
5846
2432
4185
6633
1833
458
634
2730
1250
5266
5342
2790
8520
7373
9899
767
6952
6918
3574
7986
5706
1179
8266
5781
4259
9847
7111
6705
8565
8697
651
6300
3126
7588
4995
7966
778
9663
6567
192
6715
9069
6434
3754
2384
7811
8766
1633
9819
10592
3982
529
5841
190
1024
9902
2206
2042
2616
5582
9052
7865
7821
4867
10405
3260
749
3627
3494
1274
4451
9628
1787
97
4792
10368
4962
5032
1657
2902
6224
9832
3901
71
5083
8784
686
3899
218
2862
5189
4845
7389
7844
20
1318
3563
371
4257
981
5828
2130
6382
119
5175
9002
8935
437
2252
519
9401
7369
6669
3219
3241
4176
4670
8477
7889
4006
1707
712
1445
2401
9477
6446
5133
9618
5375
10030
8419
9308
3333
4971
6098
5066
9341
2247
2518
1933
6940
9781
7181
10461
2323
10302
8575
10260
8802
672
2797
4576
7418
1199
6844
1323
9147
2757
9382
9035
180
8931
1938
273
5261
755
703
1961
7615
3840
10035
3643
689
10600
3178
2433
6916
1680
1527
4330
7598
2907
6330
1849
2688
815
2859
135
2699
930
4037
9630
8013
752
10380
2802
629
3783
1025
9434
8297
678
1044
2436
2712
920
8366
6271
1729
9105
94
6306
6328
1548
6797
5931
9264
3000
3761
4850
9118
8894
4081
8587
9350
4809
7836
8747
1975
10313
8993
9223
468
10108
8361
6399
9582
4386
3762
1658
2118
3539
1613
1098
5891
8235
500
2673
3631
9079
5125
4208
3716
5650
3683
6674
971
1178
4873
3265
8207
3106
2046
6467
8812
6641
2284
4567
10488
10386
2975
5363
3970
10204
5160
3436
8514
8887
359
6699
9333
1375
8654
5581
10292
8074
250
3529
7252
2448
8902
9481
9215
9197
9954
5979
4350
2624
3248
3857
275
1944
3030
4573
647
2001
5859
5916
5146
7850
929
1901
4021
9377
