1.0840001106262207,0.9910001158714294,3.000004768371582
1.1890000104904175,0.9910001158714294,2.999988079071045
1.9789999723434448,0.9769999980926514,2.999995470046997
1.2489999532699585,0.9930000901222229,2.999997138977051
1.187999963760376,0.9920001029968262,2.999997138977051
1.1869999170303345,0.9900000095367432,3.0000057220458984
1.1419999599456787,0.9900000691413879,2.999997138977051
1.1319998502731323,0.9920000433921814,3.0000057220458984
1.222999930381775,0.9900000095367432,3.0000059604644775
1.249000072479248,0.9860000610351562,3.0000033378601074
1.1119999885559082,0.9879999756813049,3.0000059604644775
1.1540000438690186,0.9900001287460327,3.0000057220458984
1.3219999074935913,0.9900001287460327,3.000004291534424
1.212999939918518,0.984000027179718,3.0000059604644775
1.246999979019165,0.984000027179718,2.9999969005584717
4.37600040435791,0.9340000152587891,3.0000030994415283
1.3459999561309814,0.9910000562667847,3.000002384185791
1.071000099182129,0.9940000772476196,3.0000064373016357
1.2369999885559082,0.9880000352859497,2.9999969005584717
1.0529999732971191,0.9950000643730164,3.0000057220458984
1.059999942779541,0.9950000643730164,3.0000052452087402
1.0800000429153442,0.9950000643730164,3.0000054836273193
1.1069999933242798,0.9930000901222229,3.0000057220458984
1.2220001220703125,0.9950000643730164,3.000000238418579
1.0799999237060547,0.9940000772476196,3.0000052452087402
2.5970003604888916,0.9679999351501465,2.9999990463256836
1.2230000495910645,0.987000048160553,3.000002861022949
1.215000033378601,0.987000048160553,2.9999966621398926
1.3109999895095825,0.9910000562667847,2.9999961853027344
1.4559999704360962,0.9839999675750732,3.0000014305114746
1.0670000314712524,0.9930000901222229,3.0000052452087402
1.4769999980926514,0.9900000691413879,2.999995231628418
1.4300000667572021,0.9850000739097595,2.999997138977051
2.874000072479248,0.9649999737739563,2.9999911785125732
1.5720000267028809,0.9859999418258667,2.999990701675415
1.8900001049041748,0.9809999465942383,2.99999737739563
2.491000175476074,0.9709999561309814,2.9999964237213135
1.1810001134872437,0.9900001287460327,3.0000057220458984
1.2290000915527344,0.9900001287460327,3.0000014305114746
1.9610000848770142,0.965999960899353,2.9999985694885254
1.9869999885559082,0.9729999303817749,2.9999911785125732
1.190999984741211,0.9890000224113464,2.999997138977051
2.0439999103546143,0.9760000109672546,2.999995231628418
1.2000001668930054,0.9900000095367432,3.0000057220458984
1.2069998979568481,0.9890000820159912,2.9999969005584717
3.7919998168945312,0.9420000314712524,3.0000014305114746
1.159000039100647,0.9900001287460327,3.0000054836273193
1.1510000228881836,0.9930000901222229,3.0000040531158447
1.190999984741211,0.9920001029968262,2.999988317489624
1.2300000190734863,0.9829999804496765,3.0000011920928955
1.092000126838684,0.9950000643730164,3.0000061988830566
1.0590001344680786,0.9930000305175781,3.0000061988830566
1.9269999265670776,0.968999981880188,3.0000030994415283
1.2260000705718994,0.9869999885559082,3.0000054836273193
1.315999984741211,0.9860000610351562,2.9999966621398926
1.3100000619888306,0.987000048160553,3.0000040531158447
1.1709998846054077,0.9920000433921814,3.000005006790161
1.0729999542236328,0.9940000772476196,3.0000059604644775
1.308000087738037,0.9880000352859497,3.000004529953003
1.0239999294281006,0.9950000643730164,3.000004768371582
1.2960001230239868,0.9850000143051147,3.0000009536743164
1.6629999876022339,0.9850000143051147,2.9999966621398926
1.2720000743865967,0.987000048160553,2.9999966621398926
1.2459999322891235,0.9930000901222229,3.0000040531158447
1.2929999828338623,0.9839999675750732,3.0000057220458984
1.1549999713897705,0.9940000772476196,2.999997138977051
1.1009999513626099,0.9940000772476196,3.0000057220458984
1.8860000371932983,0.9850000143051147,2.9999966621398926
1.321000099182129,0.9900000095367432,2.999997138977051
1.0829998254776,0.9950000643730164,3.0000064373016357
1.0490000247955322,0.9950000643730164,3.0000052452087402
1.1899999380111694,0.9950000643730164,2.999990701675415
1.2090001106262207,0.9869999885559082,3.0000057220458984
1.2280000448226929,0.9860000610351562,3.0000009536743164
1.1639999151229858,0.9930000305175781,3.00000262260437
1.2350000143051147,0.9930000901222229,2.999988317489624
1.6409999132156372,0.984000027179718,2.9999990463256836
1.1299999952316284,0.9880000352859497,2.999997138977051
1.0810000896453857,0.9940000772476196,2.9999969005584717
1.2010000944137573,0.9930000305175781,2.9999966621398926
1.3240001201629639,0.9900001287460327,2.999992847442627
1.1600000858306885,0.9950000643730164,3.0000052452087402
1.1330000162124634,0.9930000901222229,3.0000059604644775
1.1970000267028809,0.9950000643730164,2.999992847442627
1.2910000085830688,0.9839999675750732,3.0000011920928955
1.9210001230239868,0.9750000238418579,2.9999911785125732
1.0859999656677246,0.9950000643730164,3.0000061988830566
1.3269999027252197,0.9900000095367432,3.0000009536743164
1.1460000276565552,0.9950000643730164,3.000002145767212
1.0759998559951782,0.9950000643730164,3.0000059604644775
1.1410000324249268,0.9910000562667847,3.0000059604644775
1.1379998922348022,0.9920000433921814,3.000006675720215
1.0850001573562622,0.9950000643730164,3.0000061988830566
1.0279998779296875,0.9950000643730164,3.0000052452087402
1.2939999103546143,0.9900000691413879,2.9999969005584717
1.218999981880188,0.9910001158714294,2.999992609024048
1.0870000123977661,0.9950000643730164,3.000005006790161
1.1360000371932983,0.9920000433921814,3.0000059604644775
1.1710000038146973,0.9880000352859497,3.0000061988830566
1.0449999570846558,0.9950000643730164,3.0000057220458984
1.1970000267028809,0.9839999675750732,3.0000052452087402
1.1890000104904175,0.9869999885559082,3.0000057220458984
1.277000069618225,0.9829999208450317,2.999997138977051
1.475000023841858,0.9779999852180481,2.999992609024048
1.122999906539917,0.9900001287460327,3.0000054836273193
1.4470000267028809,0.9799999594688416,2.999992609024048
3.7390003204345703,0.9740000367164612,2.9999966621398926
1.593000054359436,0.9750000238418579,3.0000035762786865
1.128000020980835,0.9910001158714294,3.0000052452087402
1.2379999160766602,0.9890000224113464,3.0000016689300537
1.2390000820159912,0.9930000901222229,3.000002145767212
1.0640000104904175,0.9940000772476196,2.999997138977051
1.2140001058578491,0.9900000095367432,3.0000011920928955
1.1799999475479126,0.9880000352859497,2.9999990463256836
1.0999999046325684,0.9920001029968262,3.0000061988830566
1.1319999694824219,0.9930000901222229,3.0000057220458984
1.156000018119812,0.9890000820159912,3.0000057220458984
1.4870001077651978,0.9839999079704285,2.99999737739563
1.501000165939331,0.9839999079704285,2.999997138977051
1.071000099182129,0.9950000643730164,3.0000057220458984
1.2630000114440918,0.9900000691413879,3.000002145767212
1.252000093460083,0.9840000867843628,3.0
1.472000002861023,0.9810000658035278,2.999999523162842
1.0970001220703125,0.9920001029968262,3.000005006790161
1.6829999685287476,0.9709999561309814,2.999995231628418
1.3240000009536743,0.9850000143051147,3.0000052452087402
1.3460001945495605,0.9940000772476196,2.9999935626983643
2.123999834060669,0.9839999079704285,2.9999969005584717
2.1570000648498535,0.981999933719635,2.9999935626983643
1.1309999227523804,0.9950000643730164,2.999997138977051
1.1329998970031738,0.9920001029968262,3.0000011920928955
1.533000111579895,0.984000027179718,2.9999966621398926
1.6390000581741333,0.9860000014305115,2.9999935626983643
2.2960002422332764,0.9700000286102295,2.999990701675415
1.187000036239624,0.9869999885559082,3.0000014305114746
1.187000036239624,0.987000048160553,3.0000059604644775
1.4199999570846558,0.9760000109672546,3.0000040531158447
1.25600004196167,0.9910000562667847,2.999992847442627
1.2669999599456787,0.9829999804496765,3.0000057220458984
1.3140000104904175,0.9849998950958252,3.0000016689300537
1.3270000219345093,0.9849998950958252,3.0000014305114746
1.1720000505447388,0.9950000643730164,3.0000014305114746
1.3510000705718994,0.9900000095367432,2.9999966621398926
1.406000018119812,0.9930000901222229,2.9999985694885254
1.375,0.9820000529289246,3.00000262260437
1.4359999895095825,0.9859999418258667,3.000004768371582
1.2940001487731934,0.987000048160553,3.0000057220458984
1.068000078201294,0.9930000901222229,3.0000054836273193
1.4959999322891235,0.9819999933242798,2.9999959468841553
1.1059998273849487,0.9930000901222229,3.0000057220458984
1.156000018119812,0.9900000691413879,3.0000014305114746
1.2340000867843628,0.9910001158714294,3.0000057220458984
1.1069998741149902,0.9950000643730164,3.0000052452087402
1.277000069618225,0.9950000643730164,2.999988555908203
1.3329998254776,0.987000048160553,3.0000061988830566
1.128999948501587,0.9920000433921814,3.0000054836273193
1.0999999046325684,0.9930000901222229,3.0000057220458984
1.1299999952316284,0.9940000772476196,3.0000052452087402
1.2120000123977661,0.9860000014305115,3.0000011920928955
1.2020001411437988,0.9850000143051147,3.0000059604644775
1.3389999866485596,0.981999933719635,3.0000014305114746
1.4860000610351562,0.9790000319480896,2.999999523162842
1.2399998903274536,0.9850000143051147,2.9999964237213135
1.1779999732971191,0.9880000948905945,2.99999737739563
1.1269999742507935,0.9880000352859497,3.0000054836273193
1.402999997138977,0.9789999723434448,3.0
1.5170000791549683,0.9809999465942383,3.000004291534424
1.3610001802444458,0.9799999594688416,3.0000009536743164
1.3220000267028809,0.9900000691413879,2.999992847442627
1.283000111579895,0.9829999804496765,2.9999969005584717
1.099000096321106,0.9930000305175781,3.0000061988830566
1.0700000524520874,0.9950000643730164,3.0000054836273193
1.1409999132156372,0.9940000772476196,2.99999737739563
1.1390000581741333,0.9930000901222229,3.0000061988830566
1.1420000791549683,0.9920001029968262,3.0000061988830566
1.3880000114440918,0.9819999933242798,2.999999761581421
1.2580000162124634,0.9890000224113464,3.000004291534424
1.2109999656677246,0.9829999804496765,3.0000059604644775
1.283000111579895,0.9799999594688416,3.000001907348633
1.0740000009536743,0.9950000643730164,3.0000061988830566
1.434000015258789,0.9900000691413879,2.9999983310699463
1.065000057220459,0.9950000643730164,3.0000054836273193
1.0450000762939453,0.9920001029968262,3.0000054836273193
1.1460000276565552,0.9890000224113464,3.0000007152557373
1.1959999799728394,0.9880000352859497,3.000000476837158
1.6290000677108765,0.9829999804496765,2.999999523162842
1.0800001621246338,0.9909999966621399,3.0000054836273193
1.1559998989105225,0.9920001029968262,3.0000057220458984
1.1820000410079956,0.9860000014305115,3.0000057220458984
1.4500000476837158,0.9830000400543213,3.0000009536743164
1.1670000553131104,0.9930000305175781,3.0000011920928955
1.8760000467300415,0.9749999642372131,3.0
1.1070001125335693,0.9930000901222229,3.0000054836273193
1.555999994277954,0.9790000319480896,2.999988079071045
1.1330000162124634,0.9940000772476196,3.0000016689300537
1.11899995803833,0.9950000643730164,2.9999969005584717
1.5299999713897705,0.9779999256134033,3.000004529953003
1.0980000495910645,0.9920001029968262,3.0000057220458984
1.5420000553131104,0.9859999418258667,3.0000038146972656
1.6629999876022339,0.9849998950958252,3.000004529953003
1.8260000944137573,0.9859999418258667,3.000000238418579
1.1810001134872437,0.984000027179718,3.0000059604644775
1.3990001678466797,0.9799999594688416,3.0
1.3799999952316284,0.9769999980926514,3.000005006790161
1.0800000429153442,0.9910000562667847,3.0000059604644775
1.2669999599456787,0.9940000772476196,2.999987840652466
1.1380001306533813,0.9920000433921814,3.0000061988830566
1.056999921798706,0.9940000772476196,3.000005006790161
1.0479998588562012,0.9950000643730164,3.0000057220458984
2.683000087738037,0.972000002861023,2.999995470046997
2.183000087738037,0.9849998950958252,3.0000011920928955
1.1010000705718994,0.9930000901222229,2.9999964237213135
1.3020000457763672,0.9839999675750732,3.0000054836273193
1.0950000286102295,0.9900001287460327,3.0000057220458984
1.149999976158142,0.9910000562667847,3.0000054836273193
1.4779999256134033,0.9709999561309814,3.0000057220458984
1.130000114440918,0.9910000562667847,3.0000057220458984
1.224000096321106,0.9910000562667847,2.999992609024048
1.3249999284744263,0.9829999804496765,2.999988079071045
1.3320001363754272,0.9930000901222229,2.9999966621398926
1.1720001697540283,0.9900000691413879,3.0000057220458984
1.1630001068115234,0.9920000433921814,3.0000014305114746
1.1070001125335693,0.9910001158714294,3.0000057220458984
1.3070000410079956,0.9869999885559082,2.9999969005584717
1.4119999408721924,0.9799999594688416,2.9999921321868896
1.1730002164840698,0.9890000224113464,3.0000052452087402
1.1660000085830688,0.9870001077651978,3.0000061988830566
1.1340000629425049,0.9930000901222229,3.0000057220458984
1.1140000820159912,0.9900000095367432,3.0000054836273193
1.1450001001358032,0.9860000014305115,3.0000061988830566
1.1530001163482666,0.9900000691413879,2.9999969005584717
1.0880000591278076,0.9950000643730164,3.0000057220458984
1.2269999980926514,0.9860000610351562,3.0000057220458984
1.2529999017715454,0.9859999418258667,3.0000054836273193
1.4950000047683716,0.9879999756813049,2.99999737739563
1.3059998750686646,0.9880000352859497,2.9999988079071045
2.0340001583099365,0.9819999933242798,3.0
1.0640000104904175,0.9930000901222229,3.0000052452087402
1.0759999752044678,0.9890000820159912,3.0000059604644775
1.190999984741211,0.9839999079704285,3.0000014305114746
1.4129999876022339,0.9869999885559082,3.000002861022949
1.3980000019073486,0.9910001158714294,2.9999990463256836
1.3159998655319214,0.9920001029968262,2.9999938011169434
1.0729999542236328,0.9920001029968262,3.0000054836273193
1.067000150680542,0.9930000305175781,3.0000059604644775
1.0419999361038208,0.9940000772476196,3.000005006790161
1.1520001888275146,0.9860000014305115,3.000005006790161
1.440999984741211,0.9800000190734863,3.0000009536743164
1.0759999752044678,0.9880000352859497,3.000004768371582
1.162000060081482,0.9890000224113464,3.0000064373016357
1.065999984741211,0.9909999966621399,3.000005006790161
1.1050000190734863,0.9910000562667847,3.0000057220458984
1.4040000438690186,0.9739999771118164,3.0000009536743164
1.0950000286102295,0.9920001029968262,3.0000057220458984
1.190000057220459,0.9860000014305115,2.9999969005584717
1.2880001068115234,0.9880000948905945,2.9999969005584717
1.3320000171661377,0.9850000739097595,2.9999959468841553
1.1780000925064087,0.9900001287460327,2.999997138977051
1.153999924659729,0.9839999675750732,3.000005006790161
1.0689998865127563,0.9940000772476196,3.0000059604644775
1.1319999694824219,0.9870001077651978,3.000005006790161
1.08899986743927,0.9910000562667847,3.0000059604644775
1.2209999561309814,0.9950000643730164,2.9999992847442627
1.4940001964569092,0.9860000014305115,2.9999988079071045
1.2919999361038208,0.9840000867843628,2.9999983310699463
1.217000126838684,0.9910001158714294,2.999992609024048
1.0740000009536743,0.9940000772476196,3.0000059604644775
1.095000147819519,0.9930000901222229,3.0000057220458984
1.0940001010894775,0.9950000643730164,2.9999988079071045
1.2180001735687256,0.9880000352859497,3.0000040531158447
1.2450001239776611,0.9920000433921814,3.000000238418579
1.3730000257492065,0.9810000061988831,3.0000059604644775
1.1639999151229858,0.9900000095367432,3.0000061988830566
1.9490000009536743,0.968999981880188,2.999999761581421
1.1180000305175781,0.9920000433921814,3.0000059604644775
1.0410000085830688,0.9950000643730164,3.0000059604644775
1.121000051498413,0.9940000772476196,3.0000059604644775
1.0740000009536743,0.9930000305175781,3.0000059604644775
1.3859999179840088,0.9829999804496765,3.000002145767212
2.1489999294281006,0.9679999947547913,2.9999985694885254
1.3229999542236328,0.9930000901222229,3.000004291534424
1.1769999265670776,0.9930000901222229,3.0000035762786865
1.1410000324249268,0.9920001029968262,3.0000061988830566
1.5089999437332153,0.9789999723434448,2.9999988079071045
1.2020000219345093,0.9869999885559082,3.0000040531158447
1.1059999465942383,0.9950000643730164,2.999997138977051
1.0819997787475586,0.9950000643730164,3.0000057220458984
1.5070000886917114,0.9739999771118164,3.0000052452087402
1.121999979019165,0.9909999966621399,3.0000054836273193
1.1690000295639038,0.9900000691413879,3.0000057220458984
1.2430000305175781,0.9860000014305115,3.0000064373016357
1.443000078201294,0.984000027179718,2.999999761581421
1.3220000267028809,0.9800000786781311,2.999997138977051
1.4880001544952393,0.9759999513626099,3.0000059604644775
1.071000099182129,0.9940000772476196,3.0000052452087402
1.1740000247955322,0.9890000224113464,3.0000009536743164
1.0700000524520874,0.9910001158714294,3.0000052452087402
1.1059999465942383,0.9930000901222229,2.999997138977051
1.4179998636245728,0.9869999289512634,2.9999945163726807
1.819000005722046,0.966999888420105,2.9999966621398926
1.4900000095367432,0.9799999594688416,3.00000262260437
1.3250001668930054,0.9789999723434448,2.9999969005584717
1.2280000448226929,0.9940000772476196,2.999999761581421
1.187999963760376,0.9900000691413879,3.0000054836273193
1.2410000562667847,0.9860000610351562,2.99999737739563
1.1389999389648438,0.9920001029968262,3.0000054836273193
1.2020000219345093,0.9859999418258667,3.0000059604644775
1.2359998226165771,0.9890000224113464,2.9999983310699463
1.3759998083114624,0.9800000190734863,3.000002861022949
1.2979999780654907,0.9880000352859497,3.0000052452087402
1.319000005722046,0.9850000143051147,2.999992609024048
1.3600001335144043,0.9829999208450317,2.9999966621398926
1.5190000534057617,0.9780000448226929,2.9999992847442627
1.227000117301941,0.9869999885559082,2.999992609024048
1.2279999256134033,0.9900000095367432,3.0000011920928955
1.3669999837875366,0.9860000014305115,2.9999942779541016
1.0450000762939453,0.9950000643730164,3.0000061988830566
1.3519998788833618,0.9799999594688416,2.999988317489624
1.1200001239776611,0.9900000691413879,3.0000057220458984
1.0839999914169312,0.9940000772476196,3.0000016689300537
1.3580000400543213,0.9880000352859497,2.9999969005584717
1.2300001382827759,0.9910000562667847,2.999988079071045
1.1069999933242798,0.9920001029968262,3.0000054836273193
1.2109999656677246,0.9880000352859497,3.0000057220458984
1.0729999542236328,0.9900000691413879,3.000005006790161
1.1180000305175781,0.9930000901222229,3.0000064373016357
1.158000111579895,0.9920001029968262,3.0000059604644775
1.215000033378601,0.9880000352859497,3.000005006790161
1.1170001029968262,0.9930000901222229,3.0000052452087402
1.312999963760376,0.9890000820159912,3.000004291534424
1.070000171661377,0.9950000643730164,3.0000011920928955
1.090999960899353,0.9950000643730164,3.0000059604644775
1.124000072479248,0.9930000901222229,3.0000059604644775
1.2669999599456787,0.9849998950958252,3.0000057220458984
1.0570000410079956,0.9940000772476196,3.0000059604644775
1.2320001125335693,0.9940000772476196,2.999987840652466
1.1390000581741333,0.9940000772476196,3.0000011920928955
1.2190001010894775,0.9850000143051147,3.0000057220458984
1.053999900817871,0.9950000643730164,3.0000054836273193
1.1059999465942383,0.9940000772476196,2.9999992847442627
1.123000144958496,0.9940000772476196,2.9999966621398926
1.0640000104904175,0.9950000643730164,3.0000057220458984
1.0659998655319214,0.9930000305175781,3.000004529953003
1.4520000219345093,0.9900000691413879,2.999999761581421
1.2740001678466797,0.9950000643730164,2.999995470046997
1.090000033378601,0.9920000433921814,3.0000059604644775
1.1549999713897705,0.9880000352859497,3.0000061988830566
1.2710000276565552,0.9880000352859497,2.999999761581421
1.5139999389648438,0.9820000529289246,2.999998092651367
1.1689999103546143,0.9869999885559082,3.000001907348633
1.0870000123977661,0.9930000901222229,3.0000057220458984
1.281000018119812,0.9890000224113464,2.999990940093994
1.3219999074935913,0.9860000014305115,3.0000011920928955
1.2610000371932983,0.9880000352859497,3.0000057220458984
1.0649999380111694,0.9950000643730164,3.0000054836273193
1.0950000286102295,0.9930000901222229,2.99999737739563
1.0379998683929443,0.9950000643730164,3.000005006790161
1.3550000190734863,0.9759999513626099,2.999992609024048
1.0520000457763672,0.9940000772476196,3.0000059604644775
1.0870000123977661,0.9880000352859497,3.000004768371582
1.0740001201629639,0.9880000352859497,3.000005006790161
1.069000005722046,0.9900000095367432,3.0000059604644775
1.0789999961853027,0.9950000643730164,3.0000057220458984
1.0679999589920044,0.9930000305175781,2.9999969005584717
1.528999924659729,0.9820000529289246,2.999995231628418
1.0590001344680786,0.9950000643730164,3.0000061988830566
1.0479999780654907,0.9950000643730164,3.0000052452087402
1.7130000591278076,0.9780000448226929,2.9999942779541016
1.2630000114440918,0.9900001287460327,2.999999523162842
1.2680000066757202,0.9900001287460327,2.999999523162842
1.2670000791549683,0.9830000400543213,3.0000061988830566
1.0989999771118164,0.9890000820159912,3.0000059604644775
1.0579999685287476,0.9920001029968262,3.0000054836273193
1.1269999742507935,0.9910000562667847,3.0000014305114746
1.2020001411437988,0.9839999675750732,3.0000059604644775
1.2590000629425049,0.9910001158714294,3.0000035762786865
1.0470000505447388,0.9950000643730164,3.000005006790161
1.215000033378601,0.9880000352859497,2.9999966621398926
1.084999918937683,0.9940000772476196,2.999997615814209
1.4990001916885376,0.9869999885559082,3.0000009536743164
1.1089999675750732,0.9890000224113464,3.0000057220458984
1.1319999694824219,0.9850000143051147,3.0000014305114746
1.0699999332427979,0.9920001029968262,3.000004768371582
1.121999979019165,0.9950000643730164,3.0000016689300537
1.277999997138977,0.9890000224113464,2.9999938011169434
1.1029999256134033,0.9880000352859497,2.9999964237213135
1.0839998722076416,0.9940000772476196,3.0000054836273193
1.7730000019073486,0.9829999804496765,3.000002861022949
1.4110000133514404,0.9819999933242798,3.0000007152557373
1.2070001363754272,0.9880000352859497,2.9999923706054688
1.0970001220703125,0.9890000224113464,3.0000057220458984
1.128000020980835,0.9890000224113464,3.0000057220458984
1.2419999837875366,0.9799999594688416,3.0000064373016357
1.1460000276565552,0.9890000224113464,3.0000059604644775
1.0640000104904175,0.9950000643730164,3.0000064373016357
1.0339999198913574,0.9930000901222229,3.000005006790161
1.0839999914169312,0.9920001029968262,3.0000061988830566
1.1629999876022339,0.9910001158714294,2.999997138977051
1.1469999551773071,0.9900000691413879,2.999988555908203
1.1370000839233398,0.9880000948905945,2.99999737739563
1.1130000352859497,0.9869999289512634,3.0000054836273193
1.2260000705718994,0.9950000643730164,3.000002384185791
1.1109999418258667,0.9930000305175781,3.0000052452087402
1.11899995803833,0.9950000643730164,3.0000059604644775
1.0920000076293945,0.9940000772476196,2.9999964237213135
1.0320000648498535,0.9950000643730164,3.000005006790161
1.1159999370574951,0.9920001029968262,3.000005006790161
1.1170001029968262,0.98499995470047,3.0000054836273193
1.0670000314712524,0.9920001029968262,3.0000011920928955
1.031999945640564,0.9950000643730164,3.000005006790161
1.0989999771118164,0.9940000772476196,3.0000054836273193
1.1510000228881836,0.9879999756813049,3.0000052452087402
1.1320000886917114,0.9950000643730164,2.9999969005584717
1.130000114440918,0.9890000224113464,3.0000052452087402
1.1469999551773071,0.9920001029968262,2.99999737739563
1.0600001811981201,0.9950000643730164,3.0000054836273193
1.2929999828338623,0.9849998950958252,2.9999964237213135
1.0709999799728394,0.9950000643730164,3.0000057220458984
1.0429998636245728,0.9930000901222229,3.0000052452087402
1.181999921798706,0.9900001287460327,3.0000057220458984
1.1140000820159912,0.9920000433921814,3.0000054836273193
1.1890000104904175,0.9950000643730164,2.999998092651367
1.1109999418258667,0.9890000820159912,2.99999737739563
1.0870000123977661,0.9930000901222229,2.9999969005584717
1.0450000762939453,0.9940000772476196,3.0000057220458984
1.0729999542236328,0.9900000691413879,3.0000052452087402
1.1799999475479126,0.9900001287460327,3.0000016689300537
1.4020001888275146,0.9819999933242798,2.999997615814209
1.0469999313354492,0.9950000643730164,3.000005006790161
1.1299998760223389,0.9900000095367432,2.999999523162842
1.187000036239624,0.9910001158714294,3.0000038146972656
1.1109999418258667,0.9890000224113464,3.0000057220458984
1.1410000324249268,0.9900000691413879,2.99999737739563
1.1290000677108765,0.9890000820159912,2.999997138977051
1.2300000190734863,0.9840000867843628,2.9999964237213135
1.2999999523162842,0.9880000352859497,2.9999983310699463
1.156000018119812,0.9850000739097595,3.000005006790161
1.0820000171661377,0.9890000224113464,3.0000054836273193
1.0859999656677246,0.9920001029968262,3.0000061988830566
1.1449999809265137,0.9869999885559082,3.0000052452087402
1.2050000429153442,0.9900000691413879,3.0000057220458984
1.058000087738037,0.9930000901222229,3.0000064373016357
1.125,0.9920000433921814,2.9999964237213135
1.1150000095367432,0.9950000643730164,3.0000040531158447
1.0789998769760132,0.9950000643730164,3.0000011920928955
1.071000099182129,0.9930000901222229,3.0000054836273193
1.0880000591278076,0.9900000691413879,3.0000057220458984
1.0470000505447388,0.9940000772476196,3.000004768371582
1.1010000705718994,0.9930000901222229,2.9999966621398926
1.0859999656677246,0.9920001029968262,3.0000059604644775
1.209999918937683,0.9879999756813049,2.9999923706054688
1.2359999418258667,0.9850000739097595,2.9999992847442627
1.1050001382827759,0.9900000691413879,2.9999969005584717
1.0509999990463257,0.9950000643730164,3.0000057220458984
1.1490000486373901,0.987000048160553,2.999997138977051
1.0929999351501465,0.9940000772476196,3.0000014305114746
1.1180000305175781,0.9890000820159912,3.0000054836273193
1.253000020980835,0.9890000820159912,3.0000035762786865
1.0529999732971191,0.9950000643730164,3.000004291534424
1.0809998512268066,0.9889999628067017,3.000004768371582
1.1189998388290405,0.9880000352859497,3.0000054836273193
1.1409999132156372,0.9879999756813049,3.0000057220458984
1.0880000591278076,0.9910000562667847,3.0000052452087402
1.0760000944137573,0.9910001158714294,3.0000057220458984
1.0649999380111694,0.9930000901222229,3.0000057220458984
1.0759998559951782,0.9920000433921814,3.0000061988830566
1.1010000705718994,0.9940000772476196,3.0000057220458984
1.0419999361038208,0.9940000772476196,3.0000054836273193
1.057999849319458,0.9930000901222229,3.000004768371582
1.1660000085830688,0.9880000352859497,3.0000059604644775
1.0419999361038208,0.9940000772476196,3.0000052452087402
1.15500009059906,0.9900001287460327,2.9999966621398926
1.1369999647140503,0.987000048160553,2.9999964237213135
1.0779999494552612,0.9920000433921814,3.0000052452087402
1.0739998817443848,0.9930000901222229,3.0000014305114746
1.1030000448226929,0.9900000691413879,3.0000057220458984
1.084999918937683,0.9950000643730164,2.999999523162842
1.1029999256134033,0.9910000562667847,3.0000057220458984
1.0699999332427979,0.9940000772476196,3.0000054836273193
1.0559998750686646,0.9950000643730164,3.0000054836273193
1.062999963760376,0.9890000820159912,3.000004768371582
1.087999939918518,0.9900001287460327,3.0000054836273193
1.0500000715255737,0.9950000643730164,3.0000009536743164
1.0730000734329224,0.9900001287460327,3.000004768371582
1.0750000476837158,0.9880000352859497,3.0000052452087402
1.128999948501587,0.9880000352859497,3.0000052452087402
1.062000036239624,0.9950000643730164,3.000005006790161
1.1179999113082886,0.9930000901222229,3.0000057220458984
1.0969998836517334,0.9880000352859497,3.0000057220458984
1.0390000343322754,0.9930000901222229,3.0000054836273193
1.0269999504089355,0.9940000772476196,3.0000052452087402
1.0709999799728394,0.9930000901222229,3.0000054836273193
1.0450000762939453,0.9950000643730164,3.0000052452087402
1.1389999389648438,0.9950000643730164,3.000000238418579
1.0290000438690186,0.9950000643730164,3.0000057220458984
1.029000163078308,0.9950000643730164,3.000004768371582
1.1029999256134033,0.9869999885559082,3.0000054836273193
1.0149999856948853,0.9940000772476196,3.000004768371582
1.059999942779541,0.9910001158714294,3.000005006790161
1.0350000858306885,0.9909999966621399,3.000004529953003
