580
574
955
297
218
688
273
26
474
377
812
737
504
346
541
763
244
198
414
934
61
852
632
519
634
883
417
379
258
119
512
210
810
287
381
981
762
815
509
523
884
774
801
397
328
439
274
360
754
793
356
165
817
354
493
22
1008
122
205
208
599
535
499
50
552
359
1021
821
343
761
1042
1034
70
72
751
464
23
482
181
449
235
1001
896
484
139
842
373
232
1077
91
933
926
626
834
980
623
792
41
168
682
845
362
107
910
281
489
60
563
991
775
885
396
1045
843
547
392
606
986
525
987
187
454
338
304
956
611
551
1
17
698
433
276
147
710
826
246
164
412
959
56
136
129
67
503
583
491
595
500
1025
569
540
206
770
865
158
613
308
508
740
490
298
879
568
501
110
425
424
458
598
511
794
520
928
534
876
782
1024
747
920
247
99
492
538
69
31
3
350
800
241
529
857
317
1046
227
365
694
259
64
386
363
261
870
686
644
27
1066
791
466
35
618
1040
401
461
100
237
666
712
653
833
460
665
223
797
1027
890
685
85
675
1006
576
624
836
851
352
617
278
647
87
546
739
805
999
423
506
422
673
115
179
888
257
645
125
939
721
19
517
231
421
697
749
715
393
699
841
778
615
633
496
400
319
961
873
248
172
629
152
190
727
914
693
733
212
151
340
954
130
550
137
988
186
240
891
1048
224
828
769
448
605
543
442
544
900
983
0
555
730
217
771
773
485
526
77
1039
154
296
530
18
185
804
285
452
430
52
254
692
604
702
1070
649
969
40
1032
349
325
97
480
752
116
314
593
1049
444
672
1015
402
28
572
497
341
691
1013
947
978
932
744
1038
924
207
375
124
123
570
1016
435
293
102
1074
899
940
573
931
128
318
1071
951
723
591
131
784
388
316
162
103
443
668
532
878
477
416
949
790
45
776
946
344
795
707
760
114
1026
930
584
383
1065
636
313
1076
1023
153
575
83
175
222
467
560
266
846
745
192
984
371
262
157
351
713
533
174
656
753
849
95
658
79
609
255
548
1047
510
542
1054
996
468
982
229
796
211
106
764
471
971
823
669
488
1018
1056
405
159
220
197
111
808
612
718
922
462
639
690
277
49
441
701
875
323
968
42
380
966
829
522
495
803
215
588
880
21
481
438
353
973
436
57
642
906
974
418
832
854
32
913
225
654
233
382
938
562
711
726
361
663
719
724
282
877
315
858
483
994
1035
1058
141
345
683
202
327
434
305
748
838
306
403
1022
549
440
333
411
600
431
1064
907
729
518
163
234
46
475
788
390
722
133
767
681
44
628
705
607
178
944
972
835
334
643
777
291
284
868
63
742
53
445
272
997
871
59
1030
498
527
337
706
619
66
1055
814
126
895
561
614
927
204
358
1036
391
320
93
376
146
909
105
34
850
290
37
161
459
450
856
1051
189
74
610
917
741
339
554
556
90
536
127
331
155
96
662
24
667
9
704
847
678
476
88
269
905
855
264
167
11
409
472
58
545
6
635
659
1075
135
977
368
432
456
781
746
830
720
1044
118
929
577
270
725
765
453
408
415
874
113
943
516
310
687
696
597
280
578
253
330
142
625
941
652
881
243
51
916
156
513
191
494
816
48
998
768
279
404
967
180
249
960
901
811
332
470
1002
394
806
171
194
700
140
203
651
608
309
564
993
437
469
80
664
196
413
964
367
263
173
923
594
112
36
300
680
766
256
336
250
1019
759
1011
703
886
166
14
709
355
695
942
84
82
853
16
970
799
94
303
410
1031
428
335
252
1033
370
369
73
670
596
326
809
7
342
117
10
322
565
289
904
138
209
295
1037
89
661
230
1005
567
783
324
43
581
839
294
1000
738
848
1063
1057
242
463
219
109
915
267
238
1060
684
631
757
925
30
378
407
