1.0304737091064453,0.9600000381469727,1.1221320629119873
1.0354737043380737,0.9550000429153442,1.1213420629501343
1.0453356504440308,0.8899999856948853,3.316092014312744
1.0270017385482788,0.9700000286102295,1.2664719820022583
1.0306593179702759,0.9600000381469727,1.5663421154022217
1.0361536741256714,0.9500000476837158,1.188781976699829
1.036550760269165,0.9500000476837158,1.1869820356369019
1.0303244590759277,0.9600000381469727,1.62391197681427
1.032076358795166,0.9550000429153442,1.222782015800476
1.0440491437911987,0.9300000667572021,1.397621989250183
1.0463407039642334,0.940000057220459,1.1555020809173584
1.0416454076766968,0.9500000476837158,1.336311936378479
1.0416454076766968,0.9500000476837158,1.336311936378479
1.0466969013214111,0.9300000667572021,1.7458120584487915
1.0440688133239746,0.9300000667572021,2.074582099914551
1.1260027885437012,0.699999988079071,4.296442031860352
1.0310888290405273,0.9550000429153442,1.605862021446228
1.0229462385177612,0.9750000238418579,1.1078219413757324
1.0324097871780396,0.9450000524520874,1.5677120685577393
1.024999976158142,0.9750000238418579,1.045751929283142
1.024999976158142,0.9750000238418579,1.0718220472335815
1.024999976158142,0.9750000238418579,1.0987520217895508
1.0294445753097534,0.9650000333786011,1.1800720691680908
1.024999976158142,0.9750000238418579,1.1527419090270996
1.0262531042099,0.9700000286102295,1.2168020009994507
1.0479296445846558,0.8449999690055847,2.556312084197998
1.0418658256530762,0.940000057220459,1.601722002029419
1.0418391227722168,0.940000057220459,1.6690820455551147
1.0291666984558105,0.9600000381469727,2.1886422634124756
1.0500842332839966,0.9200000762939453,1.78547203540802
1.0231412649154663,0.9700000286102295,1.0491819381713867
1.0357507467269897,0.9500000476837158,1.4301719665527344
1.0413576364517212,0.9300000667572021,2.0629220008850098
1.0893211364746094,0.8350000381469727,3.021822214126587
1.0472300052642822,0.9300000667572021,1.5981720685958862
1.0486705303192139,0.9100000262260437,1.708362102508545
1.0703080892562866,0.8550000190734863,2.4366719722747803
1.0468878746032715,0.9500000476837158,1.2357620000839233
1.041887879371643,0.9550000429153442,1.2372519969940186
1.0538661479949951,0.8500000238418579,2.832021713256836
1.0517382621765137,0.8700000643730164,2.708242177963257
1.0340280532836914,0.9450000524520874,1.4983919858932495
1.0497251749038696,0.8850000500679016,3.7133419513702393
1.0290237665176392,0.9550000429153442,2.0642120838165283
1.0390957593917847,0.9500000476837158,1.1942020654678345
1.1201540231704712,0.7250000238418579,4.098902225494385
1.0419660806655884,0.9500000476837158,1.2211520671844482
1.0279821157455444,0.9700000286102295,1.0745619535446167
1.0293667316436768,0.9600000381469727,1.2407621145248413
1.0473586320877075,0.9200000762939453,1.6872919797897339
1.024999976158142,0.9750000238418579,1.131842017173767
1.0278098583221436,0.9650000333786011,1.2621819972991943
1.0651801824569702,0.8500000238418579,2.560542106628418
1.0447278022766113,0.9350000619888306,1.834481954574585
1.0398011207580566,0.9350000619888306,1.874101996421814
1.0406200885772705,0.9350000619888306,1.4578620195388794
1.0292145013809204,0.9600000381469727,1.1455519199371338
1.0267120599746704,0.9700000286102295,1.1301820278167725
1.0396654605865479,0.940000057220459,1.575361967086792
1.0199999809265137,0.9800000190734863,1.025771975517273
1.0388880968093872,0.9350000619888306,1.8961321115493774
1.0468004941940308,0.9300000667572021,1.7960419654846191
1.0415732860565186,0.9450000524520874,1.2594019174575806
1.0248814821243286,0.9700000286102295,1.2516419887542725
1.048519492149353,0.9250000715255737,1.8824520111083984
1.0267326831817627,0.9700000286102295,1.1572719812393188
1.0258257389068604,0.9700000286102295,1.1371420621871948
1.0363541841506958,0.9300000667572021,2.1932320594787598
1.0310089588165283,0.9550000429153442,1.4044321775436401
1.024999976158142,0.9750000238418579,1.0767120122909546
1.024999976158142,0.9750000238418579,1.0351519584655762
1.024999976158142,0.9750000238418579,1.1315521001815796
1.04342520236969,0.9350000619888306,1.340831995010376
1.0472302436828613,0.9350000619888306,1.7487521171569824
1.026986837387085,0.9700000286102295,1.137261986732483
1.0268950462341309,0.9650000333786011,1.224721908569336
1.037175178527832,0.9250000715255737,1.9141119718551636
1.033278465270996,0.9450000524520874,1.3664520978927612
1.0269733667373657,0.9700000286102295,1.121541976928711
1.0288136005401611,0.9650000333786011,1.21766197681427
1.0417793989181519,0.9550000429153442,1.1969020366668701
1.024999976158142,0.9750000238418579,1.1449118852615356
1.027871012687683,0.9650000333786011,1.2028120756149292
1.0199999809265137,0.9800000190734863,1.249541997909546
1.0437240600585938,0.9250000715255737,2.0699219703674316
1.0581976175308228,0.8750001192092896,2.571392297744751
1.024999976158142,0.9750000238418579,1.1226619482040405
1.0385432243347168,0.9500000476837158,1.2456018924713135
1.024999976158142,0.9750000238418579,1.143462061882019
1.0199999809265137,0.9800000190734863,1.058232069015503
1.0338168144226074,0.9600000381469727,1.3218320608139038
1.03242027759552,0.9600000381469727,1.4102219343185425
1.024999976158142,0.9750000238418579,1.082461953163147
1.024999976158142,0.9750000238418579,1.0416520833969116
1.0444068908691406,0.9500000476837158,1.366652011871338
1.042387843132019,0.9550000429153442,1.2168419361114502
1.024999976158142,0.9750000238418579,1.0700820684432983
1.0231101512908936,0.9700000286102295,1.2313719987869263
1.0393272638320923,0.9450000524520874,1.2475320100784302
1.024999976158142,0.9750000238418579,1.044901967048645
1.0411921739578247,0.9250000715255737,1.2828119993209839
1.0421968698501587,0.940000057220459,1.264732003211975
1.0519559383392334,0.9200000762939453,1.3016918897628784
1.0474038124084473,0.9000000953674316,2.174891948699951
1.038725733757019,0.9550000429153442,1.156581997871399
1.0428764820098877,0.9000000357627869,2.61161208152771
1.0504556894302368,0.8850001096725464,2.7697722911834717
1.0725759267807007,0.8750001192092896,2.7183420658111572
1.0344215631484985,0.9600000381469727,1.2688120603561401
1.0337377786636353,0.9500000476837158,1.489601969718933
1.028110146522522,0.9650000333786011,1.232092022895813
1.0295226573944092,0.9700000286102295,1.0629119873046875
1.0251604318618774,0.9600000381469727,1.3926119804382324
1.040845274925232,0.940000057220459,1.2808220386505127
1.029350996017456,0.9600000381469727,1.1468420028686523
1.0239371061325073,0.9700000286102295,1.1427719593048096
1.0287981033325195,0.9550000429153442,1.4842520952224731
1.0626276731491089,0.9300000667572021,1.3114619255065918
1.0695466995239258,0.9200000762939453,1.3096319437026978
1.024999976158142,0.9750000238418579,1.068511962890625
1.0337135791778564,0.9550000429153442,1.676751971244812
1.0403168201446533,0.9300000667572021,1.592851996421814
1.050424575805664,0.9100000262260437,1.5547319650650024
1.0336283445358276,0.9600000381469727,1.2481019496917725
1.07822585105896,0.8550000190734863,1.897502064704895
1.0455282926559448,0.9250000715255737,1.6296019554138184
1.0208005905151367,0.9750000238418579,1.255162000656128
1.0563099384307861,0.9250000715255737,2.395861864089966
1.0664024353027344,0.9100000858306885,2.4229419231414795
1.024999976158142,0.9750000238418579,1.1265820264816284
1.0296498537063599,0.9600000381469727,1.1682319641113281
1.0504467487335205,0.9200000762939453,1.927191972732544
1.0395622253417969,0.9350000619888306,1.9814621210098267
1.073681116104126,0.8550000786781311,2.3020119667053223
1.0344268083572388,0.940000057220459,1.2459819316864014
1.040381908416748,0.9350000619888306,1.570971965789795
1.0649473667144775,0.8900001049041748,2.257051944732666
1.0266788005828857,0.9650000333786011,1.4209520816802979
1.0438477993011475,0.9250000715255737,1.8861219882965088
1.0677884817123413,0.9300000667572021,1.2829921245574951
1.0684229135513306,0.9300000667572021,1.2800520658493042
1.0199999809265137,0.9800000190734863,1.12348210811615
1.0308470726013184,0.9500000476837158,1.6838319301605225
1.0275819301605225,0.9700000286102295,1.1910419464111328
1.0545270442962646,0.9100000858306885,1.5494320392608643
1.0362898111343384,0.9350000619888306,2.031611919403076
1.0315334796905518,0.940000057220459,2.0687618255615234
1.028098702430725,0.9700000286102295,1.1261719465255737
1.0380147695541382,0.9150000810623169,1.9254621267318726
1.0274914503097534,0.9650000333786011,1.321012020111084
1.042637586593628,0.9500000476837158,1.3417519330978394
1.0294320583343506,0.9550000429153442,2.1356520652770996
1.0199999809265137,0.9800000190734863,1.0717219114303589
1.024999976158142,0.9750000238418579,1.190351963043213
1.0449016094207764,0.9350000619888306,1.6054720878601074
1.0237274169921875,0.9700000286102295,1.4124820232391357
1.03339684009552,0.9650000333786011,1.166961908340454
1.0261309146881104,0.9700000286102295,1.1966218948364258
1.0451147556304932,0.9350000619888306,1.5146820545196533
1.0521023273468018,0.9250000715255737,1.4673819541931152
1.0603933334350586,0.9200000762939453,1.6057120561599731
1.0696024894714355,0.8950001001358032,1.8280320167541504
1.0488815307617188,0.9300000667572021,1.4209719896316528
1.0391323566436768,0.9500000476837158,1.3861418962478638
1.0385128259658813,0.9450000524520874,1.4948920011520386
1.0613646507263184,0.9050000905990601,1.8075920343399048
1.0661948919296265,0.9050000309944153,2.1372320652008057
1.06255042552948,0.9050000905990601,1.966312050819397
1.0258123874664307,0.9600000381469727,1.315622091293335
1.043697476387024,0.9250000715255737,1.8336520195007324
1.0273786783218384,0.9650000333786011,1.2490919828414917
1.0199999809265137,0.9800000190734863,1.1027920246124268
1.0266697406768799,0.9700000286102295,1.221101999282837
1.0298489332199097,0.9650000333786011,1.1704920530319214
1.0267934799194336,0.9650000333786011,1.2848420143127441
1.0529143810272217,0.9100000858306885,1.394711971282959
1.0387989282608032,0.9450000524520874,1.2955620288848877
1.0600510835647583,0.9150000810623169,1.3171719312667847
1.0685622692108154,0.9000000953674316,1.3478620052337646
1.0199999809265137,0.9800000190734863,1.0608220100402832
1.0296505689620972,0.9550000429153442,1.7919321060180664
1.024999976158142,0.9750000238418579,1.0538420677185059
1.029215931892395,0.9600000381469727,1.366442084312439
1.0309937000274658,0.9500000476837158,1.364601969718933
1.0411983728408813,0.940000057220459,1.6665821075439453
1.0436772108078003,0.9150000810623169,1.8282620906829834
1.036287784576416,0.9550000429153442,1.3124918937683105
1.0309044122695923,0.9600000381469727,1.5964219570159912
1.0424063205718994,0.9350000619888306,1.337001919746399
1.042866587638855,0.9200000762939453,1.9490420818328857
1.026500940322876,0.9650000333786011,1.2912919521331787
1.0548657178878784,0.8850000500679016,2.6623518466949463
1.0288760662078857,0.9650000333786011,1.2857619524002075
1.0485032796859741,0.9000000953674316,2.4459919929504395
1.0270150899887085,0.9700000286102295,1.2351319789886475
1.024999976158142,0.9750000238418579,1.1064119338989258
1.0621082782745361,0.8899999856948853,2.5772221088409424
1.0320079326629639,0.9600000381469727,1.164781928062439
1.0536470413208008,0.9350000619888306,1.5271320343017578
1.0603249073028564,0.9250000715255737,1.5290119647979736
1.048531174659729,0.9350000619888306,1.5745121240615845
1.0344932079315186,0.9300000667572021,1.5427420139312744
1.0502561330795288,0.9100000858306885,1.8767820596694946
1.0637502670288086,0.8900001049041748,1.8630120754241943
1.0277429819107056,0.9600000381469727,1.1953920125961304
1.0272271633148193,0.9700000286102295,1.2374519109725952
1.029183030128479,0.9600000381469727,1.4879118204116821
1.0264633893966675,0.9700000286102295,1.092642068862915
1.024999976158142,0.9750000238418579,1.0527920722961426
1.0828901529312134,0.8600000739097595,3.485732078552246
1.0497182607650757,0.9350000619888306,2.471112012863159
1.0296224355697632,0.9650000333786011,1.1243020296096802
1.0504854917526245,0.9250000715255737,1.5319420099258423
1.0343667268753052,0.9550000429153442,1.154662013053894
1.0265612602233887,0.9600000381469727,1.5588921308517456
1.0770914554595947,0.8600000143051147,1.7470519542694092
1.0315743684768677,0.9550000429153442,1.5275319814682007
1.0257887840270996,0.9650000333786011,1.3099420070648193
1.041164755821228,0.9200000762939453,1.5851320028305054
1.0284191370010376,0.9650000333786011,1.5584319829940796
1.0331554412841797,0.9500000476837158,1.7671020030975342
1.0292415618896484,0.9650000333786011,1.3777320384979248
1.0320899486541748,0.9600000381469727,1.1730719804763794
1.0393924713134766,0.940000057220459,1.638692021369934
1.0537328720092773,0.9050000905990601,1.9716119766235352
1.0341756343841553,0.9500000476837158,1.2489219903945923
1.0324028730392456,0.940000057220459,1.6663620471954346
1.0302261114120483,0.9650000333786011,1.1117219924926758
1.0336568355560303,0.9550000429153442,1.1062120199203491
1.0391618013381958,0.9350000619888306,1.405471920967102
1.0276155471801758,0.9550000429153442,1.522481918334961
1.024999976158142,0.9750000238418579,1.0874420404434204
1.0509073734283447,0.9300000667572021,1.597701907157898
1.042819857597351,0.9350000619888306,1.5296919345855713
1.0416620969772339,0.9450000524520874,1.6257319450378418
1.032147765159607,0.9450000524520874,1.5649620294570923
1.044860601425171,0.9200000762939453,2.8039419651031494
1.0269967317581177,0.9700000286102295,1.1301521062850952
1.0370657444000244,0.9500000476837158,1.2983620166778564
1.0468599796295166,0.9250000715255737,1.5650619268417358
1.036461353302002,0.9450000524520874,1.8610221147537231
1.0331261157989502,0.9550000429153442,1.3196320533752441
1.0297619104385376,0.9650000333786011,1.3851720094680786
1.0329090356826782,0.9600000381469727,1.52714204788208
1.0304977893829346,0.9650000333786011,1.1700820922851562
1.026584267616272,0.9700000286102295,1.0612819194793701
1.050199031829834,0.9300000667572021,1.4969220161437988
1.0525901317596436,0.9050000905990601,1.6771819591522217
1.0376957654953003,0.9500000476837158,1.187242031097412
1.032059907913208,0.9550000429153442,1.345281958580017
1.0279972553253174,0.9600000381469727,1.2203119993209839
1.0349329710006714,0.9550000429153442,1.0910519361495972
1.051962971687317,0.8800000548362732,2.5750019550323486
1.0328123569488525,0.9600000381469727,1.2163019180297852
1.0375735759735107,0.9450000524520874,1.2313920259475708
1.0398476123809814,0.9450000524520874,1.4962120056152344
1.0418176651000977,0.925000011920929,2.0424418449401855
1.047608733177185,0.9500000476837158,1.1653519868850708
1.0487529039382935,0.9250000715255737,1.4464919567108154
1.0266565084457397,0.9700000286102295,1.1015920639038086
1.0383903980255127,0.940000057220459,1.5298420190811157
1.0332469940185547,0.9550000429153442,1.2985918521881104
1.024999976158142,0.9750000238418579,1.216662049293518
1.0444831848144531,0.9350000619888306,1.7057819366455078
1.0357115268707275,0.9350000619888306,1.752951979637146
1.0432732105255127,0.9550000429153442,1.2858320474624634
1.0287688970565796,0.9700000286102295,1.0941920280456543
1.0248812437057495,0.9700000286102295,1.1292920112609863
1.024999976158142,0.9750000238418579,1.1076921224594116
1.044350266456604,0.940000057220459,1.191182017326355
1.0293517112731934,0.9600000381469727,1.4733420610427856
1.0547806024551392,0.9050000309944153,2.099332094192505
1.0328924655914307,0.9550000429153442,1.190101981163025
1.0664540529251099,0.8449999690055847,2.5644919872283936
1.0320464372634888,0.9600000381469727,1.1512320041656494
1.024999976158142,0.9750000238418579,1.0383520126342773
1.0271350145339966,0.9700000286102295,1.1612719297409058
1.0274744033813477,0.9700000286102295,1.1008120775222778
1.0391771793365479,0.9150000810623169,2.1715619564056396
1.0680023431777954,0.8500000238418579,2.690732002258301
1.0220974683761597,0.9700000286102295,1.430272102355957
1.0273807048797607,0.9650000333786011,1.3148820400238037
1.0266766548156738,0.9650000333786011,1.2934720516204834
1.0564422607421875,0.9050000905990601,1.6142120361328125
1.050741195678711,0.9350000619888306,1.5469319820404053
1.0199999809265137,0.9800000190734863,1.1450319290161133
1.024999976158142,0.9750000238418579,1.090772032737732
1.0583546161651611,0.8800000548362732,1.7731120586395264
1.0250219106674194,0.9650000333786011,1.2078220844268799
1.0285985469818115,0.9550000429153442,1.3785120248794556
1.0447338819503784,0.9300000071525574,1.7473419904708862
1.0546232461929321,0.9200000762939453,2.3306620121002197
1.056707739830017,0.9050000905990601,2.234182119369507
1.0661486387252808,0.8800000548362732,2.6703121662139893
1.0264291763305664,0.9700000286102295,1.1172419786453247
1.0354290008544922,0.9500000476837158,1.4179120063781738
1.0230823755264282,0.9600000381469727,1.6472920179367065
1.0283825397491455,0.9650000333786011,1.1828320026397705
1.0419654846191406,0.9350000619888306,2.020062208175659
1.075797200202942,0.8399999737739563,3.285491943359375
1.0534018278121948,0.9100000858306885,1.9025119543075562
1.0464869737625122,0.9050000905990601,2.0294320583343506
1.0273569822311401,0.9700000286102295,1.3283820152282715
1.0302700996398926,0.9600000381469727,1.3462920188903809
1.044680118560791,0.9300000667572021,1.9517520666122437
1.0328505039215088,0.9600000381469727,1.2505719661712646
1.0448248386383057,0.9300000667572021,1.619792103767395
1.028863549232483,0.9550000429153442,1.497931957244873
1.0602807998657227,0.9000000953674316,2.006892204284668
1.0384498834609985,0.9450000524520874,1.4347120523452759
1.0510128736495972,0.9250000715255737,1.6368920803070068
1.0496577024459839,0.9200000762939453,1.7010719776153564
1.0548778772354126,0.8900001049041748,1.997412085533142
1.0396027565002441,0.940000057220459,1.5969620943069458
1.0334669351577759,0.9550000429153442,1.2381020784378052
1.046337604522705,0.9300000667572021,2.3709018230438232
1.024999976158142,0.9750000238418579,1.0822420120239258
1.0554797649383545,0.9000000357627869,2.6535019874572754
1.03030526638031,0.9600000381469727,1.502341866493225
1.028061866760254,0.9700000286102295,1.073032021522522
1.0437829494476318,0.940000057220459,1.6630818843841553
1.0308672189712524,0.9550000429153442,1.6769720315933228
1.0343523025512695,0.9600000381469727,1.1850218772888184
1.0312951803207397,0.9500000476837158,1.6445420980453491
1.0290563106536865,0.9600000381469727,1.1960818767547607
1.0285416841506958,0.9650000333786011,1.4268020391464233
1.0253572463989258,0.9650000333786011,1.2698520421981812
1.0347565412521362,0.940000057220459,1.9841220378875732
1.0249253511428833,0.9700000286102295,1.2514420747756958
1.0407267808914185,0.9550000429153442,1.1808420419692993
1.0199999809265137,0.9800000190734863,1.048811912536621
1.024999976158142,0.9750000238418579,1.1329820156097412
1.0233234167099,0.9700000286102295,1.1279319524765015
1.0674803256988525,0.9300000667572021,1.2801721096038818
1.0245362520217896,0.9750000238418579,1.0619618892669678
1.0213335752487183,0.9750000238418579,1.530142068862915
1.029536247253418,0.9700000286102295,1.1751420497894287
1.0426825284957886,0.9300000071525574,2.0411319732666016
1.024999976158142,0.9750000238418579,1.0658719539642334
1.0265971422195435,0.9700000286102295,1.169092059135437
1.027503252029419,0.9700000286102295,1.3214120864868164
1.024999976158142,0.9750000238418579,1.0374619960784912
1.0281903743743896,0.9650000333786011,1.262511968612671
1.0408565998077393,0.9500000476837158,1.330881953239441
1.024999976158142,0.9750000238418579,1.1772619485855103
1.0258711576461792,0.9650000333786011,1.2859820127487183
1.0368225574493408,0.940000057220459,1.6294219493865967
1.0334721803665161,0.9450000524520874,1.353882074356079
1.046410083770752,0.9150000810623169,1.7360620498657227
1.0426331758499146,0.940000057220459,1.2727919816970825
1.0297185182571411,0.9650000333786011,1.1587519645690918
1.0291461944580078,0.9500000476837158,1.790362000465393
1.04451584815979,0.9350000619888306,1.5535720586776733
1.0343708992004395,0.9500000476837158,1.4531019926071167
1.024999976158142,0.9750000238418579,1.0770620107650757
1.0281497240066528,0.9700000286102295,1.1485720872879028
1.024999976158142,0.9750000238418579,1.05308198928833
1.0646919012069702,0.8850000500679016,2.3536219596862793
1.0273414850234985,0.9700000286102295,1.0992919206619263
1.03644597530365,0.940000057220459,1.1926519870758057
1.0399181842803955,0.940000057220459,1.2200218439102173
1.0381487607955933,0.9500000476837158,1.1259219646453857
1.024999976158142,0.9750000238418579,1.0679619312286377
1.0221408605575562,0.9750000238418579,1.0802119970321655
1.0497621297836304,0.9150000810623169,2.8472421169281006
1.0199999809265137,0.9800000190734863,1.0518521070480347
1.0199999809265137,0.9800000190734863,1.0532219409942627
1.064564824104309,0.8950001001358032,2.574741840362549
1.0448685884475708,0.9550000429153442,1.2150920629501343
1.0498685836791992,0.9500000476837158,1.2352020740509033
1.0446593761444092,0.9200000762939453,1.5085821151733398
1.0414220094680786,0.9450000524520874,1.1618720293045044
1.032111406326294,0.9600000381469727,1.158992052078247
1.0279074907302856,0.9600000381469727,1.2389620542526245
1.0398046970367432,0.9250000715255737,1.685101866722107
1.0343276262283325,0.9600000381469727,1.3165719509124756
1.0199999809265137,0.9800000190734863,1.0583220720291138
1.0437943935394287,0.940000057220459,1.5236619710922241
1.020976185798645,0.9750000238418579,1.1880619525909424
1.0431585311889648,0.940000057220459,1.6631920337677002
1.0371346473693848,0.9500000476837158,1.1654618978500366
1.050378680229187,0.9250000715255737,1.4025219678878784
1.0292742252349854,0.9600000381469727,1.340641975402832
1.024999976158142,0.9750000238418579,1.2196919918060303
1.0371183156967163,0.9500000476837158,2.1784820556640625
1.0316530466079712,0.9500000476837158,1.363481879234314
1.0269951820373535,0.9700000286102295,1.5333020687103271
1.0498709678649902,0.9200000762939453,2.7211520671844482
1.0421384572982788,0.9200000762939453,2.2210021018981934
1.0369724035263062,0.940000057220459,1.457961916923523
1.0388453006744385,0.9500000476837158,1.1802818775177002
1.039945125579834,0.9450000524520874,1.447301983833313
1.059372901916504,0.9050000309944153,2.010021924972534
1.0365283489227295,0.9450000524520874,1.7046319246292114
1.024999976158142,0.9750000238418579,1.0593620538711548
1.0285073518753052,0.9650000333786011,1.1469920873641968
1.031643271446228,0.9600000381469727,1.124082088470459
1.0432732105255127,0.9550000429153442,1.2881419658660889
1.0330144166946411,0.9500000476837158,1.5065521001815796
1.0404243469238281,0.940000057220459,1.2964320182800293
1.0425077676773071,0.9350000619888306,1.3750120401382446
1.024999976158142,0.9750000238418579,1.2153220176696777
1.0292675495147705,0.9650000333786011,1.3444420099258423
1.024999976158142,0.9750000238418579,1.1304819583892822
1.0264906883239746,0.9700000286102295,1.1665118932724
1.024999976158142,0.9750000238418579,1.0508718490600586
1.0355453491210938,0.9600000381469727,1.2336620092391968
1.0469412803649902,0.9350000619888306,1.5473920106887817
1.031614899635315,0.9650000333786011,1.0663920640945435
1.024999976158142,0.9750000238418579,1.0380419492721558
1.021345615386963,0.9750000238418579,1.287182092666626
1.038987159729004,0.940000057220459,1.3586819171905518
1.024999976158142,0.9750000238418579,1.1380020380020142
1.0369688272476196,0.9500000476837158,1.4718220233917236
1.0258042812347412,0.9650000333786011,1.2474420070648193
1.024999976158142,0.9750000238418579,1.0633819103240967
1.061964750289917,0.9250000715255737,1.3096319437026978
1.0199999809265137,0.9800000190734863,1.0684120655059814
1.0293598175048828,0.9650000333786011,1.1187419891357422
1.0417793989181519,0.9550000429153442,1.1969020366668701
1.0318137407302856,0.9600000381469727,1.1549819707870483
1.024999976158142,0.9750000238418579,1.2378219366073608
1.0336235761642456,0.9550000429153442,1.3460019826889038
1.0265246629714966,0.9700000286102295,1.0831218957901
1.024999976158142,0.9750000238418579,1.0725020170211792
1.0274606943130493,0.9650000333786011,1.1846520900726318
1.034082055091858,0.9600000381469727,1.3400120735168457
1.0543594360351562,0.9100000858306885,1.8868218660354614
1.0199999809265137,0.9800000190734863,1.0375418663024902
1.0339854955673218,0.9500000476837158,1.4154120683670044
1.0319278240203857,0.9600000381469727,1.4249719381332397
1.0309042930603027,0.9500000476837158,1.245982050895691
1.0367904901504517,0.9500000476837158,1.47884202003479
1.0374363660812378,0.9550000429153442,1.3728018999099731
1.0477501153945923,0.9200000166893005,1.9529820680618286
1.0313255786895752,0.9500000476837158,2.006891965866089
1.043305516242981,0.9300000071525574,2.363852024078369
1.0375638008117676,0.9450000524520874,1.1335819959640503
1.029178500175476,0.9650000333786011,1.041592001914978
1.04096257686615,0.940000057220459,1.9587719440460205
1.0350793600082397,0.9550000429153442,1.3522220849990845
1.0293011665344238,0.9650000333786011,1.1573119163513184
1.027267336845398,0.9600000381469727,1.3026620149612427
1.0199999809265137,0.9800000190734863,1.0626920461654663
1.0199999809265137,0.9800000190734863,1.068992018699646
1.0314439535140991,0.9650000333786011,1.130661964416504
1.0345611572265625,0.9550000429153442,1.287451982498169
1.0272786617279053,0.9700000286102295,1.1164120435714722
1.0307151079177856,0.9650000333786011,1.189992070198059
1.0291413068771362,0.9650000333786011,1.2933918237686157
1.0427463054656982,0.940000057220459,1.6394821405410767
1.0522286891937256,0.9300000667572021,1.6108920574188232
1.0289314985275269,0.9550000429153442,1.3759620189666748
1.024999976158142,0.9750000238418579,1.0704419612884521
1.045114278793335,0.9350000619888306,1.2283920049667358
1.0262563228607178,0.9700000286102295,1.1058520078659058
1.0427335500717163,0.9450000524520874,1.1996420621871948
1.0387319326400757,0.9550000429153442,1.1845619678497314
1.0199999809265137,0.9800000190734863,1.0929219722747803
1.0379769802093506,0.9500000476837158,1.1404820680618286
1.0439140796661377,0.9450000524520874,1.2713520526885986
1.0427703857421875,0.940000057220459,1.5723720788955688
1.0299732685089111,0.9550000429153442,1.2073320150375366
1.0380712747573853,0.9550000429153442,1.2180119752883911
1.0284554958343506,0.9650000333786011,1.1626319885253906
1.0295950174331665,0.9600000381469727,1.1360019445419312
1.0233968496322632,0.9750000238418579,1.1592320203781128
1.024999976158142,0.9750000238418579,1.0817718505859375
1.0261764526367188,0.9700000286102295,1.1557719707489014
1.0374555587768555,0.9450000524520874,1.39627206325531
1.0235354900360107,0.9750000238418579,1.06728196144104
1.0426087379455566,0.9550000429153442,1.1808220148086548
1.0388994216918945,0.940000057220459,1.5744620561599731
1.025931477546692,0.9650000333786011,1.22064208984375
1.02984619140625,0.9650000333786011,1.1981019973754883
1.0357139110565186,0.9500000476837158,1.335041880607605
1.024999976158142,0.9750000238418579,1.0933419466018677
1.0353773832321167,0.9550000429153442,1.393151879310608
1.0269542932510376,0.9700000286102295,1.1170819997787476
1.0199999809265137,0.9800000190734863,1.1151819229125977
1.0416895151138306,0.9450000524520874,1.171921968460083
1.0345256328582764,0.9600000381469727,1.1004619598388672
1.024999976158142,0.9750000238418579,1.0281920433044434
1.0424124002456665,0.9500000476837158,1.1004619598388672
1.0411821603775024,0.940000057220459,1.3103220462799072
1.0381076335906982,0.940000057220459,1.7602919340133667
1.024999976158142,0.9750000238418579,1.1121019124984741
1.0216264724731445,0.9750000238418579,1.3220319747924805
1.040307641029358,0.9450000524520874,1.3980120420455933
1.0325250625610352,0.9650000333786011,1.0350021123886108
1.0271437168121338,0.9700000286102295,1.0302820205688477
1.028847098350525,0.9650000333786011,1.1513019800186157
1.0199999809265137,0.9800000190734863,1.0721518993377686
1.024999976158142,0.9750000238418579,1.152392029762268
1.024999976158142,0.9750000238418579,1.0544520616531372
1.0199999809265137,0.9800000190734863,1.0370019674301147
1.0484440326690674,0.940000057220459,1.2565020322799683
1.024999976158142,0.9750000238418579,1.063602089881897
1.0324740409851074,0.9550000429153442,1.2948321104049683
1.0372250080108643,0.9550000429153442,1.10384202003479
