1.0980000495910645,0.9910001158714294,3.0000052452087402
1.1929999589920044,0.9910001158714294,2.999992609024048
2.074000120162964,0.9769999980926514,2.9999911785125732
1.2549998760223389,0.9930000901222229,3.0000016689300537
1.222999930381775,0.9920001029968262,2.999995470046997
1.2020000219345093,0.9900000095367432,3.0000054836273193
1.1489999294281006,0.9900000691413879,3.0000016689300537
1.154999852180481,0.9920000433921814,3.0000057220458984
1.2429999113082886,0.9900000095367432,3.0000059604644775
1.2730000019073486,0.9860000610351562,3.0000033378601074
1.1149998903274536,0.9879999756813049,3.0000059604644775
1.2720000743865967,0.9900001287460327,3.0000009536743164
1.4749999046325684,0.9900001287460327,3.000002861022949
1.3029999732971191,0.984000027179718,3.0000064373016357
1.3709999322891235,0.984000027179718,2.9999969005584717
5.705000400543213,0.9340000152587891,3.00000262260437
1.3939999341964722,0.9910000562667847,3.000002384185791
1.0780000686645508,0.9940000772476196,3.0000064373016357
1.274999976158142,0.9880000352859497,3.0000014305114746
1.059999942779541,0.9950000643730164,3.0000057220458984
1.084999918937683,0.9950000643730164,3.0000054836273193
1.0940001010894775,0.9950000643730164,3.0000059604644775
1.159000039100647,0.9930000901222229,3.0000011920928955
1.2300001382827759,0.9950000643730164,2.999997138977051
1.0839998722076416,0.9940000772476196,3.0000052452087402
2.832000255584717,0.9679999351501465,3.000002861022949
1.2289999723434448,0.987000048160553,3.000002384185791
1.246000051498413,0.987000048160553,3.0000014305114746
1.3250000476837158,0.9910000562667847,2.9999961853027344
1.468999981880188,0.9839999675750732,3.0000011920928955
1.0810000896453857,0.9930000901222229,3.0000052452087402
1.534000039100647,0.9900000691413879,2.9999983310699463
1.5010000467300415,0.9850000739097595,2.9999969005584717
3.1649999618530273,0.9649999737739563,2.999990940093994
1.6699999570846558,0.9859999418258667,2.999990940093994
1.9830001592636108,0.9809999465942383,3.0
2.683000087738037,0.9709999561309814,2.9999983310699463
1.198000192642212,0.9900001287460327,3.0000054836273193
1.2410000562667847,0.9900001287460327,3.0000011920928955
2.18500018119812,0.965999960899353,2.9999990463256836
2.115999937057495,0.9729999303817749,2.9999914169311523
1.2119998931884766,0.9890000224113464,3.0000014305114746
2.3320000171661377,0.9760000109672546,2.9999918937683105
1.220000147819519,0.9900000095367432,3.0000057220458984
1.2369998693466187,0.9890000820159912,2.999997138977051
4.615999698638916,0.9420000314712524,3.0000030994415283
1.1859999895095825,0.9900001287460327,3.0000054836273193
1.1920000314712524,0.9930000901222229,3.0000057220458984
1.2409999370574951,0.9920001029968262,2.999988317489624
1.343999981880188,0.9829999804496765,2.9999966621398926
1.096000075340271,0.9950000643730164,3.0000059604644775
1.065000057220459,0.9930000305175781,3.0000059604644775
2.0160000324249268,0.968999981880188,3.0000030994415283
1.2289999723434448,0.9869999885559082,3.0000057220458984
1.3319998979568481,0.9860000610351562,2.9999966621398926
1.3590000867843628,0.987000048160553,3.0000040531158447
1.2059999704360962,0.9920000433921814,3.0000052452087402
1.090000033378601,0.9940000772476196,3.0000059604644775
1.3240001201629639,0.9880000352859497,3.000004291534424
1.0299999713897705,0.9950000643730164,3.000004768371582
1.3190001249313354,0.9850000143051147,3.0000011920928955
1.7330000400543213,0.9850000143051147,2.9999969005584717
1.3280000686645508,0.987000048160553,2.999997138977051
1.2609999179840088,0.9930000901222229,3.0000040531158447
1.3189998865127563,0.9839999675750732,3.0000054836273193
1.2070000171661377,0.9940000772476196,2.999992847442627
1.156000018119812,0.9940000772476196,3.0000011920928955
1.9249999523162842,0.9850000143051147,2.9999969005584717
1.3560000658035278,0.9900000095367432,3.0000016689300537
1.086999773979187,0.9950000643730164,3.0000061988830566
1.0540000200271606,0.9950000643730164,3.0000052452087402
1.194000005722046,0.9950000643730164,2.999990701675415
1.2350000143051147,0.9869999885559082,3.0000059604644775
1.246999979019165,0.9860000610351562,3.0000009536743164
1.1909998655319214,0.9930000305175781,3.000002861022949
1.2369999885559082,0.9930000901222229,2.999988317489624
1.7409999370574951,0.984000027179718,2.9999990463256836
1.1389999389648438,0.9880000352859497,2.9999969005584717
1.0870000123977661,0.9940000772476196,2.9999966621398926
1.3000001907348633,0.9930000305175781,2.9999992847442627
1.3370001316070557,0.9900001287460327,2.999997138977051
1.1640000343322754,0.9950000643730164,3.0000052452087402
1.1380000114440918,0.9930000901222229,3.0000057220458984
1.2070000171661377,0.9950000643730164,2.999992847442627
1.315999984741211,0.9839999675750732,3.0000011920928955
2.0910000801086426,0.9750000238418579,2.999988079071045
1.0980000495910645,0.9950000643730164,3.0000059604644775
1.34499990940094,0.9900000095367432,3.0000009536743164
1.1910001039505005,0.9950000643730164,3.0000038146972656
1.1009999513626099,0.9950000643730164,3.0000057220458984
1.2890000343322754,0.9910000562667847,3.000004291534424
1.1429998874664307,0.9920000433921814,3.0000064373016357
1.096000075340271,0.9950000643730164,3.0000061988830566
1.0319998264312744,0.9950000643730164,3.0000052452087402
1.3019999265670776,0.9900000691413879,2.999997138977051
1.2289999723434448,0.9910001158714294,2.999992847442627
1.1119999885559082,0.9950000643730164,3.0000052452087402
1.1549999713897705,0.9920000433921814,3.0000059604644775
1.225000023841858,0.9880000352859497,3.0000061988830566
1.0529999732971191,0.9950000643730164,3.0000057220458984
1.2260000705718994,0.9839999675750732,3.0000057220458984
1.215000033378601,0.9869999885559082,3.0000057220458984
1.3560000658035278,0.9829999208450317,2.999997138977051
1.5899999141693115,0.9779999852180481,2.9999923706054688
1.1439999341964722,0.9900001287460327,3.0000054836273193
1.4989999532699585,0.9799999594688416,2.999992609024048
4.082000255584717,0.9740000367164612,2.9999966621398926
1.843000054359436,0.9750000238418579,3.000001907348633
1.1359999179840088,0.9910001158714294,3.0000052452087402
1.347000002861023,0.9890000224113464,2.999999761581421
1.2880001068115234,0.9930000901222229,3.000002145767212
1.0700000524520874,0.9940000772476196,3.0000016689300537
1.2210001945495605,0.9900000095367432,3.0000014305114746
1.2889999151229858,0.9880000352859497,2.9999992847442627
1.1200000047683716,0.9920001029968262,3.0000059604644775
1.156999945640564,0.9930000901222229,3.0000054836273193
1.2669999599456787,0.9890000820159912,3.0000040531158447
1.5740001201629639,0.9839999079704285,2.99999737739563
1.596000075340271,0.9839999079704285,2.9999969005584717
1.099000096321106,0.9950000643730164,3.0000054836273193
1.3519999980926514,0.9900000691413879,2.999999523162842
1.321000099182129,0.9840000867843628,2.999995708465576
1.4840000867843628,0.9810000658035278,2.999999761581421
1.1380001306533813,0.9920001029968262,3.0000052452087402
1.9350000619888306,0.9709999561309814,2.9999921321868896
1.3799999952316284,0.9850000143051147,3.000005006790161
1.3710001707077026,0.9940000772476196,2.999995231628418
2.322999954223633,0.9839999079704285,2.9999969005584717
2.3510000705718994,0.981999933719635,2.999990701675415
1.1359999179840088,0.9950000643730164,2.9999969005584717
1.1559998989105225,0.9920001029968262,3.0000014305114746
1.5530000925064087,0.984000027179718,2.9999969005584717
1.6720000505447388,0.9860000014305115,2.9999935626983643
2.5290002822875977,0.9700000286102295,2.9999911785125732
1.2600001096725464,0.9869999885559082,2.9999969005584717
1.196000099182129,0.987000048160553,3.0000057220458984
1.7120000123977661,0.9760000109672546,3.0000057220458984
1.2760000228881836,0.9910000562667847,2.999992609024048
1.3489999771118164,0.9829999804496765,3.0000011920928955
1.343999981880188,0.9849998950958252,3.0000014305114746
1.3569999933242798,0.9849998950958252,3.0000011920928955
1.1920000314712524,0.9950000643730164,3.0000057220458984
1.386000156402588,0.9900000095367432,3.0000007152557373
1.5099999904632568,0.9930000901222229,2.999995231628418
1.3869999647140503,0.9820000529289246,3.00000262260437
1.5130000114440918,0.9859999418258667,3.000004529953003
1.3240001201629639,0.987000048160553,3.0000057220458984
1.0839999914169312,0.9930000901222229,3.0000054836273193
1.58899986743927,0.9819999933242798,2.999995708465576
1.1349998712539673,0.9930000901222229,3.0000057220458984
1.2829999923706055,0.9900000691413879,3.0000040531158447
1.2960000038146973,0.9910001158714294,3.000004291534424
1.1149998903274536,0.9950000643730164,3.0000052452087402
1.343000054359436,0.9950000643730164,2.999988317489624
1.3519998788833618,0.987000048160553,3.0000059604644775
1.1439999341964722,0.9920000433921814,3.0000057220458984
1.1099998950958252,0.9930000901222229,3.0000057220458984
1.1349999904632568,0.9940000772476196,3.000005006790161
1.2139999866485596,0.9860000014305115,3.0000009536743164
1.2130000591278076,0.9850000143051147,3.0000057220458984
1.3799999952316284,0.981999933719635,3.0000014305114746
1.5340001583099365,0.9790000319480896,2.9999992847442627
1.2779998779296875,0.9850000143051147,2.9999966621398926
1.184000015258789,0.9880000948905945,2.999997138977051
1.1589999198913574,0.9880000352859497,3.0000054836273193
1.468000054359436,0.9789999723434448,3.0000016689300537
1.590000033378601,0.9809999465942383,3.000002861022949
1.4020001888275146,0.9799999594688416,3.0000009536743164
1.3680000305175781,0.9900000691413879,2.999992847442627
1.4150002002716064,0.9829999804496765,2.999992609024048
1.101000189781189,0.9930000305175781,3.0000059604644775
1.0780000686645508,0.9950000643730164,3.0000057220458984
1.1449999809265137,0.9940000772476196,2.999997615814209
1.1750000715255737,0.9930000901222229,3.0000059604644775
1.1470000743865967,0.9920001029968262,3.0000059604644775
1.415000081062317,0.9819999933242798,2.999999761581421
1.2760000228881836,0.9890000224113464,3.000004291534424
1.2259999513626099,0.9829999804496765,3.0000059604644775
1.3280000686645508,0.9799999594688416,3.000001907348633
1.0910000801086426,0.9950000643730164,3.0000061988830566
1.440999984741211,0.9900000691413879,2.9999983310699463
1.0670000314712524,0.9950000643730164,3.0000054836273193
1.068000078201294,0.9920001029968262,3.0000054836273193
1.1480000019073486,0.9890000224113464,3.0000009536743164
1.2120000123977661,0.9880000352859497,3.000000476837158
1.777999997138977,0.9829999804496765,3.000002861022949
1.0820001363754272,0.9909999966621399,3.0000052452087402
1.1589999198913574,0.9920001029968262,3.0000057220458984
1.2130000591278076,0.9860000014305115,3.0000057220458984
1.4940000772476196,0.9830000400543213,3.0000054836273193
1.2310000658035278,0.9930000305175781,3.0000009536743164
1.9630000591278076,0.9749999642372131,3.0000040531158447
1.126000165939331,0.9930000901222229,3.0000059604644775
1.6410000324249268,0.9790000319480896,2.9999921321868896
1.1500000953674316,0.9940000772476196,3.0000014305114746
1.1349999904632568,0.9950000643730164,2.9999966621398926
1.6410000324249268,0.9779999256134033,3.000002384185791
1.1250001192092896,0.9920001029968262,3.0000057220458984
1.5550000667572021,0.9859999418258667,3.0000038146972656
1.687999963760376,0.9849998950958252,3.000004529953003
1.8280000686645508,0.9859999418258667,3.000000238418579
1.2140001058578491,0.984000027179718,3.0000061988830566
1.467000126838684,0.9799999594688416,3.0
1.4190000295639038,0.9769999980926514,3.000005006790161
1.093999981880188,0.9910000562667847,3.0000059604644775
1.2760000228881836,0.9940000772476196,2.9999921321868896
1.1760001182556152,0.9920000433921814,3.0000059604644775
1.059999942779541,0.9940000772476196,3.000005006790161
1.0699999332427979,0.9950000643730164,3.0000059604644775
2.927000045776367,0.972000002861023,2.999995231628418
2.389000177383423,0.9849998950958252,2.9999992847442627
1.1089999675750732,0.9930000901222229,2.9999964237213135
1.308000087738037,0.9839999675750732,3.0000054836273193
1.1039999723434448,0.9900001287460327,3.0000057220458984
1.1729999780654907,0.9910000562667847,3.0000057220458984
1.4980000257492065,0.9709999561309814,3.0000059604644775
1.1340000629425049,0.9910000562667847,3.0000057220458984
1.3360000848770142,0.9910000562667847,2.999992609024048
1.3329998254776,0.9829999804496765,2.999988079071045
1.3760000467300415,0.9930000901222229,2.9999964237213135
1.1970001459121704,0.9900000691413879,3.0000054836273193
1.2130000591278076,0.9920000433921814,3.0000014305114746
1.1130001544952393,0.9910001158714294,3.0000057220458984
1.3870000839233398,0.9869999885559082,2.9999969005584717
1.441999912261963,0.9799999594688416,2.9999923706054688
1.1820001602172852,0.9890000224113464,3.0000052452087402
1.1820000410079956,0.9870001077651978,3.0000059604644775
1.15500009059906,0.9930000901222229,3.0000057220458984
1.1380000114440918,0.9900000095367432,3.0000054836273193
1.258000135421753,0.9860000014305115,3.0000016689300537
1.1790001392364502,0.9900000691413879,2.9999966621398926
1.1010000705718994,0.9950000643730164,3.0000054836273193
1.2309999465942383,0.9860000610351562,3.0000059604644775
1.275999903678894,0.9859999418258667,3.0000054836273193
1.5839999914169312,0.9879999756813049,2.999997138977051
1.3369998931884766,0.9880000352859497,2.9999988079071045
2.2260000705718994,0.9819999933242798,2.999997138977051
1.1069999933242798,0.9930000901222229,3.0000054836273193
1.1050000190734863,0.9890000820159912,3.0000061988830566
1.2000000476837158,0.9839999079704285,3.0000014305114746
1.4709999561309814,0.9869999885559082,3.00000262260437
1.4359999895095825,0.9910001158714294,2.9999988079071045
1.33899986743927,0.9920001029968262,2.9999938011169434
1.087999939918518,0.9920001029968262,3.0000054836273193
1.0750000476837158,0.9930000305175781,3.0000057220458984
1.0489999055862427,0.9940000772476196,3.000005006790161
1.1560001373291016,0.9860000014305115,3.000005006790161
1.4639999866485596,0.9800000190734863,3.0000011920928955
1.0889999866485596,0.9880000352859497,3.000004768371582
1.194000005722046,0.9890000224113464,3.0000061988830566
1.090000033378601,0.9909999966621399,3.0000052452087402
1.1160000562667847,0.9910000562667847,3.0000061988830566
1.471000075340271,0.9739999771118164,3.0000007152557373
1.1030000448226929,0.9920001029968262,3.0000057220458984
1.2790000438690186,0.9860000014305115,2.9999969005584717
1.3400001525878906,0.9880000948905945,2.9999969005584717
1.3630000352859497,0.9850000739097595,2.9999959468841553
1.2100001573562622,0.9900001287460327,2.999997138977051
1.1710000038146973,0.9839999675750732,3.0000052452087402
1.1019998788833618,0.9940000772476196,3.0000016689300537
1.1410000324249268,0.9870001077651978,3.000005006790161
1.1079999208450317,0.9910000562667847,3.0000059604644775
1.2339999675750732,0.9950000643730164,2.9999990463256836
1.501000165939331,0.9860000014305115,2.9999990463256836
1.3609999418258667,0.9840000867843628,2.999998092651367
1.2260000705718994,0.9910001158714294,2.999992609024048
1.0920000076293945,0.9940000772476196,3.0000061988830566
1.1060001850128174,0.9930000901222229,3.0000059604644775
1.1140000820159912,0.9950000643730164,2.9999988079071045
1.2840001583099365,0.9880000352859497,3.0000038146972656
1.2970001697540283,0.9920000433921814,3.0
1.4179999828338623,0.9810000061988831,3.0000016689300537
1.1749999523162842,0.9900000095367432,3.0000061988830566
1.972999930381775,0.968999981880188,2.999999761581421
1.1260000467300415,0.9920000433921814,3.0000057220458984
1.0420000553131104,0.9950000643730164,3.0000059604644775
1.1340000629425049,0.9940000772476196,3.0000059604644775
1.1510000228881836,0.9930000305175781,3.0000054836273193
1.3909999132156372,0.9829999804496765,3.000002145767212
2.243000030517578,0.9679999947547913,2.999995708465576
1.3639999628067017,0.9930000901222229,3.0000040531158447
1.180999994277954,0.9930000901222229,3.0000038146972656
1.1720000505447388,0.9920001029968262,3.0000059604644775
1.5980000495910645,0.9789999723434448,2.9999942779541016
1.3480000495910645,0.9869999885559082,3.000004291534424
1.1159999370574951,0.9950000643730164,3.0000016689300537
1.1029998064041138,0.9950000643730164,3.0000059604644775
1.6150000095367432,0.9739999771118164,3.000005006790161
1.1829999685287476,0.9909999966621399,3.0000054836273193
1.2820000648498535,0.9900000691413879,3.0000011920928955
1.2569999694824219,0.9860000014305115,3.0000061988830566
1.5010000467300415,0.984000027179718,2.999999761581421
1.3910000324249268,0.9800000786781311,2.999997138977051
1.5620001554489136,0.9759999513626099,3.0000059604644775
1.0820000171661377,0.9940000772476196,3.0000052452087402
1.1950000524520874,0.9890000224113464,3.0000011920928955
1.0740000009536743,0.9910001158714294,3.0000052452087402
1.125999927520752,0.9930000901222229,2.99999737739563
1.4219999313354492,0.9869999289512634,2.9999945163726807
2.0190000534057617,0.966999888420105,2.9999964237213135
1.6360000371932983,0.9799999594688416,2.999999523162842
1.373000144958496,0.9789999723434448,2.9999969005584717
1.2829999923706055,0.9940000772476196,3.0000040531158447
1.2200000286102295,0.9900000691413879,3.0000054836273193
1.2430000305175781,0.9860000610351562,2.99999737739563
1.181999921798706,0.9920001029968262,3.0000009536743164
1.2400000095367432,0.9859999418258667,3.0000057220458984
1.2819998264312744,0.9890000224113464,2.999995708465576
1.3869998455047607,0.9800000190734863,3.000002861022949
1.3420000076293945,0.9880000352859497,3.0000054836273193
1.3529999256134033,0.9850000143051147,2.99999737739563
1.408000111579895,0.9829999208450317,2.9999969005584717
1.5490001440048218,0.9780000448226929,3.0000038146972656
1.2530001401901245,0.9869999885559082,2.999992609024048
1.2979999780654907,0.9900000095367432,3.0000011920928955
1.4480000734329224,0.9860000014305115,2.9999940395355225
1.0500000715255737,0.9950000643730164,3.0000057220458984
1.366999864578247,0.9799999594688416,2.999992609024048
1.1470000743865967,0.9900000691413879,3.0000059604644775
1.1009999513626099,0.9940000772476196,3.000001907348633
1.4170000553131104,0.9880000352859497,3.0000011920928955
1.255000114440918,0.9910000562667847,2.999988079071045
1.1139999628067017,0.9920001029968262,3.0000054836273193
1.2630000114440918,0.9880000352859497,3.0000054836273193
1.122999906539917,0.9900000691413879,3.0000007152557373
1.1399999856948853,0.9930000901222229,3.0000061988830566
1.1710001230239868,0.9920001029968262,3.0000057220458984
1.2340000867843628,0.9880000352859497,3.0000052452087402
1.130000114440918,0.9930000901222229,3.0000057220458984
1.375999927520752,0.9890000820159912,3.000004291534424
1.073000192642212,0.9950000643730164,3.0000011920928955
1.09499990940094,0.9950000643730164,3.0000059604644775
1.1400001049041748,0.9930000901222229,3.0000057220458984
1.2969999313354492,0.9849998950958252,3.0000057220458984
1.093000054359436,0.9940000772476196,3.0000059604644775
1.2420001029968262,0.9940000772476196,2.999987840652466
1.1850000619888306,0.9940000772476196,3.0000011920928955
1.227000117301941,0.9850000143051147,3.0000057220458984
1.059999942779541,0.9950000643730164,3.0000054836273193
1.1089999675750732,0.9940000772476196,2.9999992847442627
1.1290000677108765,0.9940000772476196,2.9999969005584717
1.0770000219345093,0.9950000643730164,3.0000059604644775
1.0689998865127563,0.9930000305175781,3.000004529953003
1.559999942779541,0.9900000691413879,2.999999523162842
1.3530001640319824,0.9950000643730164,2.9999964237213135
1.1089999675750732,0.9920000433921814,3.0000054836273193
1.1619999408721924,0.9880000352859497,3.0000061988830566
1.340999960899353,0.9880000352859497,2.999999523162842
1.6610000133514404,0.9820000529289246,2.999998092651367
1.2739999294281006,0.9869999885559082,3.000001907348633
1.1320000886917114,0.9930000901222229,3.0000057220458984
1.3640000820159912,0.9890000224113464,2.9999935626983643
1.3549998998641968,0.9860000014305115,3.0000054836273193
1.3450000286102295,0.9880000352859497,3.0000040531158447
1.0699999332427979,0.9950000643730164,3.0000057220458984
1.1010000705718994,0.9930000901222229,2.999997138977051
1.0509998798370361,0.9950000643730164,3.0000052452087402
1.4010000228881836,0.9759999513626099,2.999992609024048
1.068000078201294,0.9940000772476196,3.0000057220458984
1.1230000257492065,0.9880000352859497,3.0000052452087402
1.0890001058578491,0.9880000352859497,3.000005006790161
1.093999981880188,0.9900000095367432,3.0000059604644775
1.1140000820159912,0.9950000643730164,3.0000011920928955
1.1339999437332153,0.9930000305175781,2.9999969005584717
1.8119999170303345,0.9820000529289246,2.9999923706054688
1.062000036239624,0.9950000643730164,3.0000061988830566
1.058000087738037,0.9950000643730164,3.0000054836273193
2.1690001487731934,0.9780000448226929,2.9999942779541016
1.3680000305175781,0.9900001287460327,2.999999761581421
1.3569999933242798,0.9900001287460327,2.999999523162842
1.2780001163482666,0.9830000400543213,3.0000059604644775
1.1160000562667847,0.9890000820159912,3.0000054836273193
1.062999963760376,0.9920001029968262,3.000005006790161
1.149999976158142,0.9910000562667847,3.0000014305114746
1.2850000858306885,0.9839999675750732,3.0000057220458984
1.3370000123977661,0.9910001158714294,2.9999988079071045
1.0540000200271606,0.9950000643730164,3.000005006790161
1.2319999933242798,0.9880000352859497,2.9999966621398926
1.0909998416900635,0.9940000772476196,2.99999737739563
1.571000099182129,0.9869999885559082,3.00000262260437
1.1279999017715454,0.9890000224113464,3.0000057220458984
1.225000023841858,0.9850000143051147,3.0000014305114746
1.0770000219345093,0.9920001029968262,3.000004768371582
1.1540000438690186,0.9950000643730164,2.999997138977051
1.3680000305175781,0.9890000224113464,2.9999938011169434
1.1449999809265137,0.9880000352859497,3.0000007152557373
1.08899986743927,0.9940000772476196,3.0000054836273193
1.971000075340271,0.9829999804496765,3.00000262260437
1.4620000123977661,0.9819999933242798,3.0000052452087402
1.3090001344680786,0.9880000352859497,2.9999923706054688
1.154000163078308,0.9890000224113464,3.0000059604644775
1.1410000324249268,0.9890000224113464,3.0000059604644775
1.2970000505447388,0.9799999594688416,3.000001907348633
1.187000036239624,0.9890000224113464,3.000001907348633
1.069000005722046,0.9950000643730164,3.0000064373016357
1.0689998865127563,0.9930000901222229,3.0000054836273193
1.1100000143051147,0.9920001029968262,3.0000059604644775
1.1800000667572021,0.9910001158714294,2.99999737739563
1.1809998750686646,0.9900000691413879,2.999992847442627
1.2290000915527344,0.9880000948905945,2.99999737739563
1.1160000562667847,0.9869999289512634,3.0000054836273193
1.2649999856948853,0.9950000643730164,2.999998092651367
1.1179999113082886,0.9930000305175781,3.0000054836273193
1.1230000257492065,0.9950000643730164,3.0000057220458984
1.1039999723434448,0.9940000772476196,2.9999966621398926
1.034000039100647,0.9950000643730164,3.000004768371582
1.128999948501587,0.9920001029968262,3.000004768371582
1.1460000276565552,0.98499995470047,3.0000057220458984
1.0870000123977661,0.9920001029968262,3.0000011920928955
1.0379998683929443,0.9950000643730164,3.000005006790161
1.125,0.9940000772476196,3.0000057220458984
1.1979999542236328,0.9879999756813049,3.0000052452087402
1.1450001001358032,0.9950000643730164,2.9999969005584717
1.1430001258850098,0.9890000224113464,3.0000052452087402
1.149999976158142,0.9920001029968262,2.999997138977051
1.0740001201629639,0.9950000643730164,3.0000052452087402
1.3299999237060547,0.9849998950958252,2.9999964237213135
1.0869998931884766,0.9950000643730164,3.0000057220458984
1.059999942779541,0.9930000901222229,3.0000054836273193
1.1939998865127563,0.9900001287460327,3.0000054836273193
1.1460000276565552,0.9920000433921814,3.0000054836273193
1.2039999961853027,0.9950000643730164,2.999998092651367
1.1260000467300415,0.9890000820159912,2.999997138977051
1.1610000133514404,0.9930000901222229,2.999995470046997
1.059000015258789,0.9940000772476196,3.0000057220458984
1.128999948501587,0.9900000691413879,3.0000057220458984
1.1939998865127563,0.9900001287460327,3.0000016689300537
1.4060001373291016,0.9819999933242798,2.999997854232788
1.062000036239624,0.9950000643730164,3.0000052452087402
1.1839998960494995,0.9900000095367432,2.999995470046997
1.1970000267028809,0.9910001158714294,3.0000009536743164
1.1639999151229858,0.9890000224113464,3.0000054836273193
1.2280000448226929,0.9900000691413879,2.999997138977051
1.13100004196167,0.9890000820159912,2.999997138977051
1.274999976158142,0.9840000867843628,2.9999969005584717
1.3369998931884766,0.9880000352859497,2.9999983310699463
1.184999942779541,0.9850000739097595,3.000005006790161
1.1130000352859497,0.9890000224113464,3.0000052452087402
1.0899999141693115,0.9920001029968262,3.0000064373016357
1.1779999732971191,0.9869999885559082,3.000005006790161
1.215999960899353,0.9900000691413879,3.0000057220458984
1.0880000591278076,0.9930000901222229,3.0000064373016357
1.1410000324249268,0.9920000433921814,2.9999961853027344
1.13100004196167,0.9950000643730164,3.0000059604644775
1.1059999465942383,0.9950000643730164,3.0000014305114746
1.0850000381469727,0.9930000901222229,3.0000054836273193
1.093000054359436,0.9900000691413879,3.0000057220458984
1.0509999990463257,0.9940000772476196,3.000004768371582
1.1190000772476196,0.9930000901222229,2.999997138977051
1.1069999933242798,0.9920001029968262,3.0000059604644775
1.2249999046325684,0.9879999756813049,2.999992609024048
1.2829999923706055,0.9850000739097595,2.999999523162842
1.1160001754760742,0.9900000691413879,2.9999966621398926
1.055999994277954,0.9950000643730164,3.0000057220458984
1.1540000438690186,0.987000048160553,2.9999969005584717
1.1119999885559082,0.9940000772476196,3.0000057220458984
1.1579999923706055,0.9890000820159912,3.0000011920928955
1.346000075340271,0.9890000820159912,3.000000476837158
1.0709999799728394,0.9950000643730164,3.000004768371582
1.1009999513626099,0.9889999628067017,3.0000052452087402
1.1389998197555542,0.9880000352859497,3.0000059604644775
1.1649999618530273,0.9879999756813049,3.0000057220458984
1.1360000371932983,0.9910000562667847,3.0000054836273193
1.0860000848770142,0.9910001158714294,3.0000057220458984
1.0819998979568481,0.9930000901222229,3.0000057220458984
1.1109999418258667,0.9920000433921814,3.0000061988830566
1.1080000400543213,0.9940000772476196,3.0000014305114746
1.0540000200271606,0.9940000772476196,3.0000059604644775
1.09499990940094,0.9930000901222229,3.000005006790161
1.2080000638961792,0.9880000352859497,3.0000059604644775
1.0469999313354492,0.9940000772476196,3.000005006790161
1.186000108718872,0.9900001287460327,2.9999966621398926
1.1959999799728394,0.987000048160553,2.9999966621398926
1.0839999914169312,0.9920000433921814,3.000005006790161
1.0759998559951782,0.9930000901222229,3.0000014305114746
1.1180001497268677,0.9900000691413879,3.0000054836273193
1.0929999351501465,0.9950000643730164,2.999999523162842
1.1130000352859497,0.9910000562667847,3.0000054836273193
1.087999939918518,0.9940000772476196,3.0000057220458984
1.060999870300293,0.9950000643730164,3.0000054836273193
1.0759999752044678,0.9890000820159912,3.0000052452087402
1.1080000400543213,0.9900001287460327,3.0000052452087402
1.061000108718872,0.9950000643730164,3.0000054836273193
1.0839999914169312,0.9900001287460327,3.000004768371582
1.093000054359436,0.9880000352859497,3.0000052452087402
1.1549999713897705,0.9880000352859497,3.000005006790161
1.0649999380111694,0.9950000643730164,3.000005006790161
1.1429998874664307,0.9930000901222229,3.0000054836273193
1.1089999675750732,0.9880000352859497,3.0000057220458984
1.0630000829696655,0.9930000901222229,3.0000052452087402
1.028999924659729,0.9940000772476196,3.0000052452087402
1.0910000801086426,0.9930000901222229,3.0000054836273193
1.0700000524520874,0.9950000643730164,3.000004768371582
1.218999981880188,0.9950000643730164,2.99999737739563
1.037000060081482,0.9950000643730164,3.0000057220458984
1.0350000858306885,0.9950000643730164,3.000005006790161
1.1279999017715454,0.9869999885559082,3.0000059604644775
1.0460000038146973,0.9940000772476196,3.000005006790161
1.0799999237060547,0.9910001158714294,3.000000238418579
1.0480000972747803,0.9909999966621399,3.000004768371582
