880
634
818
1038
76
67
254
116
674
790
955
88
33
503
961
192
257
344
130
650
6
747
167
1
78
121
585
20
1034
720
321
330
139
690
956
587
148
957
570
336
1052
198
731
889
206
526
458
155
643
280
150
265
582
620
229
438
1008
571
230
163
414
472
513
842
885
797
700
727
408
800
544
888
446
605
756
514
304
419
477
398
340
302
187
683
761
781
1053
125
195
320
61
971
933
94
706
862
119
607
530
1076
211
590
2
641
887
387
232
37
759
1048
220
183
247
25
1072
256
1039
264
703
1051
728
90
469
200
519
1028
216
301
675
508
601
406
84
325
1047
1032
829
666
543
619
182
136
1058
354
736
657
778
1025
1067
663
919
18
351
551
343
109
826
250
193
739
614
746
355
272
378
96
299
113
649
856
169
522
459
660
980
766
188
934
19
176
667
349
242
610
770
962
869
951
316
648
29
998
48
839
583
58
22
240
103
1031
471
1073
13
724
1007
538
813
830
697
920
157
893
654
967
71
692
118
864
939
59
391
421
221
337
1035
656
835
563
448
60
959
370
712
947
243
977
365
341
411
874
50
771
382
802
388
45
594
754
297
825
329
807
913
494
783
635
744
362
704
1056
975
846
732
505
932
841
765
5
867
573
819
952
579
676
860
259
557
294
89
289
717
373
521
1075
1006
890
447
531
954
990
1049
258
452
151
241
929
883
201
464
745
1043
923
912
575
1054
11
271
696
925
46
627
653
499
1009
854
596
478
1066
366
238
442
334
981
328
497
234
779
640
574
985
840
208
217
787
1029
309
307
147
215
782
921
577
133
279
181
1061
8
32
138
617
374
390
482
432
424
537
433
774
873
916
723
470
17
1059
149
623
400
966
907
359
525
791
1023
57
705
164
397
810
989
239
237
55
755
146
599
269
944
533
655
95
950
228
535
773
716
1071
534
927
824
28
168
589
730
510
972
905
21
764
191
718
536
613
593
629
685
402
87
886
453
315
179
348
450
621
598
158
451
1014
670
1021
123
225
901
275
749
520
34
668
474
665
827
423
212
532
618
134
1036
603
480
698
166
646
737
1005
105
831
984
848
288
437
346
392
326
965
931
481
914
540
524
686
356
262
1026
678
209
197
742
803
246
1016
449
317
413
104
673
440
707
85
684
107
386
224
662
253
918
165
1022
263
69
484
1004
434
591
772
645
527
694
10
789
788
630
404
488
691
204
611
821
541
131
719
54
580
426
940
917
711
928
1013
608
132
970
214
930
66
82
859
233
638
295
