1.0354737043380737,0.9550000429153442,1.119022011756897
1.0354737043380737,0.9550000429153442,1.121142029762268
1.0503356456756592,0.8849999904632568,3.2394020557403564
1.0320017337799072,0.9650000333786011,1.2632019519805908
1.0306593179702759,0.9600000381469727,1.566512107849121
1.0361536741256714,0.9500000476837158,1.1883519887924194
1.036550760269165,0.9500000476837158,1.1871819496154785
1.0303244590759277,0.9600000381469727,1.6243020296096802
1.0339902639389038,0.9550000429153442,1.2185919284820557
1.0405197143554688,0.9350000619888306,1.3966619968414307
1.041340708732605,0.9450000524520874,1.155701994895935
1.0366454124450684,0.9550000429153442,1.3387420177459717
1.0371201038360596,0.9550000429153442,1.335081934928894
1.0499426126480103,0.9200000762939453,1.7465920448303223
1.049068808555603,0.9250000715255737,2.0423319339752197
1.1156319379806519,0.7250000238418579,4.185622215270996
1.026088833808899,0.9600000381469727,1.6044820547103882
1.0229462385177612,0.9750000238418579,1.1078219413757324
1.034182071685791,0.940000057220459,1.5697320699691772
1.024999976158142,0.9750000238418579,1.0458120107650757
1.024999976158142,0.9750000238418579,1.0722620487213135
1.024999976158142,0.9750000238418579,1.0986120700836182
1.0294445753097534,0.9650000333786011,1.180082082748413
1.0199999809265137,0.9800000190734863,1.1564018726348877
1.0262531042099,0.9700000286102295,1.2170820236206055
1.0529296398162842,0.8399999737739563,2.4738619327545166
1.0468658208847046,0.9350000619888306,1.5990020036697388
1.0418391227722168,0.940000057220459,1.6770020723342896
1.0298699140548706,0.9550000429153442,2.188612222671509
1.0500842332839966,0.9200000762939453,1.7848020792007446
1.0231412649154663,0.9700000286102295,1.1314219236373901
1.0294674634933472,0.9600000381469727,1.4202020168304443
1.0463576316833496,0.9250000715255737,2.033492088317871
1.0912500619888306,0.8300000429153442,2.8930320739746094
1.0444767475128174,0.9350000619888306,1.5974020957946777
1.0536705255508423,0.9050000309944153,1.7140520811080933
1.0653080940246582,0.8600000143051147,2.419261932373047
1.0468878746032715,0.9500000476837158,1.2378020286560059
1.0381379127502441,0.9600000381469727,1.2378020286560059
1.0597662925720215,0.8400000333786011,2.8035519123077393
1.0503703355789185,0.8750000596046448,2.68827223777771
1.0340280532836914,0.9450000524520874,1.5156320333480835
1.0507631301879883,0.8800000548362732,3.670192003250122
1.0290237665176392,0.9550000429153442,2.0642120838165283
1.0356800556182861,0.9550000429153442,1.1861920356750488
1.1213583946228027,0.7199999690055847,4.046772480010986
1.0419660806655884,0.9500000476837158,1.2198420763015747
1.0279821157455444,0.9700000286102295,1.0744919776916504
1.0243667364120483,0.9650000333786011,1.254102110862732
1.043025255203247,0.9200000762939453,1.6938520669937134
1.024999976158142,0.9750000238418579,1.1317119598388672
1.0228098630905151,0.9700000286102295,1.2648121118545532
1.0660498142242432,0.8450000286102295,2.5828521251678467
1.0447278022766113,0.9350000619888306,1.8343418836593628
1.0398011207580566,0.9350000619888306,1.874101996421814
1.035620093345642,0.940000057220459,1.4716520309448242
1.0292145013809204,0.9600000381469727,1.1448619365692139
1.0267120599746704,0.9700000286102295,1.1292519569396973
1.0346654653549194,0.9450000524520874,1.5936620235443115
1.024999976158142,0.9750000238418579,1.0287419557571411
1.0438880920410156,0.9300000667572021,1.8907020092010498
1.0468004941940308,0.9300000667572021,1.7974820137023926
1.0477627515792847,0.9350000619888306,1.2565619945526123
1.029881477355957,0.9650000333786011,1.241562008857727
1.0435194969177246,0.9300000667572021,1.8961321115493774
1.0217326879501343,0.9750000238418579,1.1652820110321045
1.0258257389068604,0.9700000286102295,1.1353920698165894
1.0363541841506958,0.9300000667572021,2.1973519325256348
1.031982421875,0.9500000476837158,1.4461021423339844
1.0199999809265137,0.9800000190734863,1.0778919458389282
1.024999976158142,0.9750000238418579,1.0347919464111328
1.024999976158142,0.9750000238418579,1.1313821077346802
1.0407999753952026,0.9450000524520874,1.2931519746780396
1.0522302389144897,0.9300000667572021,1.7456220388412476
1.029980182647705,0.9650000333786011,1.137362003326416
1.0268950462341309,0.9650000333786011,1.224571943283081
1.036916732788086,0.9250000715255737,1.9013320207595825
1.033278465270996,0.9450000524520874,1.3519819974899292
1.0219733715057373,0.9750000238418579,1.1185719966888428
1.0288136005401611,0.9650000333786011,1.215522050857544
1.0467793941497803,0.9500000476837158,1.195412039756775
1.0199999809265137,0.9800000190734863,1.148331880569458
1.0228710174560547,0.9700000286102295,1.2039719820022583
1.024999976158142,0.9750000238418579,1.2391119003295898
1.0352343320846558,0.9350000619888306,2.0270121097564697
1.0570493936538696,0.880000114440918,2.5899224281311035
1.024999976158142,0.9750000238418579,1.1231518983840942
1.0335432291030884,0.9550000429153442,1.255281925201416
1.024999976158142,0.9750000238418579,1.1450220346450806
1.024999976158142,0.9750000238418579,1.0613120794296265
1.0338168144226074,0.9600000381469727,1.3277620077133179
1.0274202823638916,0.9650000333786011,1.415761947631836
1.024999976158142,0.9750000238418579,1.0824819803237915
1.0199999809265137,0.9800000190734863,1.0402320623397827
1.0394068956375122,0.9550000429153442,1.367251992225647
1.042387843132019,0.9550000429153442,1.2185919284820557
1.0199999809265137,0.9800000190734863,1.0655421018600464
1.029258370399475,0.9600000381469727,1.227742075920105
1.0407627820968628,0.9450000524520874,1.259782075881958
1.024999976158142,0.9750000238418579,1.044901967048645
1.0461922883987427,0.9200000762939453,1.2886320352554321
1.0371968746185303,0.9450000524520874,1.2672719955444336
1.0499838590621948,0.9250000715255737,1.3001818656921387
1.0477675199508667,0.9050000905990601,2.1658220291137695
1.0421414375305176,0.9500000476837158,1.1563719511032104
1.0420085191726685,0.9050000309944153,2.6148922443389893
1.0485479831695557,0.880000114440918,2.781752109527588
1.0700430870056152,0.880000114440918,2.8574118614196777
1.0344215631484985,0.9600000381469727,1.2584720849990845
1.032538890838623,0.9550000429153442,1.5095419883728027
1.028110146522522,0.9650000333786011,1.2324219942092896
1.0245226621627808,0.9750000238418579,1.0658819675445557
1.0266894102096558,0.9550000429153442,1.3908319473266602
1.0318113565444946,0.9500000476837158,1.2577019929885864
1.029350996017456,0.9600000381469727,1.146481990814209
1.0274745225906372,0.9700000286102295,1.148561954498291
1.0315097570419312,0.9550000429153442,1.5311720371246338
1.0664454698562622,0.9250000715255737,1.3280919790267944
1.0656683444976807,0.9250000715255737,1.3280919790267944
1.024999976158142,0.9750000238418579,1.0677419900894165
1.0339469909667969,0.9550000429153442,1.6641219854354858
1.041550636291504,0.9300000667572021,1.5629420280456543
1.052465796470642,0.9050000309944153,1.5544520616531372
1.0286283493041992,0.9650000333786011,1.2507319450378418
1.0715810060501099,0.8700000643730164,1.8670721054077148
1.0430245399475098,0.9300000667572021,1.6250920295715332
1.0258005857467651,0.9700000286102295,1.2469520568847656
1.0513099431991577,0.9300000667572021,2.3164820671081543
1.0644127130508423,0.9150000810623169,2.3171417713165283
1.0199999809265137,0.9800000190734863,1.1285820007324219
1.0246498584747314,0.9650000333786011,1.1590120792388916
1.0504467487335205,0.9200000762939453,1.9279320240020752
1.0445622205734253,0.9300000667572021,1.9635621309280396
1.0698432922363281,0.8600000739097595,2.292491912841797
1.0394268035888672,0.9350000619888306,1.2415618896484375
1.040381908416748,0.9350000619888306,1.57151198387146
1.0607823133468628,0.8900001049041748,2.2181320190429688
1.027551531791687,0.9600000381469727,1.4469921588897705
1.0458523035049438,0.9200000762939453,1.8587720394134521
1.0677884817123413,0.9300000667572021,1.2808220386505127
1.0634229183197021,0.9350000619888306,1.280832052230835
1.0199999809265137,0.9800000190734863,1.12348210811615
1.02584707736969,0.9550000429153442,1.7170219421386719
1.0286633968353271,0.9650000333786011,1.1855219602584839
1.0545270442962646,0.9100000858306885,1.5533620119094849
1.0325931310653687,0.9350000619888306,2.0967319011688232
1.0365334749221802,0.9350000619888306,2.0621118545532227
1.0264527797698975,0.9700000286102295,1.1246620416641235
1.03825843334198,0.9150000810623169,1.928542137145996
1.0274914503097534,0.9650000333786011,1.3856019973754883
1.042637586593628,0.9500000476837158,1.3370219469070435
1.0244320631027222,0.9600000381469727,2.179311990737915
1.024999976158142,0.9750000238418579,1.073591947555542
1.0199999809265137,0.9800000190734863,1.2039419412612915
1.039901614189148,0.940000057220459,1.630162000656128
1.0311111211776733,0.9600000381469727,1.413241982460022
1.0283968448638916,0.9700000286102295,1.1725419759750366
1.0261309146881104,0.9700000286102295,1.1964319944381714
1.0501147508621216,0.9300000667572021,1.5136021375656128
1.0521023273468018,0.9250000715255737,1.4670119285583496
1.069666862487793,0.9100000858306885,1.5924220085144043
1.0659759044647217,0.9000000953674316,1.8203320503234863
1.0516961812973022,0.9300000667572021,1.4095419645309448
1.0407990217208862,0.9450000524520874,1.386151909828186
1.0385128259658813,0.9450000524520874,1.4949219226837158
1.0613646507263184,0.9050000905990601,1.8210619688034058
1.0648901462554932,0.9100000262260437,2.142402172088623
1.0634031295776367,0.9050000905990601,1.9588819742202759
1.032165765762329,0.9500000476837158,1.3559620380401611
1.0492054224014282,0.9200000762939453,1.821321964263916
1.0273786783218384,0.9650000333786011,1.2489420175552368
1.0199999809265137,0.9800000190734863,1.1027920246124268
1.0266697406768799,0.9700000286102295,1.220911979675293
1.0298489332199097,0.9650000333786011,1.1701719760894775
1.0267934799194336,0.9650000333786011,1.2848420143127441
1.0529143810272217,0.9100000858306885,1.3928420543670654
1.0387989282608032,0.9450000524520874,1.2960420846939087
1.0600510835647583,0.9150000810623169,1.3170419931411743
1.066003441810608,0.9050000905990601,1.3513119220733643
1.0199999809265137,0.9800000190734863,1.0608220100402832
1.0346505641937256,0.9500000476837158,1.7844021320343018
1.024999976158142,0.9750000238418579,1.0540120601654053
1.0242159366607666,0.9650000333786011,1.3596720695495605
1.0359936952590942,0.9450000524520874,1.3611220121383667
1.0399019718170166,0.9450000524520874,1.6731021404266357
1.0429378747940063,0.9200000762939453,1.8345820903778076
1.0312877893447876,0.9600000381469727,1.3161919116973877
1.0309044122695923,0.9600000381469727,1.5963919162750244
1.0429192781448364,0.9350000619888306,1.3366320133209229
1.0478665828704834,0.9150000810623169,1.9322720766067505
1.026500940322876,0.9650000333786011,1.2575418949127197
1.057565450668335,0.8850000500679016,2.6332318782806396
1.0288760662078857,0.9650000333786011,1.2862019538879395
1.0429646968841553,0.9050000905990601,2.480072021484375
1.02201509475708,0.9750000238418579,1.236311912536621
1.024999976158142,0.9750000238418579,1.1069719791412354
1.0571082830429077,0.8949999809265137,2.5859720706939697
1.0320079326629639,0.9600000381469727,1.2021619081497192
1.0551005601882935,0.9350000619888306,1.530701994895935
1.0567783117294312,0.9300000667572021,1.5274419784545898
1.0535311698913574,0.9300000667572021,1.5735920667648315
1.0427016019821167,0.9200000762939453,1.534641981124878
1.0526131391525269,0.9050000905990601,1.8735220432281494
1.0608859062194824,0.8900001049041748,1.8859820365905762
1.032742977142334,0.9550000429153442,1.1997220516204834
1.0272271633148193,0.9700000286102295,1.237421989440918
1.0241830348968506,0.9650000333786011,1.5059518814086914
1.0264633893966675,0.9700000286102295,1.0925620794296265
1.0199999809265137,0.9800000190734863,1.0437120199203491
1.075944423675537,0.8700000643730164,3.491842031478882
1.0581684112548828,0.9250000715255737,2.5056722164154053
1.0296224355697632,0.9650000333786011,1.1242320537567139
1.0520936250686646,0.9200000762939453,1.5309818983078003
1.0393667221069336,0.9500000476837158,1.1551120281219482
1.0265612602233887,0.9600000381469727,1.5588921308517456
1.0729073286056519,0.8600000143051147,1.7392619848251343
1.0315743684768677,0.9550000429153442,1.5273419618606567
1.0270395278930664,0.9600000381469727,1.3098020553588867
1.0461647510528564,0.9150000810623169,1.5774019956588745
1.0284191370010376,0.9650000333786011,1.5587719678878784
1.0331554412841797,0.9500000476837158,1.767941951751709
1.0275819301605225,0.9700000286102295,1.3384519815444946
1.0370899438858032,0.9550000429153442,1.1688519716262817
1.041216254234314,0.9350000619888306,1.6398420333862305
1.053486704826355,0.9050000905990601,1.973762035369873
1.0341756343841553,0.9500000476837158,1.248702049255371
1.0361064672470093,0.940000057220459,1.6752320528030396
1.0302261114120483,0.9650000333786011,1.110841989517212
1.0315414667129517,0.9600000381469727,1.1406619548797607
1.033261775970459,0.9450000524520874,1.3368220329284668
1.0326155424118042,0.9500000476837158,1.5176818370819092
1.024999976158142,0.9750000238418579,1.0873620510101318
1.0459073781967163,0.9350000619888306,1.602591872215271
1.0478198528289795,0.9300000667572021,1.5221118927001953
1.043366551399231,0.940000057220459,1.6255619525909424
1.0371477603912354,0.940000057220459,1.566372036933899
1.0410692691802979,0.9200000762939453,2.793962001800537
1.0234718322753906,0.9750000238418579,1.1300420761108398
1.0370657444000244,0.9500000476837158,1.2970420122146606
1.047131896018982,0.9250000715255737,1.5266319513320923
1.0414613485336304,0.940000057220459,1.8629320859909058
1.0331261157989502,0.9550000429153442,1.3181620836257935
1.031428575515747,0.9600000381469727,1.3843220472335815
1.0297340154647827,0.9650000333786011,1.528331995010376
1.0254977941513062,0.9700000286102295,1.1703020334243774
1.0215842723846436,0.9750000238418579,1.084481954574585
1.050199031829834,0.9300000667572021,1.4971319437026978
1.057590126991272,0.9000000953674316,1.6619518995285034
1.0326957702636719,0.9550000429153442,1.1920419931411743
1.0309910774230957,0.9550000429153442,1.345281958580017
1.028813123703003,0.9550000429153442,1.2152318954467773
1.0349329710006714,0.9550000429153442,1.091491937637329
1.0576776266098022,0.8750000596046448,2.5487020015716553
1.0295391082763672,0.9650000333786011,1.2186919450759888
1.0393452644348145,0.9350000619888306,1.2351620197296143
1.036431908607483,0.9450000524520874,1.5241719484329224
1.0418176651000977,0.925000011920929,2.0419418811798096
1.0426087379455566,0.9550000429153442,1.164781928062439
1.0526752471923828,0.9200000762939453,1.4446920156478882
1.0199999809265137,0.9800000190734863,1.0759221315383911
1.0362821817398071,0.9450000524520874,1.5298420190811157
1.0282469987869263,0.9600000381469727,1.2969719171524048
1.024999976158142,0.9750000238418579,1.2164820432662964
1.0494831800460815,0.9300000667572021,1.6986620426177979
1.0422635078430176,0.9250000715255737,1.7562419176101685
1.0432732105255127,0.9550000429153442,1.285662055015564
1.0287688970565796,0.9700000286102295,1.0933020114898682
1.029881238937378,0.9650000333786011,1.1237119436264038
1.0199999809265137,0.9800000190734863,1.1083821058273315
1.044350266456604,0.940000057220459,1.189181923866272
1.0293517112731934,0.9600000381469727,1.4694421291351318
1.0547806024551392,0.9050000309944153,2.1063621044158936
1.0328924655914307,0.9550000429153442,1.190101981163025
1.0664540529251099,0.8449999690055847,2.5871620178222656
1.0270464420318604,0.9650000333786011,1.1533219814300537
1.0199999809265137,0.9800000190734863,1.0390419960021973
1.0271350145339966,0.9700000286102295,1.1602619886398315
1.0248706340789795,0.9700000286102295,1.0982221364974976
1.0391771793365479,0.9150000810623169,2.1718220710754395
1.0713181495666504,0.8400000333786011,2.7138121128082275
1.027097463607788,0.9650000333786011,1.431872010231018
1.0273807048797607,0.9650000333786011,1.3150520324707031
1.0266766548156738,0.9650000333786011,1.2940319776535034
1.0543718338012695,0.9050000905990601,1.597741961479187
1.0462920665740967,0.940000057220459,1.5710819959640503
1.024999976158142,0.9750000238418579,1.1366219520568848
1.024999976158142,0.9750000238418579,1.090142011642456
1.0583546161651611,0.8800000548362732,1.7666020393371582
1.0312626361846924,0.9550000429153442,1.2080020904541016
1.03359854221344,0.9500000476837158,1.4261620044708252
1.0447338819503784,0.9300000071525574,1.755802035331726
1.0546232461929321,0.9200000762939453,2.3193819522857666
1.058415174484253,0.9050000905990601,2.208782196044922
1.0661486387252808,0.8800000548362732,2.6456120014190674
1.0264291763305664,0.9700000286102295,1.1175819635391235
1.0320987701416016,0.9500000476837158,1.420091986656189
1.0280823707580566,0.9550000429153442,1.638942003250122
1.0257289409637451,0.9700000286102295,1.179371953010559
1.0419654846191406,0.9350000619888306,2.020242214202881
1.0718783140182495,0.8399999737739563,3.2726619243621826
1.0584019422531128,0.9050000905990601,1.8693220615386963
1.0491679906845093,0.9000000953674316,2.0304720401763916
1.0273569822311401,0.9700000286102295,1.3289220333099365
1.03777277469635,0.9550000429153442,1.352131962776184
1.044680118560791,0.9300000667572021,1.9518520832061768
1.0278505086898804,0.9650000333786011,1.2617219686508179
1.0394469499588013,0.940000057220459,1.6366920471191406
1.0338635444641113,0.9500000476837158,1.496371865272522
1.0552808046340942,0.9050000905990601,2.009672164916992
1.0373684167861938,0.9500000476837158,1.4313420057296753
1.049303412437439,0.9300000667572021,1.6360920667648315
1.0508984327316284,0.9150000810623169,1.6847220659255981
1.0548778772354126,0.8900001049041748,2.0267720222473145
1.0446027517318726,0.9350000619888306,1.592392086982727
1.0384669303894043,0.9500000476837158,1.2445920705795288
1.0453944206237793,0.9350000619888306,2.3771920204162598
1.0199999809265137,0.9800000190734863,1.0853420495986938
1.0543327331542969,0.9050000309944153,2.652522087097168
1.0353052616119385,0.9550000429153442,1.5139318704605103
1.028061866760254,0.9700000286102295,1.0730520486831665
1.041614294052124,0.9450000524520874,1.6468818187713623
1.025867223739624,0.9600000381469727,1.6910319328308105
1.0343523025512695,0.9600000381469727,1.1850519180297852
1.0276317596435547,0.9500000476837158,1.6514321565628052
1.025753378868103,0.9650000333786011,1.2038319110870361
1.0285416841506958,0.9650000333786011,1.4277920722961426
1.0303572416305542,0.9600000381469727,1.2567119598388672
1.0347565412521362,0.940000057220459,2.0034120082855225
1.0299253463745117,0.9650000333786011,1.2380321025848389
1.0484298467636108,0.9450000524520874,1.182621955871582
1.024999976158142,0.9750000238418579,1.0502718687057495
1.024999976158142,0.9750000238418579,1.1330820322036743
1.0283234119415283,0.9650000333786011,1.1343220472335815
1.0674803256988525,0.9300000667572021,1.280832052230835
1.029536247253418,0.9700000286102295,1.0735418796539307
1.0263335704803467,0.9700000286102295,1.5240620374679565
1.029536247253418,0.9700000286102295,1.174522042274475
1.0408909320831299,0.9300000071525574,2.05019211769104
1.024999976158142,0.9750000238418579,1.0651119947433472
1.0265971422195435,0.9700000286102295,1.169052004814148
1.027503252029419,0.9700000286102295,1.3214620351791382
1.024999976158142,0.9750000238418579,1.0374419689178467
1.0281903743743896,0.9650000333786011,1.262511968612671
1.0358566045761108,0.9550000429153442,1.2966219186782837
1.0199999809265137,0.9800000190734863,1.175812005996704
1.0308711528778076,0.9600000381469727,1.2932319641113281
1.0302073955535889,0.9500000476837158,1.6344020366668701
1.0363872051239014,0.9450000524520874,1.436432123184204
1.0484950542449951,0.9100000858306885,1.7194820642471313
1.0416364669799805,0.940000057220459,1.272462010383606
1.0247184038162231,0.9700000286102295,1.144592046737671
1.0291461944580078,0.9500000476837158,1.790362000465393
1.0395158529281616,0.940000057220459,1.5663220882415771
1.0414843559265137,0.940000057220459,1.4319919347763062
1.024999976158142,0.9750000238418579,1.0767320394515991
1.0281497240066528,0.9700000286102295,1.1485720872879028
1.024999976158142,0.9750000238418579,1.053521990776062
1.0635026693344116,0.89000004529953,2.3100318908691406
1.0199999809265137,0.9800000190734863,1.0877219438552856
1.030474066734314,0.9500000476837158,1.1950119733810425
1.0399181842803955,0.940000057220459,1.220241904258728
1.0331487655639648,0.9550000429153442,1.1153919696807861
1.0199999809265137,0.9800000190734863,1.0639618635177612
1.028328537940979,0.9650000333786011,1.096011996269226
1.0505105257034302,0.9150000810623169,2.905322313308716
1.024999976158142,0.9750000238418579,1.051882028579712
1.024999976158142,0.9750000238418579,1.054271936416626
1.064564824104309,0.8950001001358032,2.495591878890991
1.0498685836791992,0.9500000476837158,1.215712070465088
1.0449999570846558,0.9550000429153442,1.231842041015625
1.0446593761444092,0.9200000762939453,1.5085821151733398
1.0414220094680786,0.9450000524520874,1.1639920473098755
1.032111406326294,0.9600000381469727,1.1577720642089844
1.032907485961914,0.9550000429153442,1.2380820512771606
1.0391504764556885,0.9300000667572021,1.6843818426132202
1.0303231477737427,0.9650000333786011,1.314031958580017
1.0199999809265137,0.9800000190734863,1.0583220720291138
1.0360164642333984,0.9500000476837158,1.526442050933838
1.0259761810302734,0.9700000286102295,1.1874920129776
1.0448678731918335,0.9350000619888306,1.671862006187439
1.0406378507614136,0.9450000524520874,1.1666918992996216
1.050378680229187,0.9250000715255737,1.3770320415496826
1.0292742252349854,0.9600000381469727,1.3407219648361206
1.0199999809265137,0.9800000190734863,1.2366620302200317
1.0389517545700073,0.9450000524520874,2.231922149658203
1.037692904472351,0.940000057220459,1.3448618650436401
1.0269951820373535,0.9700000286102295,1.5333319902420044
1.0451828241348267,0.9250000715255737,2.666152238845825
1.0431784391403198,0.9150000810623169,2.2457120418548584
1.0299415588378906,0.9550000429153442,1.3249719142913818
1.0388453006744385,0.9500000476837158,1.1687818765640259
1.039945125579834,0.9450000524520874,1.4481719732284546
1.0617061853408813,0.9000000357627869,2.0106019973754883
1.0357890129089355,0.9500000476837158,1.7510219812393188
1.0199999809265137,0.9800000190734863,1.0596920251846313
1.0285073518753052,0.9650000333786011,1.1448420286178589
1.0266432762145996,0.9650000333786011,1.1216720342636108
1.0382732152938843,0.9600000381469727,1.2971019744873047
1.0280144214630127,0.9550000429153442,1.5126219987869263
1.0354243516921997,0.9450000524520874,1.2788820266723633
1.0425077676773071,0.9350000619888306,1.3750320672988892
1.024999976158142,0.9750000238418579,1.2121920585632324
1.0292675495147705,0.9650000333786011,1.3445320129394531
1.024999976158142,0.9750000238418579,1.1305019855499268
1.0264906883239746,0.9700000286102295,1.1662218570709229
1.024999976158142,0.9750000238418579,1.0508818626403809
1.0355453491210938,0.9600000381469727,1.2332220077514648
1.0493824481964111,0.9350000619888306,1.5502420663833618
1.031614899635315,0.9650000333786011,1.082292079925537
1.024999976158142,0.9750000238418579,1.0375418663024902
1.021345615386963,0.9750000238418579,1.287182092666626
1.038987159729004,0.940000057220459,1.3588420152664185
1.024999976158142,0.9750000238418579,1.1375820636749268
1.0386615991592407,0.9500000476837158,1.4650319814682007
1.0258042812347412,0.9650000333786011,1.2474420070648193
1.024999976158142,0.9750000238418579,1.0625219345092773
1.061964750289917,0.9250000715255737,1.3107919692993164
1.024999976158142,0.9750000238418579,1.0646920204162598
1.0279276371002197,0.9700000286102295,1.1195019483566284
1.0417793989181519,0.9550000429153442,1.1968520879745483
1.0291012525558472,0.9650000333786011,1.1547919511795044
1.0199999809265137,0.9800000190734863,1.243311882019043
1.0412216186523438,0.9450000524520874,1.3358420133590698
1.0295164585113525,0.9650000333786011,1.0928518772125244
1.024999976158142,0.9750000238418579,1.0719419717788696
1.0324606895446777,0.9600000381469727,1.181942105293274
1.0418516397476196,0.9500000476837158,1.3356621265411377
1.0543594360351562,0.9100000858306885,1.8870118856430054
1.0199999809265137,0.9800000190734863,1.0375418663024902
1.0289855003356934,0.9550000429153442,1.4132120609283447
1.0369278192520142,0.9550000429153442,1.4093719720840454
1.0259042978286743,0.9550000429153442,1.2311420440673828
1.0367904901504517,0.9500000476837158,1.4666720628738403
1.0391030311584473,0.9500000476837158,1.3764619827270508
1.0477501153945923,0.9200000166893005,1.9519320726394653
1.0380151271820068,0.940000057220459,1.9929420948028564
1.0477150678634644,0.925000011920929,2.3642420768737793
1.0375638008117676,0.9450000524520874,1.1236720085144043
1.0341784954071045,0.9600000381469727,1.0413919687271118
1.038070797920227,0.9450000524520874,1.9592019319534302
1.0350793600082397,0.9550000429153442,1.3421519994735718
1.0243011713027954,0.9700000286102295,1.1352219581604004
1.027267336845398,0.9600000381469727,1.303022027015686
1.024999976158142,0.9750000238418579,1.0628219842910767
1.024999976158142,0.9750000238418579,1.0823019742965698
1.0314439535140991,0.9650000333786011,1.130281925201416
1.0366023778915405,0.9500000476837158,1.278331995010376
1.0222786664962769,0.9750000238418579,1.1176820993423462
1.0307151079177856,0.9650000333786011,1.1903021335601807
1.0311458110809326,0.9600000381469727,1.2927318811416626
1.0412763357162476,0.9450000524520874,1.6353120803833008
1.0538984537124634,0.9250000715255737,1.5946319103240967
1.0289314985275269,0.9550000429153442,1.3759620189666748
1.024999976158142,0.9750000238418579,1.0704718828201294
1.045114278793335,0.9350000619888306,1.2285120487213135
1.0262563228607178,0.9700000286102295,1.1069920063018799
1.0427335500717163,0.9450000524520874,1.1976419687271118
1.0407267808914185,0.9550000429153442,1.1830320358276367
1.024999976158142,0.9750000238418579,1.08623206615448
1.0379769802093506,0.9500000476837158,1.1404820680618286
1.0439140796661377,0.9450000524520874,1.2847820520401
1.037770390510559,0.9450000524520874,1.5721321105957031
1.0299732685089111,0.9550000429153442,1.2042120695114136
1.0380712747573853,0.9550000429153442,1.2177519798278809
1.0234555006027222,0.9700000286102295,1.138301968574524
1.0231324434280396,0.9700000286102295,1.0941119194030762
1.0283968448638916,0.9700000286102295,1.1587719917297363
1.0283029079437256,0.9700000286102295,1.052371859550476
1.0273278951644897,0.9650000333786011,1.1551820039749146
1.0385223627090454,0.940000057220459,1.3887320756912231
1.0285354852676392,0.9700000286102295,1.0656319856643677
1.0426087379455566,0.9550000429153442,1.164781928062439
1.043899416923523,0.9350000619888306,1.56193208694458
1.025931477546692,0.9650000333786011,1.22064208984375
1.02984619140625,0.9650000333786011,1.198222041130066
1.0324406623840332,0.9550000429153442,1.3354618549346924
1.024999976158142,0.9750000238418579,1.092721939086914
1.0353773832321167,0.9550000429153442,1.3929719924926758
1.0269542932510376,0.9700000286102295,1.1174620389938354
1.024999976158142,0.9750000238418579,1.1065618991851807
1.0366895198822021,0.9500000476837158,1.1758419275283813
1.0395256280899048,0.9550000429153442,1.0982918739318848
1.024999976158142,0.9750000238418579,1.028122067451477
1.037412405014038,0.9550000429153442,1.1022019386291504
1.0381382703781128,0.9450000524520874,1.2882120609283447
1.03701651096344,0.9450000524520874,1.741811990737915
1.024999976158142,0.9750000238418579,1.1120119094848633
1.0272208452224731,0.9650000333786011,1.2904319763183594
1.0453076362609863,0.940000057220459,1.3735020160675049
1.0325250625610352,0.9650000333786011,1.0353021621704102
1.0271437168121338,0.9700000286102295,1.0303120613098145
1.028847098350525,0.9650000333786011,1.1510319709777832
1.024999976158142,0.9750000238418579,1.0724918842315674
1.024999976158142,0.9750000238418579,1.1516419649124146
1.024999976158142,0.9750000238418579,1.0542720556259155
1.0199999809265137,0.9800000190734863,1.0370019674301147
1.043444037437439,0.9450000524520874,1.256801962852478
1.028626561164856,0.9700000286102295,1.044782042503357
1.0324740409851074,0.9550000429153442,1.2979921102523804
1.0372250080108643,0.9550000429153442,1.1001720428466797
