452
349
306
109
11
41
238
479
92
395
354
211
188
54
484
430
334
330
227
62
66
72
277
317
494
480
234
310
255
144
493
14
81
469
433
362
314
202
414
172
305
341
240
429
207
451
456
441
196
312
112
369
192
203
148
12
269
313
150
26
465
274
149
250
63
158
389
48
5
242
106
437
321
102
454
64
324
15
288
367
423
444
44
249
247
108
162
450
219
309
363
267
216
126
297
251
398
223
9
342
296
491
193
49
345
47
319
425
50
8
286
370
335
447
34
360
30
204
237
122
353
199
37
301
56
474
129
385
224
468
261
244
364
440
194
175
29
254
156
276
133
279
333
284
280
6
304
391
396
163
