331
321
175
556
566
805
487
191
854
387
807
603
209
427
784
471
194
140
516
317
505
647
236
244
432
1064
1074
0
1022
547
115
803
151
880
911
488
1033
749
512
709
330
423
150
47
163
500
592
187
933
626
607
4
406
517
1067
438
249
636
170
745
542
882
748
199
848
601
407
463
973
492
277
778
996
760
1054
954
275
771
85
72
670
234
104
834
134
1019
101
629
1029
489
887
641
730
793
292
837
902
1035
671
634
625
39
621
936
361
10
385
502
927
729
814
474
874
1050
646
196
931
230
223
189
458
363
821
519
30
913
166
319
766
708
253
340
937
114
541
587
847
857
894
443
159
1023
498
653
703
565
467
123
672
909
146
753
496
1071
213
944
619
203
555
767
66
447
581
892
128
77
525
673
746
1077
577
291
214
310
623
65
93
99
504
228
366
377
720
870
260
914
408
473
631
786
707
177
1028
248
1034
939
459
685
298
628
34
470
335
7
741
309
796
949
770
333
891
409
45
697
343
27
1055
374
801
851
70
574
156
967
1046
998
898
24
822
858
206
271
775
948
986
358
23
752
490
1
757
391
965
112
411
617
828
1044
29
783
276
354
964
308
917
809
469
888
593
86
302
479
169
994
1017
441
782
322
102
501
918
508
435
580
337
861
529
960
345
109
347
976
356
212
630
372
399
563
906
916
652
863
326
287
304
537
138
324
64
1012
999
961
572
414
378
773
736
988
344
108
1056
977
614
20
261
799
395
1051
645
655
694
1011
484
229
180
957
604
1053
453
118
449
353
1062
231
1031
369
171
1076
567
772
425
332
802
334
605
718
638
257
318
956
457
968
1005
472
820
18
283
494
195
295
268
133
9
695
883
850
89
859
865
663
278
523
314
1041
63
28
113
993
1059
899
301
264
804
971
455
808
418
365
735
142
713
204
637
852
1043
754
1002
1065
1021
558
35
8
590
764
833
50
934
896
903
237
148
979
835
424
36
26
1026
1030
806
121
615
674
158
955
41
466
950
962
884
362
739
549
73
930
562
376
422
747
400
5
103
797
305
953
147
826
461
539
475
452
769
706
889
259
924
992
526
929
17
410
1066
901
1068
701
19
878
464
657
32
595
868
606
761
390
54
881
486
431
144
787
92
897
520
33
691
495
844
192
481
781
551
232
165
845
584
349
127
294
75
758
688
635
698
750
439
462
168
235
172
393
240
744
477
560
313
966
456
705
208
503
540
963
570
405
272
384
557
972
433
94
155
185
1072
662
679
1063
843
327
465
258
81
403
131
958
371
218
392
609
380
832
656
1038
375
1069
676
825
969
111
879
315
129
982
227
293
31
202
774
1057
620
421
143
22
1009
485
869
710
382
682
190
300
838
1027
263
154
434
827
810
639
38
49
669
416
255
600
532
922
60
1039
1013
862
256
573
126
396
274
69
1014
589
157
680
145
386
762
57
841
509
763
873
740
44
794
737
721
724
548
575
943
404
401
448
511
1061
543
106
100
1006
58
545
530
823
1015
759
995
426
341
683
476
780
183
785
430
725
975
912
974
389
521
661
644
74
915
905
368
533
987
598
200
12
515
510
1003
428
436
871
946
1060
743
678
1042
597
51
536
942
522
1052
800
225
932
286
224
254
307
355
997
586
842
875
383
290
413
201
303
531
579
357
88
687
241
585
507
867
795
198
765
221
702
43
923
82
270
1075
779
569
990
742
550
186
350
895
576
98
493
40
690
611
280
660
11
429
602
941
338
717
907
777
632
141
989
1007
336
398
182
312
412
444
568
715
328
420
316
654
534
959
21
348
928
110
608
415
211
648
250
1049
840
188
991
984
1001
62
613
564
514
790
252
938
210
52
370
768
728
627
360
733
546
105
95
677
664
251
665
731
1073
900
135
491
552
830
205
