272
553
332
886
457
778
50
106
902
161
99
366
632
269
1073
233
648
314
499
298
653
927
757
365
534
56
627
283
977
203
978
565
508
143
273
488
33
180
340
155
337
832
789
559
505
469
49
571
12
934
941
776
267
823
13
740
379
639
506
460
577
809
747
284
1077
944
687
558
482
996
497
207
714
182
402
146
702
658
867
775
7
86
965
153
416
236
83
226
1022
914
939
1027
198
326
494
278
45
785
535
78
308
807
53
194
895
427
480
74
231
994
71
489
899
528
1054
712
1029
952
768
277
371
1013
95
693
1053
259
493
681
230
843
387
36
717
612
955
311
270
463
846
1052
157
982
244
743
781
765
1005
872
221
808
315
222
812
615
921
833
750
397
529
669
1025
697
877
486
170
425
57
268
498
321
913
816
958
847
783
933
547
114
317
169
527
715
1000
857
6
172
998
622
516
373
40
892
973
103
675
496
492
834
96
772
668
448
1042
334
915
38
937
730
316
422
458
295
992
232
727
156
348
286
122
141
237
23
504
729
592
755
616
188
646
266
862
196
20
503
145
304
73
18
864
655
566
880
1007
235
300
431
521
617
350
999
624
347
501
47
132
435
76
46
11
1014
631
204
420
530
903
626
602
703
228
901
426
181
443
459
474
821
454
1056
830
976
987
288
325
827
491
209
1036
876
55
147
356
261
665
512
784
544
855
262
287
1059
905
26
848
279
945
1075
483
294
438
911
1051
447
428
865
357
854
549
851
733
1072
193
1026
630
10
251
532
394
1
216
137
923
820
360
515
797
384
254
920
229
82
718
531
866
822
1008
890
405
674
786
519
409
597
111
65
928
1065
183
197
935
1067
473
635
1046
15
344
81
875
607
682
625
37
0
48
1010
628
610
39
912
961
380
478
769
761
256
762
61
523
525
1009
583
319
241
385
62
907
573
860
417
404
1024
835
708
1032
414
116
589
19
582
250
312
618
353
852
1018
767
386
788
339
889
656
149
189
160
839
971
942
502
633
517
948
219
930
1070
825
2
159
884
436
477
354
439
144
586
662
367
709
975
1016
716
192
548
925
989
1020
1033
54
753
75
318
916
1055
819
878
79
176
931
128
453
150
963
9
1049
691
742
4
725
894
195
514
829
471
257
264
323
148
401
981
140
568
596
97
721
29
342
922
608
581
100
980
802
993
611
120
210
421
926
642
66
67
1074
580
758
60
485
217
533
634
331
1037
351
650
595
80
249
411
663
437
35
803
570
919
1063
24
684
98
1035
186
814
42
119
888
863
938
947
959
555
951
917
108
629
138
25
247
396
461
545
576
400
779
452
115
741
377
594
112
265
142
118
117
770
14
375
320
246
882
873
701
640
434
554
990
135
979
245
238
885
1047
817
513
290
177
1044
341
105
470
695
1017
991
749
900
983
248
484
31
220
891
667
984
946
1045
805
303
569
546
853
696
796
94
191
476
274
800
363
305
133
123
511
739
831
539
479
1023
620
333
706
136
403
213
430
591
711
575
536
343
205
744
841
698
41
720
327
472
849
131
836
392
289
700
524
368
338
560
393
728
330
759
988
429
481
898
673
659
445
676
943
139
672
598
124
588
64
276
660
21
239
173
556
301
32
200
158
567
754
201
850
906
151
364
995
1031
358
455
44
881
223
69
962
495
813
651
467
175
551
603
225
572
109
1043
224
909
307
636
557
680
688
152
590
1057
794
724
179
391
335
870
699
760
897
679
87
780
811
738
408
564
605
896
174
1048
17
969
690
165
389
844
509
764
1030
1015
361
406
395
563
376
606
858
790
1061
507
623
1071
329
390
407
110
336
787
869
126
490
211
964
164
162
974
72
774
184
90
419
552
587
3
227
70
451
967
654
16
686
1019
641
93
374
746
657
101
299
415
