1.0810000896453857,0.9920001029968262,3.0000052452087402
1.1859999895095825,0.9920001029968262,2.999992609024048
1.9620000123977661,0.9789999723434448,2.9999914169311523
1.247999906539917,0.9940000772476196,3.0000016689300537
1.222999930381775,0.9920001029968262,2.999995470046997
1.1779999732971191,0.9919999837875366,3.0000054836273193
1.149999976158142,0.9900000691413879,3.0000016689300537
1.122999906539917,0.9930000305175781,3.0000057220458984
1.2329999208450317,0.9909999966621399,3.0000059604644775
1.246000051498413,0.9880000352859497,3.0000035762786865
1.1109999418258667,0.9889999628067017,3.0000059604644775
1.1370000839233398,0.9920001029968262,3.0000009536743164
1.2939999103546143,0.9920001029968262,3.000002861022949
1.2269999980926514,0.987000048160553,3.0000061988830566
1.2239999771118164,0.9890000224113464,2.9999969005584717
4.7230000495910645,0.9469999670982361,3.00000262260437
1.337999939918518,0.9940000772476196,3.000002384185791
1.0660001039505005,0.9950000643730164,3.0000064373016357
1.2379999160766602,0.9900000691413879,3.0000014305114746
1.059999942779541,0.9950000643730164,3.0000057220458984
1.0889999866485596,0.9950000643730164,3.0000054836273193
1.0780000686645508,0.9960000514984131,3.0000057220458984
1.0950000286102295,0.9940000772476196,3.0000011920928955
1.2190001010894775,0.9960000514984131,2.999997138977051
1.0789998769760132,0.9950000643730164,3.0000052452087402
2.4800002574920654,0.9709999561309814,3.000002861022949
1.222000002861023,0.9880000352859497,3.000002145767212
1.2089999914169312,0.9900000691413879,3.0000014305114746
1.3040000200271606,0.9930000305175781,2.9999961853027344
1.465999960899353,0.98499995470047,3.0000014305114746
1.0730000734329224,0.9940000772476196,3.0000052452087402
1.465000033378601,0.9920000433921814,2.9999983310699463
1.4739999771118164,0.9860000610351562,2.9999969005584717
2.88100004196167,0.9700000286102295,2.9999940395355225
1.5429999828338623,0.9879999160766602,2.999990940093994
1.943000078201294,0.981999933719635,3.0
2.5830001831054688,0.9749999642372131,2.9999983310699463
1.1900001764297485,0.9910001158714294,3.0000054836273193
1.2319999933242798,0.9910001158714294,3.0000011920928955
1.9500000476837158,0.972000002861023,2.9999990463256836
2.077000141143799,0.9769999384880066,2.9999914169311523
1.184999942779541,0.9909999966621399,3.0000014305114746
2.2139999866485596,0.9790000319480896,2.999995470046997
1.1940001249313354,0.9909999966621399,3.0000057220458984
1.1969999074935913,0.9910000562667847,2.9999969005584717
3.7159998416900635,0.9490000605583191,3.0000011920928955
1.1510000228881836,0.9920001029968262,3.0000057220458984
1.1769999265670776,0.9940000772476196,3.0000057220458984
1.190999984741211,0.9930000901222229,2.999988317489624
1.225000023841858,0.9869999885559082,2.9999966621398926
1.092000126838684,0.9960000514984131,3.0000059604644775
1.058000087738037,0.9940000176429749,3.0000059604644775
1.9199999570846558,0.9710000157356262,3.000002861022949
1.225000023841858,0.9879999756813049,3.0000057220458984
1.3149999380111694,0.987000048160553,2.9999969005584717
1.3160001039505005,0.9880000352859497,3.0000038146972656
1.1589999198913574,0.9930000305175781,3.000005006790161
1.0709999799728394,0.9950000643730164,3.0000059604644775
1.3060001134872437,0.9890000224113464,3.000004291534424
1.0239999294281006,0.9960000514984131,3.000004768371582
1.2980000972747803,0.9860000014305115,3.0000011920928955
1.6540000438690186,0.9880000352859497,2.9999969005584717
1.283000111579895,0.9900000691413879,2.9999969005584717
1.2389999628067017,0.9940000772476196,3.000004291534424
1.2869999408721924,0.9869999885559082,3.0000057220458984
1.1419999599456787,0.9950000643730164,2.999992847442627
1.1640000343322754,0.9940000772476196,3.0000011920928955
1.909999966621399,0.9860000014305115,2.9999969005584717
1.3070000410079956,0.9919999837875366,3.0000014305114746
1.0879998207092285,0.9950000643730164,3.0000061988830566
1.0490000247955322,0.9960000514984131,3.0000052452087402
1.187999963760376,0.9960000514984131,2.999990701675415
1.2030000686645508,0.9900000095367432,3.0000059604644775
1.2410000562667847,0.987000048160553,3.0000009536743164
1.1639999151229858,0.9960000514984131,3.000002861022949
1.2319999933242798,0.9940000772476196,2.999988079071045
1.6150000095367432,0.9880000352859497,2.9999990463256836
1.1269999742507935,0.9900000095367432,2.9999969005584717
1.0870000123977661,0.9940000772476196,2.9999966621398926
1.189000129699707,0.9940000176429749,2.999999523162842
1.3310000896453857,0.9910001158714294,2.999997138977051
1.1600000858306885,0.9960000514984131,3.0000052452087402
1.13100004196167,0.9940000772476196,3.0000057220458984
1.190999984741211,0.9960000514984131,2.999992847442627
1.284999966621399,0.9879999756813049,3.0000011920928955
2.057000160217285,0.9779999852180481,2.999987840652466
1.0820000171661377,0.9960000514984131,3.0000059604644775
1.3469998836517334,0.9900000095367432,3.0000011920928955
1.13100004196167,0.9960000514984131,3.0000038146972656
1.066999912261963,0.9960000514984131,3.0000059604644775
1.128000020980835,0.9930000305175781,3.000004291534424
1.1359999179840088,0.9930000305175781,3.0000064373016357
1.096000075340271,0.9950000643730164,3.0000061988830566
1.0319998264312744,0.9950000643730164,3.0000052452087402
1.2969999313354492,0.9910000562667847,2.9999969005584717
1.2170000076293945,0.9930000901222229,2.999992609024048
1.0839999914169312,0.9960000514984131,3.0000052452087402
1.1349999904632568,0.9940000772476196,3.0000059604644775
1.1950000524520874,0.9890000224113464,3.0000061988830566
1.0429999828338623,0.9960000514984131,3.0000057220458984
1.187000036239624,0.9859999418258667,3.0000057220458984
1.184000015258789,0.9889999628067017,3.0000057220458984
1.249000072479248,0.9869999289512634,2.999997138977051
1.4769999980926514,0.9829999804496765,2.999992609024048
1.1319999694824219,0.9910001158714294,3.0000054836273193
1.4450000524520874,0.9819999933242798,2.999992609024048
3.625000238418579,0.9790000319480896,2.9999966621398926
1.6180000305175781,0.9800000190734863,3.000001907348633
1.1269999742507935,0.9930000901222229,3.0000054836273193
1.36899995803833,0.9900000095367432,2.999999523162842
1.2340000867843628,0.9950000643730164,3.000002145767212
1.0640000104904175,0.9950000643730164,3.0000016689300537
1.2160001993179321,0.9909999966621399,3.0000014305114746
1.1890000104904175,0.9900000691413879,2.9999992847442627
1.125,0.9920001029968262,3.0000059604644775
1.11899995803833,0.9950000643730164,3.0000057220458984
1.1319999694824219,0.9920001029968262,3.000004291534424
1.503000020980835,0.9869999289512634,2.999997615814209
1.5490001440048218,0.9859999418258667,2.9999969005584717
1.099000096321106,0.9950000643730164,3.0000054836273193
1.2599999904632568,0.9930000901222229,3.0000040531158447
1.2840001583099365,0.9880000948905945,2.999995708465576
1.4630000591278076,0.9830000400543213,2.999999761581421
1.1180000305175781,0.9930000901222229,3.0000052452087402
1.652999997138977,0.9779999852180481,2.9999923706054688
1.3179999589920044,0.9869999885559082,3.000005006790161
1.3380001783370972,0.9950000643730164,2.999995231628418
2.19599986076355,0.9859999418258667,2.999997138977051
2.2920000553131104,0.9829999804496765,2.999990940093994
1.128999948501587,0.9960000514984131,2.9999969005584717
1.128999948501587,0.9940000772476196,3.0000009536743164
1.533000111579895,0.9850000143051147,2.999997138977051
1.6290000677108765,0.9869999885559082,2.9999935626983643
2.139000177383423,0.9740000367164612,2.999987840652466
1.2500001192092896,0.9880000352859497,2.9999966621398926
1.1850000619888306,0.9880000352859497,3.0000057220458984
1.409999966621399,0.9830000400543213,3.0000054836273193
1.25600004196167,0.9930000305175781,2.999992609024048
1.2649999856948853,0.9860000014305115,3.0000011920928955
1.3230000734329224,0.9869999289512634,3.0000014305114746
1.3380000591278076,0.9869999289512634,3.0000011920928955
1.193000078201294,0.9950000643730164,3.0000057220458984
1.3440001010894775,0.9909999966621399,3.0000009536743164
1.3450000286102295,0.9950000643730164,2.999995470046997
1.371999979019165,0.984000027179718,3.00000262260437
1.4320000410079956,0.9879999756813049,3.000004768371582
1.2930001020431519,0.9890000224113464,3.0000059604644775
1.062000036239624,0.9950000643730164,3.0000054836273193
1.4749999046325684,0.9860000014305115,2.999995708465576
1.095999836921692,0.9950000643730164,3.0000057220458984
1.2039999961853027,0.9910000562667847,3.000004291534424
1.221000075340271,0.9920001029968262,3.000004291534424
1.1169999837875366,0.9950000643730164,3.0000052452087402
1.3450000286102295,0.9950000643730164,2.999988555908203
1.3259998559951782,0.9880000352859497,3.0000061988830566
1.1339999437332153,0.9930000305175781,3.0000057220458984
1.0989999771118164,0.9940000772476196,3.0000057220458984
1.128999948501587,0.9950000643730164,3.000005006790161
1.2100000381469727,0.9869999885559082,3.0000011920928955
1.2130000591278076,0.9850000143051147,3.0000057220458984
1.350000023841858,0.9839999675750732,3.0000016689300537
1.5200001001358032,0.9800000190734863,2.9999992847442627
1.2279999256134033,0.9880000352859497,2.9999966621398926
1.1740000247955322,0.9900000691413879,2.999997138977051
1.1359999179840088,0.9890000224113464,3.0000054836273193
1.3980000019073486,0.9829999804496765,3.0000016689300537
1.4980000257492065,0.98499995470047,3.000002861022949
1.385000228881836,0.9810000061988831,3.0000009536743164
1.3140000104904175,0.9920000433921814,2.999992609024048
1.3150001764297485,0.9850000143051147,2.999992609024048
1.095000147819519,0.9940000176429749,3.0000061988830566
1.062000036239624,0.9960000514984131,3.0000057220458984
1.1449999809265137,0.9940000772476196,2.999997615814209
1.1230000257492065,0.9940000772476196,3.0000059604644775
1.1470000743865967,0.9920001029968262,3.0000059604644775
1.40500009059906,0.9829999804496765,2.999999761581421
1.2510000467300415,0.9900000095367432,3.0000040531158447
1.2079999446868896,0.98499995470047,3.0000061988830566
1.3330000638961792,0.9799999594688416,3.0000016689300537
1.0720000267028809,0.9960000514984131,3.0000061988830566
1.4290000200271606,0.9910000562667847,2.9999983310699463
1.068000078201294,0.9950000643730164,3.0000057220458984
1.0440000295639038,0.9940000772476196,3.0000054836273193
1.1430000066757202,0.9900000095367432,3.0000009536743164
1.190999984741211,0.9900000095367432,3.000000476837158
1.5950000286102295,0.98499995470047,3.00000262260437
1.0790001153945923,0.9919999837875366,3.0000052452087402
1.1589999198913574,0.9920001029968262,3.0000057220458984
1.1970000267028809,0.9880000352859497,3.0000057220458984
1.440000057220459,0.9850000143051147,3.0000054836273193
1.2300000190734863,0.9940000772476196,3.0000011920928955
1.9310001134872437,0.9769999980926514,3.0000040531158447
1.1280001401901245,0.9930000901222229,3.0000057220458984
1.61899995803833,0.9810000658035278,2.9999923706054688
1.1500000953674316,0.9940000772476196,3.0000014305114746
1.1349999904632568,0.9950000643730164,2.9999966621398926
1.5069999694824219,0.9809999465942383,3.00000262260437
1.0830000638961792,0.9940000772476196,3.0000057220458984
1.5470000505447388,0.9869999289512634,3.0000038146972656
1.6480000019073486,0.9879999160766602,3.000004529953003
1.8250000476837158,0.9869999289512634,3.000000238418579
1.1780000925064087,0.9890000224113464,3.0000059604644775
1.404000163078308,0.9829999804496765,3.0000040531158447
1.375999927520752,0.9790000319480896,3.0000052452087402
1.0789999961853027,0.9930000305175781,3.0000057220458984
1.2630000114440918,0.9950000643730164,2.9999921321868896
1.124000072479248,0.9930000305175781,3.0000059604644775
1.056999921798706,0.9950000643730164,3.000005006790161
1.0409998893737793,0.9960000514984131,3.0000057220458984
2.6500000953674316,0.9769999980926514,2.999995708465576
2.26200008392334,0.9869999289512634,2.9999992847442627
1.100000023841858,0.9940000772476196,2.9999966621398926
1.3020000457763672,0.9859999418258667,3.0000054836273193
1.093999981880188,0.9920001029968262,3.0000057220458984
1.1469999551773071,0.9920000433921814,3.0000057220458984
1.4739999771118164,0.9739999771118164,3.0000059604644775
1.1290000677108765,0.9920000433921814,3.0000057220458984
1.2570000886917114,0.9930000901222229,2.999992609024048
1.3239998817443848,0.9839999675750732,2.999987840652466
1.318000078201294,0.9940000772476196,2.9999964237213135
1.1660001277923584,0.9920000433921814,3.0000054836273193
1.1370000839233398,0.9950000643730164,3.0000011920928955
1.1050001382827759,0.9920001029968262,3.0000057220458984
1.3849999904632568,0.9880000352859497,2.9999966621398926
1.403999924659729,0.9839999675750732,2.9999923706054688
1.1770001649856567,0.9900000095367432,3.0000052452087402
1.1780000925064087,0.9880000948905945,3.0000059604644775
1.1180000305175781,0.9940000772476196,3.0000057220458984
1.1080000400543213,0.9930000305175781,3.0000054836273193
1.130000114440918,0.9900000095367432,3.0000016689300537
1.1380001306533813,0.9910000562667847,2.9999966621398926
1.0830000638961792,0.9960000514984131,3.0000057220458984
1.2269999980926514,0.987000048160553,3.0000059604644775
1.2499998807907104,0.9879999160766602,3.0000054836273193
1.503000020980835,0.9900000095367432,2.999997138977051
1.3209998607635498,0.9890000224113464,2.9999988079071045
2.2100000381469727,0.9829999804496765,2.999997138977051
1.0640000104904175,0.9950000643730164,3.0000054836273193
1.0740000009536743,0.9910000562667847,3.0000064373016357
1.190999984741211,0.9859999418258667,3.0000014305114746
1.4019999504089355,0.9889999628067017,3.00000262260437
1.3830000162124634,0.9930000901222229,2.9999988079071045
1.304999828338623,0.9940000772476196,2.9999938011169434
1.0709999799728394,0.9940000772476196,3.0000054836273193
1.0660001039505005,0.9940000176429749,3.0000057220458984
1.0419999361038208,0.9960000514984131,3.000005006790161
1.1560001373291016,0.9860000014305115,3.000005006790161
1.4320000410079956,0.9819999933242798,3.0000011920928955
1.0799999237060547,0.9900000691413879,3.000004768371582
1.156000018119812,0.9920000433921814,3.0000064373016357
1.065000057220459,0.9930000305175781,3.0000054836273193
1.1160000562667847,0.9910000562667847,3.0000061988830566
1.3920000791549683,0.9779999852180481,3.0000009536743164
1.1050000190734863,0.9920001029968262,3.0000059604644775
1.1750000715255737,0.9909999966621399,2.9999969005584717
1.2600001096725464,0.9890000820159912,2.9999969005584717
1.3359999656677246,0.9860000610351562,2.9999959468841553
1.1630001068115234,0.9920001029968262,2.9999969005584717
1.1519999504089355,0.9869999885559082,3.0000052452087402
1.0589998960494995,0.9960000514984131,3.0000016689300537
1.1360000371932983,0.9880000948905945,3.000005006790161
1.1079999208450317,0.9910000562667847,3.0000059604644775
1.2350000143051147,0.9950000643730164,2.9999990463256836
1.501000165939331,0.9860000014305115,2.9999990463256836
1.3420000076293945,0.986000120639801,2.9999983310699463
1.2220001220703125,0.9920001029968262,2.999992609024048
1.0720000267028809,0.9950000643730164,3.0000059604644775
1.1060001850128174,0.9930000901222229,3.0000059604644775
1.0800000429153442,0.9960000514984131,2.9999988079071045
1.1990001201629639,0.9900000095367432,3.0000038146972656
1.2850000858306885,0.9930000305175781,2.999999761581421
1.3630000352859497,0.9829999804496765,3.0000014305114746
1.159999966621399,0.9909999966621399,3.0000061988830566
1.965999960899353,0.9699999690055847,2.999999761581421
1.1160000562667847,0.9930000305175781,3.0000057220458984
1.0420000553131104,0.9950000643730164,3.0000059604644775
1.1160000562667847,0.9950000643730164,3.0000059604644775
1.062000036239624,0.9960000514984131,3.0000057220458984
1.3839999437332153,0.9839999675750732,3.000002145767212
2.125,0.972000002861023,2.999995708465576
1.3049999475479126,0.9940000772476196,3.0000040531158447
1.1749999523162842,0.9940000772476196,3.0000038146972656
1.156000018119812,0.9930000901222229,3.0000059604644775
1.5889999866485596,0.9800000190734863,2.9999940395355225
1.1540000438690186,0.9900000095367432,3.000004291534424
1.1039999723434448,0.9960000514984131,3.0000016689300537
1.1039998531341553,0.9950000643730164,3.0000059604644775
1.568000078201294,0.9760000109672546,3.000005006790161
1.1059999465942383,0.9940000176429749,3.0000054836273193
1.2289999723434448,0.9930000901222229,3.0000014305114746
1.2369999885559082,0.9879999756813049,3.0000064373016357
1.40500009059906,0.9860000014305115,2.999999761581421
1.318000078201294,0.9820000529289246,2.999997138977051
1.5000001192092896,0.9789999723434448,3.0000059604644775
1.0700000524520874,0.9950000643730164,3.0000052452087402
1.1859999895095825,0.9900000095367432,3.0000011920928955
1.0730000734329224,0.9920001029968262,3.0000052452087402
1.1209999322891235,0.9940000772476196,2.99999737739563
1.4139999151229858,0.9879999160766602,2.9999945163726807
2.0429999828338623,0.9679999351501465,2.9999964237213135
1.4820001125335693,0.9829999804496765,2.999999523162842
1.3190001249313354,0.9819999933242798,2.9999969005584717
1.2050000429153442,0.9950000643730164,3.0
1.1990000009536743,0.9920001029968262,3.0000054836273193
1.2360000610351562,0.987000048160553,2.999997615814209
1.1829999685287476,0.9920001029968262,3.0000007152557373
1.225000023841858,0.9869999885559082,3.0000057220458984
1.2259998321533203,0.9909999966621399,2.999995708465576
1.3719998598098755,0.9819999933242798,3.000002861022949
1.305999994277954,0.9890000820159912,3.0000054836273193
1.334999918937683,0.987000048160553,2.99999737739563
1.4040000438690186,0.9839999675750732,2.9999966621398926
1.5460001230239868,0.9790000319480896,3.0000033378601074
1.2380001544952393,0.9890000224113464,2.999992609024048
1.2480000257492065,0.9909999966621399,3.0000014305114746
1.3650000095367432,0.9880000352859497,2.9999942779541016
1.0510001182556152,0.9950000643730164,3.0000057220458984
1.3609998226165771,0.9819999933242798,2.999992609024048
1.15500009059906,0.9900000691413879,3.0000059604644775
1.0859999656677246,0.9950000643730164,3.000001907348633
1.3570001125335693,0.9900000691413879,3.0000011920928955
1.227000117301941,0.9920000433921814,2.999988079071045
1.1149998903274536,0.9920001029968262,3.0000057220458984
1.190999984741211,0.9920000433921814,3.0000054836273193
1.1059999465942383,0.9920001029968262,3.0000007152557373
1.1150000095367432,0.9940000772476196,3.0000061988830566
1.152000069618225,0.9930000901222229,3.0000057220458984
1.2060000896453857,0.9900000095367432,3.000005006790161
1.1120001077651978,0.9940000772476196,3.0000057220458984
1.400999903678894,0.9900001287460327,3.0000014305114746
1.073000192642212,0.9950000643730164,3.0000011920928955
1.090999960899353,0.9960000514984131,3.0000059604644775
1.1170001029968262,0.9940000772476196,3.0000057220458984
1.2760000228881836,0.9869999289512634,3.0000057220458984
1.0500000715255737,0.9960000514984131,3.0000059604644775
1.2420001029968262,0.9940000772476196,2.999987840652466
1.1350001096725464,0.9960000514984131,3.0000011920928955
1.2200000286102295,0.9860000014305115,3.0000057220458984
1.0519999265670776,0.9960000514984131,3.0000054836273193
1.1039999723434448,0.9950000643730164,2.9999992847442627
1.1290000677108765,0.9940000772476196,2.9999969005584717
1.062999963760376,0.9960000514984131,3.0000061988830566
1.063999891281128,0.9940000176429749,3.000004529953003
1.4779999256134033,0.9920001029968262,2.999999523162842
1.2560001611709595,0.9960000514984131,2.9999966621398926
1.0870000123977661,0.9930000305175781,3.0000054836273193
1.152999997138977,0.9900000095367432,3.0000064373016357
1.3109999895095825,0.9890000820159912,2.999999523162842
1.6349999904632568,0.9830000400543213,2.999998092651367
1.1739999055862427,0.9900000095367432,3.000001907348633
1.0800000429153442,0.9950000643730164,3.0000057220458984
1.2690000534057617,0.9900000095367432,2.9999935626983643
1.313999891281128,0.9879999756813049,3.0000054836273193
1.2769999504089355,0.9890000224113464,3.0000040531158447
1.062999963760376,0.9960000514984131,3.0000057220458984
1.0950000286102295,0.9940000772476196,2.999997138977051
1.0519999265670776,0.9950000643730164,3.0000054836273193
1.3569999933242798,0.9799999594688416,2.999992609024048
1.059000015258789,0.9950000643730164,3.0000057220458984
1.0820000171661377,0.9920000433921814,3.000005006790161
1.0890001058578491,0.9880000352859497,3.000005006790161
1.062999963760376,0.9930000305175781,3.0000059604644775
1.0770000219345093,0.9960000514984131,3.0000011920928955
1.0779999494552612,0.9950000643730164,2.9999969005584717
1.6029999256134033,0.9860000610351562,2.9999923706054688
1.058000087738037,0.9960000514984131,3.0000061988830566
1.059000015258789,0.9950000643730164,3.0000057220458984
1.9040000438690186,0.9810000061988831,2.9999942779541016
1.2480000257492065,0.9920001029968262,2.999999523162842
1.3860000371932983,0.9900001287460327,2.999999761581421
1.2640000581741333,0.984000027179718,3.0000059604644775
1.097000002861023,0.9910000562667847,3.0000054836273193
1.0579999685287476,0.9930000901222229,3.0000054836273193
1.1269999742507935,0.9930000305175781,3.0000014305114746
1.2680001258850098,0.9859999418258667,3.0000059604644775
1.2510000467300415,0.9930000901222229,2.9999988079071045
1.0550000667572021,0.9950000643730164,3.000005006790161
1.2139999866485596,0.9900000095367432,2.9999966621398926
1.091999888420105,0.9940000772476196,3.000002145767212
1.505000114440918,0.9890000224113464,3.00000262260437
1.1059999465942383,0.9909999966621399,3.0000054836273193
1.1230000257492065,0.9880000352859497,3.0000014305114746
1.065999984741211,0.9930000901222229,3.000004768371582
1.1540000438690186,0.9950000643730164,2.999997138977051
1.3250000476837158,0.9910000562667847,2.9999938011169434
1.0989999771118164,0.9920000433921814,3.0000007152557373
1.0839998722076416,0.9950000643730164,3.0000054836273193
1.8380000591278076,0.9850000143051147,3.00000262260437
1.4119999408721924,0.984000027179718,3.0000052452087402
1.1760001182556152,0.9920000433921814,2.9999923706054688
1.1250001192092896,0.9900000095367432,3.0000059604644775
1.128000020980835,0.9900000095367432,3.0000059604644775
1.2300000190734863,0.9839999675750732,3.000001907348633
1.1770000457763672,0.9900000095367432,3.0000016689300537
1.0609999895095825,0.9960000514984131,3.0000064373016357
1.028999924659729,0.9950000643730164,3.0000054836273193
1.0789999961853027,0.9940000772476196,3.0000059604644775
1.1610000133514404,0.9930000901222229,2.99999737739563
1.1409999132156372,0.9920000433921814,2.999992847442627
1.1180000305175781,0.9920001029968262,2.99999737739563
1.1130000352859497,0.9879999160766602,3.0000054836273193
1.2200000286102295,0.9960000514984131,2.999998092651367
1.1109999418258667,0.9940000176429749,3.0000052452087402
1.1230000257492065,0.9950000643730164,3.0000057220458984
1.0839999914169312,0.9950000643730164,2.9999966621398926
1.031000018119812,0.9960000514984131,3.000004768371582
1.1079999208450317,0.9930000901222229,3.000004768371582
1.1280001401901245,0.9869999885559082,3.0000057220458984
1.0570000410079956,0.9940000772476196,3.0000011920928955
1.0309998989105225,0.9960000514984131,3.000005006790161
1.0920000076293945,0.9950000643730164,3.0000054836273193
1.1430000066757202,0.9909999966621399,3.0000052452087402
1.1450001001358032,0.9950000643730164,2.9999969005584717
1.130000114440918,0.9909999966621399,3.0000052452087402
1.1449999809265137,0.9930000901222229,2.999997138977051
1.0460001230239868,0.9960000514984131,3.0000052452087402
1.3040000200271606,0.9869999289512634,2.9999964237213135
1.0649999380111694,0.9960000514984131,3.0000057220458984
1.0469999313354492,0.9940000772476196,3.0000057220458984
1.181999921798706,0.9920001029968262,3.0000052452087402
1.0950000286102295,0.9950000643730164,3.0000054836273193
1.1890000104904175,0.9960000514984131,2.999998092651367
1.11899995803833,0.9900000691413879,2.999997138977051
1.1139999628067017,0.9940000772476196,2.999995231628418
1.0600000619888306,0.9940000772476196,3.0000057220458984
1.0679999589920044,0.9940000772476196,3.0000057220458984
1.1769999265670776,0.9920001029968262,3.0000016689300537
1.4010001420974731,0.9829999804496765,2.999997854232788
1.0429999828338623,0.9960000514984131,3.0000052452087402
1.1359997987747192,0.9920000433921814,2.999995231628418
1.1800000667572021,0.9920001029968262,3.0000009536743164
1.1029999256134033,0.9920000433921814,3.0000054836273193
1.1180000305175781,0.9930000901222229,2.999997138977051
1.13100004196167,0.9890000820159912,2.999997138977051
1.218999981880188,0.9860000610351562,2.9999966621398926
1.306999921798706,0.9890000224113464,2.999998092651367
1.187000036239624,0.9850000739097595,3.000005006790161
1.0709999799728394,0.9920000433921814,3.0000054836273193
1.090999960899353,0.9920001029968262,3.0000061988830566
1.1699999570846558,0.9880000352859497,3.000005006790161
1.2100000381469727,0.9910000562667847,3.0000057220458984
1.0550000667572021,0.9950000643730164,3.0000061988830566
1.1200000047683716,0.9930000305175781,2.9999964237213135
1.1050000190734863,0.9960000514984131,3.0000059604644775
1.0699999332427979,0.9960000514984131,3.0000016689300537
1.0700000524520874,0.9940000772476196,3.0000054836273193
1.0870000123977661,0.9920000433921814,3.0000057220458984
1.0460000038146973,0.9950000643730164,3.000004768371582
1.1190000772476196,0.9930000901222229,2.999997138977051
1.0839999914169312,0.9940000772476196,3.0000059604644775
1.2149999141693115,0.9900000095367432,2.999992609024048
1.218999981880188,0.9890000820159912,2.9999992847442627
1.0970001220703125,0.9910000562667847,2.9999969005584717
1.0499999523162842,0.9960000514984131,3.0000057220458984
1.1540000438690186,0.987000048160553,2.9999969005584717
1.090999960899353,0.9950000643730164,3.0000057220458984
1.1119999885559082,0.9910000562667847,3.0000014305114746
1.2990000247955322,0.9910001158714294,3.000000476837158
1.0709999799728394,0.9950000643730164,3.000004768371582
1.0769999027252197,0.9899999499320984,3.0000052452087402
1.1409999132156372,0.9890000820159912,3.0000059604644775
1.1489999294281006,0.9900000095367432,3.0000059604644775
1.0740000009536743,0.9940000772476196,3.0000054836273193
1.0750000476837158,0.9920001029968262,3.0000057220458984
1.053999900817871,0.9950000643730164,3.0000059604644775
1.0819998979568481,0.9940000772476196,3.0000061988830566
1.100000023841858,0.9960000514984131,3.0000057220458984
1.0379999876022339,0.9960000514984131,3.0000059604644775
1.0489999055862427,0.9950000643730164,3.000005006790161
1.1740000247955322,0.9900000691413879,3.0000059604644775
1.0399999618530273,0.9950000643730164,3.000005006790161
1.1390000581741333,0.9920001029968262,2.9999966621398926
1.128000020980835,0.9900000691413879,3.0000009536743164
1.0729999542236328,0.9930000305175781,3.000005006790161
1.0719999074935913,0.9940000772476196,3.0000011920928955
1.1130001544952393,0.9910000562667847,3.0000054836273193
1.0929999351501465,0.9950000643730164,2.999999523162842
1.1150000095367432,0.9910000562667847,3.0000057220458984
1.062999963760376,0.9950000643730164,3.0000057220458984
1.0489999055862427,0.9960000514984131,3.0000054836273193
1.0609999895095825,0.9900000691413879,3.0000052452087402
1.0839999914169312,0.9920001029968262,3.0000052452087402
1.0470000505447388,0.9960000514984131,3.0000054836273193
1.0720000267028809,0.9920001029968262,3.000004768371582
1.0870000123977661,0.9890000224113464,3.0000052452087402
1.1319999694824219,0.9900000691413879,3.000005006790161
1.0609999895095825,0.9960000514984131,3.000005006790161
1.1159999370574951,0.9940000772476196,3.0000054836273193
1.087999939918518,0.9900000095367432,3.0000057220458984
1.0320000648498535,0.9950000643730164,3.0000052452087402
1.028999924659729,0.9940000772476196,3.0000052452087402
1.0920000076293945,0.9930000901222229,3.0000054836273193
1.040000081062317,0.9960000514984131,3.000005006790161
1.218999981880188,0.9950000643730164,2.99999737739563
1.0260000228881836,0.9960000514984131,3.0000057220458984
1.03600013256073,0.9950000643730164,3.000004768371582
1.097999930381775,0.9889999628067017,3.0000059604644775
1.0369999408721924,0.9950000643730164,3.0000052452087402
1.0609999895095825,0.9920001029968262,3.000000238418579
1.033000111579895,0.9940000176429749,3.000004768371582
