214
44
527
885
329
326
897
474
468
875
806
1060
15
576
265
10
785
68
534
323
570
1053
321
438
599
675
46
496
889
467
76
1063
1029
1027
77
173
771
584
544
903
720
436
740
613
929
381
586
164
266
754
1038
52
304
608
968
605
635
750
366
27
391
708
165
531
898
440
219
83
1073
403
169
145
692
940
647
69
348
316
976
470
602
1012
910
336
841
497
189
472
719
955
768
150
59
820
596
684
866
224
1005
202
255
183
57
704
942
924
126
11
267
362
484
12
72
1041
1010
228
980
195
288
236
748
120
342
621
254
523
935
629
197
831
357
827
637
313
822
521
488
568
95
182
774
388
34
1071
886
51
6
565
408
574
42
38
790
1026
743
793
658
415
800
549
229
36
79
82
542
783
356
1057
125
1007
396
887
205
9
552
282
825
791
166
285
819
543
26
879
179
848
680
1054
619
163
94
818
987
260
54
912
117
690
153
435
1074
977
710
861
320
1062
747
287
116
233
81
788
286
1040
509
540
927
300
498
896
944
177
797
622
296
430
494
770
807
548
319
272
705
667
749
639
587
880
343
270
1001
1052
932
1068
814
981
394
103
845
914
1021
545
475
454
160
840
339
633
16
772
992
988
1075
849
480
258
338
451
591
331
672
105
899
725
277
507
792
524
334
409
669
745
908
716
989
844
252
347
503
29
32
299
1072
766
359
312
275
767
393
482
138
890
239
314
769
926
284
852
949
794
1056
292
682
429
641
262
833
97
505
530
211
933
623
