7087
4278
7792
8199
8173
4566
10592
10364
7894
1473
9494
7120
4707
7328
4359
869
143
7901
250
6901
6897
4547
10625
5504
827
4932
1933
5094
5611
3521
2630
756
987
5356
8134
8648
7288
8663
6954
2405
10028
3565
5802
7303
4477
5428
7123
1913
6587
10267
4500
7579
4211
8835
2392
2102
8922
9025
2675
9804
4920
2778
2799
140
762
6863
7933
170
5481
1419
5217
9004
317
5490
4943
366
3263
5028
10502
2893
8562
9997
373
1181
2970
6673
5538
4666
7077
1535
2065
7354
1226
5108
420
8086
8473
4946
4474
4716
1412
5414
4075
7982
6610
2730
335
5506
4209
9592
1351
8739
2147
5128
4963
2911
6036
3068
804
4286
5310
300
1259
4428
1076
8219
1464
9007
6020
1369
7574
5952
3566
6800
9042
6266
6256
2416
5690
105
8712
8093
4691
8359
3576
333
8191
3822
6267
2282
595
3891
361
5597
9640
3093
9774
1138
2204
6257
7115
185
6950
9036
2303
3452
3726
5703
3641
7927
6542
3583
7884
5699
4969
9626
3824
1188
7564
10006
568
6259
7677
8967
7153
6850
9140
7682
9496
752
2697
4620
6111
9381
1790
3662
580
3393
3064
7176
8136
7353
8431
6581
3676
5841
4681
5792
9534
6589
1093
1037
9203
1334
4173
1969
4725
8807
1277
818
2606
690
2948
735
3622
3509
4402
2247
3331
4539
7819
54
8965
4891
2803
3926
1846
4893
5065
2465
7275
6388
8758
2179
3041
9454
9177
1284
423
7830
3627
5992
3360
10182
3550
1268
2143
10080
6801
5642
9758
6225
1566
8014
8928
8211
359
4168
2431
7503
8630
1303
679
2640
5475
6379
557
10090
971
2643
9092
7283
6237
1581
2604
6585
8878
1006
7078
3192
9788
6361
9199
2738
1560
6211
7874
301
7423
2162
10179
6025
384
167
875
7999
5354
5946
1239
6986
5974
7000
8727
5922
2950
8157
9530
4039
10208
9110
7379
516
2536
10548
6877
5440
1821
3531
2321
7145
3355
4540
5849
6630
1182
4450
6282
7531
8494
4045
3153
487
3724
1051
6712
4813
4883
517
5944
1174
4174
7627
3592
8446
349
7373
5994
7261
8246
6886
9400
8596
6700
401
5898
1522
4281
5888
596
1299
424
8051
4950
3541
3319
3988
6166
806
1595
5779
2
8817
5846
1956
718
4954
10145
10236
2384
4801
5022
776
7839
4231
4115
47
4686
6247
8722
2485
4223
3273
8696
607
6457
3611
6011
8364
10053
3946
8823
4985
9207
9005
3353
6271
4789
4504
6592
9648
6841
6161
7729
1469
6436
8558
748
2190
2443
2676
1840
8898
3831
3615
9437
3858
5227
6949
5733
5182
5558
2313
3235
5903
8955
4268
448
4037
3625
4503
5715
7108
5860
4785
5131
144
519
9126
3029
9054
4525
7156
4787
8530
3710
540
6641
4006
4980
6434
8315
5004
3614
1237
7461
2500
2071
59
8949
8266
6213
8325
7066
6980
3610
2306
7505
3559
1039
5560
4130
6760
4178
2729
6816
4704
9569
6393
621
545
4236
3603
7962
7172
10114
4695
8981
3994
1908
4933
3276
442
7509
6742
9644
4405
8360
1437
9801
358
4802
8271
3100
4668
5995
377
5021
2363
9077
8570
10245
7770
1808
802
179
10251
7003
291
888
5235
7269
964
4476
10256
7363
9863
5350
212
2680
5080
10335
9495
2672
4623
2976
4463
1276
3365
10264
4729
4087
6112
6530
8650
4550
9425
3884
567
8800
1487
2698
8593
3055
3417
3337
2826
3715
6142
1559
4106
5097
10045
8203
7002
7501
3595
9176
972
5913
7316
2410
835
6522
741
850
6930
8522
2850
4833
439
8152
7237
6263
6759
8314
795
2679
8375
9697
3557
5212
470
5628
440
2537
1991
8231
8855
430
7395
7206
6065
7831
4819
3757
4149
9393
3238
7422
8392
7063
9853
10107
3113
6996
3302
6550
9874
8363
6692
3765
2329
9884
195
9587
5401
5850
4997
1596
7133
585
8029
4702
10284
5202
4243
7552
1739
889
618
9516
8868
2181
2295
3828
2793
2719
4249
8324
2488
3836
458
9875
5647
7429
6053
4764
8343
9230
1147
8741
7236
7892
1218
4423
7216
9867
2116
2312
571
591
6126
4671
4287
5402
8914
2920
3003
2360
467
2171
6021
3438
4449
7175
1136
10178
4900
7767
7456
10469
1220
5499
8983
7083
8055
9193
1293
1891
3381
3031
3825
8259
3812
10065
2284
6199
4356
5605
3738
3990
6944
4385
6269
8925
7372
10031
5034
6446
495
4296
8757
5691
9246
7797
4745
7112
8544
3011
10579
102
4569
1246
323
7793
10172
1985
9754
3633
1564
6735
622
1832
6939
2534
5199
419
8464
363
261
9943
10271
5318
2742
3123
5476
6810
56
9289
8516
5107
6475
1079
5539
706
7315
3723
10450
6420
7587
4956
1065
7835
8169
7132
8791
8559
5296
9360
7534
295
236
5904
3727
4201
674
8895
4565
8813
4391
6766
5742
5553
2324
7138
10507
10343
1953
1423
7152
6927
8661
4067
4996
7344
8528
7231
10403
1569
2788
8081
7858
5739
547
7418
7852
9020
9673
6748
5316
5183
8524
4214
8062
10337
6823
8966
3394
10390
3164
9558
2664
2144
10424
5377
398
3829
4148
186
2286
1370
4973
10372
4269
7821
9377
8679
7586
9132
10600
5077
7464
4349
5771
4181
3351
2262
6092
9667
3084
7287
7366
8499
5026
1050
4649
6597
4393
4909
4755
4682
803
269
7694
10253
3462
3529
2063
10378
3894
9818
1883
6931
9833
8470
6583
8278
7733
4711
1578
10173
9147
1524
1432
5450
6732
6390
10180
8307
1849
1159
8920
4228
1975
941
7483
6276
4837
9813
8897
7061
3407
1383
10241
5609
1070
2297
1960
8076
1243
617
7712
2757
1895
475
7658
1853
3882
8535
3991
8600
3659
2047
6060
342
6864
5038
1799
8534
2370
788
6573
6618
4592
6596
10593
5881
6622
1834
10398
6204
5650
9694
2193
3277
2984
1690
3470
1716
2900
4355
3983
2599
3730
4264
7406
10200
6843
5456
8174
2549
10155
2958
609
6136
7380
6073
5290
3241
812
4543
2051
4498
555
1426
9048
10440
8978
7834
10534
5113
7384
8796
8587
7054
3175
3965
3850
3600
3387
9305
5941
10273
4443
6662
6158
2693
666
10609
8362
8942
907
1315
5052
3874
2589
7103
1531
9549
10157
10131
5398
3383
8671
5171
9712
1365
9137
4626
316
1323
2346
8959
364
5778
1959
6937
983
2438
938
5327
3482
7467
2288
994
5804
9652
4942
1992
891
7245
2631
9846
2887
3507
1725
10235
2487
4952
8683
5576
74
1877
7168
6878
5777
4698
4483
4984
1476
7716
4294
10369
8525
1943
7880
1407
8286
9939
9192
6024
3913
2498
8220
9242
235
3004
6236
5867
9312
4788
5109
6123
9537
7189
7053
1316
3886
7623
1080
851
4430
4776
5241
2281
552
8829
9219
9311
2506
8039
6500
4645
8810
10501
9802
4289
4911
6262
1918
7220
1466
10524
1394
709
5991
10109
2855
722
556
7030
801
3766
10586
5174
6883
4644
4677
8126
3899
6157
4827
1901
273
6238
8454
1475
1919
6535
1806
1355
10176
6685
8125
9441
4261
4009
3898
3242
3168
8992
10386
9386
1550
792
6971
8838
4221
7724
872
1859
1373
1750
1393
4484
6870
6254
6753
4638
3832
3954
6795
5177
9322
5043
4537
2791
4549
5155
1533
9157
9309
3925
10619
3440
7125
5417
8847
4265
7843
8088
9906
8668
3545
1087
3264
10321
7610
2765
5203
5619
9825
3975
7334
1447
2687
6345
2841
6568
1462
2009
3463
8754
1004
2263
7725
9981
2120
4026
5646
9491
3103
7497
2907
8866
5411
10537
4290
9651
1955
9257
198
280
2058
2578
8150
5358
3359
9084
10299
230
5872
4917
7961
6578
2530
7571
5143
1310
9518
8438
3875
1718
2013
8674
3691
1099
2591
1839
4921
1875
8337
3198
10206
5284
5680
5755
2210
4867
10058
1597
3451
8705
2134
6328
7504
1055
8503
10160
5404
3927
5505
2037
1143
62
9888
4091
5658
101
6502
9721
4396
3018
2000
8510
6718
1411
205
1785
1924
6212
432
8654
2415
5985
755
2782
4791
9374
3904
10605
510
8457
5853
664
2214
2394
5274
2673
9999
8515
3317
5225
8341
8947
304
5855
3223
7657
7859
920
5760
559
9585
8940
4523
1346
10324
5603
7291
1967
10495
7649
3150
1662
9892
4226
2259
4814
9390
3892
5346
6484
1395
1402
3149
5036
9602
9715
1548
2598
1764
9359
2462
1845
6633
7394
2990
5439
9855
3667
5984
2315
6088
8164
3634
4881
8778
7159
1670
6314
474
9211
6525
1405
6192
9112
2493
4193
2938
6543
1041
305
3679
1194
3306
417
9497
3740
716
1260
7036
9184
5945
6333
10140
7666
7702
9646
8543
9724
1685
1007
593
3212
3489
8614
9415
2509
3218
9688
3512
5949
10585
3639
1494
805
1527
1129
7457
6824
3483
8222
8376
4441
5622
3445
2041
1024
828
7669
3951
10297
4334
1917
3392
7902
2994
7435
9479
4167
5376
7465
6149
8573
4783
7869
10014
5830
8383
7849
9765
213
9197
824
1628
1107
8665
9352
9699
7758
5487
7528
3174
1126
4258
7911
7194
6521
9487
5549
9661
9985
7547
1773
5775
2540
10099
2124
1418
4699
1937
4016
4282
694
6586
91
1430
5896
8700
6867
10052
7535
78
9753
2021
9251
2551
5999
6418
7840
4065
9401
8292
7340
10038
1206
481
6722
6991
9325
1629
57
3940
7440
3096
1381
10435
1456
17
7853
2097
7302
8045
1040
4779
2011
691
3770
715
4877
7093
5761
10221
1340
8247
553
10506
10078
5295
9969
6733
5694
6197
2216
3864
614
4928
3412
5942
441
4403
975
10518
8818
391
10345
7848
1775
3861
3454
7426
9861
1018
2590
5178
8389
8433
4887
4712
9205
9628
6494
4202
8209
3120
4092
2467
3708
4896
6874
5237
4021
110
8495
5915
8819
8788
9030
6716
5091
524
9586
7222
5301
3544
7948
8916
6369
9983
8500
5242
3947
3216
676
2647
6724
3344
6865
7693
6614
4377
8497
2555
6489
3881
1064
8893
5433
10003
1047
9256
9687
10531
6193
248
2583
9172
1942
3311
8283
9163
9869
9982
5018
9329
5823
3916
8248
4142
2966
2280
8937
6464
4511
3267
3928
8728
2374
10428
8212
5815
10225
7164
353
1066
1856
4084
5436
3294
3769
5674
3811
5957
2773
4948
3426
3485
2559
5101
7200
4030
9447
6005
5781
1792
4541
7239
5047
3607
5958
3826
446
10404
6350
10096
4008
1699
8973
6762
3433
1142
7412
4508
8349
7271
51
8427
8268
3432
5731
7898
3222
7836
1591
1523
2654
7204
4976
966
5437
7391
1738
6942
8876
8633
6814
2213
5601
117
9225
3196
6066
8441
5127
380
5901
1409
6151
5076
5061
2936
8805
2658
532
8282
4696
65
2609
2492
6765
6281
4422
8027
5073
1048
4724
10553
3896
8012
8215
3848
1125
7084
831
8424
4347
2650
7976
579
1536
6973
8608
1999
6540
6598
4392
383
3692
1814
9100
9161
5697
6074
1403
8877
10525
4445
5470
4555
1639
5692
2918
2685
8994
4111
3648
2891
6663
9623
1424
8643
9448
70
4165
5482
10567
2655
1952
5552
5749
10624
3707
1128
270
7065
7981
5797
3441
4437
3841
7462
4103
9347
7389
2251
2563
2789
8760
1086
9588
3719
4694
4615
7676
288
6651
1139
3000
3959
1172
9900
5345
7614
2879
6279
3778
1445
8601
1906
1887
7778
2397
5460
10366
7018
2479
7539
852
7645
2093
6938
1427
3225
6895
3843
7470
4664
9829
1729
6287
8350
1571
4055
675
5057
1572
820
925
2221
8180
10532
8449
751
8066
10612
1689
4460
2897
10186
3652
6468
1231
5040
5421
233
8487
6623
2766
8025
4492
4325
10527
5864
7722
257
3293
3546
977
7256
5294
6218
7707
10556
7638
5188
3375
4590
9210
8042
7405
7893
7665
7567
6529
2649
9614
6429
2132
6180
9666
1752
6375
6579
2986
7674
10623
4123
3270
9926
9579
5829
6608
247
327
7498
1732
9478
5205
4690
10414
80
6482
1935
8114
3217
201
3320
8450
7650
1406
8985
8162
980
9460
10310
4520
1508
730
10019
37
4459
2275
10387
3582
6539
4358
4709
4119
4307
7732
582
7212
2519
8746
10224
7602
7936
3284
4098
5039
43
6548
8308
1025
7678
9224
410
8856
1225
956
7409
10509
10504
3593
3481
4583
1851
7247
8504
3697
6355
7416
7309
1513
4798
6014
2457
2224
4427
7781
1798
2267
5508
7251
4326
2817
7734
3661
382
8540
2459
2711
2145
4746
3371
9854
6145
4034
2856
603
10056
8369
10327
7803
8821
8655
6303
5856
9597
3969
989
8354
5663
10401
8057
90
9685
8509
9681
629
3799
1363
3078
5878
9978
9412
5168
8801
9611
9747
9820
4145
4352
1889
5892
5834
8067
3887
8615
5280
9728
1860
3299
3996
2620
9714
5193
9991
334
7548
10177
10323
3817
5972
10448
4121
7774
5741
1672
8290
2323
7802
4571
8023
8820
733
3494
4361
7272
6566
10272
5144
3316
5997
9214
7411
6258
8697
8918
6654
6051
9902
8374
2935
3097
10328
386
9456
1505
5947
4452
3779
789
7254
809
6869
277
738
135
6292
1547
5278
3702
7428
9423
14
3244
6905
8761
7711
4517
7262
4161
7879
7035
6805
10629
5570
10371
6575
8436
2090
641
1920
1903
8496
7751
8533
6844
1230
5141
8117
7663
5759
2503
1322
4522
7485
10479
4902
6443
5299
10572
6536
9596
168
175
1470
3349
9291
6983
52
4545
7313
9539
5987
587
7560
4595
6409
6994
8223
10142
3905
9755
7823
5462
7766
5714
7209
1666
1812
4415
1925
60
3573
2642
8972
3384
260
4608
1160
5347
4505
7842
2325
3570
8320
2641
4313
6343
8352
3155
3535
6415
10248
10093
222
3063
1460
2215
6054
5072
10461
379
443
4940
4636
3786
3741
9794
3839
9319
9414
7057
9252
6131
9757
5375
620
659
6330
10471
2771
3073
3671
4949
10089
8603
1341
1434
414
87
6407
9925
3714
8795
9529
7750
2724
394
1542
5891
3608
7240
2123
10220
393
2611
6253
7166
9899
2937
9563
7782
10185
6752
3876
5624
6384
2625
4885
2491
4967
8105
7134
7647
2998
4279
5604
1489
1326
8517
10359
4007
5389
2434
4999
9323
8662
3187
8329
7155
7326
2597
9014
979
9113
10626
9603
10484
5937
4643
2968
491
696
1587
4588
1954
6811
3777
8684
2681
2981
1977
6631
7726
4096
7800
8
5058
461
315
2718
3458
9811
9186
3939
2844
5975
3014
2208
9917
10261
2350
7922
2553
3856
10547
9598
6694
2088
4596
3917
7785
7458
9121
8250
2588
1168
2514
7955
241
8064
9333
6648
6882
711
7987
9091
2085
5271
3379
5400
8002
6825
5870
7966
1665
4339
435
8604
7515
8946
9780
7953
1296
2912
220
1357
6191
4128
10237
2813
5255
3106
8072
4509
6394
407
10034
1884
4374
2617
7752
9090
7160
1282
6726
7639
2140
9659
8489
3776
8232
10488
9343
10560
7300
9979
6231
9961
3589
8445
9730
320
6398
10136
9209
5528
7278
9037
10411
7157
7769
8127
10486
457
8814
4659
786
9088
6634
7244
1245
7525
10513
9927
4018
771
2463
10115
6672
3790
7496
9264
1810
5180
6047
6391
912
5332
2858
5069
10103
7745
7775
531
978
6731
3053
8201
3701
10199
9208
7184
5151
6137
1551
4507
141
6908
7375
2712
1307
6316
7687
3447
5344
6084
9435
5575
3647
3213
2388
3974
4435
2864
1438
8792
5053
8957
9737
1520
5893
5483
1081
6919
3937
3618
9392
8229
5269
9318
6058
9063
873
3616
6772
8357
997
7126
3552
5319
8408
955
3660
9552
3591
3989
2854
4036
6815
8771
8952
6995
4641
1035
7224
7201
6308
6791
9297
777
6603
9287
4706
9894
4472
6018
1312
4901
5960
10614
1852
2136
7970
4863
4304
6072
5978
10033
8458
1862
7448
10144
3999
9298
1368
1619
2715
8309
3998
71
9752
7698
1302
2885
1676
6915
7740
2375
8022
7021
3080
5302
6665
3395
7718
6787
7017
5921
6175
4778
8273
8848
4882
4076
9436
10311
7253
422
2801
3325
4832
6103
6990
3290
112
8849
4062
4554
5187
5752
5665
10607
8609
7453
7771
4406
9492
2454
8733
9101
8833
5129
4144
9285
5758
10332
9506
5249
2949
9531
6255
9508
6826
894
9150
10153
625
7037
2197
9845
693
10025
9072
6154
2806
8265
9481
8252
6009
4175
6719
8207
5545
3837
5423
4646
8280
5254
1731
1264
1843
5648
2727
9599
10505
1553
6182
518
10286
9355
1786
2480
1926
7575
7935
9718
3418
9468
9849
3419
1835
3551
1221
1986
2547
6019
6302
10111
9293
8921
7544
6514
10300
9026
2694
7589
6829
8159
9489
5596
216
3637
2545
4005
9768
1797
8224
8347
8642
2710
4011
9556
7827
1192
2425
9932
10046
9308
2475
3834
4978
4640
7181
10361
3760
2690
3461
9762
7241
1141
9933
5492
2747
1297
2432
4244
2552
7551
9227
9564
6486
597
10566
9187
1620
9612
6210
5384
3066
5614
5339
4925
1612
8313
10275
7675
9153
688
7636
3929
4784
8529
4501
4600
9616
9852
9914
344
10149
7728
9117
2141
5798
2645
6951
7661
2656
3165
8234
5323
2356
5711
10478
7331
5334
9584
5084
6207
6892
5355
10075
9776
9357
7655
5828
8193
10050
1608
8827
2126
9990
7185
4782
8317
4913
4303
1896
8545
338
4124
4473
6115
450
10257
7327
7739
6159
134
6243
6503
8179
4274
10564
3201
4047
7593
10217
8388
5467
5811
23
3922
4562
2036
6431
3239
2899
8938
9815
7099
893
6179
5923
196
7192
4613
583
1532
6202
9827
10060
2516
5843
5176
8590
1197
5743
963
10493
2232
6080
9920
8197
7761
4879
6109
3468
6340
2783
8371
5678
10130
2831
8335
7791
7449
8006
5122
3784
3877
1712
6517
817
10545
918
5527
1384
8202
10360
9938
131
7051
6222
4747
8678
1345
5135
5115
7360
3442
8726
10340
8181
870
10444
4848
2427
4254
123
6078
5662
1626
1776
4871
1300
10541
5790
6465
8552
7799
9795
3358
9313
2359
2468
10550
2026
5432
9255
1742
490
40
9191
592
3586
5546
1149
6972
8368
68
9168
5279
5871
2274
7867
8294
3219
6688
6853
6552
6775
7169
6163
3324
4345
10346
5071
7889
3694
1592
3336
2577
7973
10192
6177
3804
4826
1682
7060
7228
10615
5550
5362
10459
8471
1484
6342
3067
5259
4284
7079
9482
7996
9267
2189
5132
1696
7193
4529
6677
8709
8803
3813
6286
10181
6611
1621
8882
7720
5313
704
10061
3735
6547
2874
10290
6669
2404
7486
1586
9466
4720
5983
3085
4048
7592
7047
8217
7459
5032
7721
3909
1879
459
8370
4714
8974
1995
3844
6228
5445
146
6141
328
7088
5531
2034
4847
8865
8809
2117
6576
8751
5250
6925
8707
5883
6551
10183
6600
2548
7350
539
7607
7991
2804
8418
3656
4166
6660
1320
5886
7764
2723
7512
10008
1408
1013
10445
8767
627
896
1645
9707
10250
10082
4815
455
7294
5963
9541
1574
10417
7165
1338
3099
6769
427
2992
4042
3446
8451
1981
3142
4354
8167
4852
5724
2170
2586
9212
10139
9889
9484
3105
9841
7537
7215
9903
2848
6453
5453
5635
7885
2515
1657
9936
1012
48
10027
2504
899
4552
5651
7033
3725
6998
8245
4458
39
7336
7351
4981
6941
3842
1900
504
10113
6808
10202
3178
9326
2952
9745
1088
946
10289
9621
1404
8719
2423
4252
6509
8393
6144
8355
4389
8356
8189
10125
5020
5266
2152
3772
6451
1944
797
9032
1052
4589
9873
187
10312
929
3548
395
8736
1068
1804
6124
73
2229
6754
7346
2904
4823
8748
4672
10604
8387
9575
6176
8194
6847
8124
1305
4961
1319
7566
11
6449
723
5099
1278
2581
10487
5534
8453
1291
6171
813
4192
2151
10120
9953
5681
4253
5756
3221
7861
6538
89
2105
2815
10460
9642
2081
6689
5866
1730
2341
488
3040
3577
4533
8399
7680
7335
744
1184
7998
6899
9427
8979
3028
8944
7895
1421
10416
4506
4217
7451
2751
747
6445
3500
8875
8976
7957
5408
5303
69
9848
3045
10308
2108
948
88
5502
4951
208
586
514
985
1317
5309
757
9028
4285
1538
4310
5954
436
6250
8585
9012
4061
2769
5820
1761
10000
2653
2075
1417
9443
5657
3338
9277
8867
10154
6717
1537
5396
8262
3310
7041
9045
2562
8599
9346
1876
6813
7881
9317
238
4632
8015
1837
3237
9923
4651
4003
2544
2119
8254
5246
6771
6840
2683
7654
6327
3623
25
8634
7432
7731
4633
8853
1604
7580
5093
2172
1902
1327
8872
10169
1850
3528
7183
9574
7415
2882
7345
2002
1779
8858
2696
6423
347
6638
5774
2995
5740
573
5730
1500
7667
3949
5719
6487
6680
7393
8160
1313
6052
9461
3166
578
8996
6906
2825
5602
4922
307
2159
7789
7369
10143
1777
3520
1534
3401
7866
3902
9445
8434
4329
10029
352
4109
10021
727
4197
8071
4534
6510
2957
5087
478
4660
2319
7937
3819
9098
1488
5670
3071
9314
5173
1601
1594
7684
3484
3486
9922
10584
10158
9103
1525
1151
7992
8513
476
7692
5121
259
86
4195
9779
9426
7158
6632
5616
4935
10306
2110
5125
2230
2741
8890
7154
4773
412
1623
9631
4078
8572
8073
7246
2309
2435
2704
8775
2243
2827
10420
8958
3957
3780
6909
10557
10555
2129
5593
8755
5288
1922
9605
7006
8670
6977
10336
9909
5848
8478
5419
4263
1435
9606
10595
8998
4487
9049
6183
7873
10587
8198
1266
3838
4387
10043
4765
8830
1084
10188
4657
8053
1057
3115
3870
8425
6976
10561
4710
4924
5190
8586
9904
174
3032
6531
6624
5512
8770
3693
231
2755
874
4635
7659
1974
6862
1061
9897
9104
1554
5268
9769
2525
4601
5766
9040
4107
3248
3759
8832
2853
136
6837
3847
306
5782
4769
5968
6315
5430
10195
98
3971
6190
5705
5885
4556
3422
2677
2419
8962
8887
7768
8779
5006
2092
1228
2956
10009
6910
7400
5770
2638
2298
7170
7847
5625
7854
8502
10497
10302
2367
7920
3227
8084
10443
10458
3733
5679
4639
1826
3200
5889
9546
3369
10512
5803
1899
8240
9221
7131
2743
6918
4761
3380
2894
7386
1558
5170
3195
4792
9089
7630
2761
4266
8135
8826
2024
10194
4939
275
6796
2187
7289
7026
5418
2015
10494
4159
227
7259
8721
4077
5030
8844
526
211
2774
5689
1285
10393
2977
3663
3588
6152
4958
520
3636
8710
3696
3587
2183
815
6953
1579
3995
4722
5078
3518
2868
544
8279
9270
661
2448
4780
7617
9375
107
7111
6275
5286
7554
7971
8613
1793
8782
7322
4362
901
4320
9716
5136
7520
4160
4731
4410
7780
6710
1492
128
7616
1
1269
6187
3863
1828
9735
5671
5451
3304
2849
2256
3006
9073
6293
3118
10063
5799
9702
7846
2175
10039
9636
1371
5096
3025
6147
8031
7717
5791
3450
3478
9271
3805
4412
6516
324
5009
64
1727
7319
2010
8750
5120
10174
9680
1747
9458
6664
4100
3943
10533
3516
7576
4862
8773
9017
4302
3901
4157
8044
1235
4118
6417
5819
9572
3048
5894
8514
3556
5548
1028
1800
604
4843
5515
10575
5656
4122
2633
5368
4768
5493
6896
5244
5455
7964
3992
1336
652
9876
6278
7442
2637
1459
10301
6470
992
7931
7864
2582
2746
509
7545
5606
7089
7094
7116
9171
10265
3205
9286
8843
2840
9175
6666
10447
734
2561
660
6044
7591
8175
7024
5169
10431
9085
6045
9576
1287
2941
9232
7214
4131
10476
3612
6617
3979
4794
8485
3027
7897
5567
5229
4058
4208
169
9332
1708
8802
3936
232
7923
9247
3601
6389
10344
8052
9643
2176
10399
9696
5745
3327
7588
378
471
8385
6807
321
2252
7709
6835
9538
9127
4558
10309
1788
3773
7906
8701
10110
2027
4023
2739
1993
1844
2121
1240
4876
2035
2881
7059
357
7946
6989
5385
2835
5685
10391
1855
6565
190
4572
4929
8842
9777
6374
4260
9805
9905
5210
7631
10613
2678
4830
8828
2305
2222
164
4835
2429
4250
3972
7570
9545
9535
4519
3082
7806
10523
1724
497
6790
8253
7304
1655
6229
7715
8059
4754
6827
3860
6743
7064
10380
1783
8508
9109
10517
2888
8184
6613
10588
5996
3852
2138
4219
6851
10611
845
725
7583
9364
6727
5263
4004
634
5541
2651
6848
5298
1904
7581
6628
2032
8607
245
5218
4824
7067
2314
2720
7085
5486
2648
2318
152
1637
6649
10067
6794
2104
5540
2914
326
7102
2168
7260
9449
5391
6860
27
6746
161
3443
4338
2083
3256
9404
1148
9379
8090
3042
530
6703
6411
408
5911
3448
9236
7135
529
2497
8777
5565
1962
8575
4737
8492
1267
8043
10472
8659
4998
10047
4081
7098
3993
561
8675
7670
5589
4140
85
4944
10259
7197
9784
7681
10041
4756
5147
10617
3340
7109
1631
10415
6676
10602
5403
1150
1175
2822
9029
5042
5854
5270
4488
5618
9294
3967
775
3043
9639
7299
4573
8731
5216
3754
207
6590
542
5232
9001
7805
2173
4198
7488
249
6993
1072
2481
9114
9483
7323
8411
3354
5308
9717
7301
6797
2890
4580
672
7787
5464
8145
1721
856
311
9296
2101
1224
550
6793
5906
1616
1606
2870
5826
6798
1195
3352
3801
6644
8619
6400
758
5682
5162
8035
2821
4367
3089
5832
5668
10283
2236
2264
7167
1624
2931
4658
5643
26
1633
8501
8060
10583
8148
9368
372
3342
7031
374
1927
2756
7396
4604
9070
6888
63
5813
6346
1733
2543
4968
9344
9167
3152
7202
7431
2068
1280
522
8336
9152
5529
142
8964
3286
7218
4032
5306
1713
8331
10573
10413
36
7474
4300
5535
1467
3749
6354
10535
10367
807
7857
6023
4446
9222
9019
4990
1205
9179
826
5821
1281
10079
1678
2008
9803
5669
1817
2064
7660
5801
9394
9231
4400
6311
9116
3309
728
2017
6907
10412
1515
2972
4494
10543
8656
6260
7210
2610
7081
671
1647
9417
8237
58
2512
6320
10088
8851
563
5566
10036
2587
6174
8720
2441
9094
8873
3728
10026
4751
8415
4242
4134
3933
7989
3953
9455
726
759
3141
4993
720
6650
6162
880
4054
986
1827
5654
8097
7403
1202
4199
3584
4655
2565
10349
643
9929
5134
3024
7703
2628
8284
3207
8774
7608
6501
9159
8584
2345
1203
9206
6386
2113
1455
1625
4692
3425
2383
4912
10348
3893
5630
9424
7080
1984
970
5307
7822
3160
2954
1029
3895
3057
6094
1258
4986
7905
9099
10481
4324
4210
5357
6064
10597
8130
3465
10422
2886
10104
5858
5172
3125
5473
10207
3752
5378
6377
7362
507
9610
4027
8506
1831
7598
5959
8698
7929
6057
9238
3232
5776
3669
3488
6668
9971
9582
1570
4454
8908
19
2433
5489
8635
7643
10368
10238
3495
9689
9678
8233
20
581
3960
10198
1617
1085
2818
837
2845
3684
3807
8080
3748
1289
7524
6948
7809
1054
8423
9761
9194
4489
7190
7008
10499
1923
1211
9046
9173
6441
4947
3110
10319
5275
3976
8372
1873
515
6002
9986
2031
2358
6887
10407
2099
3720
38
8936
1760
3009
7142
3980
3399
1654
8645
2921
10084
2909
8384
8745
5696
8521
2038
9740
2139
1841
736
4803
4535
7056
2928
1058
9213
3322
2366
2910
6846
4088
4094
10234
115
5256
8539
10219
2336
2226
7788
5851
6245
10515
7129
3364
4866
9583
13
92
5328
4625
4897
3329
5953
610
7298
5917
5112
2444
3613
4490
4466
6519
7144
7173
8987
4907
5519
8906
2999
1663
8146
8410
6528
5516
697
6873
6160
1223
10209
3932
3919
1253
7174
4496
7952
8846
4229
5023
1650
5133
2107
9304
8786
2233
4346
5661
4634
6894
3504
9053
76
4375
8139
4831
982
1573
8641
4267
3630
1605
7600
6855
162
2470
2072
9782
8318
2670
5387
7601
7388
8230
9641
3305
1945
5434
1191
3739
183
8083
9338
7205
3747
9041
8551
9056
3771
4213
10135
96
381
8472
9615
3406
10434
1493
4200
6729
9544
7232
7447
9787
4872
3058
6506
1556
2087
3245
2846
1429
2502
8269
256
1250
2198
993
3809
41
6107
7679
9151
7162
1656
5795
1290
1156
615
7599
6385
4413
10068
7179
1614
9799
7404
2391
5207
8505
4153
5617
6164
5580
4436
2980
6139
4141
9234
5062
7808
6406
10123
8048
2192
9826
9148
6758
9131
7177
1222
8142
6978
7824
633
1077
2234
6505
4560
6472
237
6777
2880
8432
7438
4372
3060
9736
6430
4964
7856
6774
2605
6723
10410
575
8903
4132
6130
9133
678
1451
6113
4246
4726
2779
8884
6096
3682
4700
3262
9123
8980
3231
276
8214
7090
8452
2484
7754
10449
5564
5909
4071
3439
9672
9471
6546
8047
3020
8396
116
6324
1803
2660
9910
5088
4585
1990
3356
6168
2238
2148
254
1169
5877
6336
5012
7466
5148
6439
5982
885
1454
7876
8111
9550
5435
9160
6492
2390
10457
9733
7370
10381
1233
3429
4315
6424
4904
8997
8628
1433
6082
658
10492
990
8328
6128
7925
127
4763
5010
1583
10519
10094
1241
7918
425
1961
9551
6135
7796
9882
6408
6030
4994
9218
2916
8969
6105
5783
4451
8151
1301
9609
10552
9858
2523
1989
10024
1982
3323
7479
3413
7250
2242
5940
560
3869
2260
5163
5511
1684
5392
6577
371
2351
4277
1234
2556
7556
4910
2859
4424
2412
2842
1893
9675
4478
8673
22
224
5369
7208
8639
5905
4983
778
2018
8461
5563
8951
10397
5800
1774
2407
698
9438
6737
2177
5702
2053
3674
10356
7632
1022
7932
9082
5104
3711
3086
654
5230
8991
4602
5837
5844
1474
2652
10296
9872
2490
919
4849
9830
6049
7555
8874
1948
4965
3288
8907
1178
2357
6170
7455
4368
18
5701
8144
1540
5359
2574
4977
1778
8845
3282
6946
4305
9664
2735
7305
5789
4343
2279
2752
9409
5645
6558
798
9119
2272
2012
3132
10091
1939
2158
3764
1819
2513
10293
6903
6495
6779
3069
322
5305
10013
753
8092
5577
9068
2602
6344
10385
6120
1653
3709
4299
2875
9877
8768
3802
7561
5092
8785
1946
1249
2409
6209
10452
8409
6351
35
2987
4050
6169
5763
7612
3437
8295
1166
3530
9327
4676
8982
7917
4701
8716
6880
3372
9656
5744
5543
4609
2004
2974
4723
7243
2142
1710
8448
6684
1114
5000
9692
5847
2903
5257
8894
7052
1911
1256
10051
7736
7186
3973
9792
2932
7463
5914
9499
4321
1108
3547
4898
705
5329
9620
1000
8862
3581
10419
258
5262
1863
340
5276
5684
9009
10092
3677
1507
9749
9823
8158
1283
2059
5700
9796
9573
1083
6070
4323
8486
2709
9059
4462
2809
9748
5089
10373
8322
8840
10231
6322
1122
9432
3906
3872
4665
6348
9422
6705
1512
6234
4259
5988
4938
1864
8319
6
8772
6034
8930
4295
8822
309
9158
4172
3182
7536
3098
7878
10304
8653
6838
2939
2287
2702
1988
5594
2607
375
1361
2257
701
4568
2114
2474
7049
1179
9096
6485
5265
10276
2074
1137
3157
5123
8096
9729
8310
3524
10430
9051
8218
8714
4797
3885
3787
6062
10244
6757
2632
200
7127
8340
8102
9474
5098
2095
2878
3767
2317
3997
8065
6580
7139
1754
9023
1635
3502
133
3732
4191
2482
3283
2794
4238
9440
1921
157
6368
6101
9627
1213
9253
7477
3536
8622
3252
6507
139
428
3948
9245
7095
2805
4378
66
7826
5239
4363
838
10511
7333
10175
1413
9388
1858
7227
9960
9434
5586
5501
944
2191
2820
8667
6098
9759
5523
5524
7690
6068
97
10246
3924
5191
8732
2381
8075
4395
8050
5425
1528
9951
2772
3368
6362
5638
558
8995
2483
3540
2501
5198
7324
7378
489
3945
7737
8206
10333
3510
9703
8664
1132
8717
5150
4133
3208
1154
1552
1894
9024
6916
3185
7279
2340
5458
155
647
3646
10331
2240
1867
9143
2466
988
6537
4886
3109
5765
1823
1043
7012
656
3499
7016
9911
1155
3698
6497
1377
8896
976
44
5236
3982
8672
10012
7385
4342
8531
5509
2802
6498
7691
3122
8713
6961
10402
3026
3188
8303
6401
113
5637
10568
1561
8488
10456
6249
