1.0354737043380737,0.9550000429153442,1.120311975479126
1.0354737043380737,0.9550000429153442,1.1218119859695435
1.0497549772262573,0.8849999904632568,3.293532133102417
1.0320017337799072,0.9650000333786011,1.264051914215088
1.0306593179702759,0.9600000381469727,1.569822072982788
1.035396933555603,0.9500000476837158,1.1787320375442505
1.036550760269165,0.9500000476837158,1.1880719661712646
1.0303244590759277,0.9600000381469727,1.6362119913101196
1.0370025634765625,0.9500000476837158,1.2250019311904907
1.0427418947219849,0.9300000667572021,1.3913520574569702
1.0463407039642334,0.940000057220459,1.155542016029358
1.0394123792648315,0.9500000476837158,1.317571997642517
1.0394123792648315,0.9500000476837158,1.317571997642517
1.0481170415878296,0.9200000762939453,1.8096020221710205
1.0464096069335938,0.9200000762939453,1.972141981124878
1.1292452812194824,0.6700000166893005,4.2142720222473145
1.028577208518982,0.9550000429153442,1.6098520755767822
1.0279462337493896,0.9700000286102295,1.1040619611740112
1.032732605934143,0.940000057220459,1.5733020305633545
1.024999976158142,0.9750000238418579,1.03849196434021
1.024999976158142,0.9750000238418579,1.0620720386505127
1.024999976158142,0.9750000238418579,1.100572109222412
1.0294445753097534,0.9650000333786011,1.1879820823669434
1.024999976158142,0.9750000238418579,1.154971957206726
1.0262531042099,0.9700000286102295,1.216491937637329
1.052220344543457,0.8399999737739563,2.5067319869995117
1.0468658208847046,0.9350000619888306,1.599892020225525
1.0408705472946167,0.9350000619888306,1.6854920387268066
1.029634952545166,0.9550000429153442,2.1467220783233643
1.0470197200775146,0.9200000762939453,1.8020820617675781
1.0277026891708374,0.9650000333786011,1.0793519020080566
1.035536527633667,0.9500000476837158,1.4203219413757324
1.045827865600586,0.9250000715255737,2.033482074737549
1.089176058769226,0.824999988079071,2.936732053756714
1.046951174736023,0.9300000667572021,1.6009520292282104
1.053391695022583,0.9050000309944153,1.7136820554733276
1.0655486583709717,0.8550000190734863,2.421962022781372
1.0458656549453735,0.9500000476837158,1.2382620573043823
1.0458656549453735,0.9500000476837158,1.2382620573043823
1.058402180671692,0.8299999833106995,2.849921703338623
1.0476363897323608,0.8650000095367432,2.7619221210479736
1.033050298690796,0.9450000524520874,1.50901198387146
1.048240065574646,0.8800000548362732,3.764662027359009
1.0340237617492676,0.9500000476837158,2.061962127685547
1.0412042140960693,0.9450000524520874,1.1860620975494385
1.1213300228118896,0.7099999785423279,4.0472822189331055
1.0392491817474365,0.9500000476837158,1.2041620016098022
1.0283762216567993,0.9650000333786011,1.0746219158172607
1.0279723405838013,0.9600000381469727,1.252272129058838
1.0461277961730957,0.9150000810623169,1.6855220794677734
1.024999976158142,0.9750000238418579,1.1323319673538208
1.0278098583221436,0.9650000333786011,1.2627021074295044
1.065097689628601,0.8450000286102295,2.5781919956207275
1.0447278022766113,0.9350000619888306,1.838141918182373
1.044801115989685,0.9300000667572021,1.8714919090270996
1.0405173301696777,0.9350000619888306,1.4697620868682861
1.0292145013809204,0.9600000381469727,1.152101993560791
1.0267120599746704,0.9700000286102295,1.1254019737243652
1.0396654605865479,0.940000057220459,1.5908719301223755
1.024999976158142,0.9750000238418579,1.0258119106292725
1.0451381206512451,0.9250000715255737,1.8901721239089966
1.0443251132965088,0.9250000715255737,1.8162219524383545
1.0411341190338135,0.9350000619888306,1.2546418905258179
1.029881477355957,0.9650000333786011,1.248952031135559
1.0484622716903687,0.9200000762939453,1.8876720666885376
1.0267326831817627,0.9700000286102295,1.160871982574463
1.0258257389068604,0.9700000286102295,1.1215320825576782
1.0403847694396973,0.9250000715255737,2.188162088394165
1.0312188863754272,0.9500000476837158,1.3985021114349365
1.024999976158142,0.9750000238418579,1.077571988105774
1.024999976158142,0.9750000238418579,1.0331519842147827
1.024999976158142,0.9750000238418579,1.132262110710144
1.042006492614746,0.9350000619888306,1.2902719974517822
1.0496256351470947,0.9300000667572021,1.756182074546814
1.0265339612960815,0.9650000333786011,1.1134220361709595
1.0268950462341309,0.9650000333786011,1.2263718843460083
1.03678297996521,0.9200000762939453,1.9036719799041748
1.0365225076675415,0.940000057220459,1.359462022781372
1.0269733667373657,0.9700000286102295,1.1189320087432861
1.0288136005401611,0.9650000333786011,1.2112120389938354
1.045861840248108,0.9500000476837158,1.1981620788574219
1.024999976158142,0.9750000238418579,1.147231936454773
1.027871012687683,0.9650000333786011,1.2030420303344727
1.024999976158142,0.9750000238418579,1.2444119453430176
1.0406543016433716,0.9200000762939453,2.0517919063568115
1.054362416267395,0.8750001192092896,2.6145923137664795
1.024999976158142,0.9750000238418579,1.1269818544387817
1.0385432243347168,0.9500000476837158,1.248971939086914
1.024999976158142,0.9750000238418579,1.147942066192627
1.024999976158142,0.9750000238418579,1.0575721263885498
1.037385106086731,0.9550000429153442,1.3331520557403564
1.03242027759552,0.9600000381469727,1.4142320156097412
1.024999976158142,0.9750000238418579,1.0836620330810547
1.024999976158142,0.9750000238418579,1.0404220819473267
1.0394068956375122,0.9500000476837158,1.3699719905853271
1.0373878479003906,0.9550000429153442,1.2201619148254395
1.024999976158142,0.9750000238418579,1.0658520460128784
1.0269159078598022,0.9600000381469727,1.2001620531082153
1.043372392654419,0.940000057220459,1.243481993675232
1.024999976158142,0.9750000238418579,1.044961929321289
1.0450303554534912,0.9200000762939453,1.2828220129013062
1.0439857244491577,0.9350000619888306,1.258072018623352
1.0524365901947021,0.9150000810623169,1.2823818922042847
1.0478918552398682,0.8900001049041748,2.169692039489746
1.0392498970031738,0.9500000476837158,1.1562420129776
1.042057991027832,0.9000000357627869,2.6570422649383545
1.0521234273910522,0.8700001239776611,2.8041422367095947
1.070067286491394,0.8750001192092896,2.7322418689727783
1.0359646081924438,0.9550000429153442,1.2661620378494263
1.031976580619812,0.9450000524520874,1.5799319744110107
1.0266363620758057,0.9650000333786011,1.2408920526504517
1.0295226573944092,0.9700000286102295,1.0650420188903809
1.0306168794631958,0.9500000476837158,1.3805819749832153
1.0348200798034668,0.940000057220459,1.253972053527832
1.029350996017456,0.9600000381469727,1.14765202999115
1.0274745225906372,0.9650000333786011,1.1454119682312012
1.0363833904266357,0.9450000524520874,1.4872320890426636
1.0659221410751343,0.9200000762939453,1.3020119667053223
1.0662322044372559,0.9200000762939453,1.3020119667053223
1.024999976158142,0.9750000238418579,1.065261960029602
1.0355380773544312,0.9500000476837158,1.6509920358657837
1.0413035154342651,0.9200000762939453,1.5765520334243774
1.0525566339492798,0.9050000309944153,1.5543919801712036
1.0313704013824463,0.9600000381469727,1.251531958580017
1.0671629905700684,0.8550000190734863,1.8507620096206665
1.0441426038742065,0.9250000715255737,1.6237419843673706
1.0258005857467651,0.9700000286102295,1.2503020763397217
1.0588921308517456,0.9200000762939453,2.293421983718872
1.063361644744873,0.9100000858306885,2.374281883239746
1.024999976158142,0.9750000238418579,1.1277819871902466
1.0296880006790161,0.9600000381469727,1.1570720672607422
1.0504467487335205,0.9200000762939453,1.933982014656067
1.0445622205734253,0.9300000667572021,1.9776620864868164
1.0732142925262451,0.8500000834465027,2.299082040786743
1.038277268409729,0.9350000619888306,1.2410118579864502
1.040381908416748,0.9350000619888306,1.574552059173584
1.0600948333740234,0.8800000548362732,2.2210419178009033
1.0321677923202515,0.9550000429153442,1.435772180557251
1.044253945350647,0.9150000810623169,1.7727720737457275
1.0686873197555542,0.9250000715255737,1.2802320718765259
1.0682989358901978,0.9250000715255737,1.2802320718765259
1.024999976158142,0.9750000238418579,1.1180521249771118
1.0308470726013184,0.9500000476837158,1.6946519613265991
1.0285649299621582,0.9650000333786011,1.189761996269226
1.0537147521972656,0.9100000858306885,1.553961992263794
1.0357450246810913,0.9300000667572021,2.0201621055603027
1.0361309051513672,0.9350000619888306,2.022411823272705
1.0313071012496948,0.9650000333786011,1.1296420097351074
1.0374386310577393,0.9100000858306885,1.968622088432312
1.0269081592559814,0.9650000333786011,1.3330720663070679
1.041205883026123,0.9500000476837158,1.3499219417572021
1.028460144996643,0.9550000429153442,2.1640219688415527
1.024999976158142,0.9750000238418579,1.0716419219970703
1.024999976158142,0.9750000238418579,1.1964019536972046
1.0449016094207764,0.9350000619888306,1.6246720552444458
1.0309033393859863,0.9600000381469727,1.4141820669174194
1.0328867435455322,0.9650000333786011,1.170881986618042
1.0261309146881104,0.9700000286102295,1.1932319402694702
1.0501147508621216,0.9300000667572021,1.5145820379257202
1.0521023273468018,0.9250000715255737,1.4703519344329834
1.0629383325576782,0.9100000858306885,1.611072063446045
1.066421389579773,0.8950001001358032,1.8356621265411377
1.0536198616027832,0.9250000715255737,1.419592022895813
1.0441323518753052,0.940000057220459,1.3879419565200806
1.0423270463943481,0.940000057220459,1.5032320022583008
1.0645439624786377,0.8950001001358032,1.8360220193862915
1.0598793029785156,0.9050000309944153,2.1589419841766357
1.0625544786453247,0.9000000953674316,1.9798120260238647
1.0317528247833252,0.9500000476837158,1.3094220161437988
1.0471256971359253,0.9150000810623169,1.7382620573043823
1.0273786783218384,0.9650000333786011,1.2505320310592651
1.024999976158142,0.9750000238418579,1.099992036819458
1.0266697406768799,0.9700000286102295,1.2219220399856567
1.0298489332199097,0.9650000333786011,1.1449720859527588
1.031793475151062,0.9600000381469727,1.2779120206832886
1.0527820587158203,0.9100000858306885,1.4041720628738403
1.0387989282608032,0.9450000524520874,1.2972921133041382
1.0578958988189697,0.9150000810623169,1.3201420307159424
1.062530279159546,0.9000000953674316,1.3571820259094238
1.024999976158142,0.9750000238418579,1.0601019859313965
1.0346505641937256,0.9500000476837158,1.7881920337677002
1.024999976158142,0.9750000238418579,1.0538220405578613
1.028071403503418,0.9600000381469727,1.3388020992279053
1.0359936952590942,0.9450000524520874,1.364251971244812
1.0399019718170166,0.940000057220459,1.6798720359802246
1.0432652235031128,0.9150000810623169,1.8554620742797852
1.036287784576416,0.9550000429153442,1.313161849975586
1.0309044122695923,0.9600000381469727,1.5965819358825684
1.042599081993103,0.9300000667572021,1.3357419967651367
1.0476588010787964,0.9150000810623169,1.9436520338058472
1.025849461555481,0.9650000333786011,1.1811519861221313
1.0586544275283813,0.8750000596046448,2.690891981124878
1.0288760662078857,0.9650000333786011,1.2769320011138916
1.0473825931549072,0.8950001001358032,2.483262062072754
1.0270150899887085,0.9700000286102295,1.2348419427871704
1.024999976158142,0.9750000238418579,1.1094518899917603
1.057252287864685,0.8899999856948853,2.5971519947052
1.0314844846725464,0.9600000381469727,1.1663419008255005
1.056990385055542,0.9300000667572021,1.5329519510269165
1.0575932264328003,0.9250000715255737,1.5305719375610352
1.0535311698913574,0.9300000667572021,1.5744320154190063
1.0388460159301758,0.9200000762939453,1.5546120405197144
1.0517809391021729,0.9000000953674316,1.9139420986175537
1.064178705215454,0.8850001096725464,1.876542091369629
1.0312188863754272,0.9550000429153442,1.2014820575714111
1.0272271633148193,0.9700000286102295,1.240522027015686
1.029183030128479,0.9600000381469727,1.495741844177246
1.0264633893966675,0.9700000286102295,1.0946121215820312
1.024999976158142,0.9750000238418579,1.0426620244979858
1.0781744718551636,0.8600000739097595,3.44051194190979
1.0552563667297363,0.9250000715255737,2.5209221839904785
1.0296224355697632,0.9650000333786011,1.1256320476531982
1.0514304637908936,0.9200000762939453,1.5410720109939575
1.037211537361145,0.9500000476837158,1.1551920175552368
1.031561255455017,0.9550000429153442,1.5548021793365479
1.0768851041793823,0.8550000190734863,1.74658203125
1.0315743684768677,0.9550000429153442,1.5289020538330078
1.030058741569519,0.9550000429153442,1.3115520477294922
1.0461647510528564,0.9150000810623169,1.5817819833755493
1.0284191370010376,0.9650000333786011,1.564121961593628
1.0315532684326172,0.9500000476837158,1.766752004623413
1.028843879699707,0.9600000381469727,1.3191219568252563
1.0370899438858032,0.9550000429153442,1.172111988067627
1.040262222290039,0.9350000619888306,1.6703920364379883
1.0533305406570435,0.9000000953674316,2.0066020488739014
1.0318443775177002,0.9450000524520874,1.2460119724273682
1.0361064672470093,0.9350000619888306,1.6741321086883545
1.0302261114120483,0.9650000333786011,1.1114619970321655
1.0346368551254272,0.9500000476837158,1.1113320589065552
1.0387356281280518,0.9300000667572021,1.3139020204544067
1.0326155424118042,0.9500000476837158,1.5198018550872803
1.024999976158142,0.9750000238418579,1.084752082824707
1.0509073734283447,0.9300000667572021,1.6009019613265991
1.0461450815200806,0.9300000667572021,1.5441218614578247
1.0398753881454468,0.940000057220459,1.6442519426345825
1.0364656448364258,0.940000057220459,1.5714319944381714
1.044198751449585,0.9100000858306885,2.7920119762420654
1.0287665128707886,0.9650000333786011,1.1284120082855225
1.0387141704559326,0.9450000524520874,1.2959020137786865
1.0476980209350586,0.9200000762939453,1.5500320196151733
1.043136715888977,0.9350000619888306,1.8675321340560913
1.0329937934875488,0.9550000429153442,1.3306320905685425
1.0311217308044434,0.9600000381469727,1.3932420015335083
1.0317752361297607,0.9600000381469727,1.543761968612671
1.0304977893829346,0.9650000333786011,1.1701020002365112
1.0254641771316528,0.9700000286102295,1.0738319158554077
1.050199031829834,0.9300000667572021,1.4988919496536255
1.056926965713501,0.9000000953674316,1.6720420122146606
1.0382976531982422,0.940000057220459,1.1857420206069946
1.0362693071365356,0.9450000524520874,1.3373719453811646
1.0275870561599731,0.9550000429153442,1.2254719734191895
1.0349329710006714,0.9550000429153442,1.089061975479126
1.0573406219482422,0.8700000643730164,2.5826618671417236
1.0295391082763672,0.9600000381469727,1.217871904373169
1.040635347366333,0.9300000667572021,1.2388819456100464
1.0403118133544922,0.940000057220459,1.5097219944000244
1.0402413606643677,0.925000011920929,2.0575218200683594
1.0459458827972412,0.9500000476837158,1.1627719402313232
1.0507988929748535,0.9200000762939453,1.4584120512008667
1.0264782905578613,0.9700000286102295,1.078152060508728
1.0422271490097046,0.9350000619888306,1.516752004623413
1.0332469940185547,0.9550000429153442,1.2955518960952759
1.024999976158142,0.9750000238418579,1.2223820686340332
1.0494831800460815,0.9300000667572021,1.7012720108032227
1.0427806377410889,0.9200000762939453,1.7510119676589966
1.0411784648895264,0.9550000429153442,1.2918120622634888
1.0287688970565796,0.9700000286102295,1.0956419706344604
1.029881238937378,0.9650000333786011,1.126531958580017
1.024999976158142,0.9750000238418579,1.1059820652008057
1.0440155267715454,0.940000057220459,1.1751220226287842
1.0284572839736938,0.9600000381469727,1.4549120664596558
1.0547380447387695,0.9050000309944153,2.1027321815490723
1.037892460823059,0.9500000476837158,1.1897720098495483
1.0662758350372314,0.8449999690055847,2.5846121311187744
1.0320464372634888,0.9600000381469727,1.1518620252609253
1.024999976158142,0.9750000238418579,1.0387719869613647
1.0271350145339966,0.9700000286102295,1.1572020053863525
1.0284147262573242,0.9650000333786011,1.0869921445846558
1.0391771793365479,0.9150000810623169,2.176762104034424
1.066391110420227,0.8400000333786011,2.7403321266174316
1.027097463607788,0.9650000333786011,1.4284920692443848
1.0273807048797607,0.9650000333786011,1.3150420188903809
1.0276817083358765,0.9600000381469727,1.3043620586395264
1.059719443321228,0.8950001001358032,1.601181983947754
1.046893835067749,0.9350000619888306,1.5450719594955444
1.024999976158142,0.9750000238418579,1.1396219730377197
1.024999976158142,0.9750000238418579,1.086982011795044
1.0615055561065674,0.8700000643730164,1.7899620532989502
1.030003309249878,0.9550000429153442,1.1970120668411255
1.0313225984573364,0.9500000476837158,1.329632043838501
1.0434266328811646,0.9300000071525574,1.7577320337295532
1.0522282123565674,0.9200000762939453,2.3443219661712646
1.0596072673797607,0.9000000953674316,2.2015421390533447
1.0635839700698853,0.8800000548362732,2.637701988220215
1.0264291763305664,0.9700000286102295,1.120411992073059
1.035864233970642,0.9450000524520874,1.4250119924545288
1.0278713703155518,0.9550000429153442,1.637152075767517
1.026191234588623,0.9650000333786011,1.1650419235229492
1.0419654846191406,0.9350000619888306,2.028102159500122
1.0717353820800781,0.8349999189376831,3.3109419345855713
1.0575811862945557,0.9000000953674316,1.896332025527954
1.051169514656067,0.8950001001358032,2.053112030029297
1.0273569822311401,0.9700000286102295,1.3436020612716675
1.0376503467559814,0.9500000476837158,1.3484420776367188
1.044680118560791,0.9300000667572021,1.9563120603561401
1.0328505039215088,0.9600000381469727,1.2526320219039917
1.0424230098724365,0.9300000667572021,1.6248821020126343
1.0346062183380127,0.9450000524520874,1.5030919313430786
1.0588502883911133,0.9000000953674316,2.015282154083252
1.041772484779358,0.940000057220459,1.426002025604248
1.048563003540039,0.9250000715255737,1.6373320817947388
1.048619270324707,0.9150000810623169,1.7053120136260986
1.0537735223770142,0.8900001049041748,2.028262138366699
1.0435457229614258,0.9350000619888306,1.611302137374878
1.0384191274642944,0.9500000476837158,1.2458720207214355
1.0459362268447876,0.9300000667572021,2.3981919288635254
1.0199999809265137,0.9750000238418579,1.0853420495986938
1.0541013479232788,0.9000000357627869,2.658452033996582
1.0372711420059204,0.9500000476837158,1.495561957359314
1.025394082069397,0.9700000286102295,1.073322057723999
1.0391123294830322,0.940000057220459,1.668941855430603
1.0308672189712524,0.9550000429153442,1.6841119527816772
1.0343523025512695,0.9600000381469727,1.1858519315719604
1.032485842704773,0.940000057220459,1.6552221775054932
1.0316853523254395,0.9500000476837158,1.2270019054412842
1.0285416841506958,0.9650000333786011,1.4436620473861694
1.0303572416305542,0.9600000381469727,1.2628320455551147
1.0345423221588135,0.940000057220459,2.0035319328308105
1.0299253463745117,0.9650000333786011,1.2459920644760132
1.0467216968536377,0.9450000524520874,1.1844919919967651
1.024999976158142,0.9750000238418579,1.0499918460845947
1.024999976158142,0.9750000238418579,1.133612036705017
1.0283234119415283,0.9650000333786011,1.1277819871902466
1.0691726207733154,0.9250000715255737,1.2802320718765259
1.0271650552749634,0.9700000286102295,1.061181902885437
1.0263335704803467,0.9700000286102295,1.528182029724121
1.0271650552749634,0.9700000286102295,1.1679620742797852
1.0438610315322876,0.925000011920929,2.0479719638824463
1.024999976158142,0.9750000238418579,1.0636919736862183
1.0265971422195435,0.9700000286102295,1.1693320274353027
1.027503252029419,0.9700000286102295,1.3224520683288574
1.024999976158142,0.9750000238418579,1.0361720323562622
1.0281903743743896,0.9650000333786011,1.2628920078277588
1.0381700992584229,0.9500000476837158,1.301961898803711
1.024999976158142,0.9750000238418579,1.1727420091629028
1.0308711528778076,0.9600000381469727,1.2886420488357544
1.036325454711914,0.940000057220459,1.6440719366073608
1.0364327430725098,0.940000057220459,1.386762022972107
1.0474368333816528,0.9100000858306885,1.719931960105896
1.039599895477295,0.9350000619888306,1.2660319805145264
1.0296156406402588,0.9650000333786011,1.1424119472503662
1.0341461896896362,0.9450000524520874,1.7793320417404175
1.04451584815979,0.9300000667572021,1.560952067375183
1.041082501411438,0.940000057220459,1.4330419301986694
1.024999976158142,0.9750000238418579,1.077802062034607
1.0331497192382812,0.9650000333786011,1.1485220193862915
1.024999976158142,0.9750000238418579,1.0473519563674927
1.0630388259887695,0.8800000548362732,2.3400919437408447
1.0261858701705933,0.9700000286102295,1.075861930847168
1.0352140665054321,0.940000057220459,1.1500219106674194
1.0398645401000977,0.940000057220459,1.2183119058609009
1.0340718030929565,0.9500000476837158,1.1152520179748535
1.024999976158142,0.9750000238418579,1.0639019012451172
1.0268256664276123,0.9650000333786011,1.0744819641113281
1.047694206237793,0.9100000858306885,2.8901922702789307
1.024999976158142,0.9750000238418579,1.0515720844268799
1.024999976158142,0.9750000238418579,1.0531319379806519
1.0645803213119507,0.8900001049041748,2.56512188911438
1.047813892364502,0.9500000476837158,1.215142011642456
1.047813892364502,0.9500000476837158,1.215142011642456
1.0496593713760376,0.9150000810623169,1.5067020654678345
1.0379188060760498,0.9450000524520874,1.1637020111083984
1.032111406326294,0.9600000381469727,1.1564321517944336
1.0304604768753052,0.9550000429153442,1.2019319534301758
1.0388998985290527,0.9200000762939453,1.6948919296264648
1.037713646888733,0.9550000429153442,1.3016719818115234
1.024999976158142,0.9750000238418579,1.0576820373535156
1.0429062843322754,0.940000057220459,1.541632056236267
1.0259761810302734,0.9700000286102295,1.1875720024108887
1.042960524559021,0.9350000619888306,1.6855720281600952
1.0371346473693848,0.9450000524520874,1.1729018688201904
1.043080449104309,0.9250000715255737,1.3788520097732544
1.0292742252349854,0.9600000381469727,1.3460519313812256
1.024999976158142,0.9750000238418579,1.2293320894241333
1.0358076095581055,0.9450000524520874,2.1584219932556152
1.0331414937973022,0.940000057220459,1.3560118675231934
1.0269951820373535,0.9700000286102295,1.5336320400238037
1.052744746208191,0.9150000810623169,2.683922052383423
1.0417449474334717,0.9100000858306885,2.263321876525879
1.0347989797592163,0.940000057220459,1.3413119316101074
1.0338358879089355,0.9450000524520874,1.1151819229125977
1.039945125579834,0.9450000524520874,1.4587819576263428
1.0583463907241821,0.9000000357627869,2.0325419902801514
1.036116361618042,0.9450000524520874,1.740231990814209
1.024999976158142,0.9750000238418579,1.0586020946502686
1.0274231433868408,0.9650000333786011,1.1029120683670044
1.0310089588165283,0.9600000381469727,1.1224520206451416
1.0411784648895264,0.9550000429153442,1.2941219806671143
1.0313396453857422,0.9500000476837158,1.5223720073699951
1.0362446308135986,0.940000057220459,1.2709020376205444
1.0425077676773071,0.9350000619888306,1.3768720626831055
1.024999976158142,0.9750000238418579,1.1937220096588135
1.0292675495147705,0.9650000333786011,1.344491958618164
1.024999976158142,0.9750000238418579,1.133031964302063
1.0264906883239746,0.9700000286102295,1.160261869430542
1.024999976158142,0.9750000238418579,1.0505719184875488
1.0355453491210938,0.9600000381469727,1.2381819486618042
1.0493824481964111,0.9250000715255737,1.559522032737732
1.032031536102295,0.9600000381469727,1.0652620792388916
1.024999976158142,0.9750000238418579,1.0348418951034546
1.0263456106185913,0.9700000286102295,1.28383207321167
1.0380460023880005,0.940000057220459,1.3593720197677612
1.024999976158142,0.9750000238418579,1.1421620845794678
1.0406615734100342,0.9450000524520874,1.473912000656128
1.0308042764663696,0.9600000381469727,1.2428619861602783
1.024999976158142,0.9750000238418579,1.0582619905471802
1.059173822402954,0.9250000715255737,1.3036919832229614
1.024999976158142,0.9750000238418579,1.0655720233917236
1.0288726091384888,0.9650000333786011,1.1214619874954224
1.045861840248108,0.9500000476837158,1.1981620788574219
1.0276354551315308,0.9600000381469727,1.1180819272994995
1.024999976158142,0.9750000238418579,1.2402218580245972
1.0398913621902466,0.9450000524520874,1.338912010192871
1.0276157855987549,0.9650000333786011,1.084671974182129
1.0263363122940063,0.9700000286102295,1.0718419551849365
1.033529281616211,0.9500000476837158,1.1633820533752441
1.0390820503234863,0.9500000476837158,1.3309121131896973
1.0543594360351562,0.9100000858306885,1.8889819383621216
1.024999976158142,0.9750000238418579,1.03728187084198
1.0329447984695435,0.9500000476837158,1.4233320951461792
1.0369278192520142,0.9550000429153442,1.416611909866333
1.0277667045593262,0.9450000524520874,1.2290719747543335
1.0342410802841187,0.9500000476837158,1.4796420335769653
1.0374363660812378,0.9450000524520874,1.37460196018219
1.0464502573013306,0.9200000166893005,1.949012041091919
1.0366055965423584,0.940000057220459,2.0238521099090576
1.045457124710083,0.925000011920929,2.3759219646453857
1.0367332696914673,0.9450000524520874,1.1170819997787476
1.0341784954071045,0.9600000381469727,1.0415420532226562
1.0451050996780396,0.9350000619888306,1.9656319618225098
1.03877854347229,0.9500000476837158,1.3107119798660278
1.0296484231948853,0.9650000333786011,1.0848418474197388
1.027267336845398,0.9600000381469727,1.3064720630645752
1.024999976158142,0.9750000238418579,1.0623120069503784
1.024999976158142,0.9750000238418579,1.0679320096969604
1.0314439535140991,0.9650000333786011,1.1268218755722046
1.0366932153701782,0.9500000476837158,1.2841720581054688
1.0272786617279053,0.9700000286102295,1.1175020933151245
1.0307151079177856,0.9650000333786011,1.1976521015167236
1.0295668840408325,0.9600000381469727,1.3010518550872803
1.041127324104309,0.940000057220459,1.6571221351623535
1.0525730848312378,0.9250000715255737,1.6192219257354736
1.0339314937591553,0.9500000476837158,1.3717520236968994
1.024999976158142,0.9750000238418579,1.069071888923645
1.045114278793335,0.9350000619888306,1.2311919927597046
1.0262563228607178,0.9700000286102295,1.1085721254348755
1.0423988103866577,0.9450000524520874,1.183582067489624
1.0472028255462646,0.9450000524520874,1.1844919919967651
1.024999976158142,0.9750000238418579,1.0906020402908325
1.042976975440979,0.9450000524520874,1.1388920545578003
1.0441181659698486,0.940000057220459,1.2794620990753174
1.0412269830703735,0.940000057220459,1.589042067527771
1.0282392501831055,0.9550000429153442,1.1936920881271362
1.0380712747573853,0.9550000429153442,1.2259819507598877
1.0278804302215576,0.9650000333786011,1.131492018699646
1.0272380113601685,0.9600000381469727,1.1007319688796997
1.0278867483139038,0.9700000286102295,1.1608220338821411
1.0268898010253906,0.9700000286102295,1.0555719137191772
1.0271214246749878,0.9650000333786011,1.1370320320129395
1.0366262197494507,0.940000057220459,1.3718820810317993
1.0285354852676392,0.9700000286102295,1.0650420188903809
1.0459458827972412,0.9500000476837158,1.1627719402313232
1.040353775024414,0.9350000619888306,1.5824120044708252
1.0309314727783203,0.9600000381469727,1.2200020551681519
1.02984619140625,0.9650000333786011,1.2011420726776123
1.0324406623840332,0.9500000476837158,1.3365719318389893
1.024999976158142,0.9750000238418579,1.0921319723129272
1.0353773832321167,0.9550000429153442,1.3982819318771362
1.0269542932510376,0.9700000286102295,1.1175819635391235
1.024999976158142,0.9750000238418579,1.1090619564056396
1.0416895151138306,0.9450000524520874,1.174381971359253
1.0403590202331543,0.9500000476837158,1.099531888961792
1.024999976158142,0.9750000238418579,1.0286020040512085
1.0403590202331543,0.9500000476837158,1.099531888961792
1.0392494201660156,0.940000057220459,1.284622073173523
1.0375932455062866,0.940000057220459,1.7729319334030151
1.024999976158142,0.9750000238418579,1.1123019456863403
1.0269800424575806,0.9650000333786011,1.300942063331604
1.0455776453018188,0.940000057220459,1.3858319520950317
1.0305277109146118,0.9650000333786011,1.0337721109390259
1.0271437168121338,0.9700000286102295,1.0312119722366333
1.0282665491104126,0.9650000333786011,1.1559319496154785
1.024999976158142,0.9750000238418579,1.0690619945526123
1.024999976158142,0.9750000238418579,1.1566319465637207
1.024999976158142,0.9750000238418579,1.0543320178985596
1.024999976158142,0.9750000238418579,1.0368720293045044
1.0490739345550537,0.9350000619888306,1.2636820077896118
1.0254454612731934,0.9700000286102295,1.0469321012496948
1.032596230506897,0.9550000429153442,1.3096420764923096
1.0322563648223877,0.9550000429153442,1.0931720733642578
