9167
2263
478
3959
10299
4759
420
2945
5890
3115
10259
9241
7875
5880
8966
726
4774
2696
4819
197
3491
4
3757
9187
6003
1403
3144
811
7788
4395
20
771
2972
3976
381
2819
1211
6728
1761
328
2097
7572
6334
8138
9500
534
9389
4961
7059
5703
2652
8280
2845
9102
8735
1579
1528
3618
850
3520
7733
5140
3597
4243
978
6890
5809
8911
10598
8606
6307
5820
9917
2781
4613
3113
1030
3361
4720
3130
7571
6462
7251
2867
10025
2649
7330
1607
3483
7880
6515
936
1835
2210
7698
2698
4125
6427
7912
7726
5785
241
5821
621
9025
6598
8115
8755
1318
3139
8308
6044
2697
130
1548
2138
7778
713
9399
6298
10176
9912
6748
9840
1675
7737
7813
4783
3359
9735
3671
5107
25
6760
3290
269
7777
8581
3053
5576
7690
6926
2989
1790
1179
1641
1798
9960
4509
8516
7621
3893
3396
3400
2681
1584
570
519
10014
7161
5923
2637
3982
59
513
6067
551
2399
3003
1135
6032
8931
2477
4934
6059
6657
5907
1466
10292
303
10180
8428
1890
3551
5656
6927
3983
4006
8676
8426
4067
6141
10541
3424
9587
2871
6422
9881
565
1117
1796
6733
1363
3968
6916
6674
82
9346
3570
4283
8502
1258
4052
4655
6670
6052
250
8842
8978
2057
8936
2413
8185
9726
9868
4897
8886
1799
9806
9132
2279
9813
4432
9394
10536
738
1859
3409
1004
6724
6902
6911
3549
6620
4202
3123
6769
5176
2506
500
10245
7211
4780
7262
6871
8525
1148
5586
3504
8868
3944
2218
7555
4127
1783
2591
6346
7416
9632
693
3517
4445
5877
1132
3782
8867
6474
4884
6456
4633
4019
10137
5789
1259
3635
6055
5161
7305
6523
9969
2866
10066
3154
931
2215
488
8828
9782
4566
934
5462
5641
1060
10517
6577
6392
9992
6822
6631
762
9032
1702
6735
7103
1659
10210
9381
10406
3170
2351
7337
7661
6593
3802
6232
5843
4471
454
7112
6001
1015
5317
5337
6501
2834
6404
10173
6605
2051
4978
6687
4786
1918
4718
6872
3808
8201
9160
1068
5446
1806
9289
4564
3775
8823
10447
7593
2293
6953
9772
9958
10381
9072
10254
7741
8025
8377
126
2442
1390
6669
3293
4722
10442
10559
6295
3745
10076
7399
706
5763
9037
6127
9990
8681
5395
6558
9554
2486
5356
5214
9287
6300
1284
1263
7539
12
1756
1409
9871
1938
5602
1380
8675
1175
7459
10430
4829
8855
7792
7289
5664
3232
2108
3678
6641
2186
3899
7407
516
9285
4513
5207
5769
1166
10188
8532
1814
5895
7974
8186
4629
9442
7871
6965
824
10459
8546
1119
4271
48
1996
6556
4800
6116
2847
6821
5882
4401
9014
7776
4885
3168
4993
7114
10628
239
1151
1137
1969
10417
2043
3240
6898
9494
10009
6786
7446
7676
1683
1816
8471
4479
2547
5949
4464
6625
5159
9284
7662
4364
10361
3870
3866
2327
5654
4438
3177
6854
10193
3303
1023
4522
2234
775
9997
6992
1834
951
8177
9130
1356
1581
8628
3774
8321
903
7656
4129
4436
5580
4859
10371
9290
9379
3600
6314
8882
9572
10611
1236
2361
3384
1767
2524
7451
5244
3282
5367
2929
8464
