253
409
73
451
426
281
489
391
500
109
2
315
503
137
305
185
10
368
200
58
274
371
46
443
187
268
490
252
406
29
79
86
331
286
361
447
99
45
74
458
112
300
510
4
485
173
168
175
333
303
444
53
135
514
69
240
132
37
186
166
336
312
178
446
183
354
176
261
523
89
287
164
241
308
306
365
429
338
374
139
460
1
387
154
430
380
377
181
197
19
254
465
285
495
28
225
119
316
194
504
472
445
70
150
373
520
449
130
425
56
357
92
23
198
497
158
81
234
180
417
174
82
216
160
117
195
133
148
153
319
217
385
162
21
414
47
450
49
346
131
156
11
452
100
522
283
295
76
512
236
12
39
302
525
410
212
350
78
399
213
317
462
167
457
332
420
263
51
491
389
115
101
439
363
40
356
272
388
226
205
232
275
126
202
151
159
421
324
326
378
193
228
364
146
405
122
107
428
85
521
111
307
36
138
423
188
348
134
48
453
255
41
147
84
526
484
325
267
298
309
454
215
96
125
313
52
218
220
17
352
9
71
61
13
251
271
493
418
207
113
344
400
508
248
221
292
90
190
299
499
273
362
161
102
22
515
63
448
104
35
50
407
93
256
