1.041171669960022,0.9450000524520874,1.1026582717895508
1.0270800590515137,0.9700000286102295,1.0740644931793213
1.024999976158142,0.9750000238418579,1.1673457622528076
1.0363308191299438,0.9550000429153442,1.0751582384109497
1.024999976158142,0.9750000238418579,1.0334395170211792
1.024999976158142,0.9750000238418579,1.0375021696090698
1.024999976158142,0.9750000238418579,1.0315643548965454
1.0375635623931885,0.9550000429153442,1.2340644598007202
1.0402041673660278,0.9350000619888306,1.7929706573486328
1.024999976158142,0.9750000238418579,1.070783257484436
1.0451146364212036,0.9450000524520874,1.6043769121170044
1.0424572229385376,0.9500000476837158,1.6421895027160645
1.0329207181930542,0.9500000476837158,1.4165644645690918
1.024999976158142,0.9750000238418579,1.0398457050323486
1.024999976158142,0.9750000238418579,1.0317206382751465
1.0422639846801758,0.9500000476837158,1.2256269454956055
1.024999976158142,0.9750000238418579,1.0232832431793213
1.024999976158142,0.9750000238418579,1.0323457717895508
1.024999976158142,0.9750000238418579,1.054064393043518
1.024999976158142,0.9750000238418579,1.0376582145690918
1.024999976158142,0.9750000238418579,1.0356268882751465
1.0271587371826172,0.9700000286102295,1.086408257484436
1.024999976158142,0.9750000238418579,1.0248457193374634
1.024999976158142,0.9750000238418579,1.047345757484436
1.0354321002960205,0.9550000429153442,1.1662518978118896
1.024999976158142,0.9750000238418579,1.0256270170211792
1.0390129089355469,0.9500000476837158,1.067033290863037
1.024999976158142,0.9750000238418579,1.0312520265579224
1.024999976158142,0.9750000238418579,1.0281269550323486
1.0363308191299438,0.9550000429153442,1.0726583003997803
1.024999976158142,0.9750000238418579,1.043283224105835
1.024999976158142,0.9750000238418579,1.012033224105835
