1.0430306196212769,0.9450000524520874,1.0725020170211792
1.0270800590515137,0.9700000286102295,1.074845790863037
1.0199999809265137,0.9800000190734863,1.1689083576202393
1.0363308191299438,0.9550000429153442,1.073127031326294
1.0199999809265137,0.9800000190734863,1.0323456525802612
1.024999976158142,0.9750000238418579,1.040470838546753
1.024999976158142,0.9750000238418579,1.0326581001281738
1.0375635623931885,0.9550000429153442,1.2260956764221191
1.0351324081420898,0.9450000524520874,1.8075019121170044
1.0199999809265137,0.9800000190734863,1.0687519311904907
1.0456477403640747,0.9450000524520874,1.5987519025802612
1.0374572277069092,0.9550000429153442,1.6550019979476929
1.0287507772445679,0.9550000429153442,1.4490644931793213
1.024999976158142,0.9750000238418579,1.0470331907272339
1.0199999809265137,0.9800000190734863,1.0320332050323486
1.0422639846801758,0.9500000476837158,1.2246894836425781
1.024999976158142,0.9750000238418579,1.0240644216537476
1.0199999809265137,0.9800000190734863,1.0292208194732666
1.0199999809265137,0.9800000190734863,1.0520331859588623
1.024999976158142,0.9750000238418579,1.0389081239700317
1.0199999809265137,0.9800000190734863,1.0350018739700317
1.0199999809265137,0.9800000190734863,1.0551581382751465
1.0199999809265137,0.9800000190734863,1.0265644788742065
1.0199999809265137,0.9800000190734863,1.0476582050323486
1.030432105064392,0.9600000381469727,1.1675019264221191
1.0199999809265137,0.9800000190734863,1.0259395837783813
1.0409085750579834,0.9500000476837158,1.0725020170211792
1.024999976158142,0.9750000238418579,1.030470848083496
1.0199999809265137,0.9800000190734863,1.029064416885376
1.0313308238983154,0.9600000381469727,1.0735957622528076
1.024999976158142,0.9750000238418579,1.0426582098007202
1.0199999809265137,0.9800000190734863,1.011095643043518
