664
570
25
590
141
377
382
700
555
741
359
621
998
573
495
1017
46
107
888
763
824
340
721
386
296
471
738
433
407
546
712
807
1001
1004
470
44
833
150
399
214
498
934
258
438
693
301
999
1038
878
93
1077
305
572
197
221
391
156
567
380
512
234
262
119
192
640
316
552
325
497
795
630
13
168
374
207
1054
250
723
777
757
713
683
1070
881
505
778
75
448
510
669
8
682
440
35
648
802
185
550
419
659
187
790
536
1061
743
424
718
362
564
235
48
722
1006
845
681
953
925
991
180
85
979
944
137
487
1066
980
1008
1067
910
160
370
161
134
327
737
436
992
875
948
62
962
2
1042
627
964
951
323
943
877
806
916
655
211
193
839
314
635
212
106
796
733
1037
395
114
167
98
1023
337
747
532
1029
349
656
254
692
174
1000
798
553
725
10
1044
70
115
280
828
311
450
805
371
745
1012
474
791
435
467
772
819
761
291
545
356
1013
255
198
653
127
551
472
803
876
516
90
268
178
717
623
735
78
375
617
674
577
507
183
19
1025
373
259
595
110
91
390
863
188
42
130
304
181
898
857
303
618
749
847
334
969
657
464
531
537
15
245
855
699
808
973
189
312
149
889
153
705
249
0
41
384
813
680
894
614
278
365
449
919
714
504
456
825
77
272
932
292
1057
392
633
122
591
230
815
289
615
199
829
794
1035
1060
540
242
890
479
758
366
1014
1063
1021
696
473
936
24
661
101
379
987
632
711
306
1058
922
381
918
514
484
136
869
654
767
990
159
329
225
321
22
594
129
179
109
270
933
530
840
904
55
865
328
1040
559
676
597
950
26
166
1005
926
523
463
275
698
672
285
1069
526
768
261
607
1068
764
800
266
290
54
18
176
1026
5
560
1064
528
874
39
571
215
121
376
939
1032
196
861
585
1016
508
908
294
719
335
1041
975
726
956
755
827
256
1050
184
709
302
826
67
496
17
851
29
442
385
1010
273
602
486
21
155
947
746
887
315
1048
213
769
677
343
228
856
420
1051
703
601
68
1
940
870
730
867
518
347
915
613
634
587
400
765
977
773
237
139
403
425
86
485
650
844
533
257
902
454
689
346
173
348
412
79
116
685
981
172
611
952
96
624
410
94
565
937
260
900
53
151
579
520
748
1003
976
113
405
222
154
873
293
501
949
38
144
836
23
490
76
959
584
968
236
923
849
911
217
539
169
1065
858
269
983
835
317
87
957
793
393
453
569
984
175
732
355
566
663
418
71
83
960
421
715
97
