208
221
94
364
840
684
324
1004
72
691
528
1039
791
73
226
28
746
572
201
753
272
548
648
679
85
370
696
259
244
204
617
101
379
963
790
356
34
616
872
823
682
772
606
1074
413
348
709
663
274
762
65
969
202
320
557
500
353
1044
892
628
1042
367
747
386
618
313
177
722
521
429
11
818
236
7
554
361
977
612
110
477
71
1048
957
695
898
380
406
67
1007
478
759
297
160
1057
360
990
711
1025
890
779
817
108
247
886
580
588
766
988
574
750
803
941
876
141
249
692
61
428
633
777
281
603
252
279
181
732
215
940
329
563
188
158
661
79
464
933
374
814
915
867
731
623
702
801
462
359
789
1015
468
763
232
972
946
637
339
165
539
451
719
690
822
350
796
511
725
552
519
954
693
687
705
463
337
543
749
513
1041
426
694
439
256
871
742
798
216
644
227
164
245
931
646
903
782
835
5
1001
166
678
286
520
171
1064
497
121
191
268
139
341
302
433
402
306
916
625
251
347
699
735
553
884
250
836
855
120
889
408
127
425
39
174
1005
856
883
906
417
68
659
476
998
620
242
443
544
150
729
148
291
653
1068
755
688
991
315
888
864
124
485
827
483
390
811
161
680
457
407
718
981
708
524
629
510
581
1006
564
273
416
91
674
649
453
909
317
326
881
448
727
613
919
257
45
322
667
128
455
292
664
995
758
962
440
734
748
897
704
198
218
330
813
930
922
220
912
536
589
192
841
887
601
956
925
493
162
243
