1.0354737043380737,0.9550000429153442,1.1208219528198242
1.0354737043380737,0.9550000429153442,1.1217620372772217
1.0496119260787964,0.8849999904632568,3.2872321605682373
1.0320017337799072,0.9650000333786011,1.2663919925689697
1.0306593179702759,0.9600000381469727,1.5692720413208008
1.0355654954910278,0.9500000476837158,1.180172085762024
1.036550760269165,0.9500000476837158,1.1878620386123657
1.0303244590759277,0.9600000381469727,1.635072112083435
1.0355055332183838,0.9500000476837158,1.2254319190979004
1.0415856838226318,0.9300000667572021,1.3918120861053467
1.0463407039642334,0.940000057220459,1.1556520462036133
1.0403797626495361,0.9500000476837158,1.3162319660186768
1.0403797626495361,0.9500000476837158,1.3162319660186768
1.0473248958587646,0.9200000762939453,1.7193819284439087
1.0458364486694336,0.9200000762939453,1.8634719848632812
1.122439980506897,0.6700000166893005,4.20933198928833
1.0304633378982544,0.9550000429153442,1.6186020374298096
1.0279462337493896,0.9700000286102295,1.1040419340133667
1.0334910154342651,0.940000057220459,1.5726420879364014
1.024999976158142,0.9750000238418579,1.0409120321273804
1.024999976158142,0.9750000238418579,1.0623620748519897
1.024999976158142,0.9750000238418579,1.101662039756775
1.0294445753097534,0.9650000333786011,1.1902220249176025
1.024999976158142,0.9750000238418579,1.1546319723129272
1.0262531042099,0.9700000286102295,1.216521978378296
1.0523860454559326,0.8399999737739563,2.5216619968414307
1.0468658208847046,0.9350000619888306,1.6014020442962646
1.039738416671753,0.9350000619888306,1.6879020929336548
1.0295207500457764,0.9550000429153442,2.161712169647217
1.0474363565444946,0.9200000762939453,1.7985420227050781
1.0274324417114258,0.9650000333786011,1.081041932106018
1.034700632095337,0.9500000476837158,1.4201120138168335
1.0432522296905518,0.9250000715255737,2.044422149658203
1.0861936807632446,0.824999988079071,2.9058420658111572
1.0459754467010498,0.9300000667572021,1.601162075996399
1.0524159669876099,0.9050000309944153,1.7138921022415161
1.0681202411651611,0.8550000190734863,2.4144718647003174
1.0444289445877075,0.9500000476837158,1.240312099456787
1.0444289445877075,0.9500000476837158,1.240312099456787
1.0585991144180298,0.8299999833106995,2.8501317501068115
1.0484485626220703,0.8650000095367432,2.749922275543213
1.0332895517349243,0.9450000524520874,1.509652018547058
1.0481135845184326,0.8800000548362732,3.7800419330596924
1.0340237617492676,0.9500000476837158,2.0576419830322266
1.0412955284118652,0.9450000524520874,1.186792016029358
1.108625888824463,0.7099999785423279,4.031552314758301
1.0396389961242676,0.9500000476837158,1.2037020921707153
1.030755639076233,0.9650000333786011,1.0744119882583618
1.0292515754699707,0.9600000381469727,1.2525221109390259
1.0460034608840942,0.9150000810623169,1.6798820495605469
1.024999976158142,0.9750000238418579,1.134902000427246
1.0278098583221436,0.9650000333786011,1.2646620273590088
1.0660216808319092,0.8450000286102295,2.5644421577453613
1.0447278022766113,0.9350000619888306,1.8400119543075562
1.044801115989685,0.9300000667572021,1.8727020025253296
1.0408844947814941,0.9350000619888306,1.4727420806884766
1.0292145013809204,0.9600000381469727,1.1493219137191772
1.0267120599746704,0.9700000286102295,1.1244120597839355
1.0396654605865479,0.940000057220459,1.5877019166946411
1.024999976158142,0.9750000238418579,1.0258818864822388
1.0446666479110718,0.9250000715255737,1.890902042388916
1.0456095933914185,0.9250000715255737,1.8121520280838013
1.0422124862670898,0.9350000619888306,1.2559919357299805
1.029881477355957,0.9650000333786011,1.246201992034912
1.0468345880508423,0.9200000762939453,1.8876121044158936
1.0267326831817627,0.9700000286102295,1.1597319841384888
1.0258257389068604,0.9700000286102295,1.121142029762268
1.0405330657958984,0.9250000715255737,2.1837918758392334
1.0314332246780396,0.9500000476837158,1.4064021110534668
1.024999976158142,0.9750000238418579,1.0774919986724854
1.024999976158142,0.9750000238418579,1.0330919027328491
1.024999976158142,0.9750000238418579,1.1329621076583862
1.0414804220199585,0.9350000619888306,1.2909319400787354
1.0489320755004883,0.9300000667572021,1.7521220445632935
1.027304768562317,0.9650000333786011,1.1123520135879517
1.0268950462341309,0.9650000333786011,1.2286618947982788
1.0362505912780762,0.9200000762939453,1.9123320579528809
1.0388319492340088,0.940000057220459,1.3609120845794678
1.0269733667373657,0.9700000286102295,1.11994206905365
1.0288136005401611,0.9650000333786011,1.2131520509719849
1.0446661710739136,0.9500000476837158,1.19759202003479
1.024999976158142,0.9750000238418579,1.147291898727417
1.027871012687683,0.9650000333786011,1.2029820680618286
1.024999976158142,0.9750000238418579,1.2483819723129272
1.0417922735214233,0.9200000762939453,2.044842004776001
1.0556577444076538,0.8750001192092896,2.6199522018432617
1.024999976158142,0.9750000238418579,1.1268419027328491
1.0385432243347168,0.9500000476837158,1.2495319843292236
1.024999976158142,0.9750000238418579,1.1504219770431519
1.024999976158142,0.9750000238418579,1.0575721263885498
1.0379198789596558,0.9550000429153442,1.3325120210647583
1.03242027759552,0.9600000381469727,1.414612054824829
1.024999976158142,0.9750000238418579,1.0854719877243042
1.024999976158142,0.9750000238418579,1.0405620336532593
1.0438790321350098,0.9500000476837158,1.3690420389175415
1.0418599843978882,0.9550000429153442,1.2192319631576538
1.024999976158142,0.9750000238418579,1.065201997756958
1.0284478664398193,0.9600000381469727,1.198722004890442
1.0429989099502563,0.940000057220459,1.240312099456787
1.024999976158142,0.9750000238418579,1.0449119806289673
1.0445142984390259,0.9200000762939453,1.2824620008468628
1.0430103540420532,0.9350000619888306,1.2560820579528809
1.0495778322219849,0.9150000810623169,1.2819819450378418
1.0481058359146118,0.8900001049041748,2.175302028656006
1.0393412113189697,0.9500000476837158,1.1569719314575195
1.042523741722107,0.9000000357627869,2.6600022315979004
1.0506421327590942,0.8700001239776611,2.82285213470459
1.0646159648895264,0.8750001192092896,2.5794119834899902
1.036311388015747,0.9550000429153442,1.2591420412063599
1.031770944595337,0.9450000524520874,1.5196319818496704
1.0279622077941895,0.9650000333786011,1.2459020614624023
1.0295226573944092,0.9700000286102295,1.065451979637146
1.0319794416427612,0.9500000476837158,1.3816620111465454
1.035213589668274,0.940000057220459,1.2598320245742798
1.029350996017456,0.9600000381469727,1.1456120014190674
1.028099536895752,0.9650000333786011,1.142251968383789
1.0354365110397339,0.9450000524520874,1.500972032546997
1.063678503036499,0.9200000762939453,1.3035619258880615
1.0617483854293823,0.9200000762939453,1.3035619258880615
1.024999976158142,0.9750000238418579,1.0640419721603394
1.0327664613723755,0.9500000476837158,1.6740020513534546
1.0402768850326538,0.9200000762939453,1.573032021522522
1.0531631708145142,0.9050000309944153,1.553402066230774
1.0311951637268066,0.9600000381469727,1.2500720024108887
1.0738909244537354,0.8550000190734863,1.853032112121582
1.0445635318756104,0.9250000715255737,1.6230419874191284
1.0258005857467651,0.9700000286102295,1.2522320747375488
1.0578607320785522,0.9200000762939453,2.2501819133758545
1.0623029470443726,0.9100000858306885,2.3310418128967285
1.024999976158142,0.9750000238418579,1.1273919343948364
1.0279524326324463,0.9600000381469727,1.1573519706726074
1.0504467487335205,0.9200000762939453,1.9354920387268066
1.0445622205734253,0.9300000667572021,1.9768321514129639
1.0700727701187134,0.8500000834465027,2.3085620403289795
1.0374325513839722,0.9350000619888306,1.2411319017410278
1.040381908416748,0.9350000619888306,1.5799720287322998
1.0584092140197754,0.8800000548362732,2.2325119972229004
1.0323454141616821,0.9550000429153442,1.4004021883010864
1.0466670989990234,0.9150000810623169,1.7504620552062988
1.0674151182174683,0.9250000715255737,1.2805620431900024
1.0700445175170898,0.9250000715255737,1.2805620431900024
1.024999976158142,0.9750000238418579,1.1170021295547485
1.0308470726013184,0.9500000476837158,1.7006019353866577
1.0283281803131104,0.9650000333786011,1.1877819299697876
1.0528018474578857,0.9100000858306885,1.5512319803237915
1.0363844633102417,0.9300000667572021,2.031841993331909
1.0360286235809326,0.9350000619888306,2.0449719429016113
1.0296611785888672,0.9650000333786011,1.1284819841384888
1.038022756576538,0.9100000858306885,1.9689420461654663
1.0270106792449951,0.9650000333786011,1.3367420434951782
1.0417406558990479,0.9500000476837158,1.349281907081604
1.0287644863128662,0.9550000429153442,2.1688120365142822
1.024999976158142,0.9750000238418579,1.0716818571090698
1.024999976158142,0.9750000238418579,1.1950620412826538
1.0449016094207764,0.9350000619888306,1.621872067451477
1.0291529893875122,0.9600000381469727,1.411412000656128
1.0325819253921509,0.9650000333786011,1.1730719804763794
1.0261309146881104,0.9700000286102295,1.1927119493484497
1.0501147508621216,0.9300000667572021,1.5143320560455322
1.0521023273468018,0.9250000715255737,1.4691619873046875
1.0649670362472534,0.9100000858306885,1.6102420091629028
1.0668739080429077,0.8950001001358032,1.8380720615386963
1.049960732460022,0.9250000715255737,1.4217619895935059
1.0441323518753052,0.940000057220459,1.3869719505310059
1.0429366827011108,0.940000057220459,1.505162000656128
1.0638189315795898,0.8950001001358032,1.8404220342636108
1.0625901222229004,0.9050000309944153,2.159451961517334
1.0621517896652222,0.9000000953674316,1.9792019128799438
1.0311189889907837,0.9500000476837158,1.293012022972107
1.0478870868682861,0.9150000810623169,1.7561919689178467
1.0273786783218384,0.9650000333786011,1.249392032623291
1.024999976158142,0.9750000238418579,1.1010019779205322
1.0266697406768799,0.9700000286102295,1.2216119766235352
1.0298489332199097,0.9650000333786011,1.1526820659637451
1.031793475151062,0.9600000381469727,1.281082034111023
1.0522483587265015,0.9100000858306885,1.4062420129776
1.0387989282608032,0.9450000524520874,1.2988721132278442
1.059277892112732,0.9150000810623169,1.321202039718628
1.0660666227340698,0.9000000953674316,1.3554420471191406
1.024999976158142,0.9750000238418579,1.05964195728302
1.0346505641937256,0.9500000476837158,1.7881320714950562
1.024999976158142,0.9750000238418579,1.05390202999115
1.0282995700836182,0.9600000381469727,1.3460520505905151
1.0359936952590942,0.9450000524520874,1.3640819787979126
1.0409560203552246,0.940000057220459,1.676862120628357
1.0432331562042236,0.9150000810623169,1.845062017440796
1.036287784576416,0.9550000429153442,1.316131830215454
1.0309044122695923,0.9600000381469727,1.596511960029602
1.0427380800247192,0.9300000667572021,1.3341319561004639
1.0459084510803223,0.9150000810623169,1.940122127532959
1.0258606672286987,0.9650000333786011,1.1608220338821411
1.0596294403076172,0.8750000596046448,2.6942317485809326
1.0288760662078857,0.9650000333786011,1.278891921043396
1.0473588705062866,0.8950001001358032,2.475922107696533
1.0270150899887085,0.9700000286102295,1.2349419593811035
1.024999976158142,0.9750000238418579,1.1104719638824463
1.06171452999115,0.8899999856948853,2.5933821201324463
1.0311813354492188,0.9600000381469727,1.1665719747543335
1.056681752204895,0.9300000667572021,1.5315619707107544
1.056801438331604,0.9250000715255737,1.5268819332122803
1.0535311698913574,0.9300000667572021,1.5736321210861206
1.040596842765808,0.9200000762939453,1.54790198802948
1.0536900758743286,0.9000000953674316,1.908332109451294
1.0635713338851929,0.8850001096725464,1.8801820278167725
1.0315492153167725,0.9550000429153442,1.1980620622634888
1.0272271633148193,0.9700000286102295,1.239881992340088
1.029183030128479,0.9600000381469727,1.4938418865203857
1.021463394165039,0.9700000286102295,1.0947120189666748
1.024999976158142,0.9750000238418579,1.0429021120071411
1.0773674249649048,0.8600000739097595,3.488922119140625
1.0542125701904297,0.9250000715255737,2.54773211479187
1.0296224355697632,0.9650000333786011,1.1254820823669434
1.051207184791565,0.9200000762939453,1.5387619733810425
1.0385935306549072,0.9500000476837158,1.154792070388794
1.031561255455017,0.9550000429153442,1.5576021671295166
1.07650887966156,0.8550000190734863,1.7479619979858398
1.0315743684768677,0.9550000429153442,1.52891206741333
1.0298829078674316,0.9550000429153442,1.3040419816970825
1.0461647510528564,0.9150000810623169,1.583172082901001
1.0284191370010376,0.9650000333786011,1.5628119707107544
1.0316574573516846,0.9500000476837158,1.772271990776062
1.0286628007888794,0.9600000381469727,1.3212920427322388
1.0370899438858032,0.9550000429153442,1.1717720031738281
1.0392528772354126,0.9350000619888306,1.6697319746017456
1.0552432537078857,0.9000000953674316,1.994752049446106
1.0388855934143066,0.9450000524520874,1.2467820644378662
1.0371605157852173,0.9350000619888306,1.6707221269607544
1.0302261114120483,0.9650000333786011,1.1127820014953613
1.0339381694793701,0.9500000476837158,1.113901972770691
1.038318395614624,0.9300000667572021,1.3143819570541382
1.0326155424118042,0.9500000476837158,1.5194718837738037
1.024999976158142,0.9750000238418579,1.0850120782852173
1.0509073734283447,0.9300000667572021,1.6020718812942505
1.0463916063308716,0.9300000667572021,1.5314018726348877
1.040756344795227,0.940000057220459,1.6560319662094116
1.0364331007003784,0.940000057220459,1.5669419765472412
1.0447043180465698,0.9100000858306885,2.795042037963867
1.0311444997787476,0.9650000333786011,1.1283320188522339
1.0383833646774292,0.9450000524520874,1.2966920137405396
1.0483877658843994,0.9200000762939453,1.541491985321045
1.0434762239456177,0.9350000619888306,1.8810621500015259
1.03246009349823,0.9550000429153442,1.332982063293457
1.0301388502120972,0.9600000381469727,1.3951020240783691
1.0321396589279175,0.9600000381469727,1.5421819686889648
1.0304977893829346,0.9650000333786011,1.1698620319366455
1.0271213054656982,0.9700000286102295,1.0681519508361816
1.050199031829834,0.9300000667572021,1.498971939086914
1.0567036867141724,0.9000000953674316,1.6697319746017456
1.0384963750839233,0.940000057220459,1.1855319738388062
1.0364875793457031,0.9450000524520874,1.3353519439697266
1.0274622440338135,0.9550000429153442,1.2268118858337402
1.0349329710006714,0.9550000429153442,1.088771939277649
1.0562448501586914,0.8700000643730164,2.5834319591522217
1.030657172203064,0.9600000381469727,1.2188218832015991
1.0406980514526367,0.9300000667572021,1.232092022895813
1.0419689416885376,0.940000057220459,1.5102620124816895
1.041332483291626,0.925000011920929,2.053462028503418
1.044773817062378,0.9500000476837158,1.1626319885253906
1.0505475997924805,0.9200000762939453,1.4597920179367065
1.025567889213562,0.9700000286102295,1.0810620784759521
1.0429188013076782,0.9350000619888306,1.516502022743225
1.0332469940185547,0.9550000429153442,1.295271873474121
1.024999976158142,0.9750000238418579,1.2208521366119385
1.0494831800460815,0.9300000667572021,1.7048720121383667
1.042825698852539,0.9200000762939453,1.7515019178390503
1.042651653289795,0.9550000429153442,1.2937320470809937
1.0287688970565796,0.9700000286102295,1.0940419435501099
1.029881238937378,0.9650000333786011,1.1272119283676147
1.024999976158142,0.9750000238418579,1.1054420471191406
1.0413755178451538,0.940000057220459,1.1746219396591187
1.0284695625305176,0.9600000381469727,1.4537420272827148
1.0541985034942627,0.9050000309944153,2.0982019901275635
1.037892460823059,0.9500000476837158,1.1894819736480713
1.0653654336929321,0.8449999690055847,2.5823819637298584
1.0320464372634888,0.9600000381469727,1.1518419981002808
1.024999976158142,0.9750000238418579,1.0387020111083984
1.0271350145339966,0.9700000286102295,1.1552319526672363
1.0278292894363403,0.9650000333786011,1.079922080039978
1.0391771793365479,0.9150000810623169,2.174492120742798
1.0693252086639404,0.8400000333786011,2.7284719944000244
1.027097463607788,0.9650000333786011,1.4275420904159546
1.0273807048797607,0.9650000333786011,1.3149319887161255
1.0288684368133545,0.9600000381469727,1.301542043685913
1.0608638525009155,0.8950001001358032,1.5926120281219482
1.0469762086868286,0.9350000619888306,1.5533419847488403
1.024999976158142,0.9750000238418579,1.1411919593811035
1.024999976158142,0.9750000238418579,1.0868120193481445
1.0611292123794556,0.8700000643730164,1.7845419645309448
1.0291587114334106,0.9550000429153442,1.1956721544265747
1.0306917428970337,0.9500000476837158,1.2855119705200195
1.0432523488998413,0.9300000071525574,1.7603720426559448
1.0532907247543335,0.9200000762939453,2.3527820110321045
1.0610971450805664,0.9000000953674316,2.205782175064087
1.062577724456787,0.8800000548362732,2.649412155151367
1.0264291763305664,0.9700000286102295,1.1195720434188843
1.0354290008544922,0.9450000524520874,1.4216220378875732
1.0279781818389893,0.9550000429153442,1.6430621147155762
1.0271590948104858,0.9650000333786011,1.1640119552612305
1.0369654893875122,0.9350000619888306,2.03068208694458
1.071182131767273,0.8349999189376831,3.358301877975464
1.0600073337554932,0.9000000953674316,1.903812050819397
1.0517334938049316,0.8950001001358032,2.0655620098114014
1.0273569822311401,0.9700000286102295,1.3400920629501343
1.033993124961853,0.9500000476837158,1.3483320474624634
1.044680118560791,0.9300000667572021,1.9548020362854004
1.0328505039215088,0.9600000381469727,1.2552520036697388
1.0416135787963867,0.9300000667572021,1.627332091331482
1.0345778465270996,0.9450000524520874,1.4966219663619995
1.0596686601638794,0.9000000953674316,2.018292188644409
1.0422439575195312,0.940000057220459,1.4246920347213745
1.0486912727355957,0.9250000715255737,1.6403419971466064
1.048720121383667,0.9150000810623169,1.7125120162963867
1.0542932748794556,0.8900001049041748,2.025052070617676
1.0421767234802246,0.9350000619888306,1.618062138557434
1.0376875400543213,0.9500000476837158,1.2454720735549927
1.0450031757354736,0.9300000667572021,2.3948819637298584
1.024999976158142,0.9750000238418579,1.084902048110962
1.0530081987380981,0.9000000357627869,2.6597819328308105
1.037717342376709,0.9500000476837158,1.4943418502807617
1.0277734994888306,0.9700000286102295,1.0732320547103882
1.0426959991455078,0.940000057220459,1.6562318801879883
1.0308672189712524,0.9550000429153442,1.689411997795105
1.0343523025512695,0.9600000381469727,1.1857519149780273
1.0313117504119873,0.940000057220459,1.6530321836471558
1.0332411527633667,0.9500000476837158,1.217871904373169
1.0285416841506958,0.9650000333786011,1.4437620639801025
1.0303572416305542,0.9600000381469727,1.263282060623169
1.0337064266204834,0.940000057220459,1.9984620809555054
1.0299253463745117,0.9650000333786011,1.2471121549606323
1.0446021556854248,0.9450000524520874,1.182662010192871
1.024999976158142,0.9750000238418579,1.0486419200897217
1.0199999809265137,0.9750000238418579,1.1340420246124268
1.0283234119415283,0.9650000333786011,1.1274420022964478
1.066657543182373,0.9250000715255737,1.2805620431900024
1.0282659530639648,0.9700000286102295,1.0587519407272339
1.0263335704803467,0.9700000286102295,1.52658212184906
1.0282659530639648,0.9700000286102295,1.168992042541504
1.0447237491607666,0.925000011920929,2.0489821434020996
1.024999976158142,0.9750000238418579,1.0612720251083374
1.0265971422195435,0.9700000286102295,1.1691820621490479
1.027503252029419,0.9700000286102295,1.3224620819091797
1.024999976158142,0.9750000238418579,1.036571979522705
1.0281903743743896,0.9650000333786011,1.2627320289611816
1.0377484560012817,0.9500000476837158,1.3013219833374023
1.024999976158142,0.9750000238418579,1.1726819276809692
1.0308711528778076,0.9600000381469727,1.287701964378357
1.0361440181732178,0.940000057220459,1.6467219591140747
1.0362776517868042,0.940000057220459,1.3632720708847046
1.0469446182250977,0.9100000858306885,1.7177120447158813
1.0415486097335815,0.9350000619888306,1.267151951789856
1.0299828052520752,0.9650000333786011,1.1377719640731812
1.0341461896896362,0.9450000524520874,1.776271939277649
1.04451584815979,0.9300000667572021,1.562872052192688
1.041619062423706,0.940000057220459,1.4287118911743164
1.0199999809265137,0.9750000238418579,1.0782819986343384
1.0331497192382812,0.9650000333786011,1.1482120752334595
1.024999976158142,0.9750000238418579,1.0508220195770264
1.0616984367370605,0.8800000548362732,2.328562021255493
1.0266770124435425,0.9700000286102295,1.0741620063781738
1.0344816446304321,0.940000057220459,1.1469919681549072
1.0387521982192993,0.940000057220459,1.2200918197631836
1.0327354669570923,0.9500000476837158,1.116942048072815
1.024999976158142,0.9750000238418579,1.0625919103622437
1.0263491868972778,0.9650000333786011,1.0729119777679443
1.0476757287979126,0.9100000858306885,2.912522077560425
1.024999976158142,0.9750000238418579,1.0518420934677124
1.024999976158142,0.9750000238418579,1.0528819561004639
1.058237910270691,0.8900001049041748,2.4430418014526367
1.047175645828247,0.9500000476837158,1.212231993675232
1.047175645828247,0.9500000476837158,1.212231993675232
1.0496593713760376,0.9150000810623169,1.5061620473861694
1.0394618511199951,0.9450000524520874,1.1624820232391357
1.032111406326294,0.9600000381469727,1.155772089958191
1.0304065942764282,0.9550000429153442,1.2108720541000366
1.037421464920044,0.9200000762939453,1.692051887512207
1.0359294414520264,0.9550000429153442,1.3025919198989868
1.024999976158142,0.9750000238418579,1.0581220388412476
1.0417879819869995,0.940000057220459,1.5433820486068726
1.0259761810302734,0.9700000286102295,1.1875120401382446
1.0411521196365356,0.9350000619888306,1.6888020038604736
1.03867769241333,0.9450000524520874,1.1711219549179077
1.0488965511322021,0.9250000715255737,1.377261996269226
1.0292742252349854,0.9600000381469727,1.345062017440796
1.024999976158142,0.9750000238418579,1.2326420545578003
1.034382700920105,0.9450000524520874,2.1768720149993896
1.03388512134552,0.940000057220459,1.3476918935775757
1.0269951820373535,0.9700000286102295,1.5336120128631592
1.0515278577804565,0.9150000810623169,2.711251974105835
1.041690468788147,0.9100000858306885,2.268172025680542
1.0365339517593384,0.940000057220459,1.346161961555481
1.0384377241134644,0.9450000524520874,1.1247719526290894
1.039945125579834,0.9450000524520874,1.4554120302200317
1.0611578226089478,0.9000000357627869,2.0375120639801025
1.0360842943191528,0.9450000524520874,1.7280120849609375
1.024999976158142,0.9750000238418579,1.0586820840835571
1.0283267498016357,0.9650000333786011,1.106242060661316
1.030724287033081,0.9600000381469727,1.1240220069885254
1.042651653289795,0.9550000429153442,1.2960419654846191
1.0315861701965332,0.9500000476837158,1.5111520290374756
1.038408875465393,0.940000057220459,1.2713019847869873
1.0425077676773071,0.9350000619888306,1.3769620656967163
1.024999976158142,0.9750000238418579,1.1997920274734497
1.0292675495147705,0.9650000333786011,1.3444520235061646
1.024999976158142,0.9750000238418579,1.1329619884490967
1.0264906883239746,0.9700000286102295,1.1608718633651733
1.024999976158142,0.9750000238418579,1.050441861152649
1.0355453491210938,0.9600000381469727,1.2420519590377808
1.0502489805221558,0.9250000715255737,1.5630120038986206
1.0328458547592163,0.9600000381469727,1.068302035331726
1.024999976158142,0.9750000238418579,1.0351518392562866
1.0263456106185913,0.9700000286102295,1.2830820083618164
1.0367783308029175,0.940000057220459,1.3608119487762451
1.024999976158142,0.9750000238418579,1.1404221057891846
1.040487289428711,0.9450000524520874,1.4758319854736328
1.0308042764663696,0.9600000381469727,1.245911955833435
1.024999976158142,0.9750000238418579,1.0582019090652466
1.0579721927642822,0.9250000715255737,1.3069519996643066
1.024999976158142,0.9750000238418579,1.0662320852279663
1.0282829999923706,0.9650000333786011,1.118391990661621
1.0446661710739136,0.9500000476837158,1.19759202003479
1.0307948589324951,0.9600000381469727,1.131392002105713
1.024999976158142,0.9750000238418579,1.241291880607605
1.0405133962631226,0.9450000524520874,1.3383020162582397
1.0281895399093628,0.9650000333786011,1.0840519666671753
1.0266666412353516,0.9700000286102295,1.0715219974517822
1.03341543674469,0.9500000476837158,1.1651921272277832
1.0390820503234863,0.9500000476837158,1.3324320316314697
1.0543594360351562,0.9100000858306885,1.888361930847168
1.024999976158142,0.9750000238418579,1.036881923675537
1.0336964130401611,0.9500000476837158,1.4289120435714722
1.0369278192520142,0.9550000429153442,1.4179219007492065
1.0304580926895142,0.9450000524520874,1.233172059059143
1.034610629081726,0.9500000476837158,1.489772081375122
1.0374363660812378,0.9450000524520874,1.3736319541931152
1.0463247299194336,0.9200000166893005,1.9518320560455322
1.0380405187606812,0.940000057220459,2.029452085494995
1.0452818870544434,0.925000011920929,2.373661994934082
1.0354046821594238,0.9450000524520874,1.1187820434570312
1.0341784954071045,0.9600000381469727,1.0415420532226562
1.0432097911834717,0.9350000619888306,1.9596619606018066
1.038853406906128,0.9500000476837158,1.300462007522583
1.030019760131836,0.9650000333786011,1.0907719135284424
1.027267336845398,0.9600000381469727,1.3086121082305908
1.024999976158142,0.9750000238418579,1.0615620613098145
1.024999976158142,0.9750000238418579,1.0670119524002075
1.0314439535140991,0.9650000333786011,1.1265919208526611
1.0372997522354126,0.9500000476837158,1.2824419736862183
1.0272786617279053,0.9700000286102295,1.1167720556259155
1.0307151079177856,0.9650000333786011,1.1996320486068726
1.0302752256393433,0.9600000381469727,1.3000818490982056
1.0412617921829224,0.940000057220459,1.6545120477676392
1.0497486591339111,0.9250000715255737,1.61519193649292
1.0339314937591553,0.9500000476837158,1.3728920221328735
1.024999976158142,0.9750000238418579,1.0691019296646118
1.045114278793335,0.9350000619888306,1.2305220365524292
1.0262563228607178,0.9700000286102295,1.1099320650100708
1.0397588014602661,0.9450000524520874,1.1830819845199585
1.041458010673523,0.9450000524520874,1.182662010192871
1.024999976158142,0.9750000238418579,1.089661955833435
1.042976975440979,0.9450000524520874,1.140092134475708
1.044392466545105,0.940000057220459,1.2780920267105103
1.0383894443511963,0.940000057220459,1.5950521230697632
1.029962182044983,0.9550000429153442,1.1947420835494995
1.0380712747573853,0.9550000429153442,1.225242018699646
1.0280286073684692,0.9650000333786011,1.1360719203948975
1.027875304222107,0.9600000381469727,1.0893319845199585
1.0275819301605225,0.9700000286102295,1.162551999092102
1.027167797088623,0.9700000286102295,1.0587118864059448
1.0271971225738525,0.9650000333786011,1.1343920230865479
1.0370128154754639,0.940000057220459,1.373311996459961
1.0285354852676392,0.9700000286102295,1.0660920143127441
1.044773817062378,0.9500000476837158,1.1626319885253906
1.0407094955444336,0.9350000619888306,1.5849220752716064
1.0309314727783203,0.9600000381469727,1.2193721532821655
1.02984619140625,0.9650000333786011,1.1993319988250732
1.03355872631073,0.9500000476837158,1.3373619318008423
1.024999976158142,0.9750000238418579,1.092181921005249
1.0353773832321167,0.9550000429153442,1.3987319469451904
1.0269542932510376,0.9700000286102295,1.1176320314407349
1.024999976158142,0.9750000238418579,1.1127718687057495
1.0416895151138306,0.9450000524520874,1.173501968383789
1.0395256280899048,0.9500000476837158,1.0997519493103027
1.024999976158142,0.9750000238418579,1.0281120538711548
1.0395256280899048,0.9500000476837158,1.0997519493103027
1.0401794910430908,0.940000057220459,1.282952070236206
1.036036729812622,0.940000057220459,1.7714219093322754
1.024999976158142,0.9750000238418579,1.1126219034194946
1.0268127918243408,0.9650000333786011,1.3054920434951782
1.0444978475570679,0.940000057220459,1.3881020545959473
1.0317144393920898,0.9650000333786011,1.0357722043991089
1.0271437168121338,0.9700000286102295,1.0309820175170898
1.0282409191131592,0.9650000333786011,1.1553319692611694
1.024999976158142,0.9750000238418579,1.0691618919372559
1.024999976158142,0.9750000238418579,1.1602519750595093
1.024999976158142,0.9750000238418579,1.053712010383606
1.024999976158142,0.9750000238418579,1.036761999130249
1.0522161722183228,0.9350000619888306,1.2621519565582275
1.0258979797363281,0.9700000286102295,1.0447419881820679
1.0327093601226807,0.9550000429153442,1.30908203125
1.0327457189559937,0.9550000429153442,1.0948621034622192
