425
309
250
278
108
48
659
1013
120
320
412
323
661
569
910
519
712
598
651
285
447
645
477
868
344
864
737
550
1041
431
1045
834
39
1071
1001
105
417
832
359
586
376
443
1046
843
1005
397
538
296
613
572
152
906
774
592
118
975
642
656
291
573
524
655
360
288
308
734
931
1039
104
972
752
357
593
386
260
78
836
45
652
418
583
40
858
257
1072
3
49
133
474
880
648
178
16
591
1024
244
426
789
444
731
1009
236
0
137
189
706
888
300
279
749
196
492
401
287
1074
432
111
821
580
183
817
896
256
471
32
352
440
596
923
190
176
21
503
793
341
751
209
217
420
11
1025
554
520
877
899
510
223
999
504
973
566
114
261
849
1050
568
10
879
773
824
575
251
605
473
915
833
1076
253
181
377
1037
1020
549
150
437
92
750
403
218
1031
31
869
198
495
195
155
676
584
404
76
546
410
116
8
627
224
967
810
33
703
553
414
543
263
305
745
588
557
626
831
74
312
50
44
97
779
848
603
63
89
1027
1030
582
686
866
531
302
993
264
920
683
301
757
963
992
237
951
229
978
69
780
799
690
733
235
421
545
629
574
163
457
1002
207
26
938
594
55
927
88
295
19
254
521
691
753
710
718
1056
1053
611
845
800
635
791
472
1073
347
184
355
468
508
480
901
695
266
1067
153
167
80
103
331
631
428
380
210
959
1019
298
987
512
142
313
350
841
623
144
762
618
230
926
220
177
442
349
861
95
206
853
172
801
139
790
612
332
962
653
1033
389
71
463
265
766
102
454
964
559
674
726
494
240
277
532
865
182
518
870
304
641
917
673
990
739
812
294
902
280
889
663
1057
764
24
895
435
542
541
723
228
231
1064
96
808
578
936
638
616
863
408
159
1006
208
693
106
539
203
121
86
47
759
59
392
796
717
145
202
815
346
247
684
604
794
221
743
1038
282
99
696
913
746
705
570
909
364
807
188
1049
38
576
274
200
128
372
62
795
747
788
892
17
560
675
222
813
318
783
965
368
232
860
835
600
946
502
456
979
671
966
488
334
289
921
393
755
329
460
535
219
34
151
563
1062
73
147
1063
991
953
326
980
194
533
245
483
732
513
30
363
461
650
1075
374
534
614
186
390
174
225
602
169
1012
956
658
193
758
912
311
669
722
883
997
487
501
873
939
970
369
131
738
484
271
28
5
768
668
475
729
83
361
405
571
918
523
1010
742
1065
714
649
942
929
242
381
839
816
227
804
904
1052
348
429
382
191
976
