846
733
393
396
490
354
200
87
831
590
375
357
80
744
883
295
95
703
274
323
1004
425
31
297
83
106
627
788
76
697
406
111
1070
178
891
148
220
105
1024
888
25
195
505
862
642
439
150
1007
213
197
677
900
1068
15
1032
265
126
506
779
112
968
692
1048
793
415
647
188
1043
123
453
10
285
681
608
196
707
513
286
1028
477
714
909
910
742
998
118
611
635
300
429
814
470
356
34
138
832
13
705
421
646
296
930
46
928
895
957
821
671
266
835
720
443
812
584
809
78
626
944
243
1037
553
533
937
606
817
330
901
665
984
1015
223
182
841
489
67
71
40
520
778
566
314
234
838
923
1035
173
267
730
324
509
743
587
399
768
402
162
992
1057
54
386
458
682
215
119
660
342
869
867
262
385
57
986
955
798
459
110
390
872
299
523
145
1056
97
902
507
539
170
214
176
7
18
1071
1039
1023
614
820
542
157
445
263
1
70
275
632
993
225
306
686
903
893
373
864
392
204
1067
975
892
1012
187
482
691
169
950
530
452
687
179
942
737
20
807
1029
704
227
338
276
339
713
889
701
94
301
601
582
305
763
136
210
491
557
739
372
129
35
659
658
874
281
59
868
191
961
551
935
447
936
693
994
620
413
639
17
959
808
449
343
261
1030
414
912
569
73
619
125
785
534
887
497
721
438
250
1042
929
740
327
804
837
308
388
1066
487
55
436
101
773
96
561
734
1051
60
333
856
1033
772
311
865
971
500
33
945
322
440
916
532
180
715
368
232
964
163
151
1054
394
885
280
359
420
502
1060
165
756
168
478
1072
765
485
133
352
64
573
801
560
142
479
137
655
256
1044
933
641
144
908
690
555
656
465
1055
120
493
924
828
683
45
588
996
570
3
99
849
74
199
633
524
325
328
1014
1010
1026
1008
851
645
589
395
676
879
242
938
794
521
260
417
221
121
351
134
1000
571
135
239
826
954
102
1017
1001
911
680
241
349
884
934
667
288
583
802
574
47
702
269
72
1009
1062
906
736
698
360
819
253
240
723
337
596
746
397
222
278
43
23
387
229
613
688
303
952
738
978
899
411
68
501
547
920
548
1011
336
603
712
236
14
881
988
172
949
289
457
22
987
426
259
615
822
428
599
755
940
784
36
728
451
19
108
657
290
977
332
464
694
871
699
543
781
1041
913
326
711
844
492
38
287
5
202
918
709
780
483
1018
53
355
340
89
277
238
710
293
790
193
361
1031
271
159
405
732
771
84
430
117
873
481
272
556
526
128
302
486
545
216
353
638
774
412
917
171
424
56
282
2
726
228
761
79
612
623
247
824
531
207
160
371
496
224
9
455
122
904
369
965
8
189
404
926
218
1046
1053
431
461
419
258
800
796
331
592
235
946
604
766
518
764
669
460
818
716
674
799
366
653
175
876
747
367
947
1076
558
827
174
82
181
605
127
816
815
291
700
636
93
536
230
245
644
382
696
931
329
484
564
90
141
313
866
1040
1038
546
870
980
86
830
515
381
775
6
1003
203
153
103
860
463
544
364
829
154
666
139
847
797
183
905
537
503
317
981
877
307
246
963
915
896
858
602
956
811
661
719
384
581
735
508
1050
672
268
469
401
549
527
649
670
922
104
752
379
983
107
472
567
967
1064
578
510
21
882
894
1022
358
848
4
334
1052
941
969
257
312
365
374
61
98
522
310
156
591
211
618
77
741
448
789
209
158
184
418
1059
270
706
309
50
408
857
433
1061
1016
378
91
403
1025
853
999
1073
859
907
499
219
398
65
989
948
248
1069
580
662
554
348
806
572
850
217
294
383
762
146
512
622
454
1020
30
488
652
320
344
32
529
27
593
650
24
471
1063
88
1077
792
751
341
839
155
810
1049
625
85
782
466
568
840
651
