1.099000096321106,0.9910001158714294,3.0000052452087402
1.1859999895095825,0.9920001029968262,2.999992609024048
1.9620000123977661,0.9789999723434448,2.9999914169311523
1.247999906539917,0.9940000772476196,3.0000016689300537
1.1679999828338623,0.9930000901222229,2.999995470046997
1.1779999732971191,0.9919999837875366,3.0000054836273193
1.1399999856948853,0.9910000562667847,3.0000016689300537
1.122999906539917,0.9930000305175781,3.0000057220458984
1.2209999561309814,0.9919999837875366,3.0000059604644775
1.2630000114440918,0.987000048160553,3.0000035762786865
1.1109999418258667,0.9889999628067017,3.0000059604644775
1.1370000839233398,0.9920001029968262,3.0000009536743164
1.36899995803833,0.9910001158714294,3.000002861022949
1.2269999980926514,0.987000048160553,3.0000061988830566
1.2869999408721924,0.987000048160553,2.9999969005584717
4.404000282287598,0.9480000138282776,3.00000262260437
1.3980000019073486,0.9910000562667847,3.000002384185791
1.0660001039505005,0.9950000643730164,3.0000064373016357
1.2609999179840088,0.9900000691413879,3.0000014305114746
1.059999942779541,0.9950000643730164,3.0000057220458984
1.0889999866485596,0.9950000643730164,3.0000054836273193
1.0780000686645508,0.9960000514984131,3.0000057220458984
1.0950000286102295,0.9940000772476196,3.0000011920928955
1.2190001010894775,0.9960000514984131,2.999997138977051
1.0789998769760132,0.9950000643730164,3.0000052452087402
2.4860002994537354,0.9699999690055847,3.000002861022949
1.222000002861023,0.9880000352859497,3.000002145767212
1.2089999914169312,0.9900000691413879,3.0000014305114746
1.3040000200271606,0.9930000305175781,2.9999961853027344
1.4739999771118164,0.9839999675750732,3.0000014305114746
1.062000036239624,0.9950000643730164,3.0000052452087402
1.465000033378601,0.9920000433921814,2.9999983310699463
1.4160000085830688,0.987000048160553,2.9999969005584717
2.9030001163482666,0.9700000286102295,2.9999940395355225
1.63100004196167,0.9869999289512634,2.999990940093994
1.880000114440918,0.9829999208450317,3.0
2.4790000915527344,0.9749999642372131,2.9999983310699463
1.1740001440048218,0.9920001029968262,3.0000054836273193
1.2319999933242798,0.9910001158714294,3.0000011920928955
1.943000078201294,0.9709999561309814,2.9999990463256836
1.9600000381469727,0.9799999594688416,2.9999914169311523
1.184999942779541,0.9909999966621399,3.0000014305114746
2.2139999866485596,0.9790000319480896,2.999995470046997
1.220000147819519,0.9900000095367432,3.0000057220458984
1.1969999074935913,0.9910000562667847,2.9999969005584717
3.8219997882843018,0.9490000605583191,3.0000011920928955
1.1510000228881836,0.9920001029968262,3.0000057220458984
1.1920000314712524,0.9930000901222229,3.0000057220458984
1.2329999208450317,0.9930000901222229,2.999988317489624
1.25600004196167,0.9860000014305115,2.9999966621398926
1.092000126838684,0.9960000514984131,3.0000059604644775
1.065000057220459,0.9930000305175781,3.0000059604644775
1.9089999198913574,0.972000002861023,3.000002861022949
1.225000023841858,0.9879999756813049,3.0000057220458984
1.3149999380111694,0.987000048160553,2.9999969005584717
1.2980000972747803,0.9890000224113464,3.0000038146972656
1.1589999198913574,0.9930000305175781,3.000005006790161
1.090000033378601,0.9940000772476196,3.0000059604644775
1.3060001134872437,0.9890000224113464,3.000004291534424
1.0239999294281006,0.9960000514984131,3.000004768371582
1.314000129699707,0.9860000014305115,3.0000011920928955
1.6540000438690186,0.9880000352859497,2.9999969005584717
1.2620000839233398,0.9910000562667847,2.9999969005584717
1.2619999647140503,0.9930000901222229,3.000004291534424
1.303999900817871,0.9860000014305115,3.0000057220458984
1.1419999599456787,0.9950000643730164,2.999992847442627
1.1640000343322754,0.9940000772476196,3.0000011920928955
1.875,0.9869999885559082,2.9999969005584717
1.3070000410079956,0.9919999837875366,3.0000014305114746
1.0829998254776,0.9960000514984131,3.0000061988830566
1.0490000247955322,0.9960000514984131,3.0000052452087402
1.187999963760376,0.9960000514984131,2.999990701675415
1.215000033378601,0.9880000352859497,3.0000059604644775
1.2540000677108765,0.9860000610351562,3.0000009536743164
1.1639999151229858,0.9960000514984131,3.000002861022949
1.2319999933242798,0.9940000772476196,2.999988079071045
1.6009999513626099,0.9890000224113464,2.9999990463256836
1.1269999742507935,0.9900000095367432,2.9999969005584717
1.0870000123977661,0.9940000772476196,2.9999966621398926
1.189000129699707,0.9940000176429749,2.999999523162842
1.3310000896453857,0.9910001158714294,2.999997138977051
1.1640000343322754,0.9950000643730164,3.0000052452087402
1.13100004196167,0.9940000772476196,3.0000057220458984
1.190999984741211,0.9960000514984131,2.999992847442627
1.2919999361038208,0.9869999885559082,3.0000011920928955
1.8960001468658447,0.9810000061988831,2.999987840652466
1.0820000171661377,0.9960000514984131,3.0000059604644775
1.3469998836517334,0.9900000095367432,3.0000011920928955
1.13100004196167,0.9960000514984131,3.0000038146972656
1.066999912261963,0.9960000514984131,3.0000059604644775
1.128000020980835,0.9930000305175781,3.000004291534424
1.1359999179840088,0.9930000305175781,3.0000064373016357
1.0840001106262207,0.9960000514984131,3.0000061988830566
1.026999831199646,0.9960000514984131,3.0000052452087402
1.2899999618530273,0.9920000433921814,2.9999969005584717
1.2170000076293945,0.9930000901222229,2.999992609024048
1.0839999914169312,0.9960000514984131,3.0000052452087402
1.128000020980835,0.9950000643730164,3.0000059604644775
1.159000039100647,0.9900000095367432,3.0000061988830566
1.0529999732971191,0.9950000643730164,3.0000057220458984
1.2020000219345093,0.98499995470047,3.0000057220458984
1.184000015258789,0.9889999628067017,3.0000057220458984
1.3090001344680786,0.9859999418258667,2.999997138977051
1.5089999437332153,0.9829999804496765,2.999992609024048
1.1179999113082886,0.9920001029968262,3.0000054836273193
1.4930000305175781,0.9810000061988831,2.999992609024048
3.7180001735687256,0.9780000448226929,2.9999966621398926
1.6390000581741333,0.9790000319480896,3.000001907348633
1.1269999742507935,0.9930000901222229,3.0000054836273193
1.2209999561309814,0.9930000305175781,2.999999523162842
1.2810001373291016,0.9940000772476196,3.000002145767212
1.0640000104904175,0.9950000643730164,3.0000016689300537
1.2100001573562622,0.9919999837875366,3.0000014305114746
1.1890000104904175,0.9900000691413879,2.9999992847442627
1.0959999561309814,0.9930000901222229,3.0000059604644775
1.11899995803833,0.9950000643730164,3.0000057220458984
1.1469999551773071,0.9910001158714294,3.000004291534424
1.4630000591278076,0.9879999160766602,2.999997615814209
1.511000156402588,0.9869999289512634,2.9999969005584717
1.0700000524520874,0.9960000514984131,3.0000054836273193
1.2599999904632568,0.9930000901222229,3.0000040531158447
1.227000117301941,0.9890000820159912,2.999995708465576
1.4660000801086426,0.9820000529289246,2.999999761581421
1.0910000801086426,0.9940000772476196,3.0000052452087402
1.784000039100647,0.9760000109672546,2.9999923706054688
1.3179999589920044,0.9869999885559082,3.000005006790161
1.3380001783370972,0.9950000643730164,2.999995231628418
2.1059999465942383,0.9869999289512634,2.999997138977051
2.111999988555908,0.98499995470047,2.999990940093994
1.128999948501587,0.9960000514984131,2.9999969005584717
1.1459999084472656,0.9930000901222229,3.0000009536743164
1.533000111579895,0.9850000143051147,2.999997138977051
1.6730000972747803,0.9860000014305115,2.9999935626983643
2.3990001678466797,0.9720000624656677,2.999987840652466
1.193000078201294,0.9890000224113464,2.9999966621398926
1.1850000619888306,0.9880000352859497,3.0000057220458984
1.5059999227523804,0.9790000319480896,3.0000054836273193
1.2680000066757202,0.9920000433921814,2.999992609024048
1.2829999923706055,0.9860000014305115,3.0000011920928955
1.312000036239624,0.9879999160766602,3.0000014305114746
1.3270000219345093,0.9879999160766602,3.0000011920928955
1.193000078201294,0.9950000643730164,3.0000057220458984
1.3880001306533813,0.9900000095367432,3.0000009536743164
1.3450000286102295,0.9950000643730164,2.999995470046997
1.371999979019165,0.984000027179718,3.00000262260437
1.4459999799728394,0.9879999756813049,3.000004768371582
1.3020000457763672,0.9880000352859497,3.0000059604644775
1.062000036239624,0.9950000643730164,3.0000054836273193
1.4749999046325684,0.9860000014305115,2.999995708465576
1.095999836921692,0.9950000643730164,3.0000057220458984
1.2039999961853027,0.9910000562667847,3.000004291534424
1.2130000591278076,0.9930000901222229,3.000004291534424
1.1029999256134033,0.9960000514984131,3.0000052452087402
1.3450000286102295,0.9950000643730164,2.999988555908203
1.3259998559951782,0.9880000352859497,3.0000061988830566
1.1239999532699585,0.9940000176429749,3.0000057220458984
1.0989999771118164,0.9940000772476196,3.0000057220458984
1.1349999904632568,0.9940000772476196,3.000005006790161
1.215000033378601,0.9860000014305115,3.0000011920928955
1.2010000944137573,0.9860000014305115,3.0000057220458984
1.3350000381469727,0.98499995470047,3.0000016689300537
1.474000096321106,0.9810000061988831,2.9999992847442627
1.2579998970031738,0.9860000610351562,2.9999966621398926
1.1740000247955322,0.9900000691413879,2.999997138977051
1.1489999294281006,0.9890000224113464,3.0000054836273193
1.3980000019073486,0.9829999804496765,3.0000016689300537
1.540000081062317,0.9829999804496765,3.000002861022949
1.348000168800354,0.9829999804496765,3.0000009536743164
1.343999981880188,0.9910000562667847,2.999992609024048
1.2710001468658447,0.9860000014305115,2.999992609024048
1.095000147819519,0.9940000176429749,3.0000061988830566
1.0780000686645508,0.9950000643730164,3.0000057220458984
1.1449999809265137,0.9940000772476196,2.999997615814209
1.1230000257492065,0.9940000772476196,3.0000059604644775
1.1400001049041748,0.9930000901222229,3.0000059604644775
1.3790000677108765,0.9839999675750732,2.999999761581421
1.2510000467300415,0.9900000095367432,3.0000040531158447
1.222000002861023,0.9839999675750732,3.0000061988830566
1.2690000534057617,0.9829999804496765,3.0000016689300537
1.0720000267028809,0.9960000514984131,3.0000061988830566
1.444000005722046,0.9900000691413879,2.9999983310699463
1.068000078201294,0.9950000643730164,3.0000057220458984
1.0440000295639038,0.9940000772476196,3.0000054836273193
1.1430000066757202,0.9900000095367432,3.0000009536743164
1.2120000123977661,0.9880000352859497,3.000000476837158
1.6069999933242798,0.9839999675750732,3.00000262260437
1.0790001153945923,0.9919999837875366,3.0000052452087402
1.1589999198913574,0.9920001029968262,3.0000057220458984
1.1720000505447388,0.9890000224113464,3.0000057220458984
1.4840000867843628,0.984000027179718,3.0000054836273193
1.1740000247955322,0.9950000643730164,3.0000011920928955
1.939000129699707,0.9760000109672546,3.0000040531158447
1.1280001401901245,0.9930000901222229,3.0000057220458984
1.6319999694824219,0.9800000190734863,2.9999923706054688
1.13100004196167,0.9950000643730164,3.0000014305114746
1.1349999904632568,0.9950000643730164,2.9999966621398926
1.5329999923706055,0.9799999594688416,3.00000262260437
1.099000096321106,0.9930000901222229,3.0000057220458984
1.5470000505447388,0.9869999289512634,3.0000038146972656
1.6579999923706055,0.9869999289512634,3.000004529953003
1.8250000476837158,0.9869999289512634,3.000000238418579
1.1780000925064087,0.9890000224113464,3.0000059604644775
1.4370001554489136,0.9829999804496765,3.0000040531158447
1.375999927520752,0.9790000319480896,3.0000052452087402
1.0959999561309814,0.9910000562667847,3.0000057220458984
1.277000069618225,0.9940000772476196,2.9999921321868896
1.124000072479248,0.9930000305175781,3.0000059604644775
1.056999921798706,0.9950000643730164,3.000005006790161
1.0409998893737793,0.9960000514984131,3.0000057220458984
2.640000104904175,0.9779999852180481,2.999995708465576
2.1560001373291016,0.9879999160766602,2.9999992847442627
1.100000023841858,0.9940000772476196,2.9999966621398926
1.3050000667572021,0.98499995470047,3.0000054836273193
1.093999981880188,0.9920001029968262,3.0000057220458984
1.1729999780654907,0.9910000562667847,3.0000057220458984
1.4869999885559082,0.9729999899864197,3.0000059604644775
1.1340000629425049,0.9910000562667847,3.0000057220458984
1.2570000886917114,0.9930000901222229,2.999992609024048
1.3239998817443848,0.9839999675750732,2.999987840652466
1.318000078201294,0.9940000772476196,2.9999964237213135
1.1880000829696655,0.9910000562667847,3.0000054836273193
1.1540000438690186,0.9940000772476196,3.0000011920928955
1.1050001382827759,0.9920001029968262,3.0000057220458984
1.2660000324249268,0.9900000095367432,2.9999966621398926
1.431999921798706,0.9819999933242798,2.9999923706054688
1.1720001697540283,0.9909999966621399,3.0000052452087402
1.1640000343322754,0.9890000820159912,3.0000059604644775
1.1180000305175781,0.9940000772476196,3.0000057220458984
1.1150000095367432,0.9920000433921814,3.0000054836273193
1.1600000858306885,0.9890000224113464,3.0000016689300537
1.1380001306533813,0.9910000562667847,2.9999966621398926
1.0830000638961792,0.9960000514984131,3.0000057220458984
1.2269999980926514,0.987000048160553,3.0000059604644775
1.2499998807907104,0.9879999160766602,3.0000054836273193
1.4819999933242798,0.9909999966621399,2.999997138977051
1.2809998989105225,0.9900000095367432,2.9999988079071045
2.1530001163482666,0.9860000014305115,2.999997138977051
1.0880000591278076,0.9940000772476196,3.0000054836273193
1.0740000009536743,0.9910000562667847,3.0000064373016357
1.1950000524520874,0.98499995470047,3.0000014305114746
1.430999994277954,0.9879999756813049,3.00000262260437
1.3830000162124634,0.9930000901222229,2.9999988079071045
1.304999828338623,0.9940000772476196,2.9999938011169434
1.0709999799728394,0.9940000772476196,3.0000054836273193
1.0750000476837158,0.9930000305175781,3.0000057220458984
1.0469999313354492,0.9950000643730164,3.000005006790161
1.1560001373291016,0.9860000014305115,3.000005006790161
1.4320000410079956,0.9819999933242798,3.0000011920928955
1.0870000123977661,0.9890000820159912,3.000004768371582
1.1700000762939453,0.9910000562667847,3.0000064373016357
1.062000036239624,0.9940000176429749,3.0000054836273193
1.1010000705718994,0.9920000433921814,3.0000061988830566
1.4490001201629639,0.9769999980926514,3.0000009536743164
1.099000096321106,0.9930000901222229,3.0000059604644775
1.183000087738037,0.9900000095367432,2.9999969005584717
1.255000114440918,0.9900000691413879,2.9999969005584717
1.3289999961853027,0.987000048160553,2.9999959468841553
1.1630001068115234,0.9920001029968262,2.9999969005584717
1.159999966621399,0.9860000014305115,3.0000052452087402
1.0999999046325684,0.9950000643730164,3.0000016689300537
1.1410000324249268,0.9870001077651978,3.000005006790161
1.0819998979568481,0.9920000433921814,3.0000059604644775
1.2350000143051147,0.9950000643730164,2.9999990463256836
1.4880001544952393,0.9869999885559082,2.9999990463256836
1.2829999923706055,0.9870001077651978,2.9999983310699463
1.2160000801086426,0.9930000901222229,2.999992609024048
1.0720000267028809,0.9950000643730164,3.0000059604644775
1.1060001850128174,0.9930000901222229,3.0000059604644775
1.1140000820159912,0.9950000643730164,2.9999988079071045
1.1990001201629639,0.9900000095367432,3.0000038146972656
1.2500001192092896,0.9930000305175781,2.999999761581421
1.4079999923706055,0.9819999933242798,3.0000014305114746
1.1749999523162842,0.9900000095367432,3.0000061988830566
1.9479999542236328,0.9709999561309814,2.999999761581421
1.1160000562667847,0.9930000305175781,3.0000057220458984
1.0420000553131104,0.9950000643730164,3.0000059604644775
1.1160000562667847,0.9950000643730164,3.0000059604644775
1.1060000658035278,0.9940000772476196,3.0000057220458984
1.3839999437332153,0.9839999675750732,3.000002145767212
2.2239999771118164,0.9699999690055847,2.999995708465576
1.3049999475479126,0.9940000772476196,3.0000040531158447
1.1749999523162842,0.9940000772476196,3.0000038146972656
1.1670000553131104,0.9930000901222229,3.0000059604644775
1.5759999752044678,0.9810000061988831,2.9999940395355225
1.25,0.9890000224113464,3.000004291534424
1.1039999723434448,0.9960000514984131,3.0000016689300537
1.1039998531341553,0.9950000643730164,3.0000059604644775
1.5230000019073486,0.9769999980926514,3.000005006790161
1.1689999103546143,0.9930000305175781,3.0000054836273193
1.156000018119812,0.9940000772476196,3.0000014305114746
1.24399995803833,0.9869999885559082,3.0000064373016357
1.4280000925064087,0.9850000143051147,2.999999761581421
1.318000078201294,0.9820000529289246,2.999997138977051
1.5070000886917114,0.9789999723434448,3.0000059604644775
1.0700000524520874,0.9950000643730164,3.0000052452087402
1.1510000228881836,0.9909999966621399,3.0000011920928955
1.0670000314712524,0.9930000901222229,3.0000052452087402
1.0959999561309814,0.9950000643730164,2.99999737739563
1.4139999151229858,0.9879999160766602,2.9999945163726807
1.9470000267028809,0.9699999094009399,2.9999964237213135
1.4820001125335693,0.9829999804496765,2.999999523162842
1.3190001249313354,0.9819999933242798,2.9999969005584717
1.2050000429153442,0.9950000643730164,3.0
1.1990000009536743,0.9920001029968262,3.0000054836273193
1.2360000610351562,0.987000048160553,2.999997615814209
1.1129999160766602,0.9930000901222229,3.0000007152557373
1.2280000448226929,0.9869999885559082,3.0000057220458984
1.2259998321533203,0.9909999966621399,2.999995708465576
1.3719998598098755,0.9819999933242798,3.000002861022949
1.281000018119812,0.9910000562667847,3.0000054836273193
1.312999963760376,0.9880000352859497,2.99999737739563
1.3310000896453857,0.9859999418258667,2.9999966621398926
1.5100001096725464,0.9800000190734863,3.0000033378601074
1.2330000400543213,0.9890000224113464,2.999992609024048
1.2239999771118164,0.9919999837875366,3.0000014305114746
1.4390000104904175,0.9880000352859497,2.9999942779541016
1.0430001020431519,0.9960000514984131,3.0000057220458984
1.372999906539917,0.9799999594688416,2.999992609024048
1.1090000867843628,0.9920000433921814,3.0000059604644775
1.0889999866485596,0.9950000643730164,3.000001907348633
1.380000114440918,0.9890000820159912,3.0000011920928955
1.227000117301941,0.9920000433921814,2.999988079071045
1.1149998903274536,0.9920001029968262,3.0000057220458984
1.2100000381469727,0.9900000691413879,3.0000054836273193
1.0649999380111694,0.9940000772476196,3.0000007152557373
1.1150000095367432,0.9940000772476196,3.0000061988830566
1.152000069618225,0.9930000901222229,3.0000057220458984
1.2060000896453857,0.9900000095367432,3.000005006790161
1.1120001077651978,0.9940000772476196,3.0000057220458984
1.3509999513626099,0.9910001158714294,3.0000014305114746
1.073000192642212,0.9950000643730164,3.0000011920928955
1.0959999561309814,0.9950000643730164,3.0000059604644775
1.1420000791549683,0.9930000901222229,3.0000057220458984
1.2869999408721924,0.9859999418258667,3.0000057220458984
1.093000054359436,0.9940000772476196,3.0000059604644775
1.2310000658035278,0.9950000643730164,2.999987840652466
1.1630001068115234,0.9950000643730164,3.0000011920928955
1.2200000286102295,0.9860000014305115,3.0000057220458984
1.0519999265670776,0.9960000514984131,3.0000054836273193
1.1039999723434448,0.9950000643730164,2.9999992847442627
1.1220000982284546,0.9950000643730164,2.9999969005584717
1.062999963760376,0.9960000514984131,3.0000061988830566
1.063999891281128,0.9940000176429749,3.000004529953003
1.5099999904632568,0.9920001029968262,2.999999523162842
1.354000210762024,0.9950000643730164,2.9999966621398926
1.1089999675750732,0.9920000433921814,3.0000054836273193
1.152999997138977,0.9900000095367432,3.0000064373016357
1.2919999361038208,0.9900000691413879,2.999999523162842
1.6349999904632568,0.9830000400543213,2.999998092651367
1.1589999198913574,0.9909999966621399,3.000001907348633
1.1360000371932983,0.9930000901222229,3.0000057220458984
1.2690000534057617,0.9900000095367432,2.9999935626983643
1.313999891281128,0.9879999756813049,3.0000054836273193
1.246999979019165,0.9900000095367432,3.0000040531158447
1.062999963760376,0.9960000514984131,3.0000057220458984
1.0950000286102295,0.9940000772476196,2.999997138977051
1.0519999265670776,0.9950000643730164,3.0000054836273193
1.3489999771118164,0.9809999465942383,2.999992609024048
1.0470000505447388,0.9960000514984131,3.0000057220458984
1.0880000591278076,0.9910000562667847,3.000005006790161
1.071000099182129,0.9900000095367432,3.000005006790161
1.093999981880188,0.9900000095367432,3.0000059604644775
1.0770000219345093,0.9960000514984131,3.0000011920928955
1.055999994277954,0.9960000514984131,2.9999969005584717
1.6739999055862427,0.9850000739097595,2.9999923706054688
1.058000087738037,0.9960000514984131,3.0000061988830566
1.0440000295639038,0.9960000514984131,3.0000057220458984
1.815000057220459,0.9820000529289246,2.9999942779541016
1.3240000009536743,0.9910001158714294,2.999999523162842
1.2480000257492065,0.9920001029968262,2.999999761581421
1.2640000581741333,0.984000027179718,3.0000059604644775
1.097000002861023,0.9910000562667847,3.0000054836273193
1.0579999685287476,0.9930000901222229,3.0000054836273193
1.1339999437332153,0.9920000433921814,3.0000014305114746
1.196000099182129,0.9889999628067017,3.0000059604644775
1.2510000467300415,0.9930000901222229,2.9999988079071045
1.0550000667572021,0.9950000643730164,3.000005006790161
1.2209999561309814,0.9890000224113464,2.9999966621398926
1.091999888420105,0.9940000772476196,3.000002145767212
1.4930001497268677,0.9900000095367432,3.00000262260437
1.1059999465942383,0.9909999966621399,3.0000054836273193
1.1410000324249268,0.9880000352859497,3.0000014305114746
1.0789999961853027,0.9920001029968262,3.000004768371582
1.1200000047683716,0.9960000514984131,2.999997138977051
1.2660000324249268,0.9920000433921814,2.9999938011169434
1.0989999771118164,0.9920000433921814,3.0000007152557373
1.0839998722076416,0.9950000643730164,3.0000054836273193
1.753000020980835,0.9860000014305115,3.00000262260437
1.399999976158142,0.9860000014305115,3.0000052452087402
1.1940001249313354,0.9910000562667847,2.9999923706054688
1.1190000772476196,0.9920000433921814,3.0000059604644775
1.128000020980835,0.9900000095367432,3.0000059604644775
1.2300000190734863,0.9839999675750732,3.000001907348633
1.1399999856948853,0.9909999966621399,3.0000016689300537
1.0609999895095825,0.9960000514984131,3.0000064373016357
1.059999942779541,0.9940000772476196,3.0000054836273193
1.0789999961853027,0.9940000772476196,3.0000059604644775
1.1670000553131104,0.9920001029968262,2.99999737739563
1.1409999132156372,0.9920000433921814,2.999992847442627
1.1180000305175781,0.9920001029968262,2.99999737739563
1.1130000352859497,0.9879999160766602,3.0000054836273193
1.2200000286102295,0.9960000514984131,2.999998092651367
1.1109999418258667,0.9940000176429749,3.0000052452087402
1.1169999837875366,0.9960000514984131,3.0000057220458984
1.0839999914169312,0.9950000643730164,2.9999966621398926
1.031000018119812,0.9960000514984131,3.000004768371582
1.1079999208450317,0.9930000901222229,3.000004768371582
1.1140000820159912,0.9879999756813049,3.0000057220458984
1.0570000410079956,0.9940000772476196,3.0000011920928955
1.0309998989105225,0.9960000514984131,3.000005006790161
1.1260000467300415,0.9940000772476196,3.0000054836273193
1.1430000066757202,0.9909999966621399,3.0000052452087402
1.1260000467300415,0.9960000514984131,2.9999969005584717
1.130000114440918,0.9909999966621399,3.0000052452087402
1.1510000228881836,0.9920001029968262,2.999997138977051
1.0460001230239868,0.9960000514984131,3.0000052452087402
1.319000005722046,0.9859999418258667,2.9999964237213135
1.0649999380111694,0.9960000514984131,3.0000057220458984
1.0389999151229858,0.9950000643730164,3.0000057220458984
1.181999921798706,0.9920001029968262,3.0000052452087402
1.128000020980835,0.9930000901222229,3.0000054836273193
1.1890000104904175,0.9960000514984131,2.999998092651367
1.1159999370574951,0.9900000691413879,2.999997138977051
1.1139999628067017,0.9940000772476196,2.999995231628418
1.0500000715255737,0.9950000643730164,3.0000057220458984
1.0679999589920044,0.9940000772476196,3.0000057220458984
1.185999870300293,0.9910001158714294,3.0000016689300537
1.4010001420974731,0.9829999804496765,2.999997854232788
1.0429999828338623,0.9960000514984131,3.0000052452087402
1.178999900817871,0.9910000562667847,2.999995231628418
1.1800000667572021,0.9920001029968262,3.0000009536743164
1.1029999256134033,0.9920000433921814,3.0000054836273193
1.2319999933242798,0.9900000691413879,2.999997138977051
1.130000114440918,0.9900000691413879,2.999997138977051
1.277999997138977,0.9840000867843628,2.9999966621398926
1.2869999408721924,0.9900000095367432,2.999998092651367
1.1660000085830688,0.9860000610351562,3.000005006790161
1.0829999446868896,0.9910000562667847,3.0000054836273193
1.090999960899353,0.9920001029968262,3.0000061988830566
1.1699999570846558,0.9880000352859497,3.000005006790161
1.194000005722046,0.9920000433921814,3.0000057220458984
1.0550000667572021,0.9950000643730164,3.0000061988830566
1.1200000047683716,0.9930000305175781,2.9999964237213135
1.13100004196167,0.9950000643730164,3.0000059604644775
1.0699999332427979,0.9960000514984131,3.0000016689300537
1.0700000524520874,0.9940000772476196,3.0000054836273193
1.0870000123977661,0.9920000433921814,3.0000057220458984
1.0460000038146973,0.9950000643730164,3.000004768371582
1.1190000772476196,0.9930000901222229,2.999997138977051
1.0839999914169312,0.9940000772476196,3.0000059604644775
1.222000002861023,0.9890000224113464,2.999992609024048
1.218999981880188,0.9890000820159912,2.9999992847442627
1.1170001029968262,0.9900000691413879,2.9999969005584717
1.0499999523162842,0.9960000514984131,3.0000057220458984
1.1540000438690186,0.987000048160553,2.9999969005584717
1.090999960899353,0.9950000643730164,3.0000057220458984
1.1119999885559082,0.9910000562667847,3.0000014305114746
1.2660000324249268,0.9910001158714294,3.000000476837158
1.0460000038146973,0.9960000514984131,3.000004768371582
1.1009999513626099,0.9889999628067017,3.0000052452087402
1.1119998693466187,0.9910000562667847,3.0000059604644775
1.1439999341964722,0.9900000095367432,3.0000059604644775
1.0740000009536743,0.9940000772476196,3.0000054836273193
1.0750000476837158,0.9920001029968262,3.0000057220458984
1.053999900817871,0.9950000643730164,3.0000059604644775
1.0769999027252197,0.9940000772476196,3.0000061988830566
1.100000023841858,0.9960000514984131,3.0000057220458984
1.0379999876022339,0.9960000514984131,3.0000059604644775
1.0489999055862427,0.9950000643730164,3.000005006790161
1.1740000247955322,0.9900000691413879,3.0000059604644775
1.0399999618530273,0.9950000643730164,3.000005006790161
1.1390000581741333,0.9920001029968262,2.9999966621398926
1.128000020980835,0.9900000691413879,3.0000009536743164
1.0870000123977661,0.9920000433921814,3.000005006790161
1.0719999074935913,0.9940000772476196,3.0000011920928955
1.099000096321106,0.9920000433921814,3.0000054836273193
1.0829999446868896,0.9960000514984131,2.999999523162842
1.093999981880188,0.9920000433921814,3.0000057220458984
1.062999963760376,0.9950000643730164,3.0000057220458984
1.0489999055862427,0.9960000514984131,3.0000054836273193
1.0609999895095825,0.9900000691413879,3.0000052452087402
1.1019999980926514,0.9910001158714294,3.0000052452087402
1.061000108718872,0.9950000643730164,3.0000054836273193
1.0720000267028809,0.9920001029968262,3.000004768371582
1.0740000009536743,0.9900000095367432,3.0000052452087402
1.1239999532699585,0.9910000562667847,3.000005006790161
1.0609999895095825,0.9960000514984131,3.000005006790161
1.1099998950958252,0.9950000643730164,3.0000054836273193
1.0969998836517334,0.9890000224113464,3.0000057220458984
1.0320000648498535,0.9950000643730164,3.0000052452087402
1.024999976158142,0.9950000643730164,3.0000052452087402
1.0670000314712524,0.9950000643730164,3.0000054836273193
1.071000099182129,0.9950000643730164,3.000005006790161
1.1209999322891235,0.9960000514984131,2.99999737739563
1.0260000228881836,0.9960000514984131,3.0000057220458984
1.0230001211166382,0.9960000514984131,3.000004768371582
1.097999930381775,0.9889999628067017,3.0000059604644775
1.0149999856948853,0.9960000514984131,3.0000052452087402
1.0819998979568481,0.9910001158714294,3.000000238418579
1.039000153541565,0.9930000305175781,3.000004768371582
