1476
8790
5112
1414
10134
10
3035
10183
5060
10347
5771
2420
5147
74
9732
1117
3464
6540
937
6340
3809
5659
20
5156
10196
1423
2986
6138
863
9551
6269
2864
2795
7778
3319
2507
925
539
1132
5178
8180
89
2146
4447
3999
5677
8948
10565
3628
3690
4515
10212
9147
3960
3396
10140
1278
10197
2778
864
3433
6295
7502
5256
4553
7952
5658
9560
2316
1752
4303
8708
7277
4616
5629
6567
7880
443
6139
2782
4404
9033
7318
753
8726
2607
3972
5225
5443
2408
5835
3367
2439
4672
9370
7583
8487
10451
9358
1026
3750
10402
99
8895
9810
10340
9977
5325
8229
4211
8247
4250
2321
9864
623
3373
5262
1618
5676
7977
535
8893
78
1644
4857
3351
6082
5214
2048
3349
5148
9643
8947
306
6187
6523
1599
4418
127
7660
10234
9343
829
5092
978
5394
3474
9973
6453
1529
6099
2165
4222
7800
7078
377
6908
4091
7331
795
8820
6006
8646
10590
6545
625
10544
10566
2152
9763
3402
8357
3034
2731
9725
5248
9944
8741
4132
6437
190
5543
15
5965
7171
8131
9644
4313
8563
7054
1370
374
6409
10259
7755
7080
5715
2392
3226
4974
720
4506
9976
4229
3072
4136
2058
2625
4063
9948
9123
2491
9348
4044
4005
4768
8639
10229
4249
8755
3275
4310
6972
6642
5054
10228
557
1537
9868
10011
3753
7582
2161
7052
7159
10195
4013
3197
3301
3651
2816
2500
6829
5690
3390
8201
5467
1884
8488
1982
447
2579
10062
8866
6188
6065
4459
5415
10308
5800
6676
5768
5799
8371
5915
2658
5245
8161
7632
779
1929
50
5287
624
2228
10373
6147
1994
6491
8181
5259
7459
3196
1589
10257
2622
1321
9548
3399
7553
7134
7139
1395
2371
1988
7897
5886
964
2259
9332
3546
3449
8108
3332
3883
10318
2348
8444
5452
1405
6827
6796
9172
7337
6935
1977
5149
3778
5489
7975
269
1765
1763
8149
7486
1974
5347
6416
8916
9270
1864
6909
1520
5157
226
1065
8460
945
3820
1109
3889
6599
1130
2829
9322
9115
8652
2897
9082
5389
4511
2037
2054
4245
462
3489
9562
10465
2120
9928
8416
6213
4457
10448
3015
3746
2383
3005
1141
7240
9992
300
8772
9617
7141
5155
685
8026
4863
10601
1392
7628
7219
655
6397
4949
10145
5988
5517
2503
6254
4826
3335
1512
6086
2135
4408
9974
8005
8166
3296
666
3440
1345
4966
5892
9424
425
4721
9756
5135
5345
2522
9058
7756
8428
555
1374
771
4868
6677
3496
4298
540
4089
1379
8030
7090
2129
10456
7252
9935
7581
10278
8084
3934
3993
9851
783
4279
8100
6215
2892
6735
4855
3738
4041
5963
1802
6461
8114
9175
2397
6111
5772
3770
1638
2136
694
5684
7278
3439
3017
5982
2788
4716
6012
9640
999
1844
10523
593
7968
8796
5513
3613
4460
7517
7723
8968
10629
4300
5877
1535
4613
2249
3147
8054
1946
7065
9698
1965
4655
4376
327
5486
9495
943
7821
719
3689
2388
2200
7469
5549
10121
2978
7846
6762
2819
9550
3775
5365
7204
3419
413
3921
7932
6741
9003
7117
235
403
4266
7504
4676
4600
4606
7370
6626
7721
3003
10226
4008
2346
4649
2866
7828
1344
80
9639
3515
6443
5582
3155
6356
5033
3181
2134
5732
4670
7680
4523
10100
5797
1595
6304
3611
7743
3829
9224
3150
3103
5814
3584
384
3169
8316
4841
229
4393
6200
7747
9276
1723
9686
2184
4923
3092
9356
1604
10091
890
8975
9779
9250
3769
1905
8399
6432
4785
5503
3318
8678
1637
10535
2564
6980
6823
2008
658
1221
4350
9231
394
6003
2828
6117
113
10545
6763
8467
7292
695
3852
813
5044
5399
4331
9918
4133
5823
9954
9375
5704
5830
4274
9612
3434
10299
8174
1523
7427
7157
6121
6849
3973
7974
8051
7498
7305
4071
2009
7085
2575
6094
2079
4451
10294
8172
5193
9850
7978
3344
4875
9693
8041
6645
4372
3875
3645
6327
1781
9440
9040
6812
1249
4840
439
8705
1807
5838
8073
6683
8720
4705
9113
2770
6084
3198
1600
2032
4864
3322
7603
8882
4081
7351
6292
4281
9293
10468
6612
2458
1917
8110
8615
10287
9210
6967
6572
2425
2341
6301
7389
8441
7433
8169
10021
2182
6240
1913
6710
7997
2326
766
4941
7856
1146
7745
5272
6893
4315
420
9530
9453
6752
3400
8061
10467
5954
5169
7840
1950
5667
3620
6582
6335
1806
2060
4045
8360
3154
1513
1735
9101
1899
2668
2047
4662
9007
1886
6538
6938
8577
757
9978
5860
3802
9359
799
5205
1850
2381
5396
2719
6110
9680
4430
2301
1566
991
7549
10551
8499
2044
7687
9731
225
8222
1622
2653
2981
8190
2949
9557
7490
5529
3728
9838
2178
8022
2303
6605
5416
9808
7301
3704
3991
2887
6957
7613
5938
4566
230
1451
6268
4079
1150
2893
1962
4054
4948
5541
8594
6476
7528
5083
10168
7515
10206
1695
5425
5472
5494
8489
3068
2078
6819
1914
9199
3119
8949
10628
2434
7352
9285
4754
3996
1081
8401
9908
6557
3004
9469
7130
8129
5723
741
8683
7045
2023
9288
7803
7819
3715
584
8220
2391
10279
9345
3074
482
4030
3761
8532
5321
6817
2055
3955
461
9167
6044
6004
4744
6253
774
977
8354
2056
7089
3042
3741
6241
8815
2208
10276
9848
916
44
10023
8988
8865
8913
4031
2106
3124
2563
9511
9746
2230
4609
4131
2246
5520
7403
5154
8986
9103
8077
5523
355
1014
8816
8086
3771
691
5483
2595
3306
8520
5590
8293
6562
6026
2096
7465
7750
2964
8153
9687
10019
3799
1576
1416
2268
1696
6689
2802
8408
2628
7737
4421
8221
2068
1503
2036
6570
1688
356
7766
10586
5136
6772
8275
329
8966
8551
9400
3718
1704
9168
455
4172
4727
9989
4564
5668
4169
2195
8798
3903
1061
2972
3178
6944
1430
6731
1868
257
5876
6214
9736
1270
4389
6738
7985
3887
6743
2107
10104
2899
8393
5174
4382
3914
2823
3118
7092
2411
10386
2739
7657
1465
161
5623
629
5527
7034
5016
4055
10338
3057
7311
10285
6154
7590
169
4827
9689
1592
2387
10506
1652
1012
839
9535
2592
4489
8287
3894
6349
1455
9205
9454
729
6984
9692
8388
4573
232
6212
10061
1841
7668
10205
4142
4262
2502
2365
5339
5507
9668
1489
446
10454
7405
10375
6097
6193
6396
6272
7138
1027
3110
448
2877
7153
5252
2540
1210
5382
9897
7571
1920
9648
1948
5220
2811
1876
5442
424
6618
661
8548
6769
9582
1290
9386
4979
8504
2253
4482
3945
6134
7514
4633
9738
4876
4369
8238
4444
10489
8731
7161
3091
8531
5055
1632
2354
678
6933
9561
4673
5212
6331
8299
1296
4990
9363
7939
5247
2585
6776
8908
8081
752
3797
3309
1830
7064
8015
3131
2007
1840
5611
3747
935
6596
501
9135
1294
6431
147
5737
1627
9678
8066
5525
872
8106
3299
1758
2809
7102
6646
250
7244
9155
9286
9914
10044
597
9173
2617
2322
5779
7849
7144
38
3048
3983
2968
1871
2038
2449
521
1163
3192
2076
3673
1063
4502
5680
5400
7187
6903
1368
3595
1925
2610
5311
1910
9163
631
6657
3978
177
2343
3683
6809
10599
5182
6529
1528
8104
6325
609
30
7380
5791
3221
8349
10484
7857
1181
4533
3977
3565
10352
9705
9501
6158
9436
6042
3076
9870
10485
7608
4263
9149
7509
5640
5161
7310
8565
3297
7460
4467
699
5664
8967
3220
6962
9312
3435
4551
3088
5796
7030
4061
9983
1725
3001
10617
2988
2915
764
6535
8812
3765
7740
2325
8425
4767
2257
5082
6342
3277
7964
10555
310
6106
5239
10103
6509
7936
4650
9904
10388
5719
5782
8829
9389
7597
7725
6472
9575
2256
2043
880
66
3830
3188
6142
4904
392
3649
8266
8623
9364
6920
8395
7028
6973
5861
8134
2031
5950
3350
1546
10526
6265
9127
5264
9633
5643
5760
10231
5728
9299
3376
5665
7110
6672
7994
3995
506
4891
9922
1096
7445
4487
3926
4914
5553
7619
4899
9703
7503
4586
575
9860
2479
3669
8556
5909
3010
1744
1858
9540
1605
4062
9059
6452
7119
1176
4786
6841
4065
8058
9043
4290
245
10281
6028
3603
8955
1619
401
1446
4510
10014
6089
9417
7437
3621
1493
8075
2779
9588
5407
1383
4643
1135
477
70
4837
3313
1354
8235
7540
7591
8566
2710
8335
4623
5648
5007
3632
3104
10588
5904
9441
707
4228
2835
823
0
489
6088
5628
3681
8997
1107
1505
6223
6704
730
4361
10426
3298
7248
1916
4561
9060
5375
8597
8006
891
4568
9962
10491
2725
833
2567
3791
8009
6868
1519
5386
4028
5446
8660
9985
9507
8751
1664
4318
4883
8656
9016
6623
4191
5229
2754
8098
8085
9933
1580
6296
9153
9025
3261
8445
7055
8379
8950
10335
450
5066
7569
10113
7862
6998
7567
7866
254
10154
10177
4072
1226
5104
5691
10479
10209
3137
4585
3311
9001
6178
2703
7259
998
2264
8994
4356
915
4432
1102
4284
4486
2364
10559
653
7798
5087
2732
4367
4452
5537
6637
705
8074
4016
4046
1499
3782
2989
1831
4200
5022
2110
8374
1218
7717
3232
7776
6607
1054
1569
4355
3898
111
4410
1232
432
410
6365
2145
8647
9742
3504
10109
9955
4693
7285
6601
8372
6543
6942
8590
129
3793
1426
9338
2328
10379
8301
9044
211
5757
6156
9614
1013
2212
1380
6310
8662
6727
4267
1192
6459
2453
75
4982
6471
3370
10521
6742
6802
6392
7417
2970
7511
2967
8481
3427
5693
9017
6745
351
6306
1854
2645
1922
9971
2218
7887
7831
7645
9228
2179
965
8313
114
10317
7526
10424
4472
5991
4580
7638
2386
7724
6460
8264
1341
9605
2418
6864
5232
1389
9827
5230
1985
2258
5477
8044
9987
1559
10157
4575
8337
3279
993
5105
704
2939
6309
3666
8223
4165
6621
10495
358
5337
4409
3935
5324
6302
3939
3976
1789
7390
1219
1287
1608
6939
1071
4161
5170
5359
48
9980
8302
5985
2620
5124
2941
3755
8635
2735
1979
5645
4706
1353
3214
7719
8559
7372
3368
9966
1501
4699
2768
6798
3547
550
7046
3985
6063
6897
8561
9378
9821
2119
519
6449
5043
6821
4395
1265
3688
9965
7388
3881
7563
7101
5971
4047
7625
3340
5953
3359
7308
7063
6448
2296
5682
4373
9877
6814
3049
1212
2841
3512
8177
9068
671
10289
7943
6928
4680
4851
4853
2269
4753
4674
5342
7172
10529
3375
2242
7945
5201
6104
8905
3416
3355
9455
2580
8542
5598
9981
3671
6252
6758
5535
7468
738
6127
3792
8632
7162
5993
6074
10059
8550
3482
6281
9660
6923
8789
5579
3556
5492
8453
3594
10396
6480
2929
5883
670
1285
7879
6010
2151
8170
2278
1777
8426
3711
3480
3897
1677
8619
7948
8449
3590
5937
8618
4255
6203
8564
6820
2742
2661
9889
5423
1320
4240
8752
4951
7555
6248
1483
6889
5482
6095
9159
8515
10191
8991
9783
7129
7126
1532
7779
6716
349
2615
3969
4414
7210
8007
6435
7886
7744
3329
2307
3139
4058
32
7970
5925
3234
8942
2691
3372
3064
995
8702
2033
734
8817
8546
1491
5175
9484
876
595
3966
4353
10043
1776
1780
10429
9474
2173
1498
5736
8836
4799
1432
9751
335
8996
61
6090
3948
7842
2727
5236
87
3008
248
4814
1553
2895
1943
6067
1445
7387
240
1346
3487
7648
8685
1106
6109
6950
1311
6126
2853
2796
2445
1687
3483
9579
4882
7215
3757
9584
5787
4873
4351
8933
323
2827
1105
5866
8998
1544
9471
6337
2922
6577
588
8759
8570
500
8259
7254
3684
5426
6353
4994
8552
4010
4197
9824
6539
9404
1349
8183
7250
763
3927
8716
6101
8246
3672
1179
7810
8543
10249
309
1521
5730
10323
1583
1424
10086
1824
2614
9839
6131
4468
4570
5378
1492
36
8777
2713
9578
9266
1064
5959
88
293
3574
2045
10203
8904
1490
8389
2444
4686
6495
2652
8558
2718
7455
10052
6357
3090
6220
736
5974
8624
4481
4309
7763
8830
6345
10125
9118
3230
2313
144
8512
5573
7492
3949
7860
9975
5753
5004
8210
3833
4559
178
4330
7010
6130
2066
2825
8640
3379
10181
7962
6417
6592
2142
3264
6558
8785
5119
8842
7410
9760
8414
7281
9108
200
4992
10161
2049
263
9729
4877
1231
5987
8013
610
3383
2493
7812
789
5499
7616
8912
5249
4513
1863
9642
2666
10245
10498
2724
4219
10329
5277
6585
330
5253
10219
4093
8146
3931
7432
1726
6561
9298
5116
5539
6490
31
3508
5632
9066
5057
5291
10339
1561
2360
1042
8377
4509
5434
9634
9202
4783
441
4456
796
8610
1058
971
5373
4681
569
3205
9176
831
3507
6649
2317
4734
4989
4265
2207
1331
10415
2451
2905
3958
2446
3494
1246
6133
3825
9758
2587
2917
290
4268
179
2004
8347
8333
9600
9274
5343
9165
7189
3835
1142
2057
2250
8486
8277
10186
1996
5833
7636
9750
4629
10077
9632
5383
2019
162
9606
5199
8490
4037
9353
7850
3679
8848
2413
10356
3663
2991
8961
7683
9046
8914
1624
10152
283
487
644
7115
7976
8274
5217
522
1715
2487
5841
5432
76
203
2980
3869
4878
4283
3513
9000
2128
4752
22
6383
6804
5153
1640
4879
8433
4320
2711
3823
5131
1292
8410
8244
5079
7131
5844
8315
9081
2504
5670
3861
378
4258
5085
4522
856
7651
6497
4225
10363
5298
7348
4856
777
8178
929
2791
3267
9351
375
6712
8756
906
5440
1391
2089
4755
8622
10351
5091
3133
9218
5491
7224
5184
7621
1400
1048
297
2577
2586
7516
9429
6589
743
7972
5887
3636
3109
4921
10214
7764
5238
7675
7537
4698
9504
524
819
214
1274
6500
10342
6286
3784
6565
8253
10042
4938
3538
7314
347
9945
3166
10537
10204
5165
3209
4870
6695
10039
10116
2015
3061
1241
10149
5417
8891
548
6406
2635
2702
6662
6755
3893
7400
8239
9970
5633
6307
8039
10572
4407
4720
3378
9853
133
4150
7148
9483
8326
3707
10418
5556
122
7416
2071
10584
4598
836
4722
9592
6921
1825
4784
10543
362
9437
9447
7091
2109
9690
10018
2265
2856
7837
6243
1164
104
3225
1482
6504
526
6790
258
10015
10336
4986
10334
4149
9151
9719
3365
2769
1248
6185
4735
9688
2869
5827
7707
9257
4632
8367
6881
2203
6510
735
1887
1411
6428
3602
4127
3426
7195
5111
5773
7852
4536
6289
4713
9416
1040
4908
2723
2876
2098
4115
1386
1447
7954
2277
9316
1635
6486
5132
8723
5013
7237
9707
5713
683
146
8240
8062
5621
338
6232
7901
744
5817
3243
9747
4733
10438
5890
6746
3530
750
7829
8909
10357
7689
9192
9967
7696
4103
8510
3780
5279
1670
554
8012
5850
8477
10528
6627
528
1441
8654
1739
9331
4474
183
4945
7447
6550
2525
4097
4039
2284
6958
3093
6890
1877
171
7330
1611
3189
8747
1953
5409
6824
8002
6630
6371
10288
9920
2738
5427
6687
3740
9062
4838
2900
2678
10464
7294
7865
6176
6100
1949
10151
3743
8370
4685
10395
3727
4038
2288
173
7917
9137
7358
9656
612
6058
573
3499
1692
1693
212
2415
4762
4377
3058
5602
2226
2174
6375
10007
651
2340
6041
10048
9255
9706
6451
52
5490
1224
9950
862
3431
1630
1817
9360
7995
1376
5379
10560
9418
4871
8525
10349
10127
292
3422
8713
4956
1144
7212
6485
7577
3516
869
8859
3052
4119
715
6475
9986
9720
6105
2293
10304
6122
253
6837
7933
10297
2272
6351
3031
9564
7704
9711
802
6319
9279
7036
9826
5511
9296
1827
4461
2496
2117
1672
1588
9004
4107
2166
2771
4144
1397
3858
966
1199
5609
3413
1475
9246
4341
3256
9092
6177
8111
2430
755
5305
2680
9960
2885
4178
256
2812
9208
675
7734
1958
10393
2456
3758
6192
1539
3046
6609
6061
8036
7192
3950
4902
10202
2814
7576
855
2144
1987
10409
7069
3519
9341
10620
1076
9629
195
2118
2275
8420
1811
8851
8334
3065
8958
7017
1636
8696
259
8724
8744
7910
9336
273
2156
9899
7209
9543
6181
5353
3386
9061
5564
6800
63
7630
5273
10575
648
8094
307
4450
9949
4477
8405
4610
3447
2501
4859
9626
7168
8397
973
2712
1308
1153
10216
3161
3
7234
6542
5764
4545
3478
4759
1101
3018
9556
191
706
5209
1342
5168
213
9842
1152
8784
10403
8310
1257
3862
6788
8427
9160
3844
5194
9500
1066
5010
8799
10412
4631
7942
8418
8651
7662
4524
7429
10090
1643
6257
5348
4042
1396
3223
1112
7270
469
972
1990
6587
2390
1896
9812
3445
1906
4213
1003
4325
7882
2309
10421
9399
9658
1991
6681
5891
8860
6945
6693
1312
4337
1971
2641
504
2335
8902
9766
9874
9906
315
10378
4728
3012
7872
4401
9635
9321
2728
5842
1056
4931
6473
6617
1769
6008
1177
1060
6502
1942
3677
6372
5455
158
6380
7949
1822
8936
10298
8952
5949
9325
1156
635
7321
9195
7457
1894
9828
4253
1206
10394
1069
4362
3263
2854
1654
5313
8557
5580
7741
3729
3660
8321
2536
788
2651
1410
7333
5200
6487
7670
2073
9491
3111
1449
92
5160
1158
302
6547
2046
5068
1853
10311
2126
5493
6414
458
1429
6267
5235
6982
9518
3469
5734
662
9337
1700
4182
1524
4976
8588
3946
5177
9499
7035
9183
7646
639
5571
464
2813
7991
10184
1720
7137
8362
9227
8250
9667
8179
2839
7474
6641
1051
4885
898
7656
8840
7999
1856
1035
10144
7060
6323
9249
8454
1785
1952
5335
5134
6515
1103
8729
4433
10434
3817
7659
7641
6975
6391
10512
7021
10185
5941
7037
3568
12
9457
6370
9513
6083
7295
8935
4234
131
1722
10475
5530
1015
7610
7169
1211
5777
8193
9594
8004
611
9524
1812
7113
8864
2400
244
1024
9067
1134
8653
437
10486
6690
366
7274
6803
9422
2355
8553
10272
10597
6175
4479
4186
8284
5218
7711
8692
6674
9156
2798
7611
1279
8684
2903
24
412
10050
9355
1427
442
2532
508
10315
3174
7990
650
7112
7543
4578
1195
5180
2298
8270
8758
9544
5973
7679
8150
5093
2432
6043
9089
9875
4591
5185
3023
4815
8011
1804
8097
6876
7677
10364
1649
1187
2369
4556
7436
941
5646
402
1798
1542
7684
7095
3716
7894
3984
3710
7898
3517
4214
9515
1957
9
6632
6574
4778
336
9464
8852
2215
467
6882
1350
7902
946
4607
10531
9462
2674
3458
3463
7494
9489
9352
10487
5716
3316
1149
10156
8761
6186
9290
1408
8897
5681
2234
6311
4428
3550
1325
6440
4033
9083
6847
4637
10374
1000
8320
10450
7239
2992
5766
8903
3393
3224
9326
2765
8533
2082
492
8317
4627
769
1760
4137
5519
6581
5260
5898
6047
9861
2077
8350
10001
10368
1067
4694
9625
1506
1072
7420
7150
6833
6233
10595
8517
3541
1184
6659
5869
3274
2352
6169
5500
7518
1956
7458
8985
5
2318
7226
3086
5344
9097
7475
6992
8899
5031
7423
1189
8391
6482
9865
5744
6291
4264
6615
9076
8603
7579
1457
6373
4164
3772
8857
2515
3236
304
5067
7339
4668
5095
