1.093000054359436,0.9910001158714294,3.000005006790161
1.190999984741211,0.9910001158714294,2.999988079071045
2.0280001163482666,0.9769999980926514,2.999995231628418
1.253999948501587,0.9930000901222229,3.0000016689300537
1.215999960899353,0.9920001029968262,2.999995470046997
1.1929999589920044,0.9900000095367432,3.0000057220458984
1.1489999294281006,0.9900000691413879,2.99999737739563
1.1459999084472656,0.9920000433921814,3.0000057220458984
1.2329999208450317,0.9900000095367432,3.0000059604644775
1.2650001049041748,0.9860000610351562,3.0000033378601074
1.1129999160766602,0.9879999756813049,3.0000059604644775
1.2230000495910645,0.9900001287460327,3.0000011920928955
1.4109998941421509,0.9900001287460327,3.000002861022949
1.2649999856948853,0.984000027179718,3.0000061988830566
1.3259999752044678,0.984000027179718,2.999997138977051
5.419000148773193,0.9340000152587891,3.000002861022949
1.3809999227523804,0.9910000562667847,3.000002384185791
1.0740001201629639,0.9940000772476196,3.0000061988830566
1.2649999856948853,0.9880000352859497,3.0000014305114746
1.0579999685287476,0.9950000643730164,3.0000057220458984
1.0839999914169312,0.9950000643730164,3.0000057220458984
1.093000054359436,0.9950000643730164,3.0000057220458984
1.1480000019073486,0.9930000901222229,3.0000011920928955
1.227000117301941,0.9950000643730164,3.0
1.0829998254776,0.9940000772476196,3.0000052452087402
2.698000192642212,0.9679999351501465,3.000002861022949
1.2280000448226929,0.987000048160553,3.000002384185791
1.2359999418258667,0.987000048160553,2.9999966621398926
1.315999984741211,0.9910000562667847,2.9999964237213135
1.468000054359436,0.9839999675750732,3.0000011920928955
1.0740000009536743,0.9930000901222229,3.0000054836273193
1.5230000019073486,0.9900000691413879,2.999998092651367
1.4730000495910645,0.9850000739097595,2.999997138977051
3.0970001220703125,0.9649999737739563,2.9999940395355225
1.6130000352859497,0.9859999418258667,2.999990701675415
1.9410001039505005,0.9809999465942383,3.0
2.517000198364258,0.9709999561309814,2.9999990463256836
1.189000129699707,0.9900001287460327,3.0000054836273193
1.2290000915527344,0.9900001287460327,3.0000014305114746
2.0970001220703125,0.965999960899353,2.9999988079071045
2.0900001525878906,0.9729999303817749,2.9999914169311523
1.2049999237060547,0.9890000224113464,3.0000014305114746
2.2769999504089355,0.9760000109672546,2.999994993209839
1.2090001106262207,0.9900000095367432,3.0000011920928955
1.2279999256134033,0.9890000820159912,2.999997138977051
4.4029998779296875,0.9420000314712524,3.000002861022949
1.1790000200271606,0.9900001287460327,3.0000057220458984
1.1859999895095825,0.9930000901222229,3.0000059604644775
1.2219998836517334,0.9920001029968262,2.999988317489624
1.284000039100647,0.9829999804496765,3.0000011920928955
1.096000075340271,0.9950000643730164,3.0000059604644775
1.0630000829696655,0.9930000305175781,3.0000061988830566
1.9849998950958252,0.968999981880188,3.000002861022949
1.2300000190734863,0.9869999885559082,3.0000057220458984
1.3309999704360962,0.9860000610351562,2.9999966621398926
1.3440001010894775,0.987000048160553,3.0000040531158447
1.187999963760376,0.9920000433921814,3.0000052452087402
1.0859999656677246,0.9940000772476196,3.0000059604644775
1.318000078201294,0.9880000352859497,3.000004291534424
1.0279998779296875,0.9950000643730164,3.000004768371582
1.3090001344680786,0.9850000143051147,3.0000009536743164
1.6990000009536743,0.9850000143051147,2.9999966621398926
1.308000087738037,0.987000048160553,2.999997138977051
1.250999927520752,0.9930000901222229,3.0000040531158447
1.305999994277954,0.9839999675750732,3.0000057220458984
1.1710000038146973,0.9940000772476196,2.999997138977051
1.1230000257492065,0.9940000772476196,3.0000057220458984
1.8890000581741333,0.9850000143051147,2.9999969005584717
1.3440001010894775,0.9900000095367432,3.0000016689300537
1.0879998207092285,0.9950000643730164,3.0000061988830566
1.0509999990463257,0.9950000643730164,3.0000052452087402
1.194000005722046,0.9950000643730164,2.999990940093994
1.2200000286102295,0.9869999885559082,3.0000057220458984
1.2450000047683716,0.9860000610351562,3.0000011920928955
1.1799999475479126,0.9930000305175781,3.00000262260437
1.2359999418258667,0.9930000901222229,2.999988079071045
1.694000005722046,0.984000027179718,2.9999988079071045
1.1330000162124634,0.9880000352859497,2.9999969005584717
1.0850000381469727,0.9940000772476196,2.9999966621398926
1.261000156402588,0.9930000305175781,2.9999992847442627
1.3320001363754272,0.9900001287460327,2.999997138977051
1.1630001068115234,0.9950000643730164,3.000005006790161
1.1370000839233398,0.9930000901222229,3.0000057220458984
1.2009999752044678,0.9950000643730164,2.999995470046997
1.2969999313354492,0.9839999675750732,3.0000014305114746
1.9970000982284546,0.9750000238418579,2.9999911785125732
1.093000054359436,0.9950000643730164,3.0000059604644775
1.33899986743927,0.9900000095367432,3.0000009536743164
1.183000087738037,0.9950000643730164,3.0000038146972656
1.0959999561309814,0.9950000643730164,3.0000057220458984
1.2519999742507935,0.9910000562667847,3.0000040531158447
1.1419999599456787,0.9920000433921814,3.0000064373016357
1.093000054359436,0.9950000643730164,3.0000059604644775
1.030999779701233,0.9950000643730164,3.0000052452087402
1.3040000200271606,0.9900000691413879,2.9999969005584717
1.2310000658035278,0.9910001158714294,2.999992609024048
1.1080000400543213,0.9950000643730164,3.0000054836273193
1.1440000534057617,0.9920000433921814,3.0000061988830566
1.2050000429153442,0.9880000352859497,3.0000061988830566
1.0490000247955322,0.9950000643730164,3.0000057220458984
1.215000033378601,0.9839999675750732,3.0000057220458984
1.2089999914169312,0.9869999885559082,3.0000059604644775
1.3230000734329224,0.9829999208450317,2.999997138977051
1.5199999809265137,0.9779999852180481,2.999992609024048
1.1389999389648438,0.9900001287460327,3.0000054836273193
1.4800000190734863,0.9799999594688416,2.999992609024048
3.9660003185272217,0.9740000367164612,2.9999969005584717
1.7670000791549683,0.9750000238418579,3.000001907348633
1.1309999227523804,0.9910001158714294,3.0000052452087402
1.3529999256134033,0.9890000224113464,2.999999761581421
1.2760001420974731,0.9930000901222229,3.000001907348633
1.0679999589920044,0.9940000772476196,3.0000016689300537
1.2160001993179321,0.9900000095367432,3.0000011920928955
1.2309999465942383,0.9880000352859497,2.9999992847442627
1.1159999370574951,0.9920001029968262,3.0000059604644775
1.1480000019073486,0.9930000901222229,3.0000057220458984
1.2070000171661377,0.9890000820159912,3.0000035762786865
1.5420000553131104,0.9839999079704285,2.99999737739563
1.5520001649856567,0.9839999079704285,2.9999969005584717
1.0880000591278076,0.9950000643730164,3.0000054836273193
1.3289999961853027,0.9900000691413879,2.999999523162842
1.2990001440048218,0.9840000867843628,2.999995470046997
1.4790000915527344,0.9810000658035278,2.999999761581421
1.1200001239776611,0.9920001029968262,3.000004768371582
1.899999976158142,0.9709999561309814,2.9999923706054688
1.3489999771118164,0.9850000143051147,3.0000052452087402
1.3650001287460327,0.9940000772476196,2.999995231628418
2.2760000228881836,0.9839999079704285,2.9999969005584717
2.23799991607666,0.981999933719635,2.9999935626983643
1.1349999904632568,0.9950000643730164,2.9999969005584717
1.149999976158142,0.9920001029968262,3.0000014305114746
1.5530000925064087,0.984000027179718,2.999997138977051
1.6640000343322754,0.9860000014305115,2.9999935626983643
2.4810001850128174,0.9700000286102295,2.999987840652466
1.2540000677108765,0.9869999885559082,2.9999966621398926
1.1910001039505005,0.987000048160553,3.0000057220458984
1.5529999732971191,0.9760000109672546,3.0000040531158447
1.2700001001358032,0.9910000562667847,2.999992609024048
1.312999963760376,0.9829999804496765,3.0000011920928955
1.3250000476837158,0.9849998950958252,3.0000014305114746
1.3420000076293945,0.9849998950958252,3.0000011920928955
1.180999994277954,0.9950000643730164,3.0000057220458984
1.374000072479248,0.9900000095367432,2.9999964237213135
1.4840000867843628,0.9930000901222229,2.999995231628418
1.3799999952316284,0.9820000529289246,3.000002384185791
1.4940000772476196,0.9859999418258667,3.000004529953003
1.3120001554489136,0.987000048160553,3.0000059604644775
1.0730000734329224,0.9930000901222229,3.0000054836273193
1.5459998846054077,0.9819999933242798,2.9999959468841553
1.1219998598098755,0.9930000901222229,3.0000057220458984
1.25,0.9900000691413879,3.0000040531158447
1.2850000858306885,0.9910001158714294,3.000004291534424
1.1109999418258667,0.9950000643730164,3.0000054836273193
1.3230000734329224,0.9950000643730164,2.999988317489624
1.3469998836517334,0.987000048160553,3.0000059604644775
1.1380000114440918,0.9920000433921814,3.0000054836273193
1.1059999465942383,0.9930000901222229,3.0000059604644775
1.1339999437332153,0.9940000772476196,3.000005006790161
1.2139999866485596,0.9860000014305115,3.0000014305114746
1.2060000896453857,0.9850000143051147,3.0000059604644775
1.3480000495910645,0.981999933719635,3.0000014305114746
1.5210001468658447,0.9790000319480896,2.999999523162842
1.2669999599456787,0.9850000143051147,2.9999964237213135
1.180999994277954,0.9880000948905945,2.999997138977051
1.1519999504089355,0.9880000352859497,3.0000054836273193
1.4459999799728394,0.9789999723434448,3.0000016689300537
1.5490000247955322,0.9809999465942383,3.000004291534424
1.3680001497268677,0.9799999594688416,3.0000009536743164
1.3600000143051147,0.9900000691413879,2.999992847442627
1.3300001621246338,0.9829999804496765,2.9999969005584717
1.098000168800354,0.9930000305175781,3.0000059604644775
1.0730000734329224,0.9950000643730164,3.0000054836273193
1.1449999809265137,0.9940000772476196,2.999997615814209
1.1610000133514404,0.9930000901222229,3.0000061988830566
1.1440000534057617,0.9920001029968262,3.0000059604644775
1.3990000486373901,0.9819999933242798,2.999999761581421
1.2660000324249268,0.9890000224113464,3.000004291534424
1.222000002861023,0.9829999804496765,3.0000059604644775
1.3140000104904175,0.9799999594688416,3.000001907348633
1.090000033378601,0.9950000643730164,3.0000061988830566
1.4359999895095825,0.9900000691413879,2.9999983310699463
1.065999984741211,0.9950000643730164,3.0000057220458984
1.0609999895095825,0.9920001029968262,3.0000054836273193
1.1480000019073486,0.9890000224113464,3.0000009536743164
1.2039999961853027,0.9880000352859497,3.000000476837158
1.7110000848770142,0.9829999804496765,3.000002861022949
1.0820001363754272,0.9909999966621399,3.0000052452087402
1.1589999198913574,0.9920001029968262,3.0000057220458984
1.2000000476837158,0.9860000014305115,3.0000059604644775
1.4800000190734863,0.9830000400543213,3.0000054836273193
1.2039999961853027,0.9930000305175781,3.0000011920928955
1.9410001039505005,0.9749999642372131,3.0000040531158447
1.1190000772476196,0.9930000901222229,3.0000054836273193
1.6200000047683716,0.9790000319480896,2.999988079071045
1.1450001001358032,0.9940000772476196,3.0000016689300537
1.128999948501587,0.9950000643730164,2.999997138977051
1.6139999628067017,0.9779999256134033,3.00000262260437
1.1070001125335693,0.9920001029968262,3.0000057220458984
1.5490000247955322,0.9859999418258667,3.0000038146972656
1.6740000247955322,0.9849998950958252,3.000004768371582
1.8270000219345093,0.9859999418258667,3.000000476837158
1.2000000476837158,0.984000027179718,3.0000061988830566
1.4230000972747803,0.9799999594688416,2.999999761581421
1.3949999809265137,0.9769999980926514,3.0000052452087402
1.087999939918518,0.9910000562667847,3.0000057220458984
1.2710000276565552,0.9940000772476196,2.9999921321868896
1.15500009059906,0.9920000433921814,3.0000059604644775
1.059999942779541,0.9940000772476196,3.000005006790161
1.0629998445510864,0.9950000643730164,3.0000054836273193
2.8330001831054688,0.972000002861023,2.999995231628418
2.3000001907348633,0.9849998950958252,2.9999992847442627
1.1060000658035278,0.9930000901222229,2.9999966621398926
1.3020000457763672,0.9839999675750732,3.0000054836273193
1.1019999980926514,0.9900001287460327,3.0000057220458984
1.1669999361038208,0.9910000562667847,3.0000057220458984
1.4930000305175781,0.9709999561309814,3.0000059604644775
1.1330000162124634,0.9910000562667847,3.0000057220458984
1.28000009059906,0.9910000562667847,2.999992847442627
1.3289998769760132,0.9829999804496765,2.999988079071045
1.3590000867843628,0.9930000901222229,2.9999964237213135
1.1870001554489136,0.9900000691413879,3.0000057220458984
1.1940001249313354,0.9920000433921814,3.0000011920928955
1.1120001077651978,0.9910001158714294,3.0000057220458984
1.3450000286102295,0.9869999885559082,2.9999966621398926
1.428999900817871,0.9799999594688416,2.9999921321868896
1.1780002117156982,0.9890000224113464,3.0000052452087402
1.1759999990463257,0.9870001077651978,3.0000061988830566
1.1420000791549683,0.9930000901222229,3.0000057220458984
1.1290000677108765,0.9900000095367432,3.0000054836273193
1.2090001106262207,0.9860000014305115,3.0000016689300537
1.1720001697540283,0.9900000691413879,2.9999966621398926
1.0950000286102295,0.9950000643730164,3.0000057220458984
1.2300000190734863,0.9860000610351562,3.0000057220458984
1.272999882698059,0.9859999418258667,3.0000057220458984
1.5390000343322754,0.9879999756813049,2.999997138977051
1.3249999284744263,0.9880000352859497,2.9999988079071045
2.142000198364258,0.9819999933242798,3.0
1.0859999656677246,0.9930000901222229,3.000005006790161
1.0889999866485596,0.9890000820159912,3.0000059604644775
1.2010000944137573,0.9839999079704285,3.0000014305114746
1.441999912261963,0.9869999885559082,3.000002861022949
1.4240000247955322,0.9910001158714294,2.9999988079071045
1.3269997835159302,0.9920001029968262,2.9999938011169434
1.0749999284744263,0.9920001029968262,3.0000054836273193
1.071000099182129,0.9930000305175781,3.0000057220458984
1.0439999103546143,0.9940000772476196,3.000005006790161
1.1530001163482666,0.9860000014305115,3.000004768371582
1.4470000267028809,0.9800000190734863,3.0000011920928955
1.0839999914169312,0.9880000352859497,3.000004768371582
1.1829999685287476,0.9890000224113464,3.0000061988830566
1.0839999914169312,0.9909999966621399,3.0000052452087402
1.1100000143051147,0.9910000562667847,3.0000061988830566
1.4540001153945923,0.9739999771118164,3.0000007152557373
1.100000023841858,0.9920001029968262,3.0000059604644775
1.217000126838684,0.9860000014305115,2.9999969005584717
1.3190001249313354,0.9880000948905945,2.999997138977051
1.3489999771118164,0.9850000739097595,2.999995708465576
1.196000099182129,0.9900001287460327,2.999997138977051
1.1649999618530273,0.9839999675750732,3.000005006790161
1.0929999351501465,0.9940000772476196,3.0000014305114746
1.1369999647140503,0.9870001077651978,3.000005006790161
1.0999999046325684,0.9910000562667847,3.0000054836273193
1.2309999465942383,0.9950000643730164,2.9999990463256836
1.4940001964569092,0.9860000014305115,2.9999990463256836
1.340999960899353,0.9840000867843628,2.9999983310699463
1.221000075340271,0.9910001158714294,2.999992609024048
1.0860000848770142,0.9940000772476196,3.0000061988830566
1.1030001640319824,0.9930000901222229,3.0000057220458984
1.1119999885559082,0.9950000643730164,2.9999985694885254
1.2620000839233398,0.9880000352859497,3.0000040531158447
1.2710001468658447,0.9920000433921814,3.0
1.402000069618225,0.9810000061988831,3.0000014305114746
1.1699999570846558,0.9900000095367432,3.0000061988830566
1.9649999141693115,0.968999981880188,3.0
1.1230000257492065,0.9920000433921814,3.0000054836273193
1.0420000553131104,0.9950000643730164,3.0000059604644775
1.128000020980835,0.9940000772476196,3.0000059604644775
1.1160000562667847,0.9930000305175781,3.0000057220458984
1.3899999856948853,0.9829999804496765,3.000002384185791
2.2090001106262207,0.9679999947547913,2.9999985694885254
1.3539999723434448,0.9930000901222229,3.0000040531158447
1.1769999265670776,0.9930000901222229,3.0000035762786865
1.162000060081482,0.9920001029968262,3.0000061988830566
1.5670000314712524,0.9789999723434448,2.9999985694885254
1.2829999923706055,0.9869999885559082,3.0000040531158447
1.1139999628067017,0.9950000643730164,3.0000016689300537
1.0989998579025269,0.9950000643730164,3.0000061988830566
1.5520000457763672,0.9739999771118164,3.000005006790161
1.1679999828338623,0.9909999966621399,3.0000054836273193
1.2350000143051147,0.9900000691413879,3.0000011920928955
1.246999979019165,0.9860000014305115,3.0000061988830566
1.4830000400543213,0.984000027179718,2.999999761581421
1.3530000448226929,0.9800000786781311,2.999997138977051
1.5170000791549683,0.9759999513626099,3.0000057220458984
1.0780000686645508,0.9940000772476196,3.0000054836273193
1.1829999685287476,0.9890000224113464,3.0000011920928955
1.0740000009536743,0.9910001158714294,3.0000052452087402
1.1319999694824219,0.9930000901222229,2.99999737739563
1.4189999103546143,0.9869999289512634,2.9999947547912598
1.9510000944137573,0.966999888420105,2.9999964237213135
1.568000078201294,0.9799999594688416,2.999999761581421
1.3590000867843628,0.9789999723434448,2.9999966621398926
1.2740000486373901,0.9940000772476196,2.999999761581421
1.2039999961853027,0.9900000691413879,3.0000054836273193
1.2440000772476196,0.9860000610351562,2.999997615814209
1.147999882698059,0.9920001029968262,3.0000054836273193
1.2280000448226929,0.9859999418258667,3.0000061988830566
1.2599998712539673,0.9890000224113464,2.999995708465576
1.3789998292922974,0.9800000190734863,3.0000030994415283
1.312999963760376,0.9880000352859497,3.0000057220458984
1.3429999351501465,0.9850000143051147,2.999992847442627
1.3790000677108765,0.9829999208450317,2.9999966621398926
1.5430001020431519,0.9780000448226929,3.0000038146972656
1.2400001287460327,0.9869999885559082,2.999992609024048
1.2569999694824219,0.9900000095367432,3.0000057220458984
1.4170000553131104,0.9860000014305115,2.9999940395355225
1.0470000505447388,0.9950000643730164,3.0000064373016357
1.3609998226165771,0.9799999594688416,2.999988317489624
1.1420000791549683,0.9900000691413879,3.0000059604644775
1.0989999771118164,0.9940000772476196,3.0000016689300537
1.3960000276565552,0.9880000352859497,3.0000011920928955
1.2410001754760742,0.9910000562667847,2.999988317489624
1.1129999160766602,0.9920001029968262,3.0000054836273193
1.2489999532699585,0.9880000352859497,3.0000054836273193
1.0969998836517334,0.9900000691413879,3.0000052452087402
1.1380000114440918,0.9930000901222229,3.0000061988830566
1.162000060081482,0.9920001029968262,3.0000059604644775
1.2280000448226929,0.9880000352859497,3.000005006790161
1.124000072479248,0.9930000901222229,3.000005006790161
1.375999927520752,0.9890000820159912,3.0000016689300537
1.0720001459121704,0.9950000643730164,3.0000011920928955
1.09499990940094,0.9950000643730164,3.0000059604644775
1.1370000839233398,0.9930000901222229,3.0000054836273193
1.277999997138977,0.9849998950958252,3.0000057220458984
1.0830000638961792,0.9940000772476196,3.0000059604644775
1.2340000867843628,0.9940000772476196,2.999987840652466
1.1720001697540283,0.9940000772476196,3.0000011920928955
1.2190001010894775,0.9850000143051147,3.0000057220458984
1.0549999475479126,0.9950000643730164,3.0000054836273193
1.1079999208450317,0.9940000772476196,2.999999523162842
1.1280001401901245,0.9940000772476196,2.9999969005584717
1.0729999542236328,0.9950000643730164,3.0000057220458984
1.066999912261963,0.9930000305175781,3.000004529953003
1.4950000047683716,0.9900000691413879,3.0000040531158447
1.3380001783370972,0.9950000643730164,2.9999966621398926
1.1060000658035278,0.9920000433921814,3.0000059604644775
1.159999966621399,0.9880000352859497,3.0000061988830566
1.319000005722046,0.9880000352859497,2.999999761581421
1.5759999752044678,0.9820000529289246,2.999998092651367
1.2299998998641968,0.9869999885559082,3.0000016689300537
1.1230000257492065,0.9930000901222229,3.0000059604644775
1.319000005722046,0.9890000224113464,2.999990701675415
1.337999939918518,0.9860000014305115,3.0000014305114746
1.2910000085830688,0.9880000352859497,3.0000057220458984
1.066999912261963,0.9950000643730164,3.0000054836273193
1.0989999771118164,0.9930000901222229,2.999997138977051
1.0459998846054077,0.9950000643730164,3.0000052452087402
1.3860000371932983,0.9759999513626099,2.999992609024048
1.061000108718872,0.9940000772476196,3.0000057220458984
1.1119999885559082,0.9880000352859497,3.0000052452087402
1.0830000638961792,0.9880000352859497,3.000005006790161
1.084999918937683,0.9900000095367432,3.0000059604644775
1.0870000123977661,0.9950000643730164,3.0000057220458984
1.1109999418258667,0.9930000305175781,2.9999969005584717
1.8269999027252197,0.9820000529289246,2.999992609024048
1.062000036239624,0.9950000643730164,3.0000061988830566
1.0550000667572021,0.9950000643730164,3.0000057220458984
1.996000051498413,0.9780000448226929,2.9999942779541016
1.350000023841858,0.9900001287460327,2.999999761581421
1.3240000009536743,0.9900001287460327,2.999999761581421
1.2730000019073486,0.9830000400543213,3.0000061988830566
1.1150000095367432,0.9890000820159912,3.0000054836273193
1.0640000104904175,0.9920001029968262,3.0000052452087402
1.1399999856948853,0.9910000562667847,3.0000011920928955
1.2660001516342163,0.9839999675750732,3.0000059604644775
1.2940000295639038,0.9910001158714294,2.9999990463256836
1.0520000457763672,0.9950000643730164,3.000005006790161
1.2259999513626099,0.9880000352859497,2.9999966621398926
1.087999939918518,0.9940000772476196,3.000001907348633
1.5620001554489136,0.9869999885559082,3.00000262260437
1.125,0.9890000224113464,3.0000054836273193
1.2039999961853027,0.9850000143051147,3.0000014305114746
1.0759999752044678,0.9920001029968262,3.000004768371582
1.1449999809265137,0.9950000643730164,2.999997138977051
1.3450000286102295,0.9890000224113464,2.9999938011169434
1.1369999647140503,0.9880000352859497,3.0000009536743164
1.0869998931884766,0.9940000772476196,3.0000054836273193
1.8550000190734863,0.9829999804496765,3.000002861022949
1.437999963760376,0.9819999933242798,3.0000052452087402
1.255000114440918,0.9880000352859497,2.999992609024048
1.1490001678466797,0.9890000224113464,3.0000059604644775
1.1390000581741333,0.9890000224113464,3.0000059604644775
1.277999997138977,0.9799999594688416,3.000001907348633
1.1619999408721924,0.9890000224113464,3.0000059604644775
1.0699999332427979,0.9950000643730164,3.0000061988830566
1.0549999475479126,0.9930000901222229,3.0000057220458984
1.1009999513626099,0.9920001029968262,3.0000061988830566
1.1740000247955322,0.9910001158714294,2.99999737739563
1.1689999103546143,0.9900000691413879,2.999993085861206
1.194000005722046,0.9880000948905945,2.99999737739563
1.1150000095367432,0.9869999289512634,3.0000054836273193
1.2610000371932983,0.9950000643730164,2.9999983310699463
1.1179999113082886,0.9930000305175781,3.0000054836273193
1.1230000257492065,0.9950000643730164,3.0000057220458984
1.100000023841858,0.9940000772476196,2.9999966621398926
1.034000039100647,0.9950000643730164,3.000004768371582
1.122999906539917,0.9920001029968262,3.000005006790161
1.13100004196167,0.98499995470047,3.0000059604644775
1.0789999961853027,0.9920001029968262,3.0000011920928955
1.0359998941421509,0.9950000643730164,3.000005006790161
1.1119999885559082,0.9940000772476196,3.0000052452087402
1.1770000457763672,0.9879999756813049,3.0000052452087402
1.1420000791549683,0.9950000643730164,2.9999969005584717
1.136000156402588,0.9890000224113464,3.0000052452087402
1.149999976158142,0.9920001029968262,2.999997138977051
1.071000099182129,0.9950000643730164,3.0000052452087402
1.316999912261963,0.9849998950958252,2.9999964237213135
1.0799999237060547,0.9950000643730164,3.0000057220458984
1.0519999265670776,0.9930000901222229,3.0000054836273193
1.1899999380111694,0.9900001287460327,3.0000054836273193
1.1360000371932983,0.9920000433921814,3.0000054836273193
1.1970000267028809,0.9950000643730164,2.999998092651367
1.121000051498413,0.9890000820159912,2.999997138977051
1.121999979019165,0.9930000901222229,2.999997138977051
1.0500000715255737,0.9940000772476196,3.0000054836273193
1.1019999980926514,0.9900000691413879,3.0000057220458984
1.185999870300293,0.9900001287460327,3.0000014305114746
1.404000163078308,0.9819999933242798,2.999997615814209
1.059999942779541,0.9950000643730164,3.0000052452087402
1.1619998216629028,0.9900000095367432,3.0
1.1880000829696655,0.9910001158714294,3.0000038146972656
1.1459999084472656,0.9890000224113464,3.0000054836273193
1.1970000267028809,0.9900000691413879,2.99999737739563
1.1290000677108765,0.9890000820159912,2.999997138977051
1.2519999742507935,0.9840000867843628,2.9999969005584717
1.3189998865127563,0.9880000352859497,2.9999983310699463
1.1679999828338623,0.9850000739097595,3.0000052452087402
1.100000023841858,0.9890000224113464,3.0000052452087402
1.0899999141693115,0.9920001029968262,3.0000064373016357
1.1749999523162842,0.9869999885559082,3.000005006790161
1.2170000076293945,0.9900000691413879,3.0000057220458984
1.0730000734329224,0.9930000901222229,3.0000064373016357
1.1349999904632568,0.9920000433921814,2.9999964237213135
1.124000072479248,0.9950000643730164,3.0000057220458984
1.091999888420105,0.9950000643730164,3.0000014305114746
1.0870000123977661,0.9930000901222229,3.0000054836273193
1.093000054359436,0.9900000691413879,3.0000057220458984
1.0490000247955322,0.9940000772476196,3.000004768371582
1.1130000352859497,0.9930000901222229,2.999997138977051
1.0959999561309814,0.9920001029968262,3.0000057220458984
1.218999981880188,0.9879999756813049,2.999992609024048
1.2680000066757202,0.9850000739097595,2.9999992847442627
1.1090000867843628,0.9900000691413879,2.9999966621398926
1.0509999990463257,0.9950000643730164,3.0000057220458984
1.1490000486373901,0.987000048160553,2.999997138977051
1.1079999208450317,0.9940000772476196,3.0000014305114746
1.1540000438690186,0.9890000820159912,3.0000014305114746
1.281000018119812,0.9890000820159912,3.0000033378601074
1.065999984741211,0.9950000643730164,3.000004529953003
1.0929999351501465,0.9889999628067017,3.000005006790161
1.1589999198913574,0.9880000352859497,3.0000057220458984
1.1519999504089355,0.9879999756813049,3.0000059604644775
1.1139999628067017,0.9910000562667847,3.0000054836273193
1.0830000638961792,0.9910001158714294,3.0000057220458984
1.0759998559951782,0.9930000901222229,3.0000059604644775
1.0869998931884766,0.9920000433921814,3.0000064373016357
1.1089999675750732,0.9940000772476196,3.0000057220458984
1.055999994277954,0.9940000772476196,3.0000059604644775
1.0749999284744263,0.9930000901222229,3.000004768371582
1.190000057220459,0.9880000352859497,3.0000061988830566
1.0469999313354492,0.9940000772476196,3.000005006790161
1.1770000457763672,0.9900001287460327,2.9999966621398926
1.1759999990463257,0.987000048160553,3.0000009536743164
1.0819998979568481,0.9920000433921814,3.000005006790161
1.0759998559951782,0.9930000901222229,3.0000014305114746
1.1120001077651978,0.9900000691413879,3.0000054836273193
1.087999939918518,0.9950000643730164,2.999999761581421
1.1039999723434448,0.9910000562667847,3.0000057220458984
1.0779999494552612,0.9940000772476196,3.0000057220458984
1.056999921798706,0.9950000643730164,3.0000057220458984
1.0740000009536743,0.9890000820159912,3.0000052452087402
1.097000002861023,0.9900001287460327,3.0000054836273193
1.058000087738037,0.9950000643730164,3.0000052452087402
1.0770000219345093,0.9900001287460327,3.000004768371582
1.0850000381469727,0.9880000352859497,3.0000052452087402
1.1430000066757202,0.9880000352859497,3.000005006790161
1.0640000104904175,0.9950000643730164,3.0000052452087402
1.1339999437332153,0.9930000901222229,3.0000057220458984
1.097999930381775,0.9880000352859497,3.0000054836273193
1.0600000619888306,0.9930000901222229,3.0000052452087402
1.027999997138977,0.9940000772476196,3.0000052452087402
1.0860000848770142,0.9930000901222229,3.0000054836273193
1.0530000925064087,0.9950000643730164,3.0000052452087402
1.2089999914169312,0.9950000643730164,2.999997138977051
1.0360000133514404,0.9950000643730164,3.0000057220458984
1.0310001373291016,0.9950000643730164,3.000004768371582
1.122999906539917,0.9869999885559082,3.0000059604644775
1.0440000295639038,0.9940000772476196,3.000005006790161
1.0749999284744263,0.9910001158714294,3.000000238418579
1.0410001277923584,0.9909999966621399,3.000004529953003
