1.092000126838684,0.9910001158714294,3.0000052452087402
1.1920000314712524,0.9910001158714294,2.9999923706054688
2.0420000553131104,0.9769999980926514,2.9999911785125732
1.2549998760223389,0.9930000901222229,3.0000016689300537
1.222999930381775,0.9920001029968262,2.999995470046997
1.190999984741211,0.9900000095367432,3.0000057220458984
1.1489999294281006,0.9900000691413879,3.0000016689300537
1.1459999084472656,0.9920000433921814,3.0000057220458984
1.2369999885559082,0.9900000095367432,3.0000057220458984
1.2600001096725464,0.9860000610351562,3.0000033378601074
1.1129999160766602,0.9879999756813049,3.0000059604644775
1.2380000352859497,0.9900001287460327,3.0000011920928955
1.435999870300293,0.9900001287460327,3.000002861022949
1.2549999952316284,0.984000027179718,3.0000061988830566
1.312999963760376,0.984000027179718,2.9999969005584717
4.987000465393066,0.9340000152587891,3.000004768371582
1.371999979019165,0.9910000562667847,3.000002145767212
1.0760000944137573,0.9940000772476196,3.0000064373016357
1.2569999694824219,0.9880000352859497,3.0000014305114746
1.0570000410079956,0.9950000643730164,3.0000057220458984
1.0820000171661377,0.9950000643730164,3.0000057220458984
1.090000033378601,0.9950000643730164,3.0000059604644775
1.1540000438690186,0.9930000901222229,3.0000011920928955
1.227000117301941,0.9950000643730164,2.99999737739563
1.0829998254776,0.9940000772476196,3.0000052452087402
2.7300002574920654,0.9679999351501465,3.0000030994415283
1.2269999980926514,0.987000048160553,3.00000262260437
1.2280000448226929,0.987000048160553,2.9999969005584717
1.3170000314712524,0.9910000562667847,2.9999961853027344
1.465999960899353,0.9839999675750732,3.0000011920928955
1.0789999961853027,0.9930000901222229,3.0000052452087402
1.5260000228881836,0.9900000691413879,2.999998092651367
1.4550000429153442,0.9850000739097595,2.999997138977051
2.991000175476074,0.9649999737739563,2.999990940093994
1.6410000324249268,0.9859999418258667,2.999990701675415
1.9550001621246338,0.9809999465942383,3.0
2.561000108718872,0.9709999561309814,2.9999990463256836
1.189000129699707,0.9900001287460327,3.0000057220458984
1.2330000400543213,0.9900001287460327,3.0000014305114746
2.0980000495910645,0.965999960899353,2.9999988079071045
2.0759999752044678,0.9729999303817749,2.9999911785125732
1.2059999704360962,0.9890000224113464,3.0000014305114746
2.250999927520752,0.9760000109672546,2.999995470046997
1.2060000896453857,0.9900000095367432,3.0000059604644775
1.2239998579025269,0.9890000820159912,2.9999969005584717
4.302000045776367,0.9420000314712524,3.0000011920928955
1.1710000038146973,0.9900001287460327,3.0000054836273193
1.156000018119812,0.9930000901222229,3.0000040531158447
1.2139999866485596,0.9920001029968262,2.999988317489624
1.3070000410079956,0.9829999804496765,2.9999969005584717
1.0940001010894775,0.9950000643730164,3.0000061988830566
1.0630000829696655,0.9930000305175781,3.0000061988830566
1.9749999046325684,0.968999981880188,3.000002861022949
1.2300000190734863,0.9869999885559082,3.0000057220458984
1.3249999284744263,0.9860000610351562,2.9999966621398926
1.3510000705718994,0.987000048160553,3.0000040531158447
1.184999942779541,0.9920000433921814,3.0000052452087402
1.0820000171661377,0.9940000772476196,3.0000059604644775
1.321000099182129,0.9880000352859497,3.000004291534424
1.0279998779296875,0.9950000643730164,3.000004768371582
1.311000108718872,0.9850000143051147,3.0000011920928955
1.693000078201294,0.9850000143051147,2.9999966621398926
1.2990001440048218,0.987000048160553,2.9999969005584717
1.2589999437332153,0.9930000901222229,3.000004291534424
1.3049999475479126,0.9839999675750732,3.0000057220458984
1.181999921798706,0.9940000772476196,2.999997138977051
1.1349999904632568,0.9940000772476196,3.0000011920928955
1.9149999618530273,0.9850000143051147,2.9999966621398926
1.349000096321106,0.9900000095367432,3.0000016689300537
1.085999846458435,0.9950000643730164,3.0000061988830566
1.0529999732971191,0.9950000643730164,3.0000052452087402
1.191999912261963,0.9950000643730164,2.999990701675415
1.221000075340271,0.9869999885559082,3.0000057220458984
1.2369999885559082,0.9860000610351562,3.0000011920928955
1.1719999313354492,0.9930000305175781,3.000002861022949
1.2380000352859497,0.9930000901222229,2.999988079071045
1.680999994277954,0.984000027179718,2.9999988079071045
1.1369999647140503,0.9880000352859497,2.9999969005584717
1.0860000848770142,0.9940000772476196,2.9999966621398926
1.2680001258850098,0.9930000305175781,2.9999992847442627
1.3330000638961792,0.9900001287460327,2.999992847442627
1.1630001068115234,0.9950000643730164,3.0000052452087402
1.1349999904632568,0.9930000901222229,3.0000059604644775
1.2020000219345093,0.9950000643730164,2.999995231628418
1.3040000200271606,0.9839999675750732,3.0000011920928955
2.016000270843506,0.9750000238418579,2.999990940093994
1.093000054359436,0.9950000643730164,3.0000061988830566
1.337999939918518,0.9900000095367432,3.0000007152557373
1.1700000762939453,0.9950000643730164,3.000001907348633
1.090999960899353,0.9950000643730164,3.0000059604644775
1.2050000429153442,0.9910000562667847,3.0000040531158447
1.1389999389648438,0.9920000433921814,3.0000064373016357
1.092000126838684,0.9950000643730164,3.0000059604644775
1.030999779701233,0.9950000643730164,3.0000052452087402
1.2969999313354492,0.9900000691413879,2.999997138977051
1.2239999771118164,0.9910001158714294,2.999992847442627
1.1050000190734863,0.9950000643730164,3.0000054836273193
1.1360000371932983,0.9920000433921814,3.0000059604644775
1.2030000686645508,0.9880000352859497,3.0000059604644775
1.0479999780654907,0.9950000643730164,3.0000057220458984
1.2160000801086426,0.9839999675750732,3.0000057220458984
1.2050000429153442,0.9869999885559082,3.0000057220458984
1.321000099182129,0.9829999208450317,2.999997138977051
1.5369999408721924,0.9779999852180481,2.9999923706054688
1.1329998970031738,0.9900001287460327,3.0000057220458984
1.4839999675750732,0.9799999594688416,2.999992847442627
3.881000280380249,0.9740000367164612,2.9999969005584717
1.7540000677108765,0.9750000238418579,3.000001907348633
1.1330000162124634,0.9910001158714294,3.0000052452087402
1.3240000009536743,0.9890000224113464,2.999999761581421
1.2680001258850098,0.9930000901222229,3.000002145767212
1.0670000314712524,0.9940000772476196,3.0000014305114746
1.217000126838684,0.9900000095367432,3.0000011920928955
1.1979999542236328,0.9880000352859497,3.0000011920928955
1.1139999628067017,0.9920001029968262,3.0000059604644775
1.1439999341964722,0.9930000901222229,3.0000054836273193
1.2339999675750732,0.9890000820159912,3.000004291534424
1.5550000667572021,0.9839999079704285,2.999997615814209
1.5490001440048218,0.9839999079704285,2.9999969005584717
1.0950000286102295,0.9950000643730164,3.0000054836273193
1.340000033378601,0.9900000691413879,3.0000038146972656
1.2920001745224,0.9840000867843628,2.999995708465576
1.4800000190734863,0.9810000658035278,2.999999761581421
1.1230000257492065,0.9920001029968262,3.000005006790161
1.88100004196167,0.9709999561309814,2.9999923706054688
1.3459999561309814,0.9850000143051147,3.0000052452087402
1.3620002269744873,0.9940000772476196,2.999990940093994
2.241999864578247,0.9839999079704285,2.9999969005584717
2.2330000400543213,0.981999933719635,2.999990701675415
1.1349999904632568,0.9950000643730164,2.9999969005584717
1.1519999504089355,0.9920001029968262,3.0000014305114746
1.5510001182556152,0.984000027179718,2.999997138977051
1.6630001068115234,0.9860000014305115,2.9999935626983643
2.4220001697540283,0.9700000286102295,2.9999911785125732
1.253000020980835,0.9869999885559082,2.9999969005584717
1.194000005722046,0.987000048160553,3.0000057220458984
1.559999942779541,0.9760000109672546,3.0000040531158447
1.2710000276565552,0.9910000562667847,2.999992847442627
1.309000015258789,0.9829999804496765,3.0000057220458984
1.3270000219345093,0.9849998950958252,3.0000014305114746
1.347000002861023,0.9849998950958252,3.0000011920928955
1.1759999990463257,0.9950000643730164,3.0000014305114746
1.373000144958496,0.9900000095367432,2.9999966621398926
1.4610000848770142,0.9930000901222229,2.999998092651367
1.3839999437332153,0.9820000529289246,3.000002384185791
1.4900000095367432,0.9859999418258667,3.000004768371582
1.317000150680542,0.987000048160553,3.0000054836273193
1.0839999914169312,0.9930000901222229,3.0000054836273193
1.5509998798370361,0.9819999933242798,2.9999959468841553
1.1279997825622559,0.9930000901222229,3.0000057220458984
1.1790000200271606,0.9900000691413879,3.0000016689300537
1.2670000791549683,0.9910001158714294,3.0000040531158447
1.1129999160766602,0.9950000643730164,3.0000052452087402
1.3320000171661377,0.9950000643730164,2.999988317489624
1.3469998836517334,0.987000048160553,3.0000061988830566
1.1359999179840088,0.9920000433921814,3.0000054836273193
1.1039999723434448,0.9930000901222229,3.0000054836273193
1.1319999694824219,0.9940000772476196,3.000005006790161
1.2130000591278076,0.9860000014305115,3.0000011920928955
1.2100000381469727,0.9850000143051147,3.0000057220458984
1.3610000610351562,0.981999933719635,3.0000016689300537
1.5140000581741333,0.9790000319480896,2.9999992847442627
1.2719999551773071,0.9850000143051147,2.9999966621398926
1.1820000410079956,0.9880000948905945,2.999997138977051
1.1449999809265137,0.9880000352859497,3.0000052452087402
1.4490000009536743,0.9789999723434448,3.0000016689300537
1.5529999732971191,0.9809999465942383,3.000002861022949
1.385000228881836,0.9799999594688416,3.0000009536743164
1.3530000448226929,0.9900000691413879,2.999992609024048
1.342000126838684,0.9829999804496765,2.9999923706054688
1.099000096321106,0.9930000305175781,3.0000061988830566
1.0750000476837158,0.9950000643730164,3.0000057220458984
1.1439999341964722,0.9940000772476196,2.99999737739563
1.1629999876022339,0.9930000901222229,3.0000059604644775
1.1460001468658447,0.9920001029968262,3.0000059604644775
1.4100000858306885,0.9819999933242798,2.999999523162842
1.2740000486373901,0.9890000224113464,3.000004291534424
1.216999888420105,0.9829999804496765,3.0000061988830566
1.3130000829696655,0.9799999594688416,3.000001907348633
1.0860000848770142,0.9950000643730164,3.0000059604644775
1.4390000104904175,0.9900000691413879,2.999998092651367
1.0670000314712524,0.9950000643730164,3.0000054836273193
1.059000015258789,0.9920001029968262,3.0000054836273193
1.1480000019073486,0.9890000224113464,3.0000009536743164
1.2050000429153442,0.9880000352859497,3.000000476837158
1.7269999980926514,0.9829999804496765,3.00000262260437
1.0810000896453857,0.9909999966621399,3.0000052452087402
1.157999873161316,0.9920001029968262,3.0000057220458984
1.1910001039505005,0.9860000014305115,3.0000059604644775
1.4780000448226929,0.9830000400543213,3.0000011920928955
1.2089999914169312,0.9930000305175781,3.0000009536743164
1.9230000972747803,0.9749999642372131,3.0000040531158447
1.1210001707077026,0.9930000901222229,3.0000057220458984
1.6119999885559082,0.9790000319480896,2.999988079071045
1.1470000743865967,0.9940000772476196,3.0000014305114746
1.1269999742507935,0.9950000643730164,2.9999966621398926
1.6079999208450317,0.9779999256134033,3.00000262260437
1.102000117301941,0.9920001029968262,3.0000057220458984
1.5470000505447388,0.9859999418258667,3.0000040531158447
1.6640000343322754,0.9849998950958252,3.000004768371582
1.8280000686645508,0.9859999418258667,3.000000238418579
1.1980000734329224,0.984000027179718,3.0000059604644775
1.408000111579895,0.9799999594688416,3.000002861022949
1.3949999809265137,0.9769999980926514,3.0000052452087402
1.087999939918518,0.9910000562667847,3.0000057220458984
1.2690000534057617,0.9940000772476196,2.9999921321868896
1.1660001277923584,0.9920000433921814,3.0000061988830566
1.0589998960494995,0.9940000772476196,3.000005006790161
1.0659998655319214,0.9950000643730164,3.0000059604644775
2.8560001850128174,0.972000002861023,2.9999959468841553
2.330000162124634,0.9849998950958252,3.0000014305114746
1.1069999933242798,0.9930000901222229,2.9999966621398926
1.305999994277954,0.9839999675750732,3.0000054836273193
1.0989999771118164,0.9900001287460327,3.0000057220458984
1.1639999151229858,0.9910000562667847,3.0000057220458984
1.4930000305175781,0.9709999561309814,3.0000059604644775
1.1340000629425049,0.9910000562667847,3.0000057220458984
1.277000069618225,0.9910000562667847,2.999992847442627
1.3329998254776,0.9829999804496765,2.999988079071045
1.3590000867843628,0.9930000901222229,2.9999964237213135
1.183000087738037,0.9900000691413879,3.0000057220458984
1.1990001201629639,0.9920000433921814,3.0000014305114746
1.1130001544952393,0.9910001158714294,3.0000057220458984
1.350000023841858,0.9869999885559082,2.9999966621398926
1.4249999523162842,0.9799999594688416,2.9999923706054688
1.1780002117156982,0.9890000224113464,3.0000052452087402
1.1770000457763672,0.9870001077651978,3.0000061988830566
1.1390000581741333,0.9930000901222229,3.0000057220458984
1.127000093460083,0.9900000095367432,3.0000054836273193
1.1880000829696655,0.9860000014305115,3.0000016689300537
1.1600000858306885,0.9900000691413879,3.0000009536743164
1.0970001220703125,0.9950000643730164,3.0000057220458984
1.2289999723434448,0.9860000610351562,3.0000057220458984
1.2589998245239258,0.9859999418258667,3.0000054836273193
1.5479999780654907,0.9879999756813049,2.999997138977051
1.307999849319458,0.9880000352859497,3.0000030994415283
2.138000011444092,0.9819999933242798,3.0
1.0859999656677246,0.9930000901222229,3.0000054836273193
1.0950000286102295,0.9890000820159912,3.0000064373016357
1.1950000524520874,0.9839999079704285,3.0000014305114746
1.4479999542236328,0.9869999885559082,3.00000262260437
1.4240000247955322,0.9910001158714294,2.9999988079071045
1.3259998559951782,0.9920001029968262,2.9999938011169434
1.0839999914169312,0.9920001029968262,3.0000054836273193
1.0730000734329224,0.9930000305175781,3.0000057220458984
1.0449999570846558,0.9940000772476196,3.000005006790161
1.1530001163482666,0.9860000014305115,3.000004768371582
1.4560000896453857,0.9800000190734863,3.0000011920928955
1.0799999237060547,0.9880000352859497,3.000004768371582
1.1800000667572021,0.9890000224113464,3.0000064373016357
1.0850000381469727,0.9909999966621399,3.0000052452087402
1.1110000610351562,0.9910000562667847,3.0000061988830566
1.436000108718872,0.9739999771118164,3.0000009536743164
1.1010000705718994,0.9920001029968262,3.0000059604644775
1.255000114440918,0.9860000014305115,2.9999969005584717
1.2930001020431519,0.9880000948905945,3.0000014305114746
1.3489999771118164,0.9850000739097595,2.9999959468841553
1.196000099182129,0.9900001287460327,2.999997138977051
1.1679999828338623,0.9839999675750732,3.0000052452087402
1.0969998836517334,0.9940000772476196,3.0000016689300537
1.1319999694824219,0.9870001077651978,3.000005006790161
1.1029999256134033,0.9910000562667847,3.0000057220458984
1.2300000190734863,0.9950000643730164,2.9999990463256836
1.4970000982284546,0.9860000014305115,2.9999988079071045
1.3429999351501465,0.9840000867843628,2.9999983310699463
1.2220001220703125,0.9910001158714294,2.999992609024048
1.0889999866485596,0.9940000772476196,3.0000061988830566
1.1010000705718994,0.9930000901222229,3.0000059604644775
1.1040000915527344,0.9950000643730164,2.9999988079071045
1.2600001096725464,0.9880000352859497,3.0000040531158447
1.2690000534057617,0.9920000433921814,3.0
1.402999997138977,0.9810000061988831,3.0000016689300537
1.1710000038146973,0.9900000095367432,3.0000059604644775
1.9670000076293945,0.968999981880188,3.0
1.1170001029968262,0.9920000433921814,3.0000059604644775
1.0410000085830688,0.9950000643730164,3.0000059604644775
1.1260000467300415,0.9940000772476196,3.0000059604644775
1.124000072479248,0.9930000305175781,3.0000059604644775
1.3869999647140503,0.9829999804496765,3.000002384185791
2.184000015258789,0.9679999947547913,2.9999985694885254
1.3549998998641968,0.9930000901222229,3.0000040531158447
1.180999994277954,0.9930000901222229,3.0000038146972656
1.165000081062317,0.9920001029968262,3.0000059604644775
1.5579999685287476,0.9789999723434448,2.9999945163726807
1.2570000886917114,0.9869999885559082,3.0000040531158447
1.1100000143051147,0.9950000643730164,2.999997138977051
1.0999997854232788,0.9950000643730164,3.0000059604644775
1.593999981880188,0.9739999771118164,3.000005006790161
1.1480000019073486,0.9909999966621399,3.0000054836273193
1.2089999914169312,0.9900000691413879,3.0000059604644775
1.2549999952316284,0.9860000014305115,3.0000061988830566
1.4840000867843628,0.984000027179718,2.999999761581421
1.3680000305175781,0.9800000786781311,2.999997138977051
1.5190001726150513,0.9759999513626099,3.0000057220458984
1.0780000686645508,0.9940000772476196,3.0000054836273193
1.184000015258789,0.9890000224113464,3.0000009536743164
1.0730000734329224,0.9910001158714294,3.0000052452087402
1.122999906539917,0.9930000901222229,2.99999737739563
1.4169999361038208,0.9869999289512634,2.9999947547912598
1.9130001068115234,0.966999888420105,2.9999964237213135
1.6120001077651978,0.9799999594688416,2.999999761581421
1.3600001335144043,0.9789999723434448,2.9999969005584717
1.2760000228881836,0.9940000772476196,3.0
1.1959999799728394,0.9900000691413879,3.0000054836273193
1.2390000820159912,0.9860000610351562,2.999997138977051
1.1639999151229858,0.9920001029968262,3.0000007152557373
1.2209999561309814,0.9859999418258667,3.0000061988830566
1.270999789237976,0.9890000224113464,2.999995708465576
1.3789998292922974,0.9800000190734863,3.0000030994415283
1.3230000734329224,0.9880000352859497,3.0000057220458984
1.337999939918518,0.9850000143051147,2.99999737739563
1.3780001401901245,0.9829999208450317,2.9999969005584717
1.5440001487731934,0.9780000448226929,2.9999992847442627
1.2400001287460327,0.9869999885559082,2.999992609024048
1.2669999599456787,0.9900000095367432,3.0000057220458984
1.4180001020431519,0.9860000014305115,2.9999942779541016
1.0500000715255737,0.9950000643730164,3.0000057220458984
1.3689998388290405,0.9799999594688416,2.999992609024048
1.124000072479248,0.9900000691413879,3.0000059604644775
1.0850000381469727,0.9940000772476196,3.000001907348633
1.3760000467300415,0.9880000352859497,3.0000011920928955
1.249000072479248,0.9910000562667847,2.999988079071045
1.1139999628067017,0.9920001029968262,3.0000054836273193
1.2389999628067017,0.9880000352859497,3.0000057220458984
1.1119999885559082,0.9900000691413879,3.0000009536743164
1.1340000629425049,0.9930000901222229,3.0000064373016357
1.162000060081482,0.9920001029968262,3.0000059604644775
1.2260000705718994,0.9880000352859497,3.0000052452087402
1.123000144958496,0.9930000901222229,3.0000052452087402
1.3779999017715454,0.9890000820159912,3.0000040531158447
1.0720001459121704,0.9950000643730164,3.0000011920928955
1.0959999561309814,0.9950000643730164,3.0000059604644775
1.136000156402588,0.9930000901222229,3.0000054836273193
1.2829999923706055,0.9849998950958252,3.0000057220458984
1.0820000171661377,0.9940000772476196,3.0000059604644775
1.2410000562667847,0.9940000772476196,2.999987840652466
1.1680001020431519,0.9940000772476196,3.0000014305114746
1.221000075340271,0.9850000143051147,3.0000057220458984
1.060999870300293,0.9950000643730164,3.0000054836273193
1.1079999208450317,0.9940000772476196,2.999999523162842
1.127000093460083,0.9940000772476196,2.9999966621398926
1.0709999799728394,0.9950000643730164,3.0000057220458984
1.0679998397827148,0.9930000305175781,3.000004529953003
1.5199999809265137,0.9900000691413879,2.999999761581421
1.3390001058578491,0.9950000643730164,2.9999964237213135
1.1010000705718994,0.9920000433921814,3.0000059604644775
1.159000039100647,0.9880000352859497,3.0000064373016357
1.312999963760376,0.9880000352859497,2.999999761581421
1.5440000295639038,0.9820000529289246,2.999997854232788
1.2349998950958252,0.9869999885559082,3.000001907348633
1.125,0.9930000901222229,3.0000057220458984
1.3550000190734863,0.9890000224113464,2.9999935626983643
1.341999888420105,0.9860000014305115,3.0000011920928955
1.3299999237060547,0.9880000352859497,3.0000040531158447
1.066999912261963,0.9950000643730164,3.0000054836273193
1.100000023841858,0.9930000901222229,2.99999737739563
1.0499999523162842,0.9950000643730164,3.0000054836273193
1.3910000324249268,0.9759999513626099,2.999992609024048
1.055999994277954,0.9940000772476196,3.0000059604644775
1.1010000705718994,0.9880000352859497,3.000004768371582
1.0820001363754272,0.9880000352859497,3.000005006790161
1.0719999074935913,0.9900000095367432,3.0000061988830566
1.1119999885559082,0.9950000643730164,3.0000014305114746
1.1130000352859497,0.9930000305175781,3.0000016689300537
1.775999903678894,0.9820000529289246,2.9999923706054688
1.061000108718872,0.9950000643730164,3.0000059604644775
1.0550000667572021,0.9950000643730164,3.0000057220458984
1.88100004196167,0.9780000448226929,2.9999938011169434
1.346000075340271,0.9900001287460327,2.999999523162842
1.3360000848770142,0.9900001287460327,2.999999761581421
1.2780001163482666,0.9830000400543213,3.0000059604644775
1.1150000095367432,0.9890000820159912,3.0000054836273193
1.0640000104904175,0.9920001029968262,3.0000052452087402
1.1410000324249268,0.9910000562667847,3.0000014305114746
1.2600001096725464,0.9839999675750732,3.0000059604644775
1.309000015258789,0.9910001158714294,2.9999988079071045
1.0530000925064087,0.9950000643730164,3.000005006790161
1.2289999723434448,0.9880000352859497,2.9999966621398926
1.0899999141693115,0.9940000772476196,3.000002145767212
1.5560001134872437,0.9869999885559082,3.00000262260437
1.125999927520752,0.9890000224113464,3.0000057220458984
1.1980000734329224,0.9850000143051147,3.0000011920928955
1.0749999284744263,0.9920001029968262,3.000004768371582
1.1399999856948853,0.9950000643730164,3.0000016689300537
1.3270000219345093,0.9890000224113464,2.9999938011169434
1.1339999437332153,0.9880000352859497,3.0000009536743164
1.08899986743927,0.9940000772476196,3.0000054836273193
1.8980000019073486,0.9829999804496765,3.00000262260437
1.437000036239624,0.9819999933242798,3.0000007152557373
1.2680001258850098,0.9880000352859497,2.9999923706054688
1.1350001096725464,0.9890000224113464,3.0000057220458984
1.1340000629425049,0.9890000224113464,3.0000059604644775
1.2720000743865967,0.9799999594688416,3.0000064373016357
1.1759999990463257,0.9890000224113464,3.000001907348633
1.065999984741211,0.9950000643730164,3.0000064373016357
1.0499999523162842,0.9930000901222229,3.0000052452087402
1.0950000286102295,0.9920001029968262,3.0000061988830566
1.1720000505447388,0.9910001158714294,2.99999737739563
1.1619999408721924,0.9900000691413879,2.999992609024048
1.1970000267028809,0.9880000948905945,2.999997138977051
1.1140000820159912,0.9869999289512634,3.0000057220458984
1.2599999904632568,0.9950000643730164,2.999998092651367
1.1169999837875366,0.9930000305175781,3.0000052452087402
1.1230000257492065,0.9950000643730164,3.0000057220458984
1.0929999351501465,0.9940000772476196,2.9999961853027344
1.0329999923706055,0.9950000643730164,3.000004768371582
1.121999979019165,0.9920001029968262,3.000005006790161
1.1220000982284546,0.98499995470047,3.0000054836273193
1.0750000476837158,0.9920001029968262,3.0000011920928955
1.0369999408721924,0.9950000643730164,3.000005006790161
1.1230000257492065,0.9940000772476196,3.0000054836273193
1.1699999570846558,0.9879999756813049,3.0000052452087402
1.1380000114440918,0.9950000643730164,2.9999969005584717
1.1410001516342163,0.9890000224113464,3.0000052452087402
1.1480000019073486,0.9920001029968262,2.99999737739563
1.067000150680542,0.9950000643730164,3.0000054836273193
1.3149999380111694,0.9849998950958252,2.9999964237213135
1.0819998979568481,0.9950000643730164,3.0000057220458984
1.0529999732971191,0.9930000901222229,3.0000052452087402
1.1909998655319214,0.9900001287460327,3.0000052452087402
1.1290000677108765,0.9920000433921814,3.0000054836273193
1.1990000009536743,0.9950000643730164,2.999997854232788
1.121999979019165,0.9890000820159912,2.99999737739563
1.1440000534057617,0.9930000901222229,2.999995231628418
1.0540000200271606,0.9940000772476196,3.0000054836273193
1.1059999465942383,0.9900000691413879,3.0000054836273193
1.1869999170303345,0.9900001287460327,3.0000014305114746
1.40500009059906,0.9819999933242798,2.999997854232788
1.059999942779541,0.9950000643730164,3.0000052452087402
1.1629998683929443,0.9900000095367432,2.999995231628418
1.1910001039505005,0.9910001158714294,3.0000038146972656
1.1359999179840088,0.9890000224113464,3.0000054836273193
1.162000060081482,0.9900000691413879,2.999997138977051
1.13100004196167,0.9890000820159912,2.999997138977051
1.2630000114440918,0.9840000867843628,2.9999966621398926
1.315999984741211,0.9880000352859497,2.9999985694885254
1.1749999523162842,0.9850000739097595,3.000005006790161
1.0920000076293945,0.9890000224113464,3.0000052452087402
1.087999939918518,0.9920001029968262,3.0000064373016357
1.156000018119812,0.9869999885559082,3.0000052452087402
1.2109999656677246,0.9900000691413879,3.0000059604644775
1.0800000429153442,0.9930000901222229,3.0000061988830566
1.1319999694824219,0.9920000433921814,2.9999964237213135
1.1230000257492065,0.9950000643730164,3.0000059604644775
1.1029999256134033,0.9950000643730164,3.0000016689300537
1.0840001106262207,0.9930000901222229,3.0000054836273193
1.093000054359436,0.9900000691413879,3.0000057220458984
1.0509999990463257,0.9940000772476196,3.000004768371582
1.1169999837875366,0.9930000901222229,2.999997138977051
1.0989999771118164,0.9920001029968262,3.0000059604644775
1.2139999866485596,0.9879999756813049,2.999992609024048
1.2829999923706055,0.9850000739097595,2.9999992847442627
1.1150001287460327,0.9900000691413879,2.9999966621398926
1.0549999475479126,0.9950000643730164,3.0000057220458984
1.152000069618225,0.987000048160553,2.999997138977051
1.1100000143051147,0.9940000772476196,3.0000057220458984
1.1469999551773071,0.9890000820159912,3.0000014305114746
1.3370001316070557,0.9890000820159912,3.0000007152557373
1.065999984741211,0.9950000643730164,3.000004529953003
1.0999999046325684,0.9889999628067017,3.000005006790161
1.1409999132156372,0.9880000352859497,3.0000057220458984
1.152999997138977,0.9879999756813049,3.0000057220458984
1.128000020980835,0.9910000562667847,3.0000054836273193
1.0810000896453857,0.9910001158714294,3.0000059604644775
1.0729999542236328,0.9930000901222229,3.0000057220458984
1.0929999351501465,0.9920000433921814,3.0000064373016357
1.1069999933242798,0.9940000772476196,3.0000057220458984
1.055999994277954,0.9940000772476196,3.0000059604644775
1.0829999446868896,0.9930000901222229,3.000004768371582
1.1929999589920044,0.9880000352859497,3.0000059604644775
1.0449999570846558,0.9940000772476196,3.000005006790161
1.1750000715255737,0.9900001287460327,2.9999969005584717
1.1800000667572021,0.987000048160553,2.9999964237213135
1.0819998979568481,0.9920000433921814,3.000005006790161
1.0759998559951782,0.9930000901222229,3.0000014305114746
1.1170001029968262,0.9900000691413879,3.0000054836273193
1.090999960899353,0.9950000643730164,2.999999761581421
1.1100000143051147,0.9910000562667847,3.0000054836273193
1.0829999446868896,0.9940000772476196,3.0000057220458984
1.0589998960494995,0.9950000643730164,3.0000054836273193
1.0720000267028809,0.9890000820159912,3.000005006790161
1.1030000448226929,0.9900001287460327,3.0000052452087402
1.0550000667572021,0.9950000643730164,3.0000011920928955
1.0809999704360962,0.9900001287460327,3.000005006790161
1.0870000123977661,0.9880000352859497,3.0000052452087402
1.1439999341964722,0.9880000352859497,3.0000052452087402
1.0640000104904175,0.9950000643730164,3.000005006790161
1.1329998970031738,0.9930000901222229,3.0000054836273193
1.1029999256134033,0.9880000352859497,3.0000057220458984
1.0500000715255737,0.9930000901222229,3.0000052452087402
1.028999924659729,0.9940000772476196,3.0000052452087402
1.0800000429153442,0.9930000901222229,3.0000054836273193
1.065000057220459,0.9950000643730164,3.0000054836273193
1.153999924659729,0.9950000643730164,2.99999737739563
1.0320000648498535,0.9950000643730164,3.0000057220458984
1.0320000648498535,0.9950000643730164,3.000004768371582
1.125999927520752,0.9869999885559082,3.0000059604644775
1.0390000343322754,0.9940000772476196,3.000005006790161
1.069000005722046,0.9910001158714294,3.000005006790161
1.037000060081482,0.9909999966621399,3.000004768371582
