471
668
73
828
929
332
264
218
1009
299
279
325
214
887
294
629
135
995
610
49
623
820
723
1026
120
940
888
487
674
620
832
801
199
791
1029
261
232
361
343
842
597
811
869
138
920
327
867
822
502
89
326
98
621
508
595
729
200
347
1023
871
469
424
58
259
571
209
429
732
289
845
388
937
825
567
614
431
131
860
422
197
463
298
119
900
1074
46
856
21
160
730
1077
572
262
578
594
906
69
891
494
760
490
103
400
156
182
859
902
43
147
638
699
974
681
652
380
837
129
319
393
6
1040
753
348
901
411
584
266
306
1032
1055
246
17
25
1039
106
949
877
936
116
728
309
378
662
829
719
1006
763
1076
1010
543
330
178
50
346
204
692
921
684
734
91
51
606
296
311
121
994
776
472
772
731
755
379
997
35
243
519
442
435
836
438
698
522
884
208
634
761
908
1038
344
703
710
397
276
288
367
659
640
903
1021
152
317
523
782
235
579
32
834
171
1067
391
122
173
588
247
387
143
757
711
1068
824
873
559
414
101
851
402
743
44
799
596
712
626
773
839
554
1066
158
870
883
403
783
185
304
709
956
861
481
919
127
872
687
716
415
468
544
439
340
272
864
255
193
223
1027
462
805
630
195
1062
892
1000
555
971
486
355
151
846
978
1043
341
19
104
161
1
198
907
665
352
1016
570
497
518
108
568
225
385
224
690
847
1071
672
492
696
14
493
359
922
315
613
451
90
62
440
897
961
7
444
365
63
702
1004
216
72
965
714
1042
1007
744
477
809
479
377
417
766
601
533
592
100
335
1030
693
407
124
337
590
280
333
24
376
1018
549
875
790
342
475
81
942
1022
373
1056
194
111
366
360
625
357
78
611
162
670
83
239
724
273
269
155
935
453
96
827
211
172
349
291
68
263
430
865
910
511
242
517
727
16
993
457
835
354
95
456
1045
34
528
604
748
1002
717
28
882
230
12
219
458
201
501
868
86
863
358
222
765
535
205
434
251
480
636
970
1031
720
844
648
398
168
778
950
680
948
416
547
609
133
466
241
75
655
612
190
148
321
879
661
174
362
574
876
521
465
426
645
302
599
637
180
985
814
290
558
510
153
721
628
76
759
238
591
509
1050
656
583
206
1013
322
154
618
706
87
529
575
952
589
447
318
308
534
812
145
854
455
202
789
536
40
240
653
183
946
977
312
271
853
1060
54
260
443
966
927
500
1036
406
2
245
112
557
484
796
566
448
31
128
923
1065
249
55
215
855
1020
331
633
412
