182
1028
275
907
504
1056
618
363
317
669
885
268
370
621
579
770
653
975
469
892
930
246
489
743
201
175
752
384
741
244
245
875
328
723
509
1025
168
572
259
917
141
947
320
478
137
575
696
443
1013
18
956
584
831
817
677
566
68
6
1049
963
167
710
871
969
518
950
944
995
13
916
1060
438
1065
922
549
441
805
426
545
348
862
733
401
581
109
65
665
210
664
473
488
900
39
689
679
61
941
29
415
548
58
219
63
346
220
812
755
1007
804
1053
687
987
561
966
297
719
312
238
60
586
87
828
298
96
484
604
477
480
378
750
353
729
705
453
226
414
425
726
187
844
551
838
645
962
763
70
204
413
1052
228
693
1063
398
59
655
463
810
1031
290
67
670
