159
698
954
526
123
370
966
89
973
490
183
288
150
696
258
432
745
725
210
667
970
537
297
107
631
273
1056
314
730
160
1001
787
337
1031
441
175
36
229
24
238
784
204
718
295
1049
225
751
529
116
797
282
1045
927
1060
83
431
758
994
185
827
174
330
480
503
239
55
925
142
517
705
727
812
944
221
519
113
203
890
240
601
840
597
438
180
49
6
998
112
781
15
1039
356
193
1004
399
634
78
358
261
715
916
322
702
810
497
528
21
713
1026
936
373
195
909
309
920
286
275
891
126
0
897
417
285
928
809
463
851
35
216
501
672
766
29
903
581
235
420
818
1063
873
389
613
237
602
704
984
1032
426
676
755
838
45
96
1073
637
333
12
544
496
895
300
292
390
18
1055
878
666
743
327
1003
628
435
531
689
312
603
929
629
549
1046
778
134
290
687
101
147
487
458
765
1013
402
511
262
232
294
43
919
568
188
413
609
646
329
734
74
630
1050
822
473
53
971
87
707
968
841
803
408
41
604
791
898
414
100
974
318
1034
541
11
345
71
830
729
194
313
72
450
879
118
641
343
396
978
1062
58
958
442
623
881
335
506
682
855
428
742
535
617
941
406
220
940
731
870
1044
218
291
716
1017
1030
383
834
28
636
740
560
425
948
1038
584
714
492
587
1059
669
813
319
321
621
569
493
620
976
494
871
1061
48
980
307
507
1024
467
605
923
862
572
657
739
673
336
671
68
248
495
265
615
777
837
534
562
1020
98
868
700
372
