10104
6969
4690
9091
1140
2509
2935
9605
3288
9947
9138
9223
304
10226
2296
5764
4700
4656
7494
1617
6547
3131
8215
10606
4043
2104
8846
344
7813
742
2114
8712
9863
8364
6916
7086
5336
7171
2934
1011
5970
837
8468
6161
3851
10066
4364
3476
2943
6965
2530
2709
3113
1371
9362
4054
3821
7168
10081
5283
8008
390
5524
5756
9016
1987
3950
7110
2899
7214
260
10242
6263
10013
1447
819
4163
5086
3096
6975
7703
7284
4516
1051
3173
1121
6794
9930
4328
1715
2202
6639
6817
4116
7933
8352
6894
9197
2664
8001
3386
1767
9620
9808
2589
5339
9858
1052
6719
1708
3699
1246
2420
4479
670
3433
1893
8893
714
2009
5102
3922
9298
2640
2141
3225
9670
8459
6100
1770
1870
10162
299
6873
7417
6196
1878
3166
10191
8887
4147
6568
6368
1110
367
4005
10102
3582
2681
2382
8326
8268
7156
1400
9163
4942
9033
4520
4733
7359
2834
7542
9906
6950
1236
2118
5381
8511
5816
4889
8749
6261
2386
5448
3976
1343
4111
3998
7220
2307
9693
1733
1499
10212
2764
3359
9644
3021
4484
900
3829
684
4622
6340
7355
8359
6846
998
2394
7436
9573
7929
8841
7007
10627
5941
6787
8367
1307
1934
3135
5059
1492
3668
3194
4766
903
6664
3990
1159
6105
854
6023
6563
378
358
7756
4100
10491
8413
9494
10598
5160
8234
64
4788
7009
7783
3660
3845
10223
4554
4601
6949
399
10507
32
6474
4261
2261
4062
10171
7960
10512
5907
5268
5733
8716
1874
6532
2075
2592
6822
6771
1082
7326
3774
9413
7239
4725
1857
2246
3743
5135
9391
2178
8714
49
8196
5061
7182
8658
7353
10370
3661
327
8245
7635
1385
5839
9538
1705
4497
10456
6529
1900
9941
10420
3182
10436
102
1081
6580
2952
5435
3576
5728
6054
7824
7811
8038
6607
329
1366
2134
3691
3041
9545
239
7850
3535
5834
4571
397
2808
2032
143
183
4468
7179
9867
7881
7139
7657
448
10064
8824
58
5540
4744
4991
696
9655
547
10034
1471
1840
638
7894
2267
8837
4065
43
4344
4737
6604
3178
6957
9482
3121
5114
3577
3852
3342
5235
7687
9556
422
6911
1150
6480
3323
4931
3187
7129
5801
4934
3505
4966
3786
3151
10078
3799
4200
7727
1465
4332
8855
7576
4368
7366
6109
537
6703
3068
4450
2056
3532
4645
2030
3715
1257
5159
2310
5368
3683
568
210
5579
5014
22
5463
1923
211
2973
3578
992
6536
8444
3155
1226
1304
4624
320
4348
910
4254
6970
6730
8886
10281
4734
3952
4040
4935
3732
6511
6927
7
8422
1951
6920
5713
5789
1285
5709
2598
9640
4919
8612
7039
7700
4469
4563
4812
5439
7665
2233
10463
10341
3590
5960
9793
9766
2856
6121
1661
1689
5814
5831
2093
5350
2238
6896
4490
4772
5599
215
5393
8311
884
10163
19
10125
9006
309
1299
1116
8011
7848
9452
7684
6964
8057
7419
6399
3231
6765
9294
891
8915
604
2623
3742
3156
5425
3791
4938
8685
2381
7299
8803
6155
8099
6516
6591
5903
8063
979
8243
10591
8569
5433
10448
7630
8318
4095
5281
1963
8146
5337
5935
4343
10094
8551
6391
10001
8323
1184
9330
4696
6722
9088
8662
244
5861
2736
9156
8516
5507
3877
8763
8310
3351
6367
9174
1763
8117
7469
2618
4350
9964
4909
2665
4933
8122
1869
7711
7605
9355
10624
9891
1651
3234
3586
4675
3037
5451
3077
4826
6777
3049
1351
3954
2553
9262
9540
7194
241
9353
2320
6049
8785
6144
10109
4265
6275
514
8039
7746
7061
10551
7124
922
3252
8747
310
5915
4559
2591
7920
824
5583
9378
1863
3570
2959
2089
4393
9901
6902
6110
1568
8764
5092
9390
9401
7096
7055
1112
6153
4884
4105
10186
7025
3776
9295
2251
2050
3093
6099
8635
8876
9405
6375
8828
8381
7763
7101
6647
9586
3893
10375
7693
1575
9470
6571
6088
4192
6248
9588
3737
4681
316
5258
10275
4278
608
6437
3210
3745
10468
2288
9322
2569
7532
368
1101
9855
4692
10588
4536
6156
5843
7201
2387
5565
9999
4294
4997
10068
8378
9870
4901
1956
4668
6823
4295
4056
1055
9989
5104
9677
10317
4085
5272
8267
1899
6120
7611
9180
4477
966
5328
8299
5868
6993
3659
3941
10181
5573
10141
5065
2800
7167
6083
1117
3192
526
1795
431
2007
4598
9203
1522
6742
235
6793
5443
801
6220
5503
9
8198
1725
2244
3654
748
10472
8674
8984
10350
3404
2408
2823
4908
6615
1409
3360
8724
6330
7834
5054
9210
4830
5554
2185
9350
6582
5556
455
472
7908
994
3395
3919
2068
4285
7245
5560
8711
7046
10174
114
9028
1910
8056
9089
5930
7916
7103
4141
7588
10342
4212
4515
1243
8255
4428
2486
1844
990
122
9639
8108
7844
9822
2405
862
959
1946
8839
7184
454
7565
7762
908
8808
6207
8888
468
8466
7992
39
2440
5809
4697
5489
5273
6940
9613
10205
8064
5900
9767
1047
94
10391
6560
7919
5844
10224
3067
4093
6064
1948
10121
7180
7667
5482
7672
10323
10182
2646
3069
6036
8199
5555
8953
6460
2630
6425
2746
8287
141
3871
7298
8328
1558
1410
781
9437
5787
1562
9086
1108
3899
5211
1419
9331
2478
132
6755
3241
3411
5405
1735
5891
10028
9600
6190
201
255
583
4517
1264
8978
7236
60
3487
2566
866
8302
8013
950
7917
9338
1498
9375
3132
2668
3138
7838
9145
8226
9847
3334
7395
4123
9013
2361
2484
6116
1504
9289
9361
3387
6231
3015
9213
5653
4964
2685
6669
1868
8776
4974
3779
7648
3621
5606
4321
6790
1779
3561
8257
9447
7695
6353
2080
6439
8355
4525
1659
1210
2319
3181
3237
8003
1268
2489
7768
8735
10570
709
542
2352
5080
2940
7163
9604
744
5875
7985
6658
9796
10033
7449
1887
1476
1253
3764
5776
1803
1517
3275
7269
1939
6138
3169
9149
2708
7969
5951
2470
9064
6767
2815
7610
4813
8319
6594
9442
2913
5557
5004
6925
7772
7543
3613
2962
3728
8822
7321
6578
4466
3080
7117
8251
1523
797
142
9928
9117
2971
4654
4242
10206
949
7384
199
9090
9813
10010
470
486
9701
3969
8981
4262
8728
2607
7391
7416
8288
10398
4771
6693
8495
6824
2035
10244
1072
3840
306
193
9525
5074
1866
6374
5822
2271
9062
3296
1929
6636
7041
348
2467
9368
10626
5177
4715
5200
1977
9029
9547
7866
6111
1926
739
4042
9490
9628
9047
6836
5313
978
1176
6555
10309
319
2223
3004
7589
4129
9531
9795
5186
1917
4012
5551
3398
7288
2040
5916
8223
5199
234
1514
1132
8031
9713
5798
9133
4465
4019
7777
1513
5018
10577
8092
6352
3569
2953
2980
5765
217
5468
693
7295
5308
1889
5028
9161
8702
3379
6301
1592
9421
2890
3303
1005
1911
9240
918
4894
2824
9732
8320
5079
3242
8051
8074
4810
9874
5329
8463
9038
3043
2909
10251
5768
9487
5170
3193
2562
6009
4462
2402
2921
3117
9485
5063
7459
9303
6003
7333
1912
1190
9430
8197
6866
2844
2850
9560
4255
874
6550
8805
1369
5912
9307
2549
3195
1598
5742
9932
72
7513
314
8630
4625
4628
8873
4712
1757
4653
2192
11
4201
7325
3464
8627
9939
2889
8739
1157
261
4133
659
7594
7399
7000
398
2073
1333
6061
2081
2341
9359
3099
5848
7142
10489
1897
1152
5287
9344
3565
3607
3309
6834
9114
3206
3046
6291
5303
530
9277
6659
4829
5821
8576
1775
2479
1877
3061
2131
3632
8457
7726
2634
4958
2226
5890
8005
8993
1325
6696
7427
7196
9432
4637
2181
804
5139
1493
4929
10089
4189
291
5465
5879
8372
6699
8722
4487
705
9937
962
9034
3328
9141
7491
10345
4347
9159
213
6595
1290
9102
7280
10496
1118
5644
6334
10517
8536
5378
10389
1978
2693
4338
7692
4500
5285
7150
8362
2034
9899
4351
8314
2857
5392
1030
573
6891
1640
6521
3842
5837
6918
8019
4205
2120
927
715
5046
8240
7696
2071
8467
7760
7185
4216
439
4671
269
1242
9925
6440
2377
9287
10056
9146
3443
1777
6342
3896
1090
7698
6136
1551
3100
7497
338
76
4193
10596
4962
1067
8797
2277
2351
9313
6032
4676
4337
1614
5150
9083
7704
3278
3402
796
1544
9417
3900
3824
10311
3481
4587
545
5347
8484
566
10290
1109
6
1392
2367
8640
3044
3831
8878
6316
5511
6531
10036
5819
6924
9488
3947
4015
2883
8746
2847
411
3485
1714
6637
10221
747
6251
6503
6380
3261
3300
9070
5771
9881
3274
1886
524
6744
8325
2556
6495
10153
8091
198
9654
8957
3937
3849
3771
10200
5526
7193
3572
2460
274
761
7788
7901
10063
3507
6684
751
369
5356
4686
8361
3712
172
8185
6211
7671
926
6312
8529
10000
2456
4845
6687
2252
1136
3920
4352
5201
7099
1609
2543
7806
5516
6613
6923
3414
4873
1974
3448
6759
9770
3033
4876
9234
4853
7858
9046
2191
5602
570
8454
10322
3752
3859
6677
5933
9669
9753
5372
305
4098
2894
2887
933
2903
466
4489
3810
6456
9626
6488
10587
5188
848
9506
5499
5751
703
8647
6359
8426
10343
7942
887
8262
1755
5650
7620
9633
2123
4555
6554
10438
9483
6904
3393
4510
7950
919
3639
7271
5721
6386
10383
9570
1151
5575
6070
770
2838
7138
9023
7475
7791
8481
5654
7170
2316
7681
9882
3807
6816
8801
5130
1692
4169
9126
6157
8072
4276
3348
9535
5630
6553
5279
7851
5094
4557
8560
4426
9125
9300
8778
7828
2323
9757
2366
1155
8230
9510
288
3219
963
6661
2529
8850
6361
8043
1413
3347
9094
2492
7782
5495
4608
3984
265
1991
7488
2924
4968
1958
41
7467
2931
5607
2043
2449
9948
8017
4287
3319
3917
8533
7364
6377
3939
10539
8147
768
10522
3293
5745
188
7931
3079
7060
4582
6933
1669
113
1065
1186
7078
9193
8330
794
3711
7042
9523
8321
10367
9503
9621
6670
723
5141
8443
5358
7401
2194
623
3945
5190
5034
8429
7909
1702
7967
10623
9963
3139
3549
2741
2501
10082
3266
1432
2926
70
2652
8220
1367
4071
7402
1565
7571
10203
8874
7166
7512
7608
7943
4082
6354
9238
5136
6235
8557
3373
3229
2442
9773
4800
9459
2027
5825
2176
6124
8971
816
6182
6884
8976
4649
4859
8500
1699
9099
5229
7905
4396
4879
2345
4976
7373
2255
1435
3927
10556
7279
9868
6611
1806
10217
4300
6419
3554
6766
1884
4539
1895
5178
1839
2753
4862
2326
10619
3085
3866
3163
6165
6468
5904
10222
6081
9522
115
5533
944
9358
4663
1738
2570
9866
7354
1199
5845
8983
9991
10544
5793
4726
6882
7832
9883
154
2188
10509
8264
9383
2100
2774
507
1162
4354
1143
8086
5436
510
2182
7363
9652
2605
2436
1438
8324
574
553
4844
2882
1048
2060
4507
4756
1933
9865
1969
6164
10260
5394
6605
8224
3369
9507
4474
195
9726
4229
1931
3174
9372
5383
7187
1964
5083
7115
1462
10234
2358
8427
2583
424
1280
8757
7398
6581
4211
1020
8951
2253
7645
1182
3542
2079
6441
7133
2350
6527
587
6641
7521
8135
4454
1830
622
101
6665
2557
1882
9271
7192
6296
4912
10321
4588
1350
4752
8270
964
6010
4532
2860
5168
3459
5505
1619
4891
10344
6761
1098
5041
1345
10114
720
7262
8366
8730
9608
2969
1335
669
9643
9209
8618
9513
2498
6060
7751
1024
8655
1364
10220
9363
2349
7778
6676
1605
5367
3989
9638
10335
4266
4758
8823
1166
6238
3314
420
1864
9352
10237
2658
7335
374
5259
6272
10413
3034
6011
786
10030
5664
6148
3519
6634
7191
9346
4867
351
10324
5276
9122
872
1819
6346
1970
8156
349
1250
945
10299
8205
3918
6303
5937
2776
1221
10038
7956
5619
2876
826
697
1459
10499
276
8141
5714
6847
9719
2132
3836
8082
4417
3790
3279
6293
4377
6199
6339
7443
5251
8304
2896
8322
31
5638
1017
8656
7504
1758
5331
5167
1904
1543
859
4250
7431
6492
4009
3843
1873
5795
753
8856
6702
614
579
10087
9009
575
1440
3211
1998
6518
5637
3447
1696
6397
7607
8137
590
5917
836
4176
8273
8480
1959
2621
196
9150
2511
4215
5957
8998
5444
6072
8519
3230
238
5247
6800
6289
4773
1100
2788
2450
7819
10460
4961
9410
7991
4950
9839
10262
3346
3861
1667
9237
7732
8793
6663
774
8619
4790
7570
8307
6601
762
3344
619
1301
6812
5753
543
1967
6435
6313
4001
976
9829
7757
108
278
4492
1396
7137
4746
7572
8007
6865
921
10469
6059
7032
597
5379
4708
8109
2861
10012
7341
8708
6459
161
1861
8792
9851
8683
1810
7386
863
222
8476
9299
8965
6147
7793
3251
9215
3784
4541
10388
10429
2678
1181
7510
7478
9167
2725
2977
8225
5408
9537
7710
3508
7108
3442
9456
10110
8845
3723
8558
10498
3372
10080
52
4748
2107
5992
1852
9224
3364
7365
9409
729
3416
5410
8018
10458
5365
7462
9585
4941
6228
4363
408
8517
5096
3898
4523
8775
4299
6783
2458
5306
3933
603
6788
2129
8636
5107
7952
5913
1865
6416
1612
3710
7721
2714
3855
9921
7636
9286
8550
1643
8513
533
2669
5790
7501
1741
7344
10447
2384
5052
934
7826
10399
4166
2611
1223
4220
2873
9970
8791
4856
9893
3307
8848
4840
10605
10235
5488
8123
4031
4888
192
6773
2419
8015
6300
4981
8159
9218
2024
5715
5060
6930
1913
7281
4473
9266
220
1091
3991
1231
4987
10617
4175
6745
9699
7579
2568
2469
4544
475
7507
3540
5550
4244
489
295
8968
9095
2845
8919
7474
6623
1204
5043
4021
1854
6870
7959
9153
5154
3795
9794
6168
1950
8377
1902
354
8353
5892
4410
9844
996
9108
6840
231
8503
7661
1761
9729
5464
4483
5791
3623
10139
4736
10330
5730
4910
6941
2247
6502
6782
8218
9380
9406
2786
3183
5591
5872
10574
1797
777
2900
4805
5979
6869
3579
252
534
6052
8717
10346
1906
4542
6806
8614
5963
602
1629
4451
7922
615
4514
10352
3785
9328
515
4360
7527
902
8810
7569
2593
7034
1834
8673
4925
1313
7962
7388
2159
2169
10394
1656
5174
9831
8858
7073
1727
8676
9878
6706
1266
6458
7906
6210
551
2541
5317
1668
6726
7112
732
712
5398
4033
5584
7878
1271
3258
9071
1135
7157
2285
10484
412
10405
3437
7647
3528
5461
8404
10279
4311
5483
9498
8277
8790
4779
6962
4967
4272
7445
9078
6256
3126
643
6833
2881
4430
8076
8452
1390
5569
10613
5833
6254
10122
5089
3914
8738
5535
5871
5239
7795
33
1382
4892
1153
1943
7389
5899
8504
8634
10096
3581
5852
3465
1120
9285
2020
4992
2401
7412
846
9950
10093
4154
7057
2766
9366
14
5576
9512
4022
1510
2558
2910
3450
9451
450
6820
9315
7251
1469
6250
5151
5163
9526
1938
6317
10201
2207
7896
1054
8507
6216
7884
7337
2657
9850
6609
2812
6390
3014
4036
2853
7895
974
9524
3035
6852
3239
6712
10248
2395
1994
1358
10428
8622
8350
716
7616
7077
3488
9178
7183
4441
5655
10535
766
3053
1161
3930
3562
2673
1881
941
4865
9472
2854
4068
3862
10197
7212
4616
2426
346
8948
8760
9741
7708
1574
4275
6277
5902
8212
9542
2272
3060
9632
1716
7461
4004
2617
5223
7675
2692
8665
2836
3315
2992
4225
7804
82
8707
7358
8258
7790
7345
389
7975
6921
3133
6616
1628
10386
686
10573
5075
1124
7204
5700
4819
10589
8014
3102
3611
1847
5097
9852
1972
10611
2783
6078
632
8271
123
4857
8138
4481
8935
2162
8298
203
3454
5269
3425
6311
930
5998
9809
3412
5840
2986
8906
7406
8345
5391
3630
6360
8607
7347
5153
9151
3875
5397
6314
1272
5064
2318
6614
4590
2431
197
1518
6259
616
7237
730
878
2979
2047
2996
3587
3616
3600
1855
5946
4457
4508
9854
806
2275
10169
6953
1660
3196
9143
2904
8371
4362
9216
4738
7670
5193
10018
7854
9763
9010
3758
646
160
5515
5428
2932
3263
1787
5549
4886
5158
578
3874
8094
5996
7068
3005
7820
6122
1736
6403
9730
6680
8905
1891
3427
10179
666
1174
4972
10228
5919
2892
10412
6752
4898
1455
392
3419
1567
5224
8727
8891
3854
2545
7097
5783
6871
2594
5895
7555
1986
488
272
9096
3218
5509
302
6675
9825
7649
4126
687
2393
57
4878
6422
8259
48
9056
4651
3993
65
5598
5846
1068
9791
1425
6283
499
4707
5949
7291
4581
9272
984
5744
4677
6376
8009
9061
5518
6319
3509
4458
2086
156
6395
7493
7983
4518
7609
4371
5710
735
5293
10188
8474
3766
5264
7976
1399
3518
5263
5944
6464
5641
6257
5718
9758
5184
9918
4124
257
4404
1056
4957
9257
451
9097
3636
810
2666
2000
2732
5865
6561
3137
1528
7872
9615
9557
2145
10622
7957
10554
1468
6004
8281
8247
8261
3609
8659
3325
6297
3754
6622
9923
10245
2841
6714
7075
749
2397
4063
1631
8666
84
6956
1263
9749
9884
6583
9185
61
10601
1289
4847
5440
6400
6892
3110
1444
5954
176
5660
6017
5966
532
7476
4223
4946
1282
2852
9835
3336
695
4698
2376
3259
10318
8911
4195
9179
4568
10227
6068
5113
2282
237
10455
5278
6332
3605
5221
1486
4356
598
7274
2329
6273
6302
9241
2156
4386
9886
3726
3780
5893
4750
8408
1274
2957
7546
6491
771
6177
9398
8750
9305
481
442
556
3653
9291
4710
660
6446
2102
1776
3972
6576
4117
4349
6569
4717
2956
2622
3006
5818
7387
5432
2485
3675
7963
7973
4963
6509
6268
2972
5901
5492
9370
6572
2461
3879
7770
4271
8940
2595
360
9329
10146
3828
2933
5208
7225
585
7144
9172
1694
7729
7012
3457
4574
1411
1827
7480
2672
10140
6652
4253
1073
6200
3897
3665
3970
741
6943
2998
2258
2767
8811
2750
10339
6498
6385
2905
7385
7036
10014
818
2245
9235
5876
6249
970
7674
2919
1594
2742
7319
6756
2143
5828
7197
2315
4106
2222
7529
4310
6919
5925
9599
3143
8387
9003
9087
10253
9440
10256
1454
5627
2555
2697
5120
9448
170
6573
2614
1330
6236
3391
6432
6117
4427
3749
1254
9935
245
8398
8216
3534
152
6710
6307
2371
4172
2380
925
6046
4314
5299
702
5133
3401
5376
3020
6224
10155
8315
5292
2653
1630
5253
4214
5450
6886
219
5252
9419
3468
7190
3818
10421
3880
4949
10486
7338
5631
559
1456
9324
428
3626
10453
5341
5334
9742
5400
6574
4971
5990
7277
223
6478
676
6348
4560
10610
3860
425
9420
1472
4270
8989
10286
7880
6734
3892
7227
6034
6192
8872
8598
5493
4280
2049
3415
8445
10119
8180
7322
9733
7336
3075
7724
3536
93
1302
5081
493
10402
3480
10239
9478
3633
509
4893
10021
5466
8068
10264
10503
2228
7876
8687
4231
8972
9106
7215
6510
635
626
2214
1403
10147
7656
8313
7575
8588
7650
1606
8308
6551
2149
6471
1014
2620
1744
7641
633
8795
10199
6753
9202
10439
5057
6398
8554
2747
8436
827
1657
7434
6409
6895
8868
9468
4866
35
6512
5514
2723
3124
4112
4164
3408
5506
3803
1788
5847
1762
1260
7327
6274
1824
8327
4614
664
4188
8382
5106
4097
417
7581
8389
6566
9085
3136
8505
1441
8950
641
3768
4034
5537
10077
4196
9697
2057
4754
10055
9987
5363
839
7621
10297
1107
6388
3924
4626
4529
1281
6648
5740
2683
8962
1374
2189
6683
4576
3809
7741
3678
2058
1148
2500
9977
9194
5552
9052
6971
9610
9681
2103
10616
9636
3598
9805
9320
5690
7821
2581
9609
1532
7937
6774
8061
4148
2213
4606
1217
8157
6134
5642
7290
3564
567
3738
6608
4222
3817
5216
861
1434
7216
3959
1001
9750
2791
10135
10536
3724
8291
529
5797
5628
5029
1269
7207
8339
9278
4954
4764
2983
6668
832
8021
3250
8334
6731
8309
7400
1980
580
2855
9093
7653
10348
8864
7586
1160
3777
9712
7633
4702
9292
3544
639
5324
6704
8703
5674
3823
3506
9382
8847
10338
10282
4903
6629
4460
2234
5817
3446
7533
10604
3734
4502
1584
7315
4842
5668
4143
2128
9920
5959
6132
4096
9388
5603
7516
7247
8934
1808
8032
4646
5670
8992
25
9520
1811
6413
6681
38
6030
3246
5971
7891
9559
247
6461
10312
7525
1375
4823
3134
10384
1389
3550
1237
1678
654
5189
6850
2278
8140
5863
5752
727
7446
8668
9774
5657
9618
3490
5918
5395
1999
8844
5889
5842
9495
1380
2274
5240
6103
1600
8148
124
8266
1953
7923
2871
5349
10462
4003
1239
5528
7026
7990
920
1439
4887
9425
2717
10267
8879
6797
7927
8272
9564
6628
2567
1722
5823
2813
5250
842
7058
3812
2895
8931
208
7907
4449
787
10530
10054
6234
50
4770
4531
7764
3627
4168
4488
4928
6331
9659
657
2334
2859
2053
9316
9768
3482
1058
2174
1677
2967
6427
10249
182
171
9635
8425
8195
6245
2353
7223
823
6671
3272
5695
168
2198
7423
6960
5972
10618
5585
8667
6358
7234
9747
5497
5026
190
9745
8488
7809
6928
4461
221
3526
563
4145
4438
631
4028
6748
8
3617
656
10152
557
7847
2445
6685
8929
229
2219
9414
5073
7074
2248
6336
6146
9325
4339
2155
2522
8817
3029
2806
5786
7146
7350
6022
10418
8105
7618
363
8882
8283
4442
9582
5881
2360
5955
5138
1789
8348
4077
5351
4127
116
8913
6764
1427
10177
7106
7164
5994
7477
1276
1548
3856
6365
7994
7413
9814
4848
2966
6711
2848
51
7151
6743
441
6247
5100
7758
2662
3066
7071
1453
7334
1238
2726
3254
9327
4006
9905
395
9779
6593
9703
9992
3589
9856
9534
6720
1813
9684
7489
7222
1075
4786
6472
740
6131
625
864
8078
7550
2369
5574
3027
432
1604
5166
8502
3690
3612
7654
4152
0
4162
3858
9152
10527
6799
6079
10067
10510
9666
5597
6137
1458
7634
7664
5421
6657
6343
1746
7242
4431
8862
4150
8591
6694
10193
8833
6176
2999
8083
7554
6075
2877
7076
2729
2754
5414
8617
5082
10534
6649
6544
4434
10493
1496
4655
9657
6069
81
9319
5905
6932
5311
7686
6996
1695
7213
8000
2398
4755
3755
8613
7888
4245
8650
663
5321
5375
2829
8045
7835
8405
4732
396
9253
9140
366
2528
9529
3522
10180
5352
3765
5473
8399
9924
68
1766
2175
5031
4132
2988
2616
8136
1071
230
9680
9946
8040
6818
630
6270
3760
10430
9900
3521
3384
3652
1909
6863
10392
951
5781
111
7718
7715
6217
5792
4761
9690
6393
7016
1080
8772
6520
337
763
2327
7582
3228
5735
8595
6350
2563
6019
2802
10073
1482
2743
3026
7210
4871
5423
7484
893
3025
5965
5762
478
3479
10390
3200
2770
2464
9892
10358
6355
2715
5632
914
7940
9107
3546
6979
289
256
10594
1490
384
9721
2404
3638
6227
3103
983
4843
1622
5993
3062
7148
7601
2689
5857
4048
9630
10497
1742
3709
907
9281
1590
6644
4597
5241
6577
3112
2701
4232
10285
7506
5049
80
4995
3076
2604
683
2106
4361
6958
1989
330
1314
803
2305
1244
2825
3705
5681
2781
6913
3016
2798
4549
5856
2422
9516
7627
4505
5333
4359
6967
9988
8896
8080
7857
7567
5964
6058
5779
506
9297
5767
2443
2430
1883
896
9568
6885
1291
6592
6600
3455
8144
6240
9231
6341
6672
1339
4387
2357
361
4984
9424
10276
8336
5490
1985
4185
128
10521
8807
4693
9426
4527
1829
7005
388
1033
2590
1765
1794
1131
2289
9302
5442
9984
2373
1042
2814
8424
10479
9623
7495
8210
9371
852
6612
4470
4519
6526
3720
9230
2332
4139
2362
9245
4408
9233
7640
10585
790
3292
7939
1990
719
34
3452
318
2608
3040
6482
5724
9864
9147
6815
9154
4524
2784
10263
9008
8733
6749
6267
8365
7800
7805
6708
10009
6378
10401
5471
7869
8170
869
2220
9887
2947
3547
2797
3409
9211
7065
9221
7454
3064
1007
3646
7382
8699
4306
8233
4448
1750
10151
178
2177
2805
10377
9142
7141
1373
3142
7874
8494
8132
6848
1894
4044
5344
7812
8151
7590
1381
8664
672
9706
4629
5125
5175
7547
6651
5595
6481
7856
3928
3942
5310
6265
5076
1198
3515
752
1324
8409
4436
957
516
1957
3906
326
5449
4305
6695
4545
2674
4113
2144
3502
901
3191
1647
9826
10086
7297
9756
9480
6912
9205
539
487
6732
7596
311
2303
1332
5782
9974
4719
7304
7663
7172
1579
10291
1466
4660
3023
7249
9068
7622
2038
5181
3376
3719
2448
7852
5233
1029
7123
9017
2603
1673
1309
2195
3687
8871
5541
6014
6077
7031
10057
5758
6152
5390
2577
2795
4951
100
1703
1800
1511
3424
8909
5940
1485
6443
1682
5090
7801
2317
8211
9968
5006
1566
502
8263
6810
5460
8690
9981
4915
1222
355
4327
8214
10593
2119
9990
812
3458
2914
3072
2663
6805
3568
814
9792
6244
5453
5807
1213
6980
4558
150
10467
3438
3962
6733
8155
6453
4341
9031
8602
9740
4140
7010
9838
8608
5754
4982
9922
9254
62
5888
1097
3761
8036
3240
3762
5701
2344
4303
5012
5218
1494
1503
6763
7984
10216
1145
9124
1093
375
8737
847
4302
1618
5270
2263
9821
8126
5873
5874
10563
2978
5666
3212
8949
2314
9412
7584
3407
5417
10091
6462
807
440
4538
10327
4249
10490
8179
7426
9157
9020
9399
8570
6768
4381
10359
3426
8421
3792
4418
147
2237
2679
7911
3498
7843
6938
10003
4067
6851
1580
2454
1128
6643
9976
1786
4206
181
7006
3935
3797
7357
7092
2370
4443
8549
4739
9873
4562
1529
8715
8689
4208
7174
10210
4289
6119
1719
3375
5210
9951
607
9347
6226
3284
3980
6982
3628
7008
5501
5502
1315
8661
4638
4218
4824
7132
8029
2308
6853
8335
3118
2055
7562
3270
10336
1066
10501
264
10176
5525
10105
1892
7498
1664
870
3128
5068
2835
1353
4985
8528
8766
8522
1896
3971
5611
3869
5926
6973
7301
9431
10442
1473
8145
7897
7530
4433
9473
7310
2849
9889
9073
9109
2525
9997
6308
4283
7803
1083
5452
648
2215
9650
3339
10366
4647
1043
5808
8149
2801
2512
8385
3081
5446
1220
4414
4304
10187
4682
248
2101
7767
7447
1076
5225
7457
3444
1275
525
7719
783
4209
66
599
10017
5478
1256
10423
8540
149
1639
8921
10313
10396
2153
7946
9041
1771
4367
6678
628
671
3637
4877
9953
8696
5388
2504
2661
7902
8169
564
10252
1383
10560
4064
8116
3557
4760
8232
960
2858
6995
8128
10232
4776
345
2651
8097
2468
9603
8012
10116
7932
331
4727
10004
10280
6785
5694
3794
1601
5548
445
1228
8209
4000
480
7875
2067
6055
3727
3184
71
5058
10283
7646
5202
7043
7313
2041
9059
4030
558
7898
3073
173
4960
1858
4267
501
6984
7460
2224
2225
1446
8531
2710
9509
6434
5220
8253
2004
8087
5780
10198
2868
6506
7088
2526
1393
9772
7623
1700
2987
3367
5305
2544
6877
8331
8107
2037
10581
284
909
5799
157
7029
3130
9148
690
2711
9429
7238
7536
2230
9583
10615
8819
2826
6130
1031
10614
5226
5750
9072
785
4591
8477
4743
4405
3405
9079
7745
8755
8922
1916
9764
4407
5929
7405
5961
6845
8894
8236
3380
10307
3140
249
10305
2502
8907
4566
1039
1569
8090
1973
7409
4320
5095
8303
2768
7613
541
10031
9973
5667
2765
4778
3867
746
6990
5884
10444
8994
3244
8512
10473
2098
6051
3801
8670
4491
6315
3165
1156
1571
2105
3370
6298
4679
1027
8975
9771
8419
5577
1507
7323
2140
8120
8004
778
6565
7040
10190
9276
3772
7815
3873
8563
7420
5665
6689
3694
5702
2682
5626
7231
1769
3551
3059
3664
8977
6610
6050
5570
8070
10048
1611
6584
2687
6496
7456
4572
3253
10112
9840
3960
9931
1505
2493
4322
7717
1442
1927
315
1818
6201
7018
4425
8204
7473
4999
9256
995
1165
3355
6827
8937
4839
9351
3308
1360
2413
4673
8471
7479
9645
6961
9686
6667
4411
9565
10404
8496
2025
6173
10487
2875
3692
4340
3255
1362
9983
3908
8889
3463
9460
6543
1593
418
1323
1879
10041
3086
2716
8464
10351
9403
5500
297
7147
1337
9961
2147
2076
2576
8187
7267
7574
1225
2700
2751
3713
7226
4464
8509
8518
1336
7038
3161
9533
1713
5007
5415
6204
3887
1205
508
3039
2508
700
1129
5835
6214
9714
713
262
4953
7592
10540
9806
2087
169
9563
8229
9186
2487
9624
7332
9777
6044
2372
3820
2
967
830
1261
8754
3904
10406
7787
4027
3500
5227
3888
2146
5472
2762
10240
3209
5741
8653
6114
6897
6798
1273
3466
1954
298
5604
9454
3863
844
383
4373
10258
9340
9518
5853
10331
6006
2885
8663
9288
1936
3152
6988
5047
10088
5019
4013
3558
9255
1287
333
8153
4852
7774
3440
4948
7260
841
7560
613
10437
1885
8645
2572
8641
3083
3226
3830
9104
9755
5048
3038
2239
8920
6917
5909
8542
971
1141
2090
5122
303
2925
9045
5820
2833
1286
10381
10079
2427
10433
2976
1922
4602
674
3149
6202
7211
277
1057
1623
1784
8979
527
6448
9275
1327
1424
4499
6067
2735
9578
7689
53
1666
8695
3337
5323
10044
2026
9979
10111
680
2803
1801
7968
9704
7925
286
5739
2137
649
8680
8284
8188
3499
7020
733
3199
3478
10101
3260
9875
10100
879
7509
9539
5077
856
6084
2241
4480
7612
10603
1812
2912
4329
5989
5203
9788
5788
4158
8177
4402
523
627
7094
9043
2675
5015
8219
7149
2337
8812
7015
4586
10231
29
1726
2491
3725
9960
521
9910
10209
2869
2745
9783
7514
7759
8167
3804
9367
270
5242
1415
6258
3997
4178
9374
5635
7066
3901
10241
1267
6656
1449
7861
10230
5010
3461
931
5427
5458
8908
6218
5246
9725
7706
8527
9601
5866
6469
9810
6285
37
3495
10524
10584
1650
2051
6901
8836
1431
8969
1040
30
8508
6410
9349
8246
932
10457
9100
7004
7054
216
3361
4636
7598
1997
6507
6089
7557
8356
8895
8706
3074
9249
8095
2184
6260
3948
5725
1214
4072
5050
1106
9214
2171
2231
3232
3520
2596
9489
8231
1817
4375
9385
4815
2211
6237
290
5484
9282
838
3825
1331
840
3289
5757
8756
9011
1554
281
8428
7085
8581
7120
3153
10476
6585
3543
6411
4114
6333
1202
8158
9543
8130
4721
8294
10098
4389
6029
7411
10164
9940
7027
1805
929
9312
1032
5669
2898
5622
665
10451
1169
2488
9269
6935
4293
1248
3088
7941
9301
5298
3834
6801
7892
3428
10559
6345
9183
4131
3320
3560
3483
2293
5207
10397
1028
7113
6320
2880
4024
10590
9348
2496
792
8586
3362
7352
8642
10016
8783
3082
1935
755
10532
10470
4831
2559
8114
1357
5320
1344
2647
285
88
8030
2578
2870
3634
1860
3185
7372
2158
1509
3729
9548
8010
3104
8926
10483
9646
10583
772
2006
1251
3247
6642
185
110
2437
2635
3011
5078
2703
4643
4197
465
4973
3596
9263
3222
5692
4666
5382
5481
4277
9310
9993
6183
1546
1576
2328
1178
6209
1004
5911
6557
5401
1045
3051
5736
3084
8312
9168
9389
8973
658
8605
734
5761
1921
4670
7701
1293
550
10099
5662
8440
5838
1774
3953
6558
6575
9309
7014
6626
4397
7697
7452
4512
232
8806
228
7552
5164
5399
1992
4379
5698
7666
6184
373
6154
793
357
4685
4618
5413
6309
9541
6739
2324
2165
5688
194
10500
1932
283
9261
10257
6172
4203
4422
757
8832
95
4657
10549
3092
3497
322
9818
2891
2579
4684
9790
9907
8190
8946
3648
9259
8623
5496
1102
1635
2008
8555
9760
7679
3494
1041
7761
301
6804
10083
463
6986
2297
9014
2602
