1.0910000801086426,0.9910001158714294,3.0000052452087402
1.1920000314712524,0.9910001158714294,2.999992609024048
2.0250000953674316,0.9769999980926514,2.9999914169311523
1.251999855041504,0.9930000901222229,2.999997138977051
1.1749999523162842,0.9920001029968262,2.999997138977051
1.1890000104904175,0.9900000095367432,3.0000057220458984
1.1480000019073486,0.9900000691413879,3.0000016689300537
1.1409999132156372,0.9920000433921814,3.0000059604644775
1.2279999256134033,0.9900000095367432,3.0000057220458984
1.253000020980835,0.9860000610351562,3.0000033378601074
1.1129999160766602,0.9879999756813049,3.0000061988830566
1.1760001182556152,0.9900001287460327,3.0000054836273193
1.341999888420105,0.9900001287460327,3.000004291534424
1.2289999723434448,0.984000027179718,3.0000059604644775
1.278999924659729,0.984000027179718,2.9999969005584717
4.716000080108643,0.9340000152587891,3.000004768371582
1.3629999160766602,0.9910000562667847,3.000002384185791
1.0720001459121704,0.9940000772476196,3.0000061988830566
1.2450000047683716,0.9880000352859497,2.9999969005584717
1.0549999475479126,0.9950000643730164,3.0000057220458984
1.0670000314712524,0.9950000643730164,3.0000057220458984
1.0880000591278076,0.9950000643730164,3.0000057220458984
1.1440000534057617,0.9930000901222229,3.0000014305114746
1.2220001220703125,0.9950000643730164,2.999997138977051
1.0809998512268066,0.9940000772476196,3.0000054836273193
2.6200003623962402,0.9679999351501465,3.000002861022949
1.225000023841858,0.987000048160553,3.000002861022949
1.2259999513626099,0.987000048160553,3.0000011920928955
1.3140000104904175,0.9910000562667847,2.9999961853027344
1.4589999914169312,0.9839999675750732,3.0000014305114746
1.0670000314712524,0.9930000901222229,3.0000054836273193
1.503000020980835,0.9900000691413879,2.9999983310699463
1.4639999866485596,0.9850000739097595,2.999997138977051
3.067000150680542,0.9649999737739563,2.9999938011169434
1.5950000286102295,0.9859999418258667,2.999990940093994
1.9440001249313354,0.9809999465942383,3.0
2.490000009536743,0.9709999561309814,2.9999992847442627
1.1840001344680786,0.9900001287460327,3.0000057220458984
1.2290000915527344,0.9900001287460327,3.0000014305114746
2.05400013923645,0.965999960899353,2.9999988079071045
2.005000114440918,0.9729999303817749,2.9999911785125732
1.1999999284744263,0.9890000224113464,2.999997138977051
2.140000104904175,0.9760000109672546,2.999995470046997
1.2070001363754272,0.9900000095367432,3.0000057220458984
1.209999918937683,0.9890000820159912,2.9999969005584717
3.9579997062683105,0.9420000314712524,3.0000016689300537
1.1729999780654907,0.9900001287460327,3.0000054836273193
1.1740000247955322,0.9930000901222229,3.0000059604644775
1.2029999494552612,0.9920001029968262,2.999988079071045
1.2660000324249268,0.9829999804496765,2.9999969005584717
1.095000147819519,0.9950000643730164,3.0000059604644775
1.064000129699707,0.9930000305175781,3.0000059604644775
1.959999918937683,0.968999981880188,3.0000030994415283
1.2300000190734863,0.9869999885559082,3.0000054836273193
1.3219999074935913,0.9860000610351562,2.9999969005584717
1.314000129699707,0.987000048160553,3.000004291534424
1.1839998960494995,0.9920000433921814,3.0000052452087402
1.0850000381469727,0.9940000772476196,3.0000059604644775
1.315000057220459,0.9880000352859497,3.000004291534424
1.025999903678894,0.9950000643730164,3.000005006790161
1.3020000457763672,0.9850000143051147,3.0000009536743164
1.6690000295639038,0.9850000143051147,2.9999969005584717
1.2930001020431519,0.987000048160553,2.9999969005584717
1.25,0.9930000901222229,3.0000038146972656
1.2979999780654907,0.9839999675750732,3.0000057220458984
1.1629999876022339,0.9940000772476196,2.999997138977051
1.1369999647140503,0.9940000772476196,3.0000011920928955
1.8849999904632568,0.9850000143051147,2.9999969005584717
1.3320000171661377,0.9900000095367432,3.0000016689300537
1.0829998254776,0.9950000643730164,3.0000064373016357
1.0509999990463257,0.9950000643730164,3.0000052452087402
1.194000005722046,0.9950000643730164,2.999990701675415
1.217000126838684,0.9869999885559082,3.0000059604644775
1.2310000658035278,0.9860000610351562,3.0000009536743164
1.1709998846054077,0.9930000305175781,3.00000262260437
1.2359999418258667,0.9930000901222229,2.999988079071045
1.6689999103546143,0.984000027179718,2.9999988079071045
1.1309999227523804,0.9880000352859497,2.999997138977051
1.0830000638961792,0.9940000772476196,2.9999966621398926
1.2670000791549683,0.9930000305175781,2.999999523162842
1.3310000896453857,0.9900001287460327,2.999997138977051
1.162000060081482,0.9950000643730164,3.000005006790161
1.1360000371932983,0.9930000901222229,3.0000059604644775
1.1999999284744263,0.9950000643730164,2.999992609024048
1.2919999361038208,0.9839999675750732,3.0000014305114746
1.9940001964569092,0.9750000238418579,2.999988079071045
1.0950000286102295,0.9950000643730164,3.0000059604644775
1.334999918937683,0.9900000095367432,3.0000009536743164
1.1610000133514404,0.9950000643730164,3.000002145767212
1.0839998722076416,0.9950000643730164,3.0000057220458984
1.2020000219345093,0.9910000562667847,3.0000040531158447
1.1419999599456787,0.9920000433921814,3.0000064373016357
1.0910000801086426,0.9950000643730164,3.0000059604644775
1.030999779701233,0.9950000643730164,3.0000052452087402
1.2949999570846558,0.9900000691413879,2.999997138977051
1.222000002861023,0.9910001158714294,2.999992847442627
1.0920000076293945,0.9950000643730164,3.0000052452087402
1.1380000114440918,0.9920000433921814,3.0000061988830566
1.1640000343322754,0.9880000352859497,3.0000057220458984
1.0479999780654907,0.9950000643730164,3.0000057220458984
1.2070000171661377,0.9839999675750732,3.0000059604644775
1.2000000476837158,0.9869999885559082,3.0000059604644775
1.28000009059906,0.9829999208450317,3.0000014305114746
1.5260000228881836,0.9779999852180481,2.999992609024048
1.1239999532699585,0.9900001287460327,3.0000054836273193
1.465999960899353,0.9799999594688416,2.999992847442627
3.811000347137451,0.9740000367164612,2.9999966621398926
1.6790000200271606,0.9750000238418579,3.000001907348633
1.1309999227523804,0.9910001158714294,3.0000052452087402
1.3019999265670776,0.9890000224113464,2.999999523162842
1.248000144958496,0.9930000901222229,3.000002145767212
1.0670000314712524,0.9940000772476196,2.999997138977051
1.2150001525878906,0.9900000095367432,3.0000014305114746
1.2070000171661377,0.9880000352859497,2.9999992847442627
1.1069999933242798,0.9920001029968262,3.0000059604644775
1.1369999647140503,0.9930000901222229,3.0000054836273193
1.149999976158142,0.9890000820159912,3.0000054836273193
1.5280001163482666,0.9839999079704285,2.999997615814209
1.539000153541565,0.9839999079704285,2.999997138977051
1.0830000638961792,0.9950000643730164,3.0000057220458984
1.284999966621399,0.9900000691413879,3.000001907348633
1.2720000743865967,0.9840000867843628,2.999995708465576
1.474000096321106,0.9810000658035278,2.999999761581421
1.1080000400543213,0.9920001029968262,3.000005006790161
1.715000033378601,0.9709999561309814,2.999995231628418
1.3429999351501465,0.9850000143051147,3.0000052452087402
1.3500001430511475,0.9940000772476196,2.9999938011169434
2.194000005722046,0.9839999079704285,2.9999969005584717
2.187000036239624,0.981999933719635,2.999993324279785
1.1319999694824219,0.9950000643730164,2.9999969005584717
1.1489999294281006,0.9920001029968262,3.0000011920928955
1.5490001440048218,0.984000027179718,2.999997138977051
1.6410000324249268,0.9860000014305115,2.9999938011169434
2.2270002365112305,0.9700000286102295,2.9999899864196777
1.2320001125335693,0.9869999885559082,2.9999969005584717
1.193000078201294,0.987000048160553,3.0000057220458984
1.5649999380111694,0.9760000109672546,3.0000057220458984
1.2649999856948853,0.9910000562667847,2.999992847442627
1.2899999618530273,0.9829999804496765,3.0000057220458984
1.3250000476837158,0.9849998950958252,3.0000014305114746
1.3339999914169312,0.9849998950958252,3.0000011920928955
1.1740000247955322,0.9950000643730164,3.0000057220458984
1.3590000867843628,0.9900000095367432,2.9999966621398926
1.4200000762939453,0.9930000901222229,2.999998092651367
1.378999948501587,0.9820000529289246,3.00000262260437
1.465000033378601,0.9859999418258667,3.000005006790161
1.3050000667572021,0.987000048160553,3.0000059604644775
1.0780000686645508,0.9930000901222229,3.0000054836273193
1.5249998569488525,0.9819999933242798,2.9999961853027344
1.117999792098999,0.9930000901222229,3.0000057220458984
1.184000015258789,0.9900000691413879,3.0000016689300537
1.2680000066757202,0.9910001158714294,3.000004291534424
1.1099998950958252,0.9950000643730164,3.0000054836273193
1.319000005722046,0.9950000643730164,2.999988555908203
1.3349997997283936,0.987000048160553,3.0000059604644775
1.1299999952316284,0.9920000433921814,3.0000054836273193
1.1039999723434448,0.9930000901222229,3.0000057220458984
1.1339999437332153,0.9940000772476196,3.000005006790161
1.2130000591278076,0.9860000014305115,3.0000011920928955
1.2050000429153442,0.9850000143051147,3.0000059604644775
1.3560000658035278,0.981999933719635,3.0000014305114746
1.496000051498413,0.9790000319480896,3.0000035762786865
1.2499998807907104,0.9850000143051147,2.9999966621398926
1.1800000667572021,0.9880000948905945,2.999997138977051
1.1399999856948853,0.9880000352859497,3.0000054836273193
1.4229999780654907,0.9789999723434448,3.0000014305114746
1.5320000648498535,0.9809999465942383,3.00000262260437
1.3700001239776611,0.9799999594688416,3.0000009536743164
1.343000054359436,0.9900000691413879,2.999992609024048
1.2900002002716064,0.9829999804496765,2.9999969005584717
1.098000168800354,0.9930000305175781,3.0000059604644775
1.065000057220459,0.9950000643730164,3.0000054836273193
1.1419999599456787,0.9940000772476196,2.999997615814209
1.152000069618225,0.9930000901222229,3.0000061988830566
1.1450001001358032,0.9920001029968262,3.0000059604644775
1.3980001211166382,0.9819999933242798,2.999999761581421
1.2660000324249268,0.9890000224113464,3.0000040531158447
1.2179999351501465,0.9829999804496765,3.0000059604644775
1.2960000038146973,0.9799999594688416,3.0000016689300537
1.0809999704360962,0.9950000643730164,3.0000059604644775
1.4350000619888306,0.9900000691413879,2.9999983310699463
1.0640000104904175,0.9950000643730164,3.0000054836273193
1.0529999732971191,0.9920001029968262,3.0000054836273193
1.1460000276565552,0.9890000224113464,3.0000009536743164
1.2020000219345093,0.9880000352859497,3.0000009536743164
1.722000002861023,0.9829999804496765,3.000002861022949
1.0820001363754272,0.9909999966621399,3.0000052452087402
1.157999873161316,0.9920001029968262,3.0000057220458984
1.196000099182129,0.9860000014305115,3.0000057220458984
1.4620000123977661,0.9830000400543213,3.0000009536743164
1.184000015258789,0.9930000305175781,3.0000011920928955
1.90500009059906,0.9749999642372131,3.0
1.1100001335144043,0.9930000901222229,3.0000054836273193
1.5959999561309814,0.9790000319480896,2.999988317489624
1.1470000743865967,0.9940000772476196,3.0000014305114746
1.1230000257492065,0.9950000643730164,2.999997138977051
1.555999994277954,0.9779999256134033,3.000002384185791
1.1060000658035278,0.9920001029968262,3.0000057220458984
1.5490000247955322,0.9859999418258667,3.0000038146972656
1.6699999570846558,0.9849998950958252,3.000004768371582
1.8260000944137573,0.9859999418258667,3.000000238418579
1.1940001249313354,0.984000027179718,3.0000061988830566
1.41100013256073,0.9799999594688416,3.000002861022949
1.3899999856948853,0.9769999980926514,3.0000052452087402
1.0829999446868896,0.9910000562667847,3.0000057220458984
1.2710000276565552,0.9940000772476196,2.999987840652466
1.1490000486373901,0.9920000433921814,3.0000059604644775
1.059999942779541,0.9940000772476196,3.000005006790161
1.053999900817871,0.9950000643730164,3.0000057220458984
2.7330000400543213,0.972000002861023,2.999994993209839
2.244000196456909,0.9849998950958252,2.9999992847442627
1.1060000658035278,0.9930000901222229,2.9999966621398926
1.3030000925064087,0.9839999675750732,3.0000054836273193
1.100000023841858,0.9900001287460327,3.0000057220458984
1.1589999198913574,0.9910000562667847,3.0000057220458984
1.4819999933242798,0.9709999561309814,3.0000057220458984
1.1320000886917114,0.9910000562667847,3.0000059604644775
1.2710000276565552,0.9910000562667847,2.999992609024048
1.3299999237060547,0.9829999804496765,2.999988079071045
1.3550001382827759,0.9930000901222229,2.9999966621398926
1.1800001859664917,0.9900000691413879,3.0000057220458984
1.1810001134872437,0.9920000433921814,3.0000014305114746
1.1110001802444458,0.9910001158714294,3.0000059604644775
1.319000005722046,0.9869999885559082,2.9999969005584717
1.4269999265670776,0.9799999594688416,2.9999921321868896
1.1750001907348633,0.9890000224113464,3.0000052452087402
1.1750000715255737,0.9870001077651978,3.0000061988830566
1.1360000371932983,0.9930000901222229,3.0000059604644775
1.1140000820159912,0.9900000095367432,3.0000057220458984
1.196000099182129,0.9860000014305115,3.000001907348633
1.1600000858306885,0.9900000691413879,2.999997138977051
1.090000033378601,0.9950000643730164,3.0000057220458984
1.2269999980926514,0.9860000610351562,3.0000057220458984
1.2599998712539673,0.9859999418258667,3.0000054836273193
1.5240000486373901,0.9879999756813049,2.99999737739563
1.2899998426437378,0.9880000352859497,3.0000033378601074
2.0820000171661377,0.9819999933242798,3.0
1.0889999866485596,0.9930000901222229,3.000005006790161
1.093999981880188,0.9890000820159912,3.0000061988830566
1.194000005722046,0.9839999079704285,3.0000014305114746
1.4429999589920044,0.9869999885559082,3.00000262260437
1.4149999618530273,0.9910001158714294,2.9999988079071045
1.3189998865127563,0.9920001029968262,2.9999938011169434
1.0779999494552612,0.9920001029968262,3.0000054836273193
1.0740001201629639,0.9930000305175781,3.0000057220458984
1.0449999570846558,0.9940000772476196,3.000005006790161
1.154000163078308,0.9860000014305115,3.0000052452087402
1.444000005722046,0.9800000190734863,3.0000011920928955
1.0789999961853027,0.9880000352859497,3.000004768371582
1.1720000505447388,0.9890000224113464,3.0000064373016357
1.0780000686645508,0.9909999966621399,3.0000054836273193
1.1090000867843628,0.9910000562667847,3.0000057220458984
1.433000087738037,0.9739999771118164,3.0000009536743164
1.096000075340271,0.9920001029968262,3.0000057220458984
1.224000096321106,0.9860000014305115,2.9999966621398926
1.320000171661377,0.9880000948905945,2.9999969005584717
1.340000033378601,0.9850000739097595,2.9999959468841553
1.1750000715255737,0.9900001287460327,2.9999966621398926
1.1589999198913574,0.9839999675750732,3.000005006790161
1.087999939918518,0.9940000772476196,3.0000014305114746
1.13100004196167,0.9870001077651978,3.000005006790161
1.0939998626708984,0.9910000562667847,3.0000054836273193
1.2300000190734863,0.9950000643730164,2.9999990463256836
1.4910001754760742,0.9860000014305115,2.9999988079071045
1.309999942779541,0.9840000867843628,2.999998092651367
1.221000075340271,0.9910001158714294,2.999992609024048
1.0830000638961792,0.9940000772476196,3.0000057220458984
1.098000168800354,0.9930000901222229,3.0000059604644775
1.0889999866485596,0.9950000643730164,3.0000033378601074
1.2320001125335693,0.9880000352859497,3.0000057220458984
1.251000165939331,0.9920000433921814,3.0
1.38100004196167,0.9810000061988831,3.0000059604644775
1.1679999828338623,0.9900000095367432,3.0000061988830566
1.9620000123977661,0.968999981880188,3.0
1.1190000772476196,0.9920000433921814,3.0000057220458984
1.040000081062317,0.9950000643730164,3.0000059604644775
1.1200000047683716,0.9940000772476196,3.0000059604644775
1.096000075340271,0.9930000305175781,3.0000059604644775
1.3889999389648438,0.9829999804496765,3.000002384185791
2.1460001468658447,0.9679999947547913,2.9999990463256836
1.3299999237060547,0.9930000901222229,3.0000040531158447
1.1769999265670776,0.9930000901222229,3.0000035762786865
1.1570000648498535,0.9920001029968262,3.0000059604644775
1.5499999523162842,0.9789999723434448,2.9999985694885254
1.2290000915527344,0.9869999885559082,3.0000016689300537
1.1109999418258667,0.9950000643730164,2.999997138977051
1.0839998722076416,0.9950000643730164,3.0000057220458984
1.5360000133514404,0.9739999771118164,3.000005006790161
1.1449999809265137,0.9909999966621399,3.0000054836273193
1.1980000734329224,0.9900000691413879,3.0000014305114746
1.2450000047683716,0.9860000014305115,3.0000061988830566
1.4640001058578491,0.984000027179718,2.999999761581421
1.3580000400543213,0.9800000786781311,2.999997138977051
1.4920001029968262,0.9759999513626099,3.0000059604644775
1.0789999961853027,0.9940000772476196,3.0000054836273193
1.1729999780654907,0.9890000224113464,3.0000009536743164
1.068000078201294,0.9910001158714294,3.0000054836273193
1.122999906539917,0.9930000901222229,2.999997138977051
1.4149999618530273,0.9869999289512634,2.9999945163726807
1.9180001020431519,0.966999888420105,2.9999966621398926
1.540000081062317,0.9799999594688416,3.000002861022949
1.3360000848770142,0.9789999723434448,2.9999969005584717
1.2380000352859497,0.9940000772476196,3.000002861022949
1.1979999542236328,0.9900000691413879,3.0000057220458984
1.2430000305175781,0.9860000610351562,2.999997615814209
1.1489999294281006,0.9920001029968262,3.0000009536743164
1.218000054359436,0.9859999418258667,3.0000057220458984
1.2479997873306274,0.9890000224113464,2.999995470046997
1.376999855041504,0.9800000190734863,3.0000030994415283
1.3040000200271606,0.9880000352859497,3.0000052452087402
1.3370000123977661,0.9850000143051147,2.99999737739563
1.3650001287460327,0.9829999208450317,3.0000009536743164
1.5250000953674316,0.9780000448226929,2.9999990463256836
1.2340000867843628,0.9869999885559082,2.999992609024048
1.2459999322891235,0.9900000095367432,3.0000014305114746
1.3910000324249268,0.9860000014305115,2.9999938011169434
1.0480000972747803,0.9950000643730164,3.0000061988830566
1.363999843597412,0.9799999594688416,2.999988317489624
1.1180000305175781,0.9900000691413879,3.0000059604644775
1.0839999914169312,0.9940000772476196,3.0000016689300537
1.3690000772476196,0.9880000352859497,3.0000011920928955
1.249000072479248,0.9910000562667847,2.999988317489624
1.1079999208450317,0.9920001029968262,3.0000054836273193
1.2179999351501465,0.9880000352859497,3.0000054836273193
1.0789999961853027,0.9900000691413879,3.000005006790161
1.1290000677108765,0.9930000901222229,3.0000064373016357
1.1640000343322754,0.9920001029968262,3.0000057220458984
1.220000147819519,0.9880000352859497,3.0000052452087402
1.124000072479248,0.9930000901222229,3.0000057220458984
1.3489999771118164,0.9890000820159912,3.0000014305114746
1.0690001249313354,0.9950000643730164,3.0000011920928955
1.093999981880188,0.9950000643730164,3.0000057220458984
1.127000093460083,0.9930000901222229,3.0000054836273193
1.277999997138977,0.9849998950958252,3.0000057220458984
1.0630000829696655,0.9940000772476196,3.0000059604644775
1.2380000352859497,0.9940000772476196,2.999987840652466
1.1560001373291016,0.9940000772476196,3.0000011920928955
1.218000054359436,0.9850000143051147,3.0000057220458984
1.0529999732971191,0.9950000643730164,3.0000054836273193
1.1050000190734863,0.9940000772476196,2.9999992847442627
1.127000093460083,0.9940000772476196,2.9999969005584717
1.0679999589920044,0.9950000643730164,3.0000057220458984
1.0659998655319214,0.9930000305175781,3.000004529953003
1.5119999647140503,0.9900000691413879,2.999999523162842
1.2810001373291016,0.9950000643730164,2.999995708465576
1.0989999771118164,0.9920000433921814,3.0000054836273193
1.1549999713897705,0.9880000352859497,3.0000064373016357
1.2940000295639038,0.9880000352859497,2.999999761581421
1.5649999380111694,0.9820000529289246,2.999998092651367
1.185999870300293,0.9869999885559082,3.000001907348633
1.0950000286102295,0.9930000901222229,3.0000057220458984
1.3040000200271606,0.9890000224113464,2.999990940093994
1.3249999284744263,0.9860000014305115,3.0000011920928955
1.2739999294281006,0.9880000352859497,3.0000057220458984
1.065999984741211,0.9950000643730164,3.0000054836273193
1.0980000495910645,0.9930000901222229,2.999997138977051
1.0449999570846558,0.9950000643730164,3.0000054836273193
1.36899995803833,0.9759999513626099,2.9999923706054688
1.058000087738037,0.9940000772476196,3.0000057220458984
1.1019999980926514,0.9880000352859497,3.000004768371582
1.0790001153945923,0.9880000352859497,3.000005006790161
1.0789999961853027,0.9900000095367432,3.0000059604644775
1.1089999675750732,0.9950000643730164,3.0000014305114746
1.0820000171661377,0.9930000305175781,3.0000014305114746
1.5859999656677246,0.9820000529289246,2.999995231628418
1.061000108718872,0.9950000643730164,3.0000059604644775
1.055999994277954,0.9950000643730164,3.0000054836273193
1.7500001192092896,0.9780000448226929,2.9999911785125732
1.3130000829696655,0.9900001287460327,2.999999523162842
1.3100000619888306,0.9900001287460327,2.999999761581421
1.2680000066757202,0.9830000400543213,3.0000064373016357
1.100000023841858,0.9890000820159912,3.0000054836273193
1.062999963760376,0.9920001029968262,3.0000054836273193
1.1330000162124634,0.9910000562667847,3.0000011920928955
1.224000096321106,0.9839999675750732,3.0000059604644775
1.3030000925064087,0.9910001158714294,2.9999990463256836
1.0520000457763672,0.9950000643730164,3.000005006790161
1.2200000286102295,0.9880000352859497,2.9999969005584717
1.0869998931884766,0.9940000772476196,2.999997615814209
1.5450001955032349,0.9869999885559082,3.000002861022949
1.1129999160766602,0.9890000224113464,3.0000057220458984
1.1269999742507935,0.9850000143051147,3.0000059604644775
1.0740000009536743,0.9920001029968262,3.000004768371582
1.1319999694824219,0.9950000643730164,2.999997138977051
1.3000000715255737,0.9890000224113464,2.9999935626983643
1.1159999370574951,0.9880000352859497,3.0000007152557373
1.08899986743927,0.9940000772476196,3.0000054836273193
1.8230000734329224,0.9829999804496765,3.000002861022949
1.4259999990463257,0.9819999933242798,3.0000009536743164
1.2190001010894775,0.9880000352859497,2.999992609024048
1.099000096321106,0.9890000224113464,3.0000057220458984
1.1349999904632568,0.9890000224113464,3.0000057220458984
1.2630000114440918,0.9799999594688416,3.0000061988830566
1.1719999313354492,0.9890000224113464,3.000001907348633
1.062000036239624,0.9950000643730164,3.0000061988830566
1.0439999103546143,0.9930000901222229,3.000005006790161
1.093999981880188,0.9920001029968262,3.0000061988830566
1.1660000085830688,0.9910001158714294,2.999997138977051
1.1529998779296875,0.9900000691413879,2.999988555908203
1.187000036239624,0.9880000948905945,2.999997138977051
1.1160000562667847,0.9869999289512634,3.0000054836273193
1.2400000095367432,0.9950000643730164,3.000002861022949
1.1129999160766602,0.9930000305175781,3.0000052452087402
1.1200000047683716,0.9950000643730164,3.0000059604644775
1.0929999351501465,0.9940000772476196,2.9999964237213135
1.0320000648498535,0.9950000643730164,3.000005006790161
1.1179999113082886,0.9920001029968262,3.000005006790161
1.121000051498413,0.98499995470047,3.0000059604644775
1.0630000829696655,0.9920001029968262,3.0000011920928955
1.0339999198913574,0.9950000643730164,3.000005006790161
1.1139999628067017,0.9940000772476196,3.0000057220458984
1.159000039100647,0.9879999756813049,3.0000052452087402
1.1360000371932983,0.9950000643730164,2.9999966621398926
1.1350001096725464,0.9890000224113464,3.0000054836273193
1.1480000019073486,0.9920001029968262,2.99999737739563
1.0620001554489136,0.9950000643730164,3.0000054836273193
1.3079999685287476,0.9849998950958252,2.9999969005584717
1.0809999704360962,0.9950000643730164,3.0000054836273193
1.0489999055862427,0.9930000901222229,3.0000052452087402
1.1869999170303345,0.9900001287460327,3.0000054836273193
1.1039999723434448,0.9920000433921814,3.0000054836273193
1.1970000267028809,0.9950000643730164,2.999998092651367
1.1139999628067017,0.9890000820159912,2.99999737739563
1.1330000162124634,0.9930000901222229,2.999995470046997
1.0500000715255737,0.9940000772476196,3.0000054836273193
1.093999981880188,0.9900000691413879,3.0000057220458984
1.1839998960494995,0.9900001287460327,3.0000014305114746
1.4060001373291016,0.9819999933242798,2.999997854232788
1.0499999523162842,0.9950000643730164,3.0000052452087402
1.157999873161316,0.9900000095367432,2.999995470046997
1.187000036239624,0.9910001158714294,3.0000038146972656
1.1299998760223389,0.9890000224113464,3.0000054836273193
1.1759999990463257,0.9900000691413879,2.999997138977051
1.130000114440918,0.9890000820159912,2.999997138977051
1.253999948501587,0.9840000867843628,2.9999964237213135
1.3119999170303345,0.9880000352859497,2.999998092651367
1.159000039100647,0.9850000739097595,3.000005006790161
1.0829999446868896,0.9890000224113464,3.0000054836273193
1.0899999141693115,0.9920001029968262,3.0000064373016357
1.1389999389648438,0.9869999885559082,3.000004768371582
1.2050000429153442,0.9900000691413879,3.0000059604644775
1.0640000104904175,0.9930000901222229,3.0000061988830566
1.1369999647140503,0.9920000433921814,2.9999964237213135
1.1200000047683716,0.9950000643730164,3.0000040531158447
1.0869998931884766,0.9950000643730164,3.0000014305114746
1.0750000476837158,0.9930000901222229,3.0000052452087402
1.0889999866485596,0.9900000691413879,3.0000057220458984
1.0490000247955322,0.9940000772476196,3.000004768371582
1.1140000820159912,0.9930000901222229,2.999997138977051
1.093999981880188,0.9920001029968262,3.0000059604644775
1.2139999866485596,0.9879999756813049,2.9999923706054688
1.2419999837875366,0.9850000739097595,2.9999992847442627
1.1080001592636108,0.9900000691413879,2.9999966621398926
1.0519999265670776,0.9950000643730164,3.0000057220458984
1.149999976158142,0.987000048160553,2.999997138977051
1.0959999561309814,0.9940000772476196,3.0000011920928955
1.1260000467300415,0.9890000820159912,3.0000059604644775
1.2710000276565552,0.9890000820159912,3.0000033378601074
1.0609999895095825,0.9950000643730164,3.000004529953003
1.090999960899353,0.9889999628067017,3.000005006790161
1.1299998760223389,0.9880000352859497,3.0000059604644775
1.1430000066757202,0.9879999756813049,3.0000059604644775
1.093999981880188,0.9910000562667847,3.0000054836273193
1.0800000429153442,0.9910001158714294,3.0000059604644775
1.0699999332427979,0.9930000901222229,3.0000057220458984
1.08899986743927,0.9920000433921814,3.0000061988830566
1.1050000190734863,0.9940000772476196,3.0000057220458984
1.0449999570846558,0.9940000772476196,3.0000057220458984
1.0689998865127563,0.9930000901222229,3.000004768371582
1.1720000505447388,0.9880000352859497,3.0000059604644775
1.0439999103546143,0.9940000772476196,3.0000052452087402
1.158000111579895,0.9900001287460327,2.9999966621398926
1.1660000085830688,0.987000048160553,2.9999964237213135
1.0819998979568481,0.9920000433921814,3.000005006790161
1.0739998817443848,0.9930000901222229,3.0000014305114746
1.1070001125335693,0.9900000691413879,3.0000057220458984
1.087999939918518,0.9950000643730164,2.999999761581421
1.1039999723434448,0.9910000562667847,3.0000057220458984
1.0809999704360962,0.9940000772476196,3.0000059604644775
1.0559998750686646,0.9950000643730164,3.0000057220458984
1.0679999589920044,0.9890000820159912,3.000005006790161
1.0920000076293945,0.9900001287460327,3.0000054836273193
1.0570000410079956,0.9950000643730164,3.0000052452087402
1.0770000219345093,0.9900001287460327,3.000004768371582
1.0800000429153442,0.9880000352859497,3.0000052452087402
1.1329998970031738,0.9880000352859497,3.000005006790161
1.062999963760376,0.9950000643730164,3.000005006790161
1.1219998598098755,0.9930000901222229,3.0000054836273193
1.093999981880188,0.9880000352859497,3.0000057220458984
1.0390000343322754,0.9930000901222229,3.0000054836273193
1.027999997138977,0.9940000772476196,3.0000052452087402
1.0810000896453857,0.9930000901222229,3.0000057220458984
1.0520000457763672,0.9950000643730164,3.0000052452087402
1.1969999074935913,0.9950000643730164,2.999997138977051
1.034000039100647,0.9950000643730164,3.0000054836273193
1.0260001420974731,0.9950000643730164,3.000004768371582
1.1099998950958252,0.9869999885559082,3.0000054836273193
1.0189999341964722,0.9940000772476196,3.000004768371582
1.0609999895095825,0.9910001158714294,3.000005006790161
1.0380001068115234,0.9909999966621399,3.000004768371582
