475
142
914
524
247
1066
561
719
570
115
30
661
124
262
573
293
1000
357
80
936
267
857
917
608
667
92
822
944
244
410
807
324
358
927
504
901
74
996
741
858
873
175
713
264
673
28
79
231
271
1018
299
546
635
967
622
391
334
408
736
963
932
656
808
1054
41
453
174
117
971
616
1067
533
652
981
1038
444
361
910
753
703
224
0
213
291
370
416
121
820
915
462
553
879
189
921
952
53
455
221
847
405
634
131
241
987
382
137
837
302
337
872
664
270
842
949
909
867
672
460
589
5
209
948
657
158
907
749
783
600
738
509
866
815
615
448
829
977
463
354
642
639
874
878
64
1031
894
1005
203
655
260
114
937
814
767
1035
18
884
235
983
415
482
923
1046
686
1045
551
102
208
96
1037
312
329
742
771
250
694
1057
201
498
988
227
1051
172
630
1050
285
704
558
617
294
714
818
37
828
342
283
1075
613
734
649
747
278
481
595
212
339
411
706
343
770
710
178
171
733
239
1024
755
300
745
768
838
946
381
548
1071
773
624
13
542
848
248
229
885
141
490
757
572
85
282
274
834
458
984
566
385
999
955
697
994
237
432
690
840
687
420
425
333
812
368
502
219
406
1049
240
29
166
488
663
394
398
717
388
721
976
321
1063
376
206
384
105
136
929
50
594
44
679
336
503
559
133
786
677
132
397
1074
344
314
744
58
399
1047
225
259
1021
678
764
214
439
811
805
978
72
906
839
1040
371
979
183
88
851
938
562
356
695
