1.0304737091064453,0.9600000381469727,1.1221320629119873
1.0354737043380737,0.9550000429153442,1.1211720705032349
1.0503356456756592,0.8849999904632568,3.2410922050476074
1.0320017337799072,0.9650000333786011,1.2634119987487793
1.0256593227386475,0.9650000333786011,1.571112036705017
1.0342291593551636,0.9550000429153442,1.1880919933319092
1.036550760269165,0.9500000476837158,1.1871520280838013
1.0303244590759277,0.9600000381469727,1.6249520778656006
1.0370763540267944,0.9500000476837158,1.2198820114135742
1.0440491437911987,0.9300000667572021,1.3922920227050781
1.0463407039642334,0.940000057220459,1.1554120779037476
1.0416454076766968,0.9500000476837158,1.3348119258880615
1.0366454124450684,0.9550000429153442,1.3178319931030273
1.048008918762207,0.9300000667572021,1.9514120817184448
1.049068808555603,0.9250000715255737,2.143752098083496
1.1246172189712524,0.699999988079071,4.2128520011901855
1.0242834091186523,0.9650000333786011,1.6051920652389526
1.0279462337493896,0.9700000286102295,1.1033220291137695
1.0331976413726807,0.9450000524520874,1.568872094154358
1.024999976158142,0.9750000238418579,1.0458519458770752
1.024999976158142,0.9750000238418579,1.0722019672393799
1.0199999809265137,0.9800000190734863,1.1023420095443726
1.0294445753097534,0.9650000333786011,1.1813620328903198
1.024999976158142,0.9750000238418579,1.1529219150543213
1.0262531042099,0.9700000286102295,1.216681957244873
1.0529296398162842,0.8399999737739563,2.4860219955444336
1.0468658208847046,0.9350000619888306,1.5990420579910278
1.0431644916534424,0.9350000619888306,1.6745420694351196
1.0248699188232422,0.9600000381469727,2.137852191925049
1.0500842332839966,0.9200000762939453,1.7869020700454712
1.0271437168121338,0.9700000286102295,1.1373119354248047
1.0344674587249756,0.9550000429153442,1.4327620267868042
1.0413576364517212,0.9300000667572021,2.0322821140289307
1.0904754400253296,0.8300000429153442,2.986652135848999
1.0472300052642822,0.9300000667572021,1.5978620052337646
1.0536705255508423,0.9050000309944153,1.7105920314788818
1.0604643821716309,0.875,2.420851945877075
1.0468878746032715,0.9500000476837158,1.2374120950698853
1.0431379079818726,0.9550000429153442,1.235882043838501
1.0601847171783447,0.8400000333786011,2.7838919162750244
1.0524048805236816,0.8650000095367432,2.6983320713043213
1.0340280532836914,0.9450000524520874,1.499832034111023
1.0479862689971924,0.89000004529953,3.7601118087768555
1.0340237617492676,0.9500000476837158,2.0475220680236816
1.0356800556182861,0.9550000429153442,1.1854820251464844
1.1202269792556763,0.7199999690055847,4.079452037811279
1.0419660806655884,0.9500000476837158,1.2201720476150513
1.0310440063476562,0.9650000333786011,1.074422001838684
1.0243667364120483,0.9650000333786011,1.2640020847320557
1.041289210319519,0.9250000715255737,1.683832049369812
1.024999976158142,0.9750000238418579,1.1320619583129883
1.0278098583221436,0.9650000333786011,1.2620720863342285
1.0610498189926147,0.8500000238418579,2.5982120037078857
1.0447278022766113,0.9350000619888306,1.834291934967041
1.044801115989685,0.9300000667572021,1.869871973991394
1.0406200885772705,0.9350000619888306,1.4581420421600342
1.0292145013809204,0.9600000381469727,1.1455119848251343
1.0267120599746704,0.9700000286102295,1.1290719509124756
1.0396654605865479,0.940000057220459,1.576051950454712
1.024999976158142,0.9750000238418579,1.0285519361495972
1.0452111959457397,0.9250000715255737,1.8842520713806152
1.0446957349777222,0.9300000667572021,1.7959920167922974
1.0427627563476562,0.940000057220459,1.2564619779586792
1.029881477355957,0.9650000333786011,1.2414120435714722
1.0463131666183472,0.9250000715255737,1.8778220415115356
1.0267326831817627,0.9700000286102295,1.1570019721984863
1.020825743675232,0.9750000238418579,1.1210620403289795
1.0403847694396973,0.9300000667572021,2.205872058868408
1.031982421875,0.9500000476837158,1.4513421058654785
1.0199999809265137,0.9800000190734863,1.0778919458389282
1.0199999809265137,0.9800000190734863,1.0330818891525269
1.024999976158142,0.9750000238418579,1.1315521001815796
1.0384252071380615,0.940000057220459,1.3165420293807983
1.0522302389144897,0.9300000667572021,1.7537320852279663
1.029980182647705,0.9650000333786011,1.1382219791412354
1.0268950462341309,0.9650000333786011,1.2249319553375244
1.036916732788086,0.9250000715255737,1.9047119617462158
1.0382784605026245,0.940000057220459,1.3652420043945312
1.0269733667373657,0.9700000286102295,1.1215320825576782
1.0288136005401611,0.9650000333786011,1.217542052268982
1.0417793989181519,0.9550000429153442,1.1956520080566406
1.024999976158142,0.9750000238418579,1.145151972770691
1.027871012687683,0.9650000333786011,1.2028319835662842
1.024999976158142,0.9750000238418579,1.2394719123840332
1.044482707977295,0.9200000762939453,2.0250120162963867
1.0570493936538696,0.880000114440918,2.5815024375915527
1.024999976158142,0.9750000238418579,1.122951865196228
1.0335432291030884,0.9550000429153442,1.255281925201416
1.0199999809265137,0.9800000190734863,1.1575120687484741
1.024999976158142,0.9750000238418579,1.061432123184204
1.0388168096542358,0.9550000429153442,1.3262320756912231
1.0274202823638916,0.9650000333786011,1.415761947631836
1.0199999809265137,0.9800000190734863,1.0863419771194458
1.024999976158142,0.9750000238418579,1.0415120124816895
1.0444068908691406,0.9500000476837158,1.3680920600891113
1.0373878479003906,0.9600000381469727,1.2188318967819214
1.024999976158142,0.9750000238418579,1.0699321031570435
1.028110146522522,0.9650000333786011,1.2005419731140137
1.0393272638320923,0.9450000524520874,1.2475320100784302
1.024999976158142,0.9750000238418579,1.0449819564819336
1.0392557382583618,0.9300000667572021,1.2828320264816284
1.0391689538955688,0.940000057220459,1.2561320066452026
1.0540968179702759,0.9150000810623169,1.3017518520355225
1.046998381614685,0.9000000953674316,2.17834210395813
1.0421414375305176,0.9500000476837158,1.155661940574646
1.03700852394104,0.9100000262260437,2.6336421966552734
1.047512173652649,0.880000114440918,2.873272180557251
1.0700430870056152,0.880000114440918,2.9302821159362793
1.0370903015136719,0.9550000429153442,1.2608420848846436
1.02914559841156,0.9550000429153442,1.435081958770752
1.0231101512908936,0.9700000286102295,1.248292088508606
1.0295226573944092,0.9700000286102295,1.0634119510650635
1.0316894054412842,0.9500000476837158,1.3797520399093628
1.040845274925232,0.940000057220459,1.2667020559310913
1.0243510007858276,0.9650000333786011,1.1496920585632324
1.0274745225906372,0.9700000286102295,1.1600019931793213
1.033798098564148,0.9500000476837158,1.4915220737457275
1.0664454698562622,0.9250000715255737,1.3127319812774658
1.0574363470077515,0.9350000619888306,1.3046519756317139
1.0199999809265137,0.9800000190734863,1.0654819011688232
1.036699652671814,0.9500000476837158,1.6695619821548462
1.0380582809448242,0.9250000715255737,1.5734319686889648
1.0474658012390137,0.9100000262260437,1.5566420555114746
1.0336283445358276,0.9600000381469727,1.24373197555542
1.0731637477874756,0.8650000691413879,1.8602420091629028
1.0430245399475098,0.9300000667572021,1.6257120370864868
1.0258005857467651,0.9700000286102295,1.246522068977356
1.0563099384307861,0.9250000715255737,2.3862719535827637
1.0664024353027344,0.9100000858306885,2.41422176361084
1.0199999809265137,0.9800000190734863,1.1285820007324219
1.0296498537063599,0.9600000381469727,1.167222023010254
1.0504467487335205,0.9200000762939453,1.9281320571899414
1.0445622205734253,0.9300000667572021,1.9628921747207642
1.073681116104126,0.8550000786781311,2.2896320819854736
1.0344268083572388,0.940000057220459,1.2396719455718994
1.040381908416748,0.9350000619888306,1.5715219974517822
1.0643471479415894,0.8850001096725464,2.237852096557617
1.0325515270233154,0.9550000429153442,1.4134021997451782
1.0415165424346924,0.9250000715255737,1.763152003288269
1.0677884817123413,0.9300000667572021,1.2801320552825928
1.0684229135513306,0.9300000667572021,1.280272126197815
1.024999976158142,0.9750000238418579,1.1172921657562256
1.0308470726013184,0.9500000476837158,1.6855119466781616
1.0286633968353271,0.9650000333786011,1.1915420293807983
1.0528018474578857,0.9150000810623169,1.5497519969940186
1.0325931310653687,0.9350000619888306,2.099152088165283
1.0310286283493042,0.9450000524520874,2.0230119228363037
1.0264527797698975,0.9700000286102295,1.1347320079803467
1.0380147695541382,0.9150000810623169,1.93952214717865
1.0274914503097534,0.9650000333786011,1.3879520893096924
1.0376375913619995,0.9550000429153442,1.3377619981765747
1.0294320583343506,0.9550000429153442,2.145292043685913
1.024999976158142,0.9750000238418579,1.073961853981018
1.0199999809265137,0.9800000190734863,1.2039419412612915
1.039901614189148,0.940000057220459,1.630162000656128
1.0311111211776733,0.9600000381469727,1.4133720397949219
1.0299999713897705,0.9700000286102295,1.1666820049285889
1.021130919456482,0.9750000238418579,1.1927319765090942
1.0501147508621216,0.9300000667572021,1.513672113418579
1.0521023273468018,0.9250000715255737,1.4673919677734375
1.065393328666687,0.9150000810623169,1.6021620035171509
1.0609759092330933,0.9050000905990601,1.8388921022415161
1.0466961860656738,0.9350000619888306,1.4220319986343384
1.0457990169525146,0.940000057220459,1.389981985092163
1.0435128211975098,0.940000057220459,1.4873720407485962
1.0638411045074463,0.9000000953674316,1.8295520544052124
1.061194896697998,0.9100000262260437,2.163341999053955
1.0591295957565308,0.9100000858306885,1.9679819345474243
1.032165765762329,0.9500000476837158,1.3592020273208618
1.043697476387024,0.9250000715255737,1.8050119876861572
1.02237868309021,0.9700000286102295,1.2505520582199097
1.024999976158142,0.9750000238418579,1.098892092704773
1.0216697454452515,0.9750000238418579,1.2225719690322876
1.0248489379882812,0.9700000286102295,1.1430820226669312
1.031793475151062,0.9600000381469727,1.2766920328140259
1.0513575077056885,0.9150000810623169,1.3933520317077637
1.0337989330291748,0.9500000476837158,1.3027620315551758
1.0550510883331299,0.9200000762939453,1.3243119716644287
1.0685622692108154,0.9000000953674316,1.347782015800476
1.024999976158142,0.9750000238418579,1.0600019693374634
1.0346505641937256,0.9500000476837158,1.7843421697616577
1.024999976158142,0.9750000238418579,1.0541020631790161
1.0242159366607666,0.9650000333786011,1.3606020212173462
1.0359936952590942,0.9450000524520874,1.3606719970703125
1.0411983728408813,0.940000057220459,1.6670920848846436
1.0436772108078003,0.9150000810623169,1.8324021100997925
1.036287784576416,0.9550000429153442,1.312601923942566
1.0259044170379639,0.9650000333786011,1.5967119932174683
1.0429192781448364,0.9350000619888306,1.3375519514083862
1.0478665828704834,0.9150000810623169,1.9317420721054077
1.0258679389953613,0.9700000286102295,1.2594720125198364
1.0596736669540405,0.8800000548362732,2.628751754760742
1.0238760709762573,0.9700000286102295,1.2760119438171387
1.0485032796859741,0.9000000953674316,2.4465620517730713
1.0270150899887085,0.9700000286102295,1.2358019351959229
1.024999976158142,0.9750000238418579,1.1066819429397583
1.0585263967514038,0.8949999809265137,2.575932025909424
1.0320079326629639,0.9600000381469727,1.165861964225769
1.0586470365524292,0.9300000667572021,1.5270919799804688
1.055324912071228,0.9300000667572021,1.5307819843292236
1.0535311698913574,0.9300000667572021,1.5734820365905762
1.0344932079315186,0.9300000667572021,1.5433019399642944
1.053043007850647,0.9050000905990601,1.8728121519088745
1.0639086961746216,0.8900001049041748,1.8560220003128052
1.032742977142334,0.9550000429153442,1.1995019912719727
1.0272271633148193,0.9700000286102295,1.2375819683074951
1.029183030128479,0.9600000381469727,1.4889618158340454
1.0264633893966675,0.9700000286102295,1.0926721096038818
1.024999976158142,0.9750000238418579,1.0519720315933228
1.0725940465927124,0.8750000596046448,3.439661979675293
1.0497182607650757,0.9350000619888306,2.510042190551758
1.0296224355697632,0.9650000333786011,1.1240620613098145
1.0470936298370361,0.9250000715255737,1.5335819721221924
1.0393667221069336,0.9500000476837158,1.155142068862915
1.031561255455017,0.9550000429153442,1.5450221300125122
1.0779073238372803,0.8550000190734863,1.7328119277954102
1.0265743732452393,0.9600000381469727,1.5299019813537598
1.0320395231246948,0.9550000429153442,1.3053719997406006
1.041164755821228,0.9200000762939453,1.5851320028305054
1.0234191417694092,0.9700000286102295,1.5697720050811768
1.0281554460525513,0.9550000429153442,1.7599819898605347
1.0292415618896484,0.9650000333786011,1.3775520324707031
1.0320899486541748,0.9600000381469727,1.1730719804763794
1.0393924713134766,0.940000057220459,1.6419119834899902
1.05581796169281,0.9000000953674316,1.9730820655822754
1.0391756296157837,0.9450000524520874,1.2526919841766357
1.037402868270874,0.9350000619888306,1.6591321229934692
1.0302261114120483,0.9650000333786011,1.111251950263977
1.0354291200637817,0.9500000476837158,1.121232032775879
1.0414206981658936,0.9300000667572021,1.405121922492981
1.0326155424118042,0.9500000476837158,1.5184218883514404
1.024999976158142,0.9750000238418579,1.0873820781707764
1.0509073734283447,0.9300000667572021,1.5978219509124756
1.0478198528289795,0.9300000667572021,1.5337918996810913
1.043366551399231,0.940000057220459,1.6284120082855225
1.0371477603912354,0.940000057220459,1.566282033920288
1.045440435409546,0.9200000762939453,2.805312156677246
1.031996726989746,0.9650000333786011,1.135822057723999
1.0388896465301514,0.9450000524520874,1.2988420724868774
1.0492171049118042,0.9200000762939453,1.549251914024353
1.0414613485336304,0.940000057220459,1.8850021362304688
1.0331261157989502,0.9550000429153442,1.3241020441055298
1.0297619104385376,0.9650000333786011,1.3844820261001587
1.0329090356826782,0.9600000381469727,1.5476020574569702
1.0254977941513062,0.9700000286102295,1.1703020334243774
1.026584267616272,0.9700000286102295,1.0614018440246582
1.0451990365982056,0.9350000619888306,1.499891996383667
1.057590126991272,0.9000000953674316,1.6631219387054443
1.0413991212844849,0.940000057220459,1.1881020069122314
1.0370599031448364,0.9500000476837158,1.3368319272994995
1.0238131284713745,0.9600000381469727,1.2252418994903564
1.0349329710006714,0.9550000429153442,1.0912619829177856
1.0554728507995605,0.8800000548362732,2.5482017993927
1.0295391082763672,0.9650000333786011,1.2162319421768188
1.0378057956695557,0.9450000524520874,1.2266819477081299
1.0398476123809814,0.9450000524520874,1.4987419843673706
1.0368176698684692,0.9300000071525574,2.05662202835083
1.0426087379455566,0.9550000429153442,1.179081916809082
1.0466351509094238,0.9300000667572021,1.4489120244979858
1.0216565132141113,0.9750000238418579,1.076672077178955
1.0433903932571411,0.9350000619888306,1.4971020221710205
1.0332469940185547,0.9550000429153442,1.2983318567276
1.0199999809265137,0.9800000190734863,1.2253221273422241
1.0494831800460815,0.9300000667572021,1.6991820335388184
1.0422635078430176,0.9250000715255737,1.7601619958877563
1.0432732105255127,0.9550000429153442,1.285912036895752
1.0237689018249512,0.9750000238418579,1.0975520610809326
1.029881238937378,0.9650000333786011,1.1235820055007935
1.024999976158142,0.9750000238418579,1.1067020893096924
1.0403640270233154,0.9450000524520874,1.1900520324707031
1.024351716041565,0.9650000333786011,1.4552021026611328
1.0487380027770996,0.9150000214576721,2.1257121562957764
1.0328924655914307,0.9550000429153442,1.190101981163025
1.0664540529251099,0.8449999690055847,2.5654921531677246
1.0320464372634888,0.9600000381469727,1.1512320041656494
1.024999976158142,0.9750000238418579,1.0384019613265991
1.0221350193023682,0.9750000238418579,1.15585196018219
1.0274744033813477,0.9700000286102295,1.1009221076965332
1.0391771793365479,0.9150000810623169,2.1715118885040283
1.0701709985733032,0.8450000286102295,2.705402135848999
1.027097463607788,0.9650000333786011,1.4320720434188843
1.0273807048797607,0.9650000333786011,1.3150920867919922
1.0246790647506714,0.9650000333786011,1.3085520267486572
1.059371829032898,0.9000000953674316,1.5842519998550415
1.0467063188552856,0.940000057220459,1.5471619367599487
1.0199999809265137,0.9800000190734863,1.1450319290161133
1.024999976158142,0.9750000238418579,1.0903019905090332
1.0588529109954834,0.8800000548362732,1.7706620693206787
1.0300219058990479,0.9600000381469727,1.1946221590042114
1.0272136926651,0.9600000381469727,1.3820120096206665
1.03973388671875,0.9350000023841858,1.7678120136260986
1.0496232509613037,0.9250000715255737,2.352612018585205
1.0617077350616455,0.9000000953674316,2.1695821285247803
1.0625635385513306,0.89000004529953,2.717941999435425
1.0264291763305664,0.9700000286102295,1.1178920269012451
1.03709876537323,0.9450000524520874,1.4184819459915161
1.0280823707580566,0.9550000429153442,1.6469720602035522
1.0283825397491455,0.9650000333786011,1.1824719905853271
1.0369654893875122,0.940000057220459,2.03068208694458
1.0700560808181763,0.8449999690055847,3.3015918731689453
1.0600048303604126,0.9050000905990601,1.8592220544815063
1.0491679906845093,0.9000000953674316,2.0300920009613037
1.0223569869995117,0.9750000238418579,1.3596720695495605
1.039049744606018,0.9500000476837158,1.347782015800476
1.044680118560791,0.9300000667572021,1.9518520832061768
1.0328505039215088,0.9600000381469727,1.2504019737243652
1.0383809804916382,0.940000057220459,1.6510320901870728
1.0346866846084595,0.9450000524520874,1.495271921157837
1.057057499885559,0.9050000905990601,2.007742166519165
1.043449878692627,0.940000057220459,1.4426920413970947
1.0460127592086792,0.9300000667572021,1.634902000427246
1.0496577024459839,0.9200000762939453,1.7026619911193848
1.0487735271453857,0.9000000953674316,2.0113019943237305
1.0396027565002441,0.940000057220459,1.600372076034546
1.0384669303894043,0.9500000476837158,1.2438020706176758
1.0413376092910767,0.9350000619888306,2.3943920135498047
1.0199999809265137,0.9800000190734863,1.0853420495986938
1.0554797649383545,0.9000000357627869,2.6552820205688477
1.038385272026062,0.9500000476837158,1.5152719020843506
1.024999976158142,0.9750000238418579,1.0747820138931274
1.0389018058776855,0.9500000476837158,1.6441118717193604
1.0308672189712524,0.9550000429153442,1.676692008972168
1.0343523025512695,0.9600000381469727,1.1851218938827515
1.0285013914108276,0.9450000524520874,1.6525321006774902
1.034056305885315,0.9550000429153442,1.2122219800949097
1.0285416841506958,0.9650000333786011,1.4275619983673096
1.0253572463989258,0.9650000333786011,1.2698520421981812
1.0347565412521362,0.940000057220459,2.0040221214294434
1.0249253511428833,0.9700000286102295,1.2514420747756958
1.0405380725860596,0.9550000429153442,1.1851520538330078
1.024999976158142,0.9750000238418579,1.050421953201294
1.0199999809265137,0.9800000190734863,1.1340420246124268
1.0283234119415283,0.9650000333786011,1.1346919536590576
1.0624803304672241,0.9350000619888306,1.2801320552825928
1.024999976158142,0.9750000238418579,1.058501958847046
1.0263335704803467,0.9700000286102295,1.524042010307312
1.024999976158142,0.9750000238418579,1.1675920486450195
1.0458909273147583,0.925000011920929,2.0405220985412598
1.024999976158142,0.9750000238418579,1.06551194190979
1.0265971422195435,0.9700000286102295,1.1690020561218262
1.027503252029419,0.9700000286102295,1.321612000465393
1.0199999809265137,0.9800000190734863,1.0353419780731201
1.0281903743743896,0.9650000333786011,1.2625420093536377
1.0303231477737427,0.9650000333786011,1.296791911125183
1.024999976158142,0.9750000238418579,1.177061915397644
1.0258711576461792,0.9650000333786011,1.2859820127487183
1.0368225574493408,0.940000057220459,1.653082013130188
1.0334721803665161,0.9450000524520874,1.4222921133041382
1.0484950542449951,0.9100000858306885,1.7341020107269287
1.0417124032974243,0.940000057220459,1.2838120460510254
1.0247184038162231,0.9700000286102295,1.1458419561386108
1.0341461896896362,0.9450000524520874,1.77196204662323
1.0472854375839233,0.9300000667572021,1.5537221431732178
1.0414843559265137,0.940000057220459,1.4195820093154907
1.024999976158142,0.9750000238418579,1.077131986618042
1.0331497192382812,0.9650000333786011,1.147621989250183
1.024999976158142,0.9750000238418579,1.05269193649292
1.064320683479309,0.8850000500679016,2.360611915588379
1.0273414850234985,0.9700000286102295,1.099861979484558
1.0354740619659424,0.9450000524520874,1.2123219966888428
1.0399181842803955,0.940000057220459,1.220141887664795
1.0277354717254639,0.9650000333786011,1.1167019605636597
1.0199999809265137,0.9800000190734863,1.0639618635177612
1.0233285427093506,0.9700000286102295,1.1097520589828491
1.0449516773223877,0.9200000762939453,2.903902292251587
1.024999976158142,0.9750000238418579,1.0519920587539673
1.0199999809265137,0.9800000190734863,1.0532219409942627
1.0651378631591797,0.8950001001358032,2.576931953430176
1.0498685836791992,0.9500000476837158,1.2322020530700684
1.0448685884475708,0.9550000429153442,1.215712070465088
1.0446593761444092,0.9200000762939453,1.5085821151733398
1.0414220094680786,0.9450000524520874,1.1639020442962646
1.032111406326294,0.9600000381469727,1.1584820747375488
1.0279074907302856,0.9600000381469727,1.2341419458389282
1.03415048122406,0.9350000619888306,1.6807619333267212
1.035323143005371,0.9600000381469727,1.300041913986206
1.0199999809265137,0.9800000190734863,1.0583220720291138
1.0410164594650269,0.9450000524520874,1.5264320373535156
1.0259761810302734,0.9700000286102295,1.1870919466018677
1.039867877960205,0.940000057220459,1.687261939048767
1.0406378507614136,0.9450000524520874,1.1660618782043457
1.0454846620559692,0.9350000619888306,1.379621982574463
1.0292742252349854,0.9600000381469727,1.3411219120025635
1.024999976158142,0.9750000238418579,1.2209320068359375
1.0389517545700073,0.9450000524520874,2.230912208557129
1.0372458696365356,0.9450000524520874,1.3514719009399414
1.0269951820373535,0.9700000286102295,1.5334219932556152
1.050182819366455,0.9200000762939453,2.725572109222412
1.0371384620666504,0.9250000715255737,2.2422919273376465
1.0347890853881836,0.9500000476837158,1.3855019807815552
1.0368976593017578,0.9500000476837158,1.1376919746398926
1.039945125579834,0.9450000524520874,1.447741985321045
1.0543729066848755,0.9100000262260437,2.0360519886016846
1.0365283489227295,0.9450000524520874,1.7085920572280884
1.024999976158142,0.9750000238418579,1.0594919919967651
1.0271004438400269,0.9700000286102295,1.1458920240402222
1.031643271446228,0.9600000381469727,1.1242620944976807
1.0382732152938843,0.9600000381469727,1.2973519563674927
1.0303773880004883,0.9550000429153442,1.5072720050811768
1.0396013259887695,0.9450000524520874,1.3224120140075684
1.0375077724456787,0.940000057220459,1.3770720958709717
1.024999976158142,0.9750000238418579,1.213312029838562
1.0292675495147705,0.9650000333786011,1.34443199634552
1.024999976158142,0.9750000238418579,1.1308319568634033
1.0264906883239746,0.9700000286102295,1.1658118963241577
1.0199999809265137,0.9800000190734863,1.050191879272461
1.0305453538894653,0.9650000333786011,1.2457020282745361
1.0489184856414795,0.9300000667572021,1.560122013092041
1.033279299736023,0.9600000381469727,1.0806419849395752
1.024999976158142,0.9750000238418579,1.0375418663024902
1.021345615386963,0.9750000238418579,1.287182092666626
1.0339871644973755,0.9450000524520874,1.361001968383789
1.024999976158142,0.9750000238418579,1.1381620168685913
1.0386615991592407,0.9500000476837158,1.465641975402832
1.0258042812347412,0.9650000333786011,1.2474420070648193
1.024999976158142,0.9750000238418579,1.0633419752120972
1.061964750289917,0.9250000715255737,1.3047219514846802
1.024999976158142,0.9750000238418579,1.065101981163025
1.0293598175048828,0.9650000333786011,1.1208219528198242
1.0467793941497803,0.9500000476837158,1.1969820261001587
1.0318137407302856,0.9600000381469727,1.136422038078308
1.024999976158142,0.9750000238418579,1.2378618717193604
1.0362216234207153,0.9500000476837158,1.337332010269165
1.0245164632797241,0.9700000286102295,1.087541937828064
1.024999976158142,0.9750000238418579,1.0724420547485352
1.026200294494629,0.9650000333786011,1.184002161026001
1.034082055091858,0.9600000381469727,1.3245221376419067
1.0543594360351562,0.9100000858306885,1.8868519067764282
1.0199999809265137,0.9800000190734863,1.0375418663024902
1.0329043865203857,0.9550000429153442,1.428062081336975
1.0319278240203857,0.9600000381469727,1.4249719381332397
1.0243035554885864,0.9550000429153442,1.2505019903182983
1.0367904901504517,0.9500000476837158,1.4665120840072632
1.0424363613128662,0.9500000476837158,1.3766419887542725
1.0477501153945923,0.9200000166893005,1.998661994934082
1.0380151271820068,0.940000057220459,2.030832052230835
1.0477150678634644,0.925000011920929,2.3628621101379395
1.0375638008117676,0.9450000524520874,1.124582052230835
1.0341784954071045,0.9600000381469727,1.0415120124816895
1.0459625720977783,0.9350000619888306,1.9572420120239258
1.0400793552398682,0.9500000476837158,1.3562520742416382
1.0243011713027954,0.9700000286102295,1.063551902770996
1.0222673416137695,0.9650000333786011,1.3092421293258667
1.0199999809265137,0.9800000190734863,1.0626920461654663
1.024999976158142,0.9750000238418579,1.0832719802856445
1.0264439582824707,0.9700000286102295,1.1270519495010376
1.031602382659912,0.9550000429153442,1.2788619995117188
1.0222786664962769,0.9750000238418579,1.1176820993423462
1.0307151079177856,0.9650000333786011,1.1903420686721802
1.0261458158493042,0.9650000333786011,1.2994518280029297
1.0427463054656982,0.940000057220459,1.640302062034607
1.0447521209716797,0.940000057220459,1.5979119539260864
1.0339314937591553,0.9500000476837158,1.3704420328140259
1.0199999809265137,0.9800000190734863,1.0689918994903564
1.045114278793335,0.9350000619888306,1.2285319566726685
1.0262563228607178,0.9700000286102295,1.1060820817947388
1.037733554840088,0.9500000476837158,1.1865620613098145
1.0437320470809937,0.9500000476837158,1.18218195438385
1.024999976158142,0.9750000238418579,1.0869020223617554
1.0379769802093506,0.9500000476837158,1.1404820680618286
1.0443849563598633,0.9450000524520874,1.270792007446289
1.0389907360076904,0.9450000524520874,1.5700421333312988
1.0285788774490356,0.9600000381469727,1.206902027130127
1.0380712747573853,0.9550000429153442,1.2179820537567139
1.0284554958343506,0.9650000333786011,1.1627919673919678
1.0295950174331665,0.9600000381469727,1.1073319911956787
1.0283968448638916,0.9700000286102295,1.161471962928772
1.0233029127120972,0.9750000238418579,1.06784188747406
1.0273278951644897,0.9650000333786011,1.156082034111023
1.0374555587768555,0.9450000524520874,1.3901820182800293
1.0285354852676392,0.9700000286102295,1.0658620595932007
1.047608733177185,0.9500000476837158,1.1655219793319702
1.0388994216918945,0.940000057220459,1.5712419748306274
1.0309314727783203,0.9600000381469727,1.2168121337890625
1.0248461961746216,0.9700000286102295,1.2013620138168335
1.0357139110565186,0.9500000476837158,1.3355518579483032
1.0199999809265137,0.9800000190734863,1.0924919843673706
1.0353773832321167,0.9550000429153442,1.3933919668197632
1.0269542932510376,0.9700000286102295,1.1172720193862915
1.024999976158142,0.9750000238418579,1.106961965560913
1.0416895151138306,0.9450000524520874,1.1720519065856934
1.037412405014038,0.9550000429153442,1.1022019386291504
1.0199999809265137,0.9800000190734863,1.0285720825195312
1.0345256328582764,0.9600000381469727,1.098781943321228
1.036182165145874,0.9450000524520874,1.2932720184326172
1.0320165157318115,0.9500000476837158,1.7492519617080688
1.024999976158142,0.9750000238418579,1.1120619773864746
1.0222208499908447,0.9700000286102295,1.2929019927978516
1.0453076362609863,0.940000057220459,1.3738020658493042
1.0295226573944092,0.9700000286102295,1.0443021059036255
1.0271437168121338,0.9700000286102295,1.0303419828414917
1.028847098350525,0.9650000333786011,1.1626620292663574
1.024999976158142,0.9750000238418579,1.0728919506072998
1.0199999809265137,0.9800000190734863,1.1645820140838623
1.0199999809265137,0.9800000190734863,1.05662202835083
1.024999976158142,0.9750000238418579,1.0382919311523438
1.0484440326690674,0.940000057220459,1.255821943283081
1.028626561164856,0.9700000286102295,1.0445020198822021
1.0274739265441895,0.9600000381469727,1.2978920936584473
1.0341932773590088,0.9600000381469727,1.095412015914917
