1.0386472940444946,0.9550000429153442,1.070939540863037
1.0270800590515137,0.9700000286102295,1.0720332860946655
1.0199999809265137,0.9800000190734863,1.1689083576202393
1.0313308238983154,0.9600000381469727,1.0735957622528076
1.0199999809265137,0.9800000190734863,1.0323456525802612
1.0199999809265137,0.9800000190734863,1.0378146171569824
1.0199999809265137,0.9800000190734863,1.0309393405914307
1.03256356716156,0.9600000381469727,1.2404707670211792
1.0328145027160645,0.9500000476837158,1.8445332050323486
1.0199999809265137,0.9800000190734863,1.0687519311904907
1.0433298349380493,0.9500000476837158,1.6406270265579224
1.0374572277069092,0.9550000429153442,1.6550019979476929
1.0287507772445679,0.9550000429153442,1.4490644931793213
1.024999976158142,0.9750000238418579,1.0451581478118896
1.024999976158142,0.9750000238418579,1.0337519645690918
1.0372639894485474,0.9550000429153442,1.2257832288742065
1.0199999809265137,0.9800000190734863,1.0242207050323486
1.0199999809265137,0.9800000190734863,1.0292208194732666
1.0199999809265137,0.9800000190734863,1.0520331859588623
1.0199999809265137,0.9800000190734863,1.0365644693374634
1.024999976158142,0.9750000238418579,1.0335955619812012
1.0199999809265137,0.9800000190734863,1.0420331954956055
1.0199999809265137,0.9800000190734863,1.0265644788742065
1.0199999809265137,0.9800000190734863,1.0476582050323486
1.0354321002960205,0.9550000429153442,1.165939450263977
1.0199999809265137,0.9800000190734863,1.0259395837783813
1.035908579826355,0.9550000429153442,1.0717207193374634
1.0199999809265137,0.9800000190734863,1.034064531326294
1.0199999809265137,0.9800000190734863,1.029064416885376
1.0313308238983154,0.9600000381469727,1.0735957622528076
1.024999976158142,0.9750000238418579,1.043283224105835
1.0199999809265137,0.9800000190734863,1.011095643043518
