1046
10
305
566
751
1047
435
420
699
117
158
142
974
759
207
592
956
526
437
419
954
642
6
741
247
520
1051
400
88
1014
883
1072
383
280
61
431
208
1070
966
167
782
353
560
371
412
175
970
953
975
771
607
866
239
712
331
287
1028
507
653
443
161
316
249
949
637
199
57
778
409
121
455
850
828
983
104
12
169
714
1071
83
528
468
58
537
534
589
1062
987
278
111
858
943
427
798
766
401
367
627
813
993
491
598
616
508
606
320
345
937
189
34
1017
439
835
145
774
1043
259
192
120
361
575
832
490
77
1000
652
1042
685
231
241
35
934
830
1065
349
663
53
272
767
604
608
925
170
719
94
213
174
307
445
1068
223
809
664
195
511
451
881
362
709
819
385
863
593
506
372
571
384
885
672
242
735
1009
901
31
112
395
849
707
282
739
318
101
933
1018
772
764
911
597
936
201
346
710
962
197
290
1030
950
214
382
1016
173
63
190
180
360
151
335
570
724
519
49
148
5
336
232
350
243
322
62
269
673
516
777
720
258
555
97
845
56
793
1019
15
769
502
916
872
436
569
229
610
113
196
1012
299
848
23
238
363
903
460
880
576
705
554
884
638
292
862
1075
424
904
347
492
504
1055
853
677
754
700
457
150
643
550
403
286
578
80
42
964
636
283
264
1056
85
564
338
932
1036
119
344
251
160
398
942
309
265
219
244
179
89
0
509
959
59
129
416
499
755
1020
905
756
48
70
163
234
521
481
154
41
1041
914
488
330
