432
29
298
3
270
311
317
431
150
22
471
244
138
196
226
364
73
175
146
303
21
333
477
71
235
131
302
408
167
207
260
110
84
391
255
254
252
440
220
398
240
273
169
158
359
410
61
38
54
6
164
75
53
405
178
135
426
231
70
234
318
292
132
403
81
201
421
401
285
262
319
126
424
305
378
242
350
354
449
147
341
223
28
280
475
20
115
444
216
328
418
58
77
193
13
336
25
27
210
203
179
366
497
320
390
430
194
163
107
349
419
59
12
465
48
205
448
8
63
237
372
367
310
374
327
461
45
304
217
352
46
92
437
93
289
238
429
191
37
83
393
243
264
309
137
248
321
406
456
452
