1.0428962707519531,0.9450000524520874,1.125470757484436
1.0270800590515137,0.9700000286102295,1.0750019550323486
1.024999976158142,0.9750000238418579,1.1546895503997803
1.0363308191299438,0.9550000429153442,1.0759395360946655
1.024999976158142,0.9750000238418579,1.0335956811904907
1.024999976158142,0.9750000238418579,1.0373458862304688
1.024999976158142,0.9750000238418579,1.032814383506775
1.0375635623931885,0.9550000429153442,1.2267206907272339
1.0411620140075684,0.9350000619888306,1.733283281326294
1.024999976158142,0.9750000238418579,1.0714082717895508
1.0455149412155151,0.9450000524520874,1.5570331811904907
1.0424572229385376,0.9500000476837158,1.6309394836425781
1.0334783792495728,0.9500000476837158,1.377814531326294
1.024999976158142,0.9750000238418579,1.0464081764221191
1.024999976158142,0.9750000238418579,1.044533133506775
1.0422639846801758,0.9500000476837158,1.2250019311904907
1.024999976158142,0.9750000238418579,1.0231269598007202
1.024999976158142,0.9750000238418579,1.0375020503997803
1.024999976158142,0.9750000238418579,1.0575019121170044
1.024999976158142,0.9750000238418579,1.0390644073486328
1.024999976158142,0.9750000238418579,1.0354706048965454
1.0271936655044556,0.9700000286102295,1.1046894788742065
1.024999976158142,0.9750000238418579,1.0231269598007202
1.024999976158142,0.9750000238418579,1.0454707145690918
1.0354321002960205,0.9550000429153442,1.1660956144332886
1.024999976158142,0.9750000238418579,1.0253145694732666
1.0407025814056396,0.9500000476837158,1.0778144598007202
1.024999976158142,0.9750000238418579,1.0300021171569824
1.024999976158142,0.9750000238418579,1.0273456573486328
1.0363308191299438,0.9550000429153442,1.0712519884109497
1.024999976158142,0.9750000238418579,1.0410957336425781
1.024999976158142,0.9750000238418579,1.0154707431793213
