1442
1950
4341
6481
4666
10252
9774
2515
4143
2563
7859
2395
5134
8300
80
8157
6835
2848
3627
3409
8343
306
5195
2455
6600
5368
3859
9828
8832
1978
248
4251
253
8688
6390
2303
3815
5654
8806
6074
2503
9014
4157
8713
7710
10245
9024
3667
2770
6531
7382
1989
3658
1856
3978
5397
7615
3307
3196
9554
9872
1976
10199
2343
6206
2284
4414
413
6384
10100
9043
6425
6095
7541
3155
9219
7389
9754
6741
3345
2789
7047
1534
941
2836
1484
4619
8050
4850
8373
6139
2426
2571
6196
7321
7213
1890
8572
280
7068
5861
6257
1323
9402
2998
2473
2993
1765
614
4365
7096
10391
1889
5871
1590
5057
925
1188
2036
5577
5381
10430
888
5813
7461
10549
10561
8452
4366
8311
9666
6535
7752
7121
5323
2338
6371
357
6423
4202
289
1900
5864
4334
9930
2450
9292
6345
2602
5589
4262
5753
6233
7354
5459
8322
6410
8849
7078
1653
7992
7116
7007
5540
3558
10602
9745
9820
873
3654
9484
3849
5923
2370
4205
2242
3193
214
7979
5727
8167
4178
763
3589
9922
3747
10429
2062
2566
9715
325
5640
5097
2554
1385
9911
10493
5735
1696
3708
7927
2660
9690
3399
5738
1142
3248
4592
5590
8377
394
8331
8287
9906
10347
5432
6611
7158
7014
4199
3642
6749
9321
6327
8857
9256
2026
9476
879
5060
8952
2266
5007
3305
1980
2083
6305
2477
3195
8006
9892
3578
235
8836
3998
8471
1704
6210
4943
6941
6678
7509
7493
6459
7326
6927
771
2703
1631
5955
6532
2095
8111
3813
2833
2914
293
3882
6043
5080
5869
3637
3407
5502
1040
7185
500
2792
797
926
5121
875
3507
526
7889
6883
3620
3586
1581
1258
10284
7987
2099
6806
7237
7900
8545
1508
7746
7637
1059
3100
3685
7690
2965
7140
5568
10258
4936
9326
5038
9885
4996
33
7833
777
8922
6715
8660
2752
2661
510
6382
10225
4760
9472
4301
6884
8871
9654
6973
6289
5336
2386
7434
4938
9079
6450
7032
5041
8316
3097
8128
9720
4152
8240
7265
1289
9861
3320
6731
3544
9560
4527
1945
4507
8131
2997
1415
78
4872
5511
8719
8026
3301
7385
4490
2446
2344
377
2086
4571
10518
10274
7590
9915
4907
5408
846
945
996
7958
5731
4358
8973
1181
3699
8464
2107
5434
689
6533
1283
9646
6798
4816
7775
2482
3752
10538
3246
8494
8967
2264
10014
5412
9827
547
2784
7645
4225
6848
5340
204
1148
3429
1550
3528
552
10350
5293
6287
3165
9052
2016
4867
8642
5594
8887
1833
9636
8095
8623
7521
2877
8823
10074
4074
3551
3941
10222
4980
1225
694
10503
1277
6042
3389
3350
6369
145
2225
6328
9802
10049
9006
9541
10555
4144
7935
1547
9531
1790
262
7587
1256
3415
322
9526
1293
5866
6008
7664
9863
9857
5261
3596
6216
6274
5125
1412
4378
8548
8203
10371
6934
8251
3459
6275
8981
2383
8998
2708
1034
2738
2966
5371
4894
1129
8027
2710
8591
3975
4690
2340
1143
6376
7817
7170
9307
6527
1665
8563
799
5632
8182
8724
1844
2132
4234
7838
3007
4472
1616
10375
2918
2501
566
5716
2516
8183
