9340
4538
8646
2345
3620
3523
6179
8336
565
9887
6032
792
3451
5259
10199
3353
500
3256
5727
6067
1107
6776
1986
10520
1629
10427
7221
6386
3312
2917
2071
321
9804
3049
3323
8230
1719
3080
9418
213
3735
528
2498
5123
5836
4184
1583
2956
2547
9015
9577
8788
5295
6069
1106
5222
6764
4376
7601
5150
4507
10225
308
5467
137
10485
9279
4424
4618
4639
1026
7907
2370
7298
3500
1080
7871
8173
731
4724
6523
2494
550
2084
9227
7465
9498
3741
9238
10384
9890
6284
1205
324
3392
8008
6619
5373
10431
2016
1294
2121
1875
1896
4834
10245
4739
7469
6506
6813
687
3794
5548
5620
4780
8491
3232
5108
10626
1692
786
3396
5392
8397
2169
10542
3680
491
2790
7008
4665
5413
3295
7664
8569
5804
443
5340
8359
3228
9333
5512
3395
10192
7793
406
3494
2977
7255
2526
4180
8867
8792
6831
3555
2980
4652
5238
10165
4286
8416
2543
10055
640
4565
3217
6448
2140
661
8283
9473
9891
5268
9813
3593
5870
9293
9738
8128
9286
3929
7546
9687
7151
5701
4153
2163
4360
5846
7921
5777
5547
1241
9117
10263
9796
8030
5624
10323
1385
1030
5790
271
6208
8026
9683
5209
551
2162
10025
10426
349
5534
7463
4799
868
1099
2266
1092
9842
2582
5277
133
6114
8886
1738
8337
9453
4806
6557
2678
5215
2731
6602
5523
9501
6596
6739
2179
5022
8210
7368
6286
1994
9287
2819
967
1791
147
4913
9310
8986
2113
989
2001
2780
234
599
3446
2883
5844
3129
3017
8465
2564
4149
2317
2039
3583
2260
2691
1164
9063
10196
3170
10552
9143
7567
7670
5852
337
7274
312
2255
8303
391
3007
10210
775
7449
2048
4893
2333
3008
9010
2903
10071
3744
5075
9760
2627
2887
8923
6027
7142
6302
3925
6551
7679
2993
163
3644
481
10375
1469
8722
2398
3704
3115
9970
9120
6043
662
6616
1911
3188
4949
667
9881
8561
898
4863
9757
910
8991
10108
6467
1563
707
2950
5714
5546
3949
10125
4742
6077
1931
6063
9347
10049
4024
738
4544
531
6563
7459
1812
2089
2847
7702
165
1995
6234
3571
3861
10054
7138
1320
1997
9183
7076
10109
199
8939
6331
4059
6352
7131
1733
5019
9000
4662
1930
5216
150
5250
6431
3736
8632
7046
7200
10278
4728
3350
46
977
7549
4509
2232
6235
936
745
1610
10254
1497
8087
2425
374
6349
1568
3948
9795
258
7118
777
9451
7988
721
10068
6463
7375
4469
6658
9772
10522
1745
2493
5935
4840
6237
9854
9036
9764
4481
8600
9072
3712
7862
4341
802
1411
4749
5900
9304
9699
9966
2796
7001
6392
9992
5651
8404
129
6833
999
5831
1786
8721
4407
1582
5355
5883
5928
4891
2537
1349
5052
7685
4508
6632
1680
10560
8133
477
8292
10554
3125
7186
8080
4518
7798
958
6527
9908
8778
6031
5482
9751
9268
7295
9417
4767
5227
7518
7404
5887
2453
4876
987
1749
9969
1256
5221
1211
9025
3282
2261
7169
2031
8779
4706
54
4737
5335
7409
3435
8929
9862
7531
7880
7781
6168
9892
8446
8186
5906
1344
4364
7353
6476
8494
5114
1185
9835
3454
3869
201
5839
4539
4305
2059
2423
3478
1587
10273
5440
6376
8320
1285
8066
5387
740
10474
3020
9642
8806
212
3781
385
9715
6123
7477
7594
6504
5015
10579
7560
2108
2362
3460
8392
10544
1920
6412
4208
1598
9812
10009
4175
2243
6097
6140
4735
1945
6714
4807
436
3306
8020
1039
3938
3326
7604
545
7208
3383
5096
10271
7452
5331
9004
3868
2053
6807
6401
488
7054
5958
6300
6068
1470
1764
7080
3185
976
4712
8430
3005
2930
82
2314
8220
1547
4869
2146
2415
1788
1163
6324
9032
2756
1736
2115
5232
6934
8630
1630
4335
5709
2257
9129
10354
6899
5060
3332
9806
2407
5607
10105
10348
8861
7745
2490
6655
1459
9645
306
6177
3142
5311
8412
1657
3870
7507
6707
446
7568
10240
2009
9983
10247
92
5363
6148
7587
7209
6439
7997
8039
8382
8938
8424
1358
9432
4648
2941
7740
3830
2098
2177
4700
8831
2483
9148
7950
9775
3515
10001
3859
9539
4804
2644
9864
5012
1608
5104
9588
8451
3994
10248
5433
629
8866
6507
9784
10465
1555
4410
9084
6525
5461
2189
8797
3374
4369
7540
8038
7248
10589
9811
1957
2020
236
9938
3183
4061
1473
3390
3912
7708
6981
3750
5419
7152
10308
473
7000
4672
6841
3060
3553
3507
6377
1420
5084
3105
8875
6117
1611
5808
3241
663
1800
3641
237
45
9952
299
7789
10012
10058
4134
9756
8375
5306
149
3497
7692
6726
25
2734
3510
10227
7090
8903
7767
8858
2187
3027
5901
2717
2878
10370
2248
7606
72
9950
8995
1596
9652
7261
9609
10217
10454
40
3380
2346
2648
870
5762
10075
5633
8773
1639
1474
4745
4136
8982
3549
5853
5455
1845
6099
9522
10538
3774
6577
4435
3349
9060
10475
7941
4105
1021
9936
3448
1820
6552
2184
3755
1397
3998
9342
9475
9822
8278
3780
1886
3811
7852
6433
5182
5065
10329
9578
1432
1490
130
7313
451
10447
983
8335
8628
4154
2812
10595
9095
1940
6143
577
5339
9852
7377
10363
9876
3214
3807
2469
2990
5634
6915
558
1494
7234
6815
5014
1876
7744
4907
3751
5173
10621
5782
7615
7331
9558
9349
8964
9576
2559
8756
6683
9013
4651
1944
8285
5049
956
8933
1902
5942
1567
3585
4590
4249
9962
9454
6053
4321
7170
2280
8422
1606
6449
8312
9763
1308
10130
4575
712
7236
7934
7307
9171
8447
384
8876
1304
7756
5276
3286
10345
7111
7739
8487
9552
7659
5374
7411
8742
1579
498
3095
8348
8766
7297
15
9468
7280
10202
8189
4186
6479
4496
1372
5877
8369
9740
8011
2793
1715
1784
7627
5218
1453
3508
4188
924
4325
5593
5262
6522
711
5498
7545
6453
3920
1540
7511
7329
371
638
5784
809
1756
9788
7004
7890
2823
7394
7681
1633
5964
8965
6211
1644
10121
8059
338
8263
788
8898
3431
2800
6986
4241
4332
708
455
2698
10088
2120
10606
3773
289
390
5792
9092
6605
5672
5407
9047
9115
2563
9343
8151
5316
5462
3647
4189
2967
5488
6907
151
6248
2237
3111
10132
287
9101
1686
3075
3103
5229
2320
9433
5023
10328
9040
8615
10351
5376
8100
9693
6979
683
9779
8095
6653
33
3939
1201
2154
6440
7653
5558
8018
7139
10223
3195
448
5370
9654
952
358
326
2199
7948
4763
8563
749
3042
6287
4828
7898
1726
2176
9741
9919
8296
2210
8486
10201
6277
635
2214
5426
7966
5505
9731
2854
291
8508
423
3911
8552
7694
826
4197
5085
4494
5716
4350
3824
8954
7918
5270
6089
4957
6953
7006
5064
161
2238
9785
2889
4948
5292
9322
5638
6147
4161
89
6295
4571
3112
2568
8830
6124
6322
5486
606
9621
1056
9605
2329
984
9716
7124
2758
2356
9906
1148
6812
4290
6292
1959
2008
2203
5328
6703
8822
1466
7856
8439
399
2497
2834
7809
1065
2541
8471
1666
3879
4169
9947
3942
5053
8357
3718
3156
534
9975
908
8217
10277
304
7129
1219
6650
7569
8782
9533
9471
117
4815
1262
4121
9538
845
8990
4543
927
10177
486
8845
3387
8225
10159
3703
3723
2896
3291
3342
2637
2434
7084
3393
6105
4474
1508
10472
3063
525
174
817
8198
3806
7264
1018
1616
8980
8925
7030
1949
6197
5915
5577
878
8044
1478
6155
8772
7867
3504
2795
142
1360
873
8313
7749
6017
8603
1858
7872
5781
4354
538
4603
9786
4314
10018
2869
1810
10291
4258
2216
5411
556
6119
1282
2478
7088
367
7398
632
3694
1043
1927
128
768
4358
5242
6342
6752
3398
8871
5418
176
4089
3797
8786
5439
2592
8084
7281
4182
9351
10171
3853
3895
43
9940
3816
3357
8242
3629
3022
6351
7416
288
3490
3616
4124
8556
6547
4552
1054
6814
1356
204
4885
6423
10158
8764
4522
8573
963
2875
6330
7894
2186
4022
8883
521
3310
1159
4144
770
10215
9736
10110
2279
5650
5058
10596
157
8892
6024
263
8917
2246
5253
1576
8154
1615
9565
8902
7212
4246
6798
6218
7229
7695
5036
6050
1428
4623
3551
2479
5551
2141
4392
9218
717
3255
1545
3334
590
7029
9773
5993
1854
9658
10126
3701
3328
5774
5788
6652
9885
7425
9331
6566
6546
3855
1013
6335
8647
4778
6851
9210
5740
10200
634
8874
9618
10186
5940
7611
2853
111
2446
9722
2028
8248
8505
3679
655
1062
4416
6969
5920
5265
2119
1367
2716
1176
9631
5616
886
6806
7237
9880
3030
8103
3594
1851
2665
2383
5032
9403
4775
7495
9264
1571
928
6955
5924
3317
3208
8195
969
6443
8562
3401
8793
5884
8385
7571
7266
5352
4924
7751
3877
4009
6076
9770
214
4866
8489
9443
369
9426
5465
9031
7059
8333
7933
7845
530
9826
1498
4769
7998
4838
7022
6910
4219
252
773
10392
3677
673
7866
9299
245
6916
9078
8316
1362
9113
5834
5100
3280
4936
6259
6207
7285
888
9142
4210
210
9675
41
6294
6385
10502
6861
6126
10173
1806
2355
3957
3426
4636
4659
10582
3004
2220
9935
3211
7282
5542
5767
10565
10411
5243
5136
7584
3732
26
9591
3655
1310
3599
2798
650
5296
509
4709
10122
6887
7125
715
5908
6210
593
6732
3479
4142
2414
9424
9782
947
3690
3935
5654
7276
3923
709
6336
1169
9127
2265
5290
922
8539
5719
988
1869
627
1548
7393
8802
5206
159
56
9476
3976
7035
7792
7987
5671
115
6395
9407
10015
10402
9431
10377
4985
6840
2904
1670
3936
2534
9547
114
5076
4293
8956
2942
4110
5151
2148
2664
246
1368
6036
4958
6819
10489
6876
1103
682
2968
1698
8384
1189
476
8110
2629
9378
3524
8231
9081
8466
9437
3055
3988
9186
5984
580
2740
7720
3351
3968
7085
5
8754
5956
10156
1890
9801
1941
795
6278
9133
3439
10321
7023
7970
10446
6246
1172
9537
8510
758
9903
2620
7732
4813
9152
9660
2426
5867
2544
208
7563
1693
1617
1762
3617
2634
6410
5631
6510
10135
379
9167
6346
6108
8028
1850
290
359
5557
6719
7136
1585
9045
7803
9746
5267
9933
5595
3144
1301
4640
6574
8500
3158
8286
8149
1033
1182
4280
6113
5737
4352
747
4039
8517
9470
4470
1151
613
4073
3672
8413
7773
8519
167
2947
5111
7183
5637
8427
9988
7733
4830
9545
10028
3887
8351
10083
654
4229
2989
4070
1302
9313
884
376
7204
8659
6853
7958
5131
2662
3480
5974
6372
9762
2159
57
2491
8241
6083
4583
156
10256
3906
2510
3835
10077
2005
1122
6252
6268
1720
6381
7778
3783
8178
8352
6892
9146
6364
2908
4174
10281
10306
4553
502
8664
10167
10361
10335
10073
7928
1659
333
9030
2241
1979
4905
9877
2804
6799
5314
4800
4330
6161
3069
3189
2136
925
1396
3900
5011
8031
4580
3021
9643
7320
2619
4147
4394
4063
1760
8536
7802
1795
1746
4156
3262
6138
4198
5681
574
843
8236
5020
8913
8448
5646
6805
2290
10441
7191
6228
10609
6084
2735
2448
2040
300
1380
2538
1811
9147
6326
3814
9946
3106
2752
119
8769
9021
4030
6471
24
798
8677
3276
819
10168
5817
8743
9043
9569
8546
10212
2366
3910
10230
4428
1714
146
7051
5754
8801
6229
6244
3074
3307
9199
1559
8970
4064
2824
4379
8693
9234
9901
7407
309
4720
5950
1023
1528
10421
2880
10443
7804
2135
10342
9682
6303
3892
4843
5989
5891
62
2099
2441
1813
8879
10162
3863
164
1315
7303
9974
3013
3849
479
5543
1817
7420
677
6526
6157
9233
9131
7865
1002
4200
4091
7788
1956
6074
10578
4688
60
600
6186
8150
2573
7743
6810
4312
6518
14
5081
9920
10340
9996
785
8116
7269
1519
2952
979
2125
59
4987
7352
3560
9052
2910
5134
3622
3866
7123
7717
961
9328
10378
8045
1060
3799
6788
7580
5571
5780
8814
2842
8108
3381
3363
3014
3596
9007
9109
37
5676
10325
620
3141
7003
8564
784
9780
1895
264
1244
2219
10279
8251
5954
7010
2078
9853
8798
3632
8947
356
2926
981
9524
7433
1314
7060
6154
7784
5217
8077
7400
6618
4896
6750
9706
6786
6495
664
8428
279
8277
4833
9598
2327
1317
4852
4166
10150
5934
7838
121
9855
4597
9874
7980
2410
2848
185
8870
6444
9702
8396
9648
218
3041
8166
4697
7800
3399
2884
774
569
8354
8826
4785
1977
1136
1081
10266
9656
8882
10043
2530
6375
7974
9253
1799
10367
2080
6502
3697
2030
7484
4576
7356
9681
10239
4333
7680
2639
2897
3674
6511
666
190
8880
5183
10260
8633
8276
5155
8643
10396
370
2960
1108
4102
7688
6388
6787
10627
8593
3015
6353
2518
6434
8527
5988
1893
4524
4014
9024
3131
6930
7002
4650
6556
7091
5156
7256
1870
9080
2872
9033
6341
3615
196
6040
9964
4608
7305
4829
5982
7317
9542
5720
7389
690
8434
1534
9789
2992
8577
8184
327
10559
8079
5165
5765
9376
5281
6983
8142
8594
8557
3787
10193
9651
4346
4970
8360
992
1710
6418
262
5683
3124
4731
7825
2765
2802
5991
5837
2741
2864
2277
2859
10093
10549
628
808
3779
1271
9457
8393
4225
9213
752
88
10065
8069
7451
6299
2300
6145
9141
8582
4922
10023
905
5070
8501
10507
8262
5734
9281
4872
9594
1236
1265
8946
6736
8624
7926
10536
9827
1125
8414
5538
5308
6785
877
8096
2057
1239
6086
4374
6952
9978
8089
8374
8342
6338
8463
762
7056
9098
1254
9710
9878
8718
6240
8713
8958
2561
2377
3946
9075
3591
3378
75
8493
7609
7675
9866
9355
6290
5452
2310
6058
7700
1894
5039
3740
9705
915
3366
3618
1202
5492
219
5918
6585
5094
1515
6919
5594
3078
7268
4316
4388
5127
10096
2966
3645
5126
3730
7576
897
2618
4663
8212
9927
5587
6156
1912
247
1333
9790
2313
4976
6301
5525
5713
6977
10255
5951
7489
5615
10136
1384
4324
10151
1866
4116
685
7585
6231
7467
10117
6531
724
6482
10052
2191
3891
8521
4766
8062
10400
1031
6134
7306
5832
4329
7245
5766
38
8638
9794
3338
3667
9574
6521
2718
259
10259
8976
364
622
8002
1634
10488
5231
4681
4465
2725
2202
1769
9184
5357
8420
10526
1088
10228
7597
2787
4920
1447
10076
1327
1862
5625
8629
6473
1476
8386
5793
7160
2680
4498
225
5932
5588
7814
3419
5578
9375
8985
5110
1035
2122
6281
6
3529
5560
2881
5147
81
619
9412
191
1157
6720
6169
6985
365
4081
9774
3244
9543
6350
7570
3167
9942
7383
2195
173
1781
153
9511
7795
5435
3628
6994
4256
3577
8837
6088
2919
1238
4016
9926
10046
3871
8860
3072
4397
891
10315
7851
6679
9094
7515
8265
2337
2047
865
6285
3584
248
8635
6361
7821
9679
4055
6347
1100
5960
3552
4816
3452
10575
6175
6424
1444
4478
7972
3991
2863
1676
7642
7589
7816
6081
3933
2708
4052
6498
2757
10082
4031
617
10250
5819
2849
2394
5226
5801
4551
6790
1119
4086
7582
42
3548
8846
6988
2721
4183
9223
9209
4390
7752
2254
3225
3793
8576
8942
7381
9968
6230
5323
8827
5425
7173
2572
7724
8144
3153
10303
9336
4141
1419
1120
3152
5725
9415
8288
8662
2858
9205
5914
5917
8052
5135
5241
7114
10021
1097
7644
2174
1195
1530
1415
10420
3513
10066
375
2066
4660
429
6893
1669
10355
2857
140
1387
7314
10623
719
10594
6924
9600
5591
2175
22
842
3640
7628
6570
6597
209
939
3992
4940
3777
866
4294
10588
5447
742
8498
5300
490
1258
3133
5464
8266
4053
8437
3314
9093
3204
6273
1318
10229
2134
8709
515
2746
3471
1117
7869
9053
8495
9124
6800
4484
7141
2536
6995
6541
10128
1907
5789
3700
2107
9302
5898
8524
9298
6015
3973
4701
10268
4630
6508
8147
3841
1094
9985
1388
2074
9556
3969
2517
1071
6087
8233
10341
10164
5662
2304
693
11
6921
5184
3934
2996
10436
1727
1984
1223
3138
5197
5636
8614
421
4356
9408
2334
890
2840
2984
2754
8989
10191
9255
3264
7175
7721
4442
4109
8484
7944
1602
5244
2502
5246
8462
6975
3151
8994
7849
7155
755
10309
8728
7343
5936
3035
10252
527
8353
4445
10410
1553
951
9759
5704
9380
1168
7820
6970
1892
6947
646
7339
3545
7028
5211
6671
3602
5677
8984
6199
9041
1961
9011
2759
2477
9859
1504
4220
166
4642
7413
2654
10458
1731
6382
10241
8850
584
10030
1155
1765
1328
3343
10557
2475
3219
6657
595
1834
10612
7774
3320
8590
4594
10457
507
283
1340
1935
10459
10039
4754
5805
7595
3568
7335
3954
2877
5367
543
8145
292
9981
10558
9270
4998
9345
3073
10140
348
7392
8915
2723
7539
4226
6332
2247
6749
7338
9546
3127
6025
10332
6637
6446
8390
2515
3784
3309
3052
2553
6363
144
6931
3950
7916
6896
8240
5395
1228
8652
7453
6464
5738
1917
4558
3609
305
754
1214
5470
4547
422
4483
5037
5351
907
5724
8983
4779
9126
4178
2368
9088
1325
1192
2067
3058
2045
10492
8873
1544
972
7990
8408
975
280
10026
10142
9138
2068
3437
8300
4658
5449
10583
3940
4761
7914
4693
6360
2326
335
4927
5102
1359
7337
241
6106
10213
1778
10072
3412
791
4894
1775
7850
3405
1730
3666
9641
641
508
1034
7470
4792
282
6461
540
2105
1203
5519
3240
5733
4058
9688
5062
5087
3146
10570
332
1141
1273
2778
10444
5647
6414
9739
1095
8221
9727
2745
7590
4644
9311
3517
8972
206
2364
1848
6011
3271
8345
4309
3544
3222
5398
6520
10362
2267
5490
6368
7176
7461
3653
3953
2597
2439
7770
7574
4380
7999
9392
4409
9956
5371
9875
1513
7318
1121
4357
2404
10
2253
4403
0
2012
8731
726
7982
4811
9777
8684
8622
4897
5406
2868
2271
4541
7528
143
2311
8264
1131
7300
3384
5705
7875
8545
8708
3248
8470
7519
8411
1460
6198
39
3136
5641
5179
2929
4245
10373
4713
2351
3113
7357
5475
4120
1468
5204
1208
4741
2015
6608
1323
7235
2562
3029
2129
2694
4788
2201
6698
5459
10003
2911
10547
9414
217
7462
849
750
4511
7858
4495
5446
7929
8355
8812
5072
4279
10032
7986
1229
4626
6000
8668
52
6894
9197
5047
6158
576
7771
2782
4075
2347
1412
5026
6309
6903
7836
10282
5442
8680
8177
4037
9237
2703
1016
10185
3603
5667
3570
3402
10600
5143
8881
5431
8900
8040
3582
6578
9271
5472
6501
226
8253
3846
6028
8998
2899
5423
6493
8532
9481
1993
7719
6654
6150
7935
2891
9201
8331
10038
5115
1915
793
7291
5710
5533
4760
7369
5981
8305
9180
1546
253
383
6505
5437
1298
3670
887
2073
1175
3483
1433
851
10364
1766
2595
4836
5142
7516
871
6588
4130
7074
7446
8727
3062
2079
4670
5886
2959
4997
1190
6779
5035
2152
4427
5642
10541
7132
3330
7415
394
10471
5194
