1.093000054359436,0.9910001158714294,3.000005006790161
1.1920000314712524,0.9910001158714294,2.999988079071045
2.0260000228881836,0.9769999980926514,2.999995470046997
1.2549998760223389,0.9930000901222229,3.0000016689300537
1.2139999866485596,0.9920001029968262,2.999995470046997
1.190999984741211,0.9900000095367432,3.0000057220458984
1.1460000276565552,0.9900000691413879,2.99999737739563
1.1349998712539673,0.9920000433921814,3.0000057220458984
1.2359999418258667,0.9900000095367432,3.0000057220458984
1.2640000581741333,0.9860000610351562,3.0000033378601074
1.1139999628067017,0.9879999756813049,3.0000059604644775
1.2080000638961792,0.9900001287460327,3.0000009536743164
1.407999873161316,0.9900001287460327,3.000002861022949
1.2799999713897705,0.984000027179718,3.0000064373016357
1.3359999656677246,0.984000027179718,2.999997138977051
5.198000431060791,0.9340000152587891,3.00000262260437
1.375,0.9910000562667847,3.000002145767212
1.0740001201629639,0.9940000772476196,3.0000061988830566
1.2599999904632568,0.9880000352859497,3.0000014305114746
1.0570000410079956,0.9950000643730164,3.0000057220458984
1.0799999237060547,0.9950000643730164,3.0000054836273193
1.0950000286102295,0.9950000643730164,3.0000057220458984
1.1470000743865967,0.9930000901222229,3.0000014305114746
1.224000096321106,0.9950000643730164,3.000000238418579
1.0809998512268066,0.9940000772476196,3.0000054836273193
2.750000238418579,0.9679999351501465,3.000002861022949
1.225000023841858,0.987000048160553,3.00000262260437
1.2330000400543213,0.987000048160553,3.0000011920928955
1.3209999799728394,0.9910000562667847,2.9999961853027344
1.4709999561309814,0.9839999675750732,3.0000011920928955
1.0740000009536743,0.9930000901222229,3.0000052452087402
1.5040000677108765,0.9900000691413879,2.999995470046997
1.440000057220459,0.9850000739097595,2.999997138977051
3.111999988555908,0.9649999737739563,2.9999938011169434
1.6230000257492065,0.9859999418258667,2.999990701675415
1.943000078201294,0.9809999465942383,3.0
2.6050000190734863,0.9709999561309814,2.9999985694885254
1.186000108718872,0.9900001287460327,3.0000054836273193
1.2310000658035278,0.9900001287460327,3.0000014305114746
2.064000129699707,0.965999960899353,2.9999988079071045
2.072000026702881,0.9729999303817749,2.9999911785125732
1.2009999752044678,0.9890000224113464,2.999997138977051
2.177999973297119,0.9760000109672546,2.999995470046997
1.2160000801086426,0.9900000095367432,3.0000057220458984
1.2249999046325684,0.9890000820159912,2.9999969005584717
4.355999946594238,0.9420000314712524,3.0000030994415283
1.1790000200271606,0.9900001287460327,3.0000054836273193
1.1749999523162842,0.9930000901222229,3.0000057220458984
1.2319998741149902,0.9920001029968262,2.999988079071045
1.3009999990463257,0.9829999804496765,2.9999969005584717
1.095000147819519,0.9950000643730164,3.0000059604644775
1.064000129699707,0.9930000305175781,3.0000059604644775
1.9879999160766602,0.968999981880188,3.0000030994415283
1.2300000190734863,0.9869999885559082,3.0000057220458984
1.3269999027252197,0.9860000610351562,2.9999969005584717
1.3320001363754272,0.987000048160553,3.0000040531158447
1.1949999332427979,0.9920000433921814,3.0000052452087402
1.0889999866485596,0.9940000772476196,3.0000059604644775
1.318000078201294,0.9880000352859497,3.000004291534424
1.0279998779296875,0.9950000643730164,3.000004768371582
1.3100000619888306,0.9850000143051147,3.0000009536743164
1.6990000009536743,0.9850000143051147,2.9999966621398926
1.311000108718872,0.987000048160553,2.9999969005584717
1.2569999694824219,0.9930000901222229,3.0000040531158447
1.3089998960494995,0.9839999675750732,3.0000057220458984
1.1869999170303345,0.9940000772476196,2.999992609024048
1.1360000371932983,0.9940000772476196,3.0000011920928955
1.9129999876022339,0.9850000143051147,2.9999966621398926
1.343000054359436,0.9900000095367432,3.0000014305114746
1.0879998207092285,0.9950000643730164,3.0000061988830566
1.0509999990463257,0.9950000643730164,3.0000052452087402
1.1929999589920044,0.9950000643730164,2.999990940093994
1.218000054359436,0.9869999885559082,3.0000059604644775
1.2400000095367432,0.9860000610351562,3.0000011920928955
1.178999900817871,0.9930000305175781,3.00000262260437
1.2359999418258667,0.9930000901222229,2.999988079071045
1.6859999895095825,0.984000027179718,2.9999990463256836
1.1369999647140503,0.9880000352859497,2.9999969005584717
1.0860000848770142,0.9940000772476196,2.9999966621398926
1.2650001049041748,0.9930000305175781,2.9999992847442627
1.3340001106262207,0.9900001287460327,2.999997138977051
1.1640000343322754,0.9950000643730164,3.0000052452087402
1.1370000839233398,0.9930000901222229,3.0000057220458984
1.2029999494552612,0.9950000643730164,2.999992609024048
1.3040000200271606,0.9839999675750732,3.0000014305114746
2.0350000858306885,0.9750000238418579,2.999988079071045
1.0950000286102295,0.9950000643730164,3.0000061988830566
1.33899986743927,0.9900000095367432,3.0000009536743164
1.1890000104904175,0.9950000643730164,3.0000038146972656
1.0859999656677246,0.9950000643730164,3.0000057220458984
1.187000036239624,0.9910000562667847,3.0000059604644775
1.1419999599456787,0.9920000433921814,3.0000064373016357
1.092000126838684,0.9950000643730164,3.0000061988830566
1.0289998054504395,0.9950000643730164,3.0000054836273193
1.2969999313354492,0.9900000691413879,2.999997138977051
1.2259999513626099,0.9910001158714294,2.999992847442627
1.1019999980926514,0.9950000643730164,3.0000054836273193
1.1470000743865967,0.9920000433921814,3.0000061988830566
1.2010000944137573,0.9880000352859497,3.0000061988830566
1.0529999732971191,0.9950000643730164,3.0000057220458984
1.2130000591278076,0.9839999675750732,3.0000054836273193
1.2100000381469727,0.9869999885559082,3.0000059604644775
1.3200000524520874,0.9829999208450317,2.9999969005584717
1.5329999923706055,0.9779999852180481,2.999992847442627
1.1339999437332153,0.9900001287460327,3.0000057220458984
1.4739999771118164,0.9799999594688416,2.999992609024048
3.9000003337860107,0.9740000367164612,2.999993085861206
1.6750000715255737,0.9750000238418579,3.0000035762786865
1.1319999694824219,0.9910001158714294,3.0000052452087402
1.309999942779541,0.9890000224113464,2.999999761581421
1.2610000371932983,0.9930000901222229,3.000002145767212
1.0700000524520874,0.9940000772476196,3.0000016689300537
1.217000126838684,0.9900000095367432,3.0000011920928955
1.2359999418258667,0.9880000352859497,2.9999990463256836
1.1239999532699585,0.9920001029968262,3.0000059604644775
1.1459999084472656,0.9930000901222229,3.0000057220458984
1.1999999284744263,0.9890000820159912,3.0000038146972656
1.5470000505447388,0.9839999079704285,2.99999737739563
1.570000171661377,0.9839999079704285,2.999997138977051
1.0860000848770142,0.9950000643730164,3.0000057220458984
1.3429999351501465,0.9900000691413879,3.0000038146972656
1.28600013256073,0.9840000867843628,2.999999761581421
1.4810000658035278,0.9810000658035278,2.999999761581421
1.1170001029968262,0.9920001029968262,3.000005006790161
1.8370000123977661,0.9709999561309814,2.999994993209839
1.3509999513626099,0.9850000143051147,3.0000052452087402
1.3620002269744873,0.9940000772476196,2.999990940093994
2.2990000247955322,0.9839999079704285,2.9999969005584717
2.305999994277954,0.981999933719635,2.999990701675415
1.1339999437332153,0.9950000643730164,2.999997138977051
1.150999903678894,0.9920001029968262,3.0000009536743164
1.5430001020431519,0.984000027179718,2.9999966621398926
1.6640000343322754,0.9860000014305115,2.9999935626983643
2.3000001907348633,0.9700000286102295,2.999990940093994
1.2350000143051147,0.9869999885559082,2.9999969005584717
1.1910001039505005,0.987000048160553,3.0000057220458984
1.5180000066757202,0.9760000109672546,3.0000040531158447
1.2730000019073486,0.9910000562667847,2.999992609024048
1.3250000476837158,0.9829999804496765,3.0000014305114746
1.3339999914169312,0.9849998950958252,3.0000014305114746
1.3539999723434448,0.9849998950958252,3.0000011920928955
1.1750000715255737,0.9950000643730164,3.0000014305114746
1.3690000772476196,0.9900000095367432,2.9999966621398926
1.4589999914169312,0.9930000901222229,2.999998092651367
1.3799999952316284,0.9820000529289246,3.00000262260437
1.475000023841858,0.9859999418258667,3.000004768371582
1.311000108718872,0.987000048160553,3.0000059604644775
1.0810000896453857,0.9930000901222229,3.0000054836273193
1.5649999380111694,0.9819999933242798,2.999995708465576
1.1249998807907104,0.9930000901222229,3.0000057220458984
1.2020000219345093,0.9900000691413879,3.000004291534424
1.2780001163482666,0.9910001158714294,3.000004291534424
1.1119998693466187,0.9950000643730164,3.0000052452087402
1.318000078201294,0.9950000643730164,2.999988317489624
1.3479998111724854,0.987000048160553,3.0000059604644775
1.1380000114440918,0.9920000433921814,3.0000054836273193
1.1059999465942383,0.9930000901222229,3.0000057220458984
1.1339999437332153,0.9940000772476196,3.000005006790161
1.2130000591278076,0.9860000014305115,3.0000011920928955
1.2110000848770142,0.9850000143051147,3.0000059604644775
1.374000072479248,0.981999933719635,3.0000014305114746
1.527000069618225,0.9790000319480896,2.999999523162842
1.2689999341964722,0.9850000143051147,2.9999966621398926
1.1800000667572021,0.9880000948905945,2.999997138977051
1.1449999809265137,0.9880000352859497,3.0000054836273193
1.440999984741211,0.9789999723434448,3.0
1.565000057220459,0.9809999465942383,3.000004291534424
1.3890001773834229,0.9799999594688416,3.0000011920928955
1.3589999675750732,0.9900000691413879,2.999992847442627
1.351000189781189,0.9829999804496765,2.9999923706054688
1.098000168800354,0.9930000305175781,3.0000059604644775
1.0750000476837158,0.9950000643730164,3.0000054836273193
1.1449999809265137,0.9940000772476196,2.999997615814209
1.1610000133514404,0.9930000901222229,3.0000061988830566
1.1450001001358032,0.9920001029968262,3.0000059604644775
1.4010000228881836,0.9819999933242798,2.999999523162842
1.2710000276565552,0.9890000224113464,3.0000038146972656
1.2209999561309814,0.9829999804496765,3.0000059604644775
1.3000000715255737,0.9799999594688416,3.0000016689300537
1.0800000429153442,0.9950000643730164,3.0000061988830566
1.440999984741211,0.9900000691413879,2.9999983310699463
1.068000078201294,0.9950000643730164,3.0000057220458984
1.0600000619888306,0.9920001029968262,3.0000052452087402
1.1460000276565552,0.9890000224113464,3.0000009536743164
1.2059999704360962,0.9880000352859497,3.000000476837158
1.746999979019165,0.9829999804496765,3.000002861022949
1.0800001621246338,0.9909999966621399,3.0000054836273193
1.157999873161316,0.9920001029968262,3.0000057220458984
1.2060000896453857,0.9860000014305115,3.0000057220458984
1.472000002861023,0.9830000400543213,3.0000054836273193
1.2030000686645508,0.9930000305175781,3.0000009536743164
1.9450000524520874,0.9749999642372131,3.0000040531158447
1.1210001707077026,0.9930000901222229,3.0000054836273193
1.6089999675750732,0.9790000319480896,2.999988317489624
1.1450001001358032,0.9940000772476196,3.0000014305114746
1.128999948501587,0.9950000643730164,2.9999969005584717
1.5519999265670776,0.9779999256134033,3.000004529953003
1.1070001125335693,0.9920001029968262,3.0000054836273193
1.5490000247955322,0.9859999418258667,3.0000038146972656
1.6720000505447388,0.9849998950958252,3.000004529953003
1.8270000219345093,0.9859999418258667,3.000000476837158
1.2070001363754272,0.984000027179718,3.0000061988830566
1.4510000944137573,0.9799999594688416,3.0000040531158447
1.4010000228881836,0.9769999980926514,3.0000054836273193
1.087999939918518,0.9910000562667847,3.0000057220458984
1.2710000276565552,0.9940000772476196,2.9999921321868896
1.1640000343322754,0.9920000433921814,3.0000059604644775
1.0589998960494995,0.9940000772476196,3.000005006790161
1.059999942779541,0.9950000643730164,3.0000057220458984
2.823000192642212,0.972000002861023,2.999995231628418
2.30400013923645,0.9849998950958252,3.0000011920928955
1.1069999933242798,0.9930000901222229,2.9999966621398926
1.3040000200271606,0.9839999675750732,3.0000057220458984
1.1009999513626099,0.9900001287460327,3.0000057220458984
1.1610000133514404,0.9910000562667847,3.0000057220458984
1.4850000143051147,0.9709999561309814,3.0000059604644775
1.1320000886917114,0.9910000562667847,3.0000057220458984
1.2890000343322754,0.9910000562667847,2.999992609024048
1.3309998512268066,0.9829999804496765,2.999988079071045
1.3620001077651978,0.9930000901222229,2.9999964237213135
1.1870001554489136,0.9900000691413879,3.0000057220458984
1.187000036239624,0.9920000433921814,3.0000014305114746
1.1100001335144043,0.9910001158714294,3.0000057220458984
1.350000023841858,0.9869999885559082,2.9999969005584717
1.4329999685287476,0.9799999594688416,2.9999921321868896
1.1790001392364502,0.9890000224113464,3.0000052452087402
1.1740000247955322,0.9870001077651978,3.0000059604644775
1.1399999856948853,0.9930000901222229,3.0000057220458984
1.1360000371932983,0.9900000095367432,3.0000054836273193
1.2070001363754272,0.9860000014305115,3.000001907348633
1.1720001697540283,0.9900000691413879,2.9999966621398926
1.096000075340271,0.9950000643730164,3.0000059604644775
1.2289999723434448,0.9860000610351562,3.0000057220458984
1.2739999294281006,0.9859999418258667,3.0000054836273193
1.559000015258789,0.9879999756813049,2.999997138977051
1.3189998865127563,0.9880000352859497,2.9999985694885254
2.188000202178955,0.9819999933242798,2.99999737739563
1.0959999561309814,0.9930000901222229,3.0000054836273193
1.0870000123977661,0.9890000820159912,3.0000059604644775
1.1959999799728394,0.9839999079704285,3.0000014305114746
1.4529999494552612,0.9869999885559082,3.000002861022949
1.4220000505447388,0.9910001158714294,2.9999990463256836
1.3219997882843018,0.9920001029968262,2.9999938011169434
1.0740000009536743,0.9920001029968262,3.0000054836273193
1.0730000734329224,0.9930000305175781,3.0000057220458984
1.0469999313354492,0.9940000772476196,3.000005006790161
1.154000163078308,0.9860000014305115,3.0000052452087402
1.4539999961853027,0.9800000190734863,3.0000011920928955
1.0809999704360962,0.9880000352859497,3.000004768371582
1.1740000247955322,0.9890000224113464,3.0000064373016357
1.0850000381469727,0.9909999966621399,3.0000052452087402
1.1150001287460327,0.9910000562667847,3.0000061988830566
1.437000036239624,0.9739999771118164,3.0000007152557373
1.099000096321106,0.9920001029968262,3.0000059604644775
1.2660000324249268,0.9860000014305115,2.9999969005584717
1.2910001277923584,0.9880000948905945,3.0000014305114746
1.3539999723434448,0.9850000739097595,2.9999959468841553
1.1850000619888306,0.9900001287460327,2.999997138977051
1.1609998941421509,0.9839999675750732,3.000005006790161
1.087999939918518,0.9940000772476196,3.0000014305114746
1.1360000371932983,0.9870001077651978,3.000005006790161
1.1029999256134033,0.9910000562667847,3.0000059604644775
1.2309999465942383,0.9950000643730164,2.9999992847442627
1.4940001964569092,0.9860000014305115,2.9999990463256836
1.3209999799728394,0.9840000867843628,2.9999983310699463
1.2230000495910645,0.9910001158714294,2.999992609024048
1.0870000123977661,0.9940000772476196,3.0000061988830566
1.1000001430511475,0.9930000901222229,3.0000057220458984
1.0839999914169312,0.9950000643730164,3.000002861022949
1.2650001049041748,0.9880000352859497,3.0000038146972656
1.28000009059906,0.9920000433921814,3.0
1.4070000648498535,0.9810000061988831,3.0000061988830566
1.1729999780654907,0.9900000095367432,3.0000061988830566
1.962999939918518,0.968999981880188,2.999999761581421
1.1230000257492065,0.9920000433921814,3.0000061988830566
1.0420000553131104,0.9950000643730164,3.0000059604644775
1.13100004196167,0.9940000772476196,3.0000061988830566
1.127000093460083,0.9930000305175781,3.0000057220458984
1.3899999856948853,0.9829999804496765,3.000002384185791
2.2200000286102295,0.9679999947547913,2.999995708465576
1.3369998931884766,0.9930000901222229,3.0000040531158447
1.1799999475479126,0.9930000901222229,3.0000035762786865
1.1780000925064087,0.9920001029968262,3.0000059604644775
1.5839999914169312,0.9789999723434448,2.9999940395355225
1.2430000305175781,0.9869999885559082,3.000004291534424
1.1119999885559082,0.9950000643730164,3.0000016689300537
1.0949997901916504,0.9950000643730164,3.0000061988830566
1.5770000219345093,0.9739999771118164,3.0000052452087402
1.1430000066757202,0.9909999966621399,3.0000054836273193
1.249000072479248,0.9900000691413879,3.0000014305114746
1.253000020980835,0.9860000014305115,3.0000061988830566
1.4810000658035278,0.984000027179718,2.999999761581421
1.3510000705718994,0.9800000786781311,3.0000016689300537
1.5370001792907715,0.9759999513626099,3.0000057220458984
1.0800000429153442,0.9940000772476196,3.0000052452087402
1.1800000667572021,0.9890000224113464,3.0000009536743164
1.0750000476837158,0.9910001158714294,3.0000052452087402
1.1159999370574951,0.9930000901222229,2.99999737739563
1.4209998846054077,0.9869999289512634,2.9999947547912598
1.9410001039505005,0.966999888420105,2.9999964237213135
1.5630000829696655,0.9799999594688416,2.999999761581421
1.3570001125335693,0.9789999723434448,2.9999966621398926
1.28000009059906,0.9940000772476196,3.0
1.1999999284744263,0.9900000691413879,3.0000057220458984
1.2420001029968262,0.9860000610351562,2.999997615814209
1.159999966621399,0.9920001029968262,3.0000007152557373
1.2280000448226929,0.9859999418258667,3.0000057220458984
1.2599998712539673,0.9890000224113464,2.999995470046997
1.3809998035430908,0.9800000190734863,3.000002861022949
1.318000078201294,0.9880000352859497,3.0000057220458984
1.34499990940094,0.9850000143051147,2.99999737739563
1.3790000677108765,0.9829999208450317,2.9999966621398926
1.540000081062317,0.9780000448226929,2.9999992847442627
1.2400001287460327,0.9869999885559082,2.9999923706054688
1.2860000133514404,0.9900000095367432,3.0000014305114746
1.4140000343322754,0.9860000014305115,2.9999940395355225
1.0470000505447388,0.9950000643730164,3.0000061988830566
1.363999843597412,0.9799999594688416,2.999992609024048
1.1370000839233398,0.9900000691413879,3.0000059604644775
1.0870000123977661,0.9940000772476196,3.000001907348633
1.3920000791549683,0.9880000352859497,3.0000011920928955
1.2450001239776611,0.9910000562667847,2.999988079071045
1.1139999628067017,0.9920001029968262,3.0000052452087402
1.2339999675750732,0.9880000352859497,3.0000054836273193
1.0889999866485596,0.9900000691413879,3.0000054836273193
1.1360000371932983,0.9930000901222229,3.0000064373016357
1.1660001277923584,0.9920001029968262,3.0000057220458984
1.221000075340271,0.9880000352859497,3.000005006790161
1.1290000677108765,0.9930000901222229,3.0000057220458984
1.3739999532699585,0.9890000820159912,3.0000014305114746
1.0720001459121704,0.9950000643730164,3.0000011920928955
1.093999981880188,0.9950000643730164,3.0000057220458984
1.133000135421753,0.9930000901222229,3.0000057220458984
1.2869999408721924,0.9849998950958252,3.0000057220458984
1.0750000476837158,0.9940000772476196,3.0000057220458984
1.2360000610351562,0.9940000772476196,2.999988079071045
1.1630001068115234,0.9940000772476196,3.0000014305114746
1.218000054359436,0.9850000143051147,3.0000057220458984
1.059999942779541,0.9950000643730164,3.0000054836273193
1.1089999675750732,0.9940000772476196,2.9999992847442627
1.1280001401901245,0.9940000772476196,2.9999966621398926
1.0709999799728394,0.9950000643730164,3.0000057220458984
1.066999912261963,0.9930000305175781,3.000004529953003
1.5199999809265137,0.9900000691413879,2.999999761581421
1.3370001316070557,0.9950000643730164,2.9999966621398926
1.1069999933242798,0.9920000433921814,3.0000054836273193
1.1619999408721924,0.9880000352859497,3.0000061988830566
1.312999963760376,0.9880000352859497,2.999999761581421
1.6019999980926514,0.9820000529289246,2.999994993209839
1.247999906539917,0.9869999885559082,3.000001907348633
1.1140000820159912,0.9930000901222229,3.0000057220458984
1.346000075340271,0.9890000224113464,2.9999935626983643
1.341999888420105,0.9860000014305115,3.0000057220458984
1.3140000104904175,0.9880000352859497,3.0000040531158447
1.0649999380111694,0.9950000643730164,3.0000054836273193
1.0980000495910645,0.9930000901222229,2.99999737739563
1.0459998846054077,0.9950000643730164,3.000005006790161
1.36899995803833,0.9759999513626099,2.9999923706054688
1.061000108718872,0.9940000772476196,3.0000057220458984
1.0989999771118164,0.9880000352859497,3.000004768371582
1.0800000429153442,0.9880000352859497,3.000005006790161
1.0779999494552612,0.9900000095367432,3.0000059604644775
1.1110000610351562,0.9950000643730164,3.0000014305114746
1.0859999656677246,0.9930000305175781,2.9999969005584717
1.6939998865127563,0.9820000529289246,2.999995470046997
1.061000108718872,0.9950000643730164,3.0000059604644775
1.0529999732971191,0.9950000643730164,3.0000057220458984
1.9270000457763672,0.9780000448226929,2.9999938011169434
1.3420000076293945,0.9900001287460327,2.999999761581421
1.3070000410079956,0.9900001287460327,2.999999761581421
1.2760000228881836,0.9830000400543213,3.0000059604644775
1.1119999885559082,0.9890000820159912,3.0000054836273193
1.062999963760376,0.9920001029968262,3.0000052452087402
1.1449999809265137,0.9910000562667847,3.0000014305114746
1.2680001258850098,0.9839999675750732,3.0000057220458984
1.3040000200271606,0.9910001158714294,2.9999990463256836
1.0530000925064087,0.9950000643730164,3.000005006790161
1.2269999980926514,0.9880000352859497,2.9999966621398926
1.0899999141693115,0.9940000772476196,3.000002145767212
1.5530002117156982,0.9869999885559082,3.00000262260437
1.121999979019165,0.9890000224113464,3.0000057220458984
1.190000057220459,0.9850000143051147,3.0000011920928955
1.0740000009536743,0.9920001029968262,3.000004768371582
1.149999976158142,0.9950000643730164,2.9999969005584717
1.2910000085830688,0.9890000224113464,2.9999938011169434
1.1389999389648438,0.9880000352859497,3.0000009536743164
1.0869998931884766,0.9940000772476196,3.0000054836273193
1.9049999713897705,0.9829999804496765,3.00000262260437
1.4459999799728394,0.9819999933242798,3.0000054836273193
1.2280001640319824,0.9880000352859497,2.999992609024048
1.1040000915527344,0.9890000224113464,3.0000059604644775
1.1349999904632568,0.9890000224113464,3.0000059604644775
1.277999997138977,0.9799999594688416,3.000001907348633
1.1740000247955322,0.9890000224113464,3.000001907348633
1.0670000314712524,0.9950000643730164,3.0000064373016357
1.0579999685287476,0.9930000901222229,3.0000052452087402
1.0959999561309814,0.9920001029968262,3.0000059604644775
1.1699999570846558,0.9910001158714294,2.999997138977051
1.178999900817871,0.9900000691413879,2.999992609024048
1.190999984741211,0.9880000948905945,2.99999737739563
1.1140000820159912,0.9869999289512634,3.0000057220458984
1.2620000839233398,0.9950000643730164,2.999998092651367
1.1159999370574951,0.9930000305175781,3.0000052452087402
1.121999979019165,0.9950000643730164,3.0000057220458984
1.100000023841858,0.9940000772476196,2.9999961853027344
1.0329999923706055,0.9950000643730164,3.000004768371582
1.1239999532699585,0.9920001029968262,3.000005006790161
1.1380001306533813,0.98499995470047,3.0000059604644775
1.0810000896453857,0.9920001029968262,3.0000011920928955
1.0379998683929443,0.9950000643730164,3.000005006790161
1.1169999837875366,0.9940000772476196,3.0000057220458984
1.1800000667572021,0.9879999756813049,3.0000052452087402
1.1420000791549683,0.9950000643730164,2.9999969005584717
1.1410001516342163,0.9890000224113464,3.0000052452087402
1.1480000019073486,0.9920001029968262,2.999997138977051
1.068000078201294,0.9950000643730164,3.0000052452087402
1.3179999589920044,0.9849998950958252,2.9999966621398926
1.0829999446868896,0.9950000643730164,3.0000057220458984
1.0479998588562012,0.9930000901222229,3.0000052452087402
1.1929999589920044,0.9900001287460327,3.0000054836273193
1.1410000324249268,0.9920000433921814,3.0000054836273193
1.2020000219345093,0.9950000643730164,2.999998092651367
1.1230000257492065,0.9890000820159912,2.99999737739563
1.1440000534057617,0.9930000901222229,2.999995470046997
1.0550000667572021,0.9940000772476196,3.0000054836273193
1.0959999561309814,0.9900000691413879,3.0000057220458984
1.187999963760376,0.9900001287460327,3.0000016689300537
1.404000163078308,0.9819999933242798,2.999997615814209
1.059000015258789,0.9950000643730164,3.000005006790161
1.1729998588562012,0.9900000095367432,2.999995231628418
1.190000057220459,0.9910001158714294,3.0000035762786865
1.1409999132156372,0.9890000224113464,3.0000057220458984
1.1980000734329224,0.9900000691413879,2.999997138977051
1.1290000677108765,0.9890000820159912,2.999997138977051
1.25,0.9840000867843628,2.9999969005584717
1.3229999542236328,0.9880000352859497,2.9999983310699463
1.1719999313354492,0.9850000739097595,3.000005006790161
1.0920000076293945,0.9890000224113464,3.0000054836273193
1.0870000123977661,0.9920001029968262,3.0000064373016357
1.1579999923706055,0.9869999885559082,3.0000052452087402
1.218000054359436,0.9900000691413879,3.0000057220458984
1.0810000896453857,0.9930000901222229,3.0000064373016357
1.1390000581741333,0.9920000433921814,2.9999961853027344
1.1299999952316284,0.9950000643730164,3.0000059604644775
1.091999888420105,0.9950000643730164,3.0000014305114746
1.0770000219345093,0.9930000901222229,3.0000054836273193
1.093000054359436,0.9900000691413879,3.0000057220458984
1.0509999990463257,0.9940000772476196,3.000004768371582
1.1150000095367432,0.9930000901222229,2.999997138977051
1.100000023841858,0.9920001029968262,3.0000057220458984
1.2249999046325684,0.9879999756813049,2.999992609024048
1.2569999694824219,0.9850000739097595,3.000002145767212
1.1070001125335693,0.9900000691413879,2.9999966621398926
1.053999900817871,0.9950000643730164,3.0000057220458984
1.149999976158142,0.987000048160553,2.999997138977051
1.1089999675750732,0.9940000772476196,3.0000059604644775
1.152999997138977,0.9890000820159912,3.0000014305114746
1.281000018119812,0.9890000820159912,3.0000033378601074
1.062000036239624,0.9950000643730164,3.000004529953003
1.0939998626708984,0.9889999628067017,3.0000052452087402
1.1339998245239258,0.9880000352859497,3.0000059604644775
1.152999997138977,0.9879999756813049,3.0000059604644775
1.1239999532699585,0.9910000562667847,3.0000054836273193
1.0839999914169312,0.9910001158714294,3.0000057220458984
1.0679999589920044,0.9930000901222229,3.0000057220458984
1.095999836921692,0.9920000433921814,3.0000061988830566
1.1060000658035278,0.9940000772476196,3.0000014305114746
1.0419999361038208,0.9940000772476196,3.0000054836273193
1.0769999027252197,0.9930000901222229,3.000005006790161
1.1929999589920044,0.9880000352859497,3.0000059604644775
1.0449999570846558,0.9940000772476196,3.000005006790161
1.1630001068115234,0.9900001287460327,2.9999969005584717
1.1770000457763672,0.987000048160553,3.0000007152557373
1.0829999446868896,0.9920000433921814,3.000005006790161
1.0769999027252197,0.9930000901222229,3.0000011920928955
1.1110000610351562,0.9900000691413879,3.0000054836273193
1.0899999141693115,0.9950000643730164,2.999999523162842
1.1039999723434448,0.9910000562667847,3.0000054836273193
1.0799999237060547,0.9940000772476196,3.0000057220458984
1.053999900817871,0.9950000643730164,3.0000054836273193
1.0750000476837158,0.9890000820159912,3.0000052452087402
1.1009999513626099,0.9900001287460327,3.0000054836273193
1.058000087738037,0.9950000643730164,3.0000054836273193
1.0789999961853027,0.9900001287460327,3.000004768371582
1.0870000123977661,0.9880000352859497,3.0000052452087402
1.1459999084472656,0.9880000352859497,3.0000052452087402
1.0649999380111694,0.9950000643730164,3.0000052452087402
1.1339999437332153,0.9930000901222229,3.0000057220458984
1.0999999046325684,0.9880000352859497,3.0000054836273193
1.0670000314712524,0.9930000901222229,3.0000052452087402
1.028999924659729,0.9940000772476196,3.0000052452087402
1.0839999914169312,0.9930000901222229,3.0000054836273193
1.0660001039505005,0.9950000643730164,3.000005006790161
1.191999912261963,0.9950000643730164,3.000000238418579
1.034000039100647,0.9950000643730164,3.0000054836273193
1.0310001373291016,0.9950000643730164,3.000004768371582
1.1129999160766602,0.9869999885559082,3.0000054836273193
1.0490000247955322,0.9940000772476196,3.0000052452087402
1.069000005722046,0.9910001158714294,3.000005006790161
1.0380001068115234,0.9909999966621399,3.000004768371582
