4036
3262
8742
4334
3304
8639
3737
3157
9865
10515
2998
5155
9358
183
2935
4942
6215
3973
2397
1858
4511
2188
2011
1815
184
1660
8721
2203
4002
9633
4353
3480
9638
1830
10201
2728
4112
6510
10280
9290
10431
6828
1364
2360
9964
328
915
1058
6738
3305
9430
2327
4739
6193
776
1465
8860
8079
10093
3657
818
6531
3484
4467
3254
1451
3385
8995
407
10309
3145
966
5306
9248
511
3118
1769
4200
4194
3163
467
1725
5910
5372
10015
2471
5327
1130
8519
2738
9231
6250
3714
5623
8986
9022
1887
7759
10543
7958
2939
7810
5676
4520
6664
10532
4209
2160
8676
1301
3107
231
2895
6598
7768
3466
3876
5760
6860
8204
1294
1078
296
7446
201
5374
5763
1996
2452
7013
7141
1215
8469
8602
1270
2370
3627
7246
4859
5668
5468
1134
6683
7319
10428
3719
3527
8284
3284
385
10090
6775
5171
5437
4086
1087
8624
5699
10339
3548
2466
10394
9842
2748
2219
2609
2859
10519
4815
7858
6772
139
3383
9891
887
2094
5578
7986
8526
10043
2415
9958
9634
5539
1357
6078
7019
4543
2438
8727
10542
9637
2441
1197
10414
2422
8943
4372
10476
6605
7205
7360
6391
4677
3506
5506
10096
4348
1015
7139
9113
6075
6791
1831
8257
9055
7739
642
2149
44
4303
5081
2075
4481
9237
5714
1183
192
3660
427
7803
7259
4471
3010
1550
2962
9287
2301
7093
10567
6246
3919
8112
9805
3493
4318
4296
7482
4714
8649
677
2595
3036
1962
9178
6919
8600
9002
10549
9049
8187
8584
8866
6868
9933
1881
7398
3739
4983
9181
6764
2202
7962
3371
4772
126
10259
1548
8993
10539
2779
8914
4024
959
6615
8691
519
9268
8289
4751
5860
5471
5342
5984
4676
6905
147
3770
8303
214
8683
124
8178
8673
9731
8724
4853
4222
4667
10230
1432
892
7837
7508
1723
9903
8957
368
9083
7938
2720
2372
2687
1803
7960
3310
88
7483
10336
1195
7088
9916
4591
2680
6028
3977
863
7747
7852
1569
3405
7943
8486
4956
7883
6767
9384
9900
839
7067
6878
10421
10364
9208
3164
1607
2196
4274
9527
1416
3003
5488
7268
5572
3281
10511
10119
3667
7955
5091
363
4690
2497
7381
8512
2795
2217
8989
7086
2587
6711
805
1124
664
2975
133
1062
1535
3789
10507
1558
7630
7866
10316
6949
9044
3198
9476
2693
8851
4045
5261
9962
2017
860
5365
8111
2764
6527
10038
1775
10448
10562
3092
734
10411
7567
5096
5571
6693
7700
7707
560
1965
1983
9970
867
4664
1573
8699
5962
6180
7216
8831
5881
4498
10622
1361
6061
10159
1289
5927
5658
6440
2865
6743
2174
3746
8697
4438
4890
8698
6612
3437
8445
1943
3694
9046
10237
7237
10415
3668
83
738
2936
3988
42
333
4708
2670
7250
5009
7784
2539
7116
5150
3690
5209
3887
9963
1846
2875
2981
2255
2469
244
2922
1863
7317
5408
6992
10251
5662
3197
9464
1247
8758
3568
5651
5097
4365
5424
3553
9073
6915
8492
3552
7588
10626
7605
3473
632
8552
7978
436
2083
6936
949
10289
2322
6636
2600
6948
9380
1346
9168
838
293
5131
3464
4902
2184
7261
448
3586
9179
5206
1429
8196
550
10590
7609
353
7265
7694
2259
2561
5852
9204
2829
3961
8466
8362
143
4483
8665
8106
6555
973
1748
4755
8960
2233
2511
3190
2257
4224
7162
933
7557
5726
8885
8953
10481
6306
7017
8347
7735
3663
8702
5249
7807
2778
8398
3417
5858
6488
1871
9313
9070
9787
7708
541
3369
5837
6523
7373
7781
24
1933
538
10288
9475
3463
6199
6066
4515
8908
6268
8719
9793
2777
8415
1030
4074
3671
2722
9809
6122
9080
6124
7051
4851
3231
7387
4
3810
764
4458
1473
249
9728
3117
8594
4050
3149
3239
9447
9885
7102
7163
4415
2402
5266
1241
1958
10085
10518
9
10596
6804
7855
5774
3617
8786
9626
9854
570
2982
5494
6082
879
9449
1260
2200
4463
7214
1287
4993
4804
9409
10456
8869
7179
65
1524
822
8675
5647
130
5204
7493
8154
7499
608
7643
8984
2634
6200
10169
9899
1371
8363
9166
6741
2533
8606
403
3194
7002
7337
8506
5300
1527
3557
8921
10098
10162
1445
7463
8661
4238
4181
2319
8267
4400
9514
3033
10605
2912
6836
2298
9128
579
10430
6621
3093
3264
1752
9038
7128
149
4054
6410
3434
10008
6139
5172
9456
10056
4249
6476
9376
5240
7705
614
10375
5840
2963
1559
6296
3674
9699
8630
9106
4906
5004
10281
4761
391
1049
1749
3167
7085
10209
7270
2835
9814
7539
9259
7338
9572
7992
4032
1488
7378
4221
5823
4917
7127
9404
9266
8966
4912
10503
9952
4978
5253
2400
66
4130
4033
2944
5402
229
527
2331
10083
423
531
7663
4047
7530
9180
2803
5272
5619
8452
8418
2214
5722
3765
7571
1012
6485
779
607
233
6750
3192
166
1826
2126
8341
2007
9343
5499
745
10161
8388
6430
5103
963
3602
5188
148
3104
940
10287
4597
61
780
2325
6506
72
5518
3246
4321
7281
6393
1585
9649
1245
8083
4866
7928
6918
5812
2155
636
6234
8229
3583
7266
1061
2419
7006
8671
8105
7212
7859
10575
6342
3384
6646
9523
5687
5674
7346
3098
10568
5202
1421
5383
3103
2862
8652
8944
3122
5284
1529
9926
3603
2275
3892
4633
9651
7903
6869
1633
6626
203
9716
512
3621
8085
3115
3313
2313
6519
2784
2000
2868
1591
8782
4522
10437
2688
6101
2818
3425
2527
5863
1389
8373
6887
5041
5180
8449
2529
7678
3827
2121
6952
5517
1401
7714
2999
1504
8716
8157
5588
6856
6150
2055
9804
2332
7368
2111
10248
3998
7756
9864
3481
943
8717
7726
8744
2475
8917
1232
7074
3691
8357
10393
5824
4084
910
5308
1875
5104
988
3661
10079
6643
5835
4386
9918
2799
1873
8066
6613
8907
7644
3055
19
1696
8902
7098
6934
1244
2522
6800
3268
5768
49
5854
1688
6121
6808
6930
7695
3168
8215
7743
5132
2252
10200
8755
5788
3006
5961
340
4579
2945
8308
4049
3679
8394
9131
7103
8802
9748
9351
2047
7495
7593
9472
4699
3106
6995
2589
4641
6318
3344
9640
2070
3413
10211
1242
9219
6458
9164
1392
6761
4915
10275
7842
3634
4125
1478
1443
1721
9074
3471
6529
4211
3999
304
1164
1513
1085
10488
5077
9977
10601
8901
9715
9770
9644
9736
2031
1279
1121
6543
4457
8517
8230
8417
5759
4388
4319
4156
2725
814
1509
7538
8411
7639
1724
1412
4854
4753
2012
269
5928
9668
4678
848
7649
4043
3863
8789
2594
6520
1940
6882
5217
2723
211
10558
6414
4827
6597
1545
9213
10474
7939
5175
9139
6535
8827
840
10531
9844
7929
709
1987
8739
4088
9255
8835
965
4626
3581
8282
6662
5086
4697
5702
7528
8190
6923
1067
3881
9754
5938
9992
6890
4395
6143
6747
2698
8348
1722
9365
4055
2428
774
4505
7699
2673
1589
3588
8769
616
844
7815
10122
6253
9408
8322
5511
521
1425
9675
8622
1966
6229
5716
2241
10610
1492
8001
6072
3809
4187
7633
4431
6667
5486
2229
8522
5885
6190
1349
6753
2558
3287
3984
9463
6888
7933
3065
2776
3952
3399
962
4706
6798
6151
3206
7132
3828
4599
6441
1479
9904
3296
3564
6859
9233
508
5239
7096
7369
9425
5089
5205
6481
8136
3805
1056
5185
5294
3012
10345
2990
7825
785
9278
1544
4541
5199
4068
9123
2172
606
8583
5756
4485
1794
3835
6107
2408
5655
10203
67
7740
3815
4509
28
8401
8134
9438
2500
493
9994
6490
589
8955
5129
1495
1426
5099
5281
8518
613
9924
116
1593
2010
108
1086
8219
110
8354
372
4265
3456
8212
8911
3632
161
7766
4171
977
5553
9934
7399
6993
3589
2992
212
3944
454
7612
6144
10420
2359
2989
7817
6023
4098
3885
7641
5361
5237
9011
4025
5076
1713
4345
9592
10305
358
9347
9468
6166
2800
1718
8344
10312
6374
1100
3159
5934
1734
8107
8307
1027
5958
1328
8326
276
9560
5937
9778
7245
8811
523
7563
3883
7841
5371
3622
2796
241
9165
6795
4986
9828
5603
851
7824
829
3572
9375
4550
7217
4448
3333
7515
1916
4741
10014
5043
3105
7492
142
9010
1668
46
1562
3920
3698
3250
2267
10467
3046
7211
3390
9418
2925
2677
9781
3080
980
5681
9898
3901
2446
7065
10354
9815
3845
3150
6224
9469
4080
4250
2464
8100
7618
3889
704
5926
4542
4029
8021
3575
3314
9110
9719
7676
4497
4781
8191
6175
5072
3598
1002
486
10111
811
2210
6715
5821
2550
7843
1891
5056
1892
8266
1284
374
7853
162
10217
6034
6208
2980
5022
8794
10367
2812
8804
1627
1152
3803
2856
1379
6968
8909
4466
9417
10419
8580
75
2194
2220
4981
3941
2042
1297
8923
995
7380
10140
9194
5696
8934
7652
4041
562
5046
4015
1355
7451
8734
1936
7018
10196
7545
5643
451
8876
2760
3474
9712
749
291
6732
6681
3509
7448
58
6284
5117
2734
3931
9190
1101
90
9606
9345
9678
10380
2344
2095
9745
2247
3135
3087
3081
2383
2928
714
9599
9794
2166
5638
10060
7580
1481
6792
10282
4377
3560
2838
1707
7849
2117
7235
3875
8918
575
816
2020
10054
8408
1216
4689
928
7014
611
7887
10
5035
2295
9706
4290
5548
834
799
7429
6776
2517
8905
7290
8488
6179
3738
2706
9724
2518
4941
2374
6043
409
1665
9843
10363
9512
597
324
6108
5423
8498
3379
6244
2592
7005
7622
6577
3928
9693
5828
1861
9060
4845
10526
7355
2959
5944
4089
8563
2213
3773
2809
1480
7892
5957
7692
2694
7916
6216
8554
76
2903
4683
3962
5679
14
2234
1510
242
5884
6254
4391
10296
10400
2832
881
6740
6838
6156
1059
8164
6204
3748
7780
9528
2338
1089
8897
6858
1224
1554
520
1789
6049
3143
5244
1695
7374
658
1859
9617
10498
7465
8668
5810
186
4635
533
4555
3373
6545
6690
5621
10049
10199
1013
1147
7834
4674
9980
9858
574
2079
5818
8433
9094
5608
7331
2222
1146
3165
6660
2780
3829
3213
8253
4931
4574
1422
9427
4521
424
10290
5637
1785
620
5604
5914
9894
10378
4161
4731
499
9498
5429
2239
10279
4562
10464
9388
1608
4612
2985
4121
7385
8497
2746
4571
4758
4183
6700
6298
1553
4592
578
5706
7168
9938
3025
8608
9064
2480
6099
9132
5282
6003
1818
1882
5400
10427
7549
4364
2667
2986
753
7762
7314
455
6007
5094
8017
1436
7328
7702
8581
5438
2869
4640
6372
2495
4632
3614
1726
7496
744
5775
5145
6913
10387
7407
4959
9848
1556
7902
735
7519
5965
6939
10408
8218
7178
5207
3804
6954
5113
6891
6211
4392
2773
2765
4232
1679
8023
2891
6063
2743
6309
6649
2050
6158
8265
10329
7190
3665
7701
4072
2131
2805
504
10501
5460
9078
5413
8708
8686
8970
5654
2182
7498
2141
4868
5141
435
8278
7826
1632
645
2567
6982
1019
2902
5646
5245
9515
5556
10058
4557
1001
2294
674
2964
10310
9249
6243
8304
6483
1233
3922
8723
8664
6259
2816
1120
8382
9910
5872
3676
5434
6723
3626
1705
85
8549
7827
746
8771
8915
2886
10422
5979
3830
7614
1272
5632
8490
6114
4240
8603
2530
8833
5598
9459
1003
2496
6522
3540
6432
4196
2143
6803
991
4331
10574
266
6924
9707
6399
4175
1341
9470
8823
985
8002
9111
9826
9322
1312
6319
9399
8514
7526
3251
5797
623
5047
1094
10266
897
8843
6564
8504
1052
5367
360
4305
7105
1
5048
2243
6594
4308
9366
2785
1211
1280
4593
1502
6238
1856
3353
209
8899
4223
5992
10335
8756
4710
10112
5477
4828
8617
2125
1689
9215
3825
4634
6358
4841
8633
8323
2568
6684
1221
7948
9161
3113
801
2276
3797
5446
1786
6894
3761
418
8700
6898
5610
2447
8293
6155
4971
2204
5151
6844
232
2532
1841
3309
4359
7274
274
10513
8877
8410
2657
5586
10484
1286
8565
7880
4273
4052
8856
7087
1904
5921
9292
502
7123
10264
5998
4482
10150
272
8331
3018
3015
6575
3818
5083
5454
5985
1888
9282
301
4926
425
7831
8438
5080
752
5831
2043
4687
5348
2377
3334
7691
6125
3293
6409
4343
2102
36
8710
7761
8643
6411
5133
7138
3082
3992
9583
1274
1824
1914
4501
9568
9832
10506
3201
3981
1474
120
9912
10544
3044
798
6742
9247
2797
3945
650
5680
5739
5964
10602
5073
9130
1984
4380
6261
6870
5115
1125
387
8113
4126
9998
2636
6313
3914
2516
9860
5376
5847
3872
5584
1417
9504
26
4584
1825
6020
864
976
7464
9016
7628
7595
9540
5463
3860
1106
9273
8491
2858
5173
118
1084
2421
7313
5626
6183
6650
9507
594
2651
10463
6655
31
3441
1669
2571
7474
4618
9901
8387
3398
6786
9588
3776
5507
8613
3419
9035
2056
336
5673
6057
5819
2345
8520
2151
9329
2120
1653
7363
3795
5670
2237
6419
10234
6214
243
9471
2473
8933
8199
529
10373
2113
3483
984
6032
9990
2645
172
6900
9144
4717
7828
2913
4500
1834
4809
8042
1866
7202
8145
8008
1303
1264
6100
7349
7143
4312
1202
311
6169
4661
8063
8226
3156
4201
7648
2424
7744
5174
5845
487
9812
432
7320
4178
4239
4726
9689
7062
1797
8855
5839
7863
6539
7472
2872
9685
4871
8019
3288
1311
2318
7189
5422
10399
2211
8618
5769
6327
7402
9317
6846
4293
10307
5526
4241
6462
8808
5366
6644
9416
1606
2484
4750
8172
7574
9759
8534
7516
6220
2289
4426
8482
3345
2088
2509
9053
5504
1503
10115
1239
5169
10263
1808
4048
3240
2393
8251
9972
6962
698
708
10156
3523
1487
5995
9937
8120
824
5165
5684
8693
3219
2553
9119
7717
6301
7447
5601
10384
5280
9340
6265
3354
4164
4540
5529
5622
2508
4575
313
10003
8281
8887
5220
6549
7107
8544
198
4725
1452
4957
4225
329
2459
8541
3472
10242
8640
7561
855
393
5814
3485
3957
9157
3185
5555
1584
7656
8732
1700
6373
3078
8263
1597
4558
5745
8340
2560
2003
6029
5708
2390
5693
9435
5058
3874
5738
4647
6384
413
3615
7924
3917
927
5813
6281
112
890
2463
1997
696
8952
7351
9526
1024
1728
5379
8343
2572
1590
4039
6302
10039
2418
4611
4879
9334
3801
8647
2598
4231
4886
4442
8262
8658
5289
10326
9679
10612
2320
5292
6996
5596
3347
4539
6721
5908
598
2820
9839
1820
1638
902
5251
7909
4607
3086
1075
8064
5740
9939
813
352
4218
8898
5883
5683
2186
9879
6037
4694
321
7481
9348
3646
5694
5475
5314
3072
3499
9501
3182
5039
40
5451
3294
10322
134
3859
7343
6413
10099
8155
1827
4882
2506
1663
3778
5181
10321
5255
697
3392
5405
8140
6550
4756
7671
7913
6730
7560
6528
8286
4465
4724
9823
9363
7140
8588
1783
5414
4374
2092
7611
6223
356
310
6840
3241
917
1343
9625
4070
5060
5323
3600
1460
7753
7755
7213
947
1588
1053
5682
9509
9428
705
1978
152
8792
8359
1256
2472
1547
1750
7719
2016
1518
6048
10608
3969
6138
10351
35
1177
8185
7885
4107
9383
619
9382
2201
10257
10207
2942
6807
3173
4811
1414
2354
10352
8585
1273
4477
2993
2905
8566
1105
4340
2813
8489
6848
6147
1234
2801
316
8375
9682
8814
10283
9674
8101
9288
8058
4685
8259
396
6191
5862
2476
1005
6964
3465
6466
7439
4322
8045
8043
836
9534
8595
4916
954
7302
1680
2914
5877
9646
3252
1773
7456
386
9768
7746
9811
7981
3099
8880
4947
2973
1761
8750
3070
1842
6069
9488
5864
3884
810
9584
245
2883
5440
8040
2001
4639
7779
7914
6378
10439
730
9833
7870
3116
3397
3841
6341
1271
1587
2754
1107
7077
6496
5335
7654
6252
1055
10091
10445
8631
1835
10070
8568
9676
1489
9976
8128
4564
9485
6734
2123
10355
4549
6437
2790
8221
5562
3266
354
9088
3724
7860
5301
6587
3048
351
4884
6182
1844
8912
9610
9850
5886
5291
2404
2840
81
1911
8829
181
5629
7152
9087
4038
7267
4600
5850
6600
9118
474
7324
3138
3121
10134
896
8536
9283
4776
4237
7484
9013
4767
6554
5278
6752
6879
8713
74
4601
7624
3411
361
7056
6422
3713
3140
2703
4969
2087
941
383
582
10270
38
6588
10438
9965
2577
7144
1814
8947
3741
8371
30
7559
10293
8442
7442
3532
3440
6896
1363
5832
7688
7196
450
8846
7533
3605
4460
77
880
2691
165
1617
4945
3144
2029
9281
3852
6128
2938
7598
4545
3350
4271
9594
312
1031
10232
5214
3824
3328
5597
5535
4488
2363
6288
7682
5093
1771
5749
7176
9803
8929
2898
105
6498
4291
8928
5108
2054
1719
7443
9405
8505
9686
9162
87
7792
2127
3618
8385
4529
476
7326
828
4419
4272
2308
3791
6431
5641
4310
5870
2753
4517
9578
9263
2142
8098
9777
7491
7414
9741
4905
4347
10007
263
772
10485
7980
8413
260
2063
3577
6317
3438
6558
5487
5435
8753
146
4671
1225
7241
643
2737
644
5391
10076
4109
4512
10331
2579
9310
5531
7489
10552
4729
1781
8430
869
7445
5127
3687
859
5710
2643
10524
6508
9570
3599
8255
9025
99
8516
2661
10397
8707
1813
9661
4551
1151
3784
5114
5734
4173
820
8168
9718
2152
4858
4118
8598
10011
6979
5519
2507
10082
1935
6492
5628
1463
456
646
693
5727
9869
9908
3554
9126
2619
8871
452
6942
2305
5495
8252
515
5520
5467
7043
7175
6370
10584
2407
10094
9232
3001
2339
5138
8453
5095
5277
10300
10609
11
3258
9665
4973
10223
2451
8020
3732
191
8376
9483
3289
335
8548
10024
3576
692
2052
7389
4604
6017
10167
8940
9936
438
7473
9950
43
5876
10068
10618
1806
9138
5587
2304
4857
10154
7108
10550
4833
6348
5063
3703
6816
4144
2178
9337
9148
729
2674
7575
4399
8305
6051
7599
7604
794
8279
4527
5838
9710
6932
6146
5166
10148
7577
2399
1237
4585
6347
2607
8067
1098
4904
6623
4083
1925
1295
6907
7410
5793
6895
1140
7967
5620
1843
6398
1014
5659
8945
4226
1128
9029
5370
2782
3555
226
5827
7522
4953
3005
2290
4207
7203
4746
10330
4423
3217
2904
4744
5925
3630
4297
2096
9301
5990
2494
7990
7918
7336
6042
3356
4693
6503
4217
1383
3381
6507
1565
3855
2842
2637
5923
6990
4525
5310
4899
4672
1000
9085
8073
6148
3707
6562
10149
10442
5661
1642
5498
9941
10535
8776
10302
8946
3248
1533
4766
7772
9973
6572
5036
6724
7829
8125
6669
9690
510
4220
8205
55
10180
3013
4987
8117
6668
3184
8523
3693
5574
3790
9978
3903
1431
3358
9954
5226
3269
1192
2623
6271
2513
2373
10269
3648
8796
6212
3932
3475
5899
2655
2523
9705
7239
725
5230
10212
1884
3290
5616
8379
6680
6886
3170
1572
4722
5741
3571
1365
6633
9368
2633
4071
2554
4034
975
9516
6189
2739
1119
7900
5403
7847
5901
7907
8561
5351
7342
6938
9482
7972
5606
826
2828
7987
7409
1194
7927
6450
3447
9654
1532
9442
6044
4079
1149
2682
2644
10369
501
4684
7833
9127
4536
7669
5546
8740
1758
3574
7500
7590
6745
2448
2699
5313
8186
1919
1596
3688
3187
6110
2198
9394
2976
10504
9296
1768
7411
5270
2894
5879
5346
298
10315
3468
781
4743
8571
4168
4727
7275
1103
3260
9254
6452
2880
6227
9391
1662
8521
6737
9395
4862
10593
6814
9171
4669
4066
4151
8047
2911
2170
9593
3340
1213
6280
8479
9511
1193
5712
7115
2825
2769
7425
6515
3682
415
2610
6956
4371
10425
9006
5842
10465
1779
2761
718
6052
206
3382
842
7856
10228
4012
1959
5605
2666
6756
3320
9411
6706
8483
408
7415
7383
3579
595
9940
7329
4610
4537
6548
5222
9863
5307
5866
6656
9744
5707
10416
1667
5259
3697
8485
8948
1203
1248
1476
3727
3318
565
3181
4338
8545
5861
1598
3357
9250
7818
4304
1080
9320
10306
2808
2791
6119
7830
8206
8501
1903
8533
3091
5268
8788
3654
837
8511
9115
2362
8355
2112
2731
1651
4136
8828
1862
767
498
2398
8510
7391
7886
3907
7602
4716
7645
9874
8409
5611
944
7653
9238
4317
7664
1717
6065
412
5527
5918
5900
5991
1095
4970
95
4480
4077
699
7518
8390
9439
5316
3209
4387
6591
7998
6228
7558
6876
7553
8247
3189
6459
3894
9223
724
1042
4843
2968
8447
6537
317
1340
4337
7806
6394
5229
3966
7850
6540
7172
3032
1136
9191
5388
9959
5256
4644
1320
1319
2866
2025
6161
762
5747
2681
1762
6194
1739
3641
10260
2171
9021
157
2335
6796
3689
8231
10348
9513
1576
6941
6627
2376
7562
286
8651
3341
6873
4422
2892
7377
6388
7365
1450
2381
819
8884
6210
3235
2979
3833
756
7148
8949
7579
5978
5419
9415
3651
803
5579
7394
850
2648
1886
10208
6427
5669
1435
1374
1490
4648
3227
2062
2491
3769
2889
4484
3891
3685
5558
10193
968
3076
5982
4613
9769
4450
5193
1712
7069
220
612
1137
8380
2249
3372
9600
9948
9323
101
6334
10449
3097
7497
4946
4765
4975
5501
10047
5830
9743
909
2524
3838
10295
10012
7808
2871
5720
6312
7228
7452
8225
4299
3864
8245
904
3278
3270
3923
2310
1741
2328
239
1579
6232
8941
3606
6339
10510
2468
5146
8641
6340
9092
784
10395
3430
9105
3100
4006
2153
4829
5105
4114
8981
9615
3787
9862
9479
2721
3374
3503
7838
1704
5913
583
1332
6592
122
4267
4692
2740
901
7514
3971
6806
6937
10560
6006
21
1081
5493
2218
2248
5893
4449
9726
3758
9988
10313
8499
9315
3478
7716
6001
465
1310
3040
6120
7240
3174
4526
2254
3836
5358
6780
3141
3302
3207
4333
8644
2535
1144
4430
2364
9639
10120
6307
3547
4818
5197
7479
280
7583
8475
3983
170
1418
3715
3942
3449
10042
3816
9260
1845
8997
9856
9549
3895
9503
7058
1252
4814
1230
3826
5970
2581
4896
10224
10512
10009
905
2569
5765
281
4189
6719
9120
2910
8170
1788
7287
1313
7835
9257
4091
7283
9117
9356
3975
273
8680
1327
2336
3253
9014
4920
6127
678
8537
3559
9212
3678
10092
2246
9276
945
3391
6035
4935
7698
3640
5407
4135
10557
8133
3802
10404
5262
2626
5878
9373
9557
334
10240
10466
421
3745
9989
7252
1004
5865
5026
1729
4768
6799
3193
9333
6448
9981
9108
6297
7173
3071
2582
3291
3751
7053
195
2786
10252
8922
5415
4508
4445
3276
513
6021
4336
5660
9099
773
1205
5019
6773
2548
569
4742
1906
1767
2021
9279
102
4943
8625
6843
3755
10537
7327
731
2107
10021
8192
9272
3495
10585
4734
3519
1404
5427
7997
3497
919
1188
9859
8346
9410
5038
934
1568
7770
5453
8036
9354
2440
350
6675
4861
5715
1880
3528
10195
8672
5098
33
5894
9071
4383
4492
1636
2900
96
8050
900
2954
1453
6251
754
7075
5003
8942
2617
4583
1494
9187
234
9902
2329
3543
7400
7636
240
823
3041
9880
3162
9966
4996
6126
2972
4405
2330
3363
7321
7294
5773
8800
2078
10317
1141
6451
1176
7589
2970
7867
7433
1112
5049
8143
5005
5042
648
8333
388
8068
411
4628
5703
219
1220
8599
7201
5896
7264
370
9352
3886
9915
3175
713
332
9133
5389
10144
5559
7476
3178
4355
10496
2873
176
8868
8114
10410
2065
4801
791
9200
8528
894
1575
3111
7279
4740
4017
4546
7749
9875
916
10625
405
4339
1594
5178
4554
5631
5053
4205
8
2128
323
3702
4595
8903
1774
1122
217
5110
3470
3129
5163
5023
7227
9364
1915
10291
10284
7989
205
82
10333
7206
5820
4528
2932
10206
5224
4655
2833
2388
5186
1684
5450
5242
9033
9645
895
6565
1920
4379
1016
3866
5325
9829
7773
4507
6162
10132
1045
7513
3355
9708
6629
6691
8285
8072
9490
3877
1384
5577
1848
8099
6091
8384
6273
10046
4653
4563
10559
10478
422
7576
8087
5950
5942
1104
4298
1542
2490
6501
6925
5634
8728
3696
6454
5851
5772
8529
6153
8850
8553
6502
3450
998
3191
6154
9529
802
6249
923
6687
1135
4925
845
5960
6428
8614
8920
47
7236
2510
9533
5945
6538
8774
4009
6552
5321
2528
7568
3088
7890
5273
5218
952
163
10033
6648
4152
1115
8687
5363
93
9028
7709
9492
9297
2759
6218
8254
2389
8316
228
8216
4762
1872
6805
4116
10553
4923
9305
5530
6152
1618
10127
2444
1231
8859
5505
8999
1951
2843
5345
5445
8391
961
3084
32
10540
4732
2557
4294
5406
8366
8280
8854
3479
8287
9045
7303
4000
5016
223
7362
8670
129
9413
2195
9819
3249
4790
3271
10444
4278
9474
5538
1839
6935
7076
2323
41
3814
2224
4037
5919
5557
3229
1796
9199
2736
7737
9798
8969
9344
5028
996
8502
3525
3445
9444
6547
8152
10250
9925
3127
10216
3089
1561
2167
10561
10072
268
4446
5274
3601
478
1730
2994
9169
10402
3868
5728
2238
8720
809
4778
9585
2487
138
1427
1204
3873
8174
9609
5640
6754
10075
4242
8046
5730
2429
4366
4155
5485
2314
8562
703
8457
2576
5027
3028
5569
7635
9847
3348
5500
4874
9567
1552
379
4888
1644
1999
10589
6867
4878
9884
3986
10182
279
5843
1182
5987
155
4795
470
1782
2949
3635
930
3909
9242
6602
7471
5362
5147
8179
3285
9005
5290
9336
271
10555
9023
911
4887
1640
9056
6927
1698
6497
587
8210
7936
7300
5344
9091
687
1714
7305
6381
8082
2642
3946
8365
3500
4213
8601
8314
7118
7603
6084
7260
8746
5510
8480
2071
6324
5804
2590
8532
5122
8525
7188
2442
7238
3277
4375
2650
3821
9642
5932
2177
10218
4691
5543
3900
789
760
3730
6500
2958
9381
2678
6132
6917
10190
662
5347
2073
288
2907
4094
5807
3108
1168
2018
8557
8458
7680
7581
3806
10455
5791
5887
1155
9104
4326
1778
710
9385
2641
3558
5484
3432
6
7655
8264
9331
8597
9961
6560
3628
7073
9103
3861
758
5853
6352
7104
10108
7733
553
2612
4577
7388
8875
5525
3590
3230
8034
6270
2695
9648
8156
4230
10412
1167
6095
3709
8399
6818
9222
6823
4895
4860
9396
9922
8663
8879
8312
2566
8768
3662
4752
1318
7461
9192
5600
9454
8865
1790
8332
8167
5302
7487
5448
9546
600
1291
8126
2538
6852
9135
2163
8751
857
9680
847
7164
2580
3625
5062
7469
10407
4031
518
5254
5952
258
4410
8370
1158
2146
10607
6304
6471
1226
9589
7457
571
9341
9299
1127
7036
2187
2766
5971
3462
5594
6240
7186
6766
10505
5718
8441
3431
4784
8029
10340
2887
1955
1811
7541
6235
4468
3214
9607
7376
156
8239
9065
5657
9946
9587
5135
5466
3047
7195
3303
6290
7658
561
3899
3706
4819
4252
6209
2783
4459
7881
3964
265
10146
3393
175
1091
3004
6059
9836
2876
3980
7742
5939
290
1539
3896
10051
6728
5285
7797
6239
10050
5785
7554
3644
1731
9580
542
9487
3849
7786
10030
1437
832
3415
6195
9547
8587
4898
5897
10017
2326
7224
7925
10066
4368
6276
3817
3002
1630
6292
1166
8459
6469
1626
3378
7403
1616
7704
4855
8176
9465
5442
9974
3708
6561
9116
7047
8494
8288
2744
54
420
4821
3021
3366
4447
886
9284
9550
4351
2245
6068
10097
4835
8570
6653
8886
2136
1613
4698
5781
6980
3853
6015
3063
4330
3166
8160
5834
6080
3950
4938
10139
9227
4360
4799
458
10314
2552
1172
8319
10245
10344
1905
7822
8301
7685
8893
2750
3376
3321
8327
9821
2660
160
109
10236
5341
9289
2658
2366
1693
8123
8369
4428
3125
9621
782
2631
6654
1822
6439
10198
9536
4462
6829
5208
1131
5332
111
1924
5565
4544
5164
1896
7055
4566
4174
171
9920
7888
10297
10135
2583
10053
6379
5948
6884
10089
6090
8271
7993
6176
7025
924
9785
8938
3404
8612
2352
815
9397
283
4568
6366
3796
1209
1114
2864
7297
236
8892
5293
2512
9422
9896
2321
6349
7276
9226
2046
2108
10301
7546
5116
9036
2445
9618
7441
3300
2849
9342
2268
2477
4865
4763
1302
3317
7004
733
5124
9100
2349
920
6827
1641
10595
8416
1918
2312
596
4846
8959
6947
9620
9121
179
1506
6389
3297
3335
3507
4307
7725
2933
8787
5764
2531
6590
1276
8432
3502
4056
8223
3813
921
6421
3847
7721
10521
7170
4057
3856
10041
6757
3312
7165
357
8338
6226
4730
5426
7256
6909
6899
6474
585
8450
9359
224
10551
913
1980
1333
5758
1009
1391
337
1198
5496
9771
9239
9293
9012
2499
9245
4479
3781
4019
1637
5974
8086
9776
4327
9892
1787
4794
7706
960
1153
6464
5265
626
9300
6145
3380
7262
2943
1857
8648
7049
4992
9521
1973
3750
9280
8677
10471
9677
9450
6670
5431
2804
2478
8335
7521
8467
9392
9641
9137
2793
4075
10617
2279
6606
7345
8798
9969
9039
7254
9186
2701
4681
10177
925
1986
3448
6094
1329
1777
3362
6335
1129
483
8604
4011
8839
8660
1038
2369
9870
1744
8010
6999
3112
94
3301
7974
6530
10118
1123
2175
6701
9031
5996
15
6739
1259
2297
7219
7812
1377
6435
6173
3517
5503
4092
6289
3274
4977
4279
4469
958
7861
8762
6308
2154
3911
1563
9774
1308
5001
2228
2930
5779
8139
9967
4535
6710
1110
9256
1246
2775
3199
675
742
6362
9727
615
1366
8004
10388
6821
6286
6969
5160
10624
6819
2700
399
6269
4248
5902
1975
1567
9753
2879
3584
10285
1751
4216
4117
5711
9262
5868
5121
10052
539
3902
6607
380
5997
3653
6834
3008
2230
9861
1191
1368
4737
3762
661
9866
9398
8998
3433
6718
2311
7710
2101
10187
7919
3733
9477
6064
9849
2855
10116
7031
3183
5417
2105
9773
7631
7999
4850
7424
2098
7951
668
10450
6831
6570
1874
4606
6593
5625
327
1292
4817
4918
3798
4791
7423
10028
3416
7094
3422
2082
9548
3607
535
9059
10319
8874
197
2263
3188
7130
6733
5762
3592
603
4668
5523
8173
7295
395
1035
5969
2253
1993
7090
8137
10034
1620
4837
4832
8024
45
10235
2059
20
9508
516
1039
9596
10256
1629
8656
2236
4323
434
4590
4018
6353
2303
5695
9713
9489
6320
6363
8260
1461
2498
7142
7364
9735
7625
3542
1399
660
6449
4059
5591
10386
9386
6073
5337
9174
3840
5989
5692
461
10095
5528
6815
1199
6332
10320
1836
2273
7917
10227
7832
7330
3550
5653
3820
2481
3007
10244
8975
78
1947
7524
10453
4362
469
4147
8926
2115
8320
8731
8821
6789
10155
460
2969
1505
8014
6479
4131
3261
4936
1351
5581
295
1531
8404
6070
4842
2482
7418
8378
6631
8392
6294
9979
1703
5464
506
6163
4432
7848
7606
3316
10192
5685
3940
5159
27
7728
7421
3569
546
9831
5573
8824
7565
10164
145
8754
3279
8674
3368
9763
1869
2122
320
1507
3110
7444
1659
6434
8211
7453
10603
270
3905
2033
1610
6033
3976
2551
5082
10185
1046
5235
302
6177
2100
4530
9574
9061
2555
7996
1497
4800
2334
9051
2277
6005
8493
4707
2420
7050
10151
1491
10186
1921
1359
3153
4873
10142
6628
6009
1255
788
10390
4247
497
2763
1419
8360
1139
5953
10145
7675
2837
9349
6674
8760
6345
4014
4588
2023
4897
4988
5386
4256
9448
1262
9052
10107
9271
1792
1126
4111
2956
9921
1614
1187
8088
3670
6140
119
5461
7724
1867
5067
5977
5330
2353
5416
761
10620
8427
1304
8591
462
5299
3469
9666
10500
1026
7801
9437
8031
8551
9767
8473
5120
4472
4911
1219
125
8607
9576
10582
2692
9478
3027
1315
5196
8632
1963
8233
1601
763
1926
808
9445
1631
6106
1994
398
6532
990
9207
7084
7286
8039
10493
2414
1018
1927
8988
7666
10391
9789
8224
5855
3131
2977
4581
768
9466
1683
9825
2456
3967
6098
5502
4120
812
10000
3267
6403
7983
6609
1323
7082
4264
702
6188
8094
1658
7647
3721
2080
7078
7596
5457
8306
1645
638
8888
227
10202
10460
843
8227
7767
1290
5912
10573
1878
2729
7008
2630
9434
6826
6713
3753
10487
5010
9458
3245
2684
1249
8270
10563
7066
7467
4358
7764
817
1647
4516
86
7436
3038
1605
6475
4548
303
1571
4076
10338
939
10570
9081
5545
1338
7949
7396
7285
9360
7783
4154
4700
7845
9740
4198
5478
4169
2669
10565
4409
3512
343
7661
5216
4166
1855
13
1143
6026
3114
4429
9619
2845
8460
878
6131
6526
4789
6695
8402
10031
7071
7620
6103
7953
8200
4101
10231
7674
1173
4802
1420
4771
5829
3777
2333
4396
3736
12
4123
9193
7597
9285
2597
305
5100
7023
7435
8712
6758
10546
6736
1949
5436
6696
2405
8228
1406
6420
7878
5490
9772
1754
6729
10168
10548
3059
4370
2884
7458
8737
7357
6833
3996
3307
8813
6783
5672
4982
7534
4394
5030
4972
649
8913
3120
4580
2646
140
10184
10514
7629
4875
5002
750
169
3677
10105
7159
10006
8356
7046
8166
7942
9662
2118
4246
6408
3916
2048
2258
3247
6314
6973
8129
5867
899
9907
4638
10599
6857
9295
3151
8027
378
1985
3723
8201
8590
9703
1456
6255
1178
6883
5561
566
6599
10405
2616
37
9852
5746
5482
1960
804
10606
1801
9003
2416
10074
686
7032
6705
1108
104
8022
9927
8393
10527
2827
5755
2640
4236
9691
9152
6994
3060
482
1715
8109
8543
8679
8759
103
5231
3995
5666
1373
6277
2541
7070
8127
6258
969
7970
267
384
9629
4656
5192
1393
6524
1382
2089
3420
2034
5375
2380
1770
651
7536
8077
6972
4796
9401
1057
9810
9072
3666
4190
5333
10078
7920
6076
8767
7711
9499
685
1400
5418
2375
6513
3888
8296
8575
7985
250
2593
9834
6774
3597
299
7550
4847
8817
8163
4102
9042
5607
5107
6097
9881
7798
6285
3323
2562
7316
6272
6123
2282
556
10517
849
10303
2690
473
5903
3011
10247
115
5410
2036
6219
8646
2044
6039
8895
3232
8916
5395
6350
7689
6310
5101
10461
2384
5792
1381
9419
341
10061
8667
7348
4651
9786
7129
1611
5686
8349
8030
2604
7079
7760
4928
3705
8476
9871
1037
2191
6771
7722
8078
326
10181
10621
796
5260
2281
7022
8426
7291
4891
7684
4275
9944
8290
2169
4020
5627
922
6787
5993
5665
2479
188
831
5491
6864
89
5476
8579
6014
5754
4143
5326
8589
8431
1972
9214
3536
1322
10225
6264
3530
3142
1706
309
428
7548
4464
1278
1066
6797
3286
10452
127
3492
7335
2272
3704
3050
3742
6344
7769
8994
4486
2104
8397
5322
1275
6953
630
5065
3387
7020
8725
4701
1169
1372
202
4441
5068
3061
4489
6640
1469
5678
4184
9451
7765
8982
1033
2857
8070
4903
577
4944
690
4349
5384
4757
2601
6735
6563
7504
6987
6793
9253
8202
2712
8513
9608
9240
5963
1889
6056
1093
4010
5809
8198
6486
6186
9008
9520
6346
9761
7854
10087
8619
1655
9657
3049
5691
9112
3158
8783
5931
9729
4421
9084
468
1538
8906
4376
1847
5007
4991
318
7334
2410
1621
8730
7720
4760
307
3989
3938
6322
10265
9582
3322
9519
5156
10130
1772
6951
7776
10616
4616
3212
8637
5551
3352
7995
437
5248
1522
3611
10214
6812
39
376
25
2192
6862
2072
6645
1929
3669
8659
1578
2206
4807
9808
9189
665
1008
5381
3202
8141
7651
6872
2929
2039
2586
2850
1945
5382
1257
6417
3518
9001
10494
8481
2176
8555
381
2596
1816
6493
3037
4129
6904
8634
8904
883
599
9603
4188
9491
9270
3124
6330
8310
8837
9909
2948
5336
1957
3955
208
1444
2501
6781
7437
6266
4177
5533
2896
2885
8448
2427
6929
2293
9206
4026
3265
906
8550
3596
4444
6689
419
9816
8542
10102
6749
3712
3684
7035
4962
57
2848
9906
10502
5481
3538
9750
567
5167
10262
2077
2591
9530
4369
1755
5210
1441
9851
9330
6637
983
10588
5778
10597
4679
7244
6165
9797
9217
1742
282
4745
5246
10528
444
5859
6759
2662
3342
8853
9004
9089
9303
2256
2947
7665
4255
5257
852
9203
8495
7623
898
164
3505
251
4437
6278
10401
3779
4195
8472
3308
5201
5033
8246
4836
4235
7677
775
9236
3645
3477
6386
5943
2540
2317
5075
8653
5980
2624
2997
177
8977
2157
6040
2378
2296
8407
5078
7897
918
3609
9601
10229
6511
8337
580
766
4952
3834
6517
1243
5949
4556
8784
5497
6908
8857
7703
8819
1396
6579
5593
6707
7021
4140
6576
1190
1868
1162
9265
5014
1753
9987
5635
8770
1976
9605
5195
10104
4705
2028
7292
9792
9246
6769
1674
3299
7384
6849
4288
4008
371
1331
10239
5808
2745
1040
4919
9209
2086
475
1971
3743
4146
9202
6321
7131
558
10368
3351
10406
6395
8437
3929
3811
9129
10292
4642
6081
56
6275
7191
7585
5656
1138
1068
4341
494
5378
1064
8870
1685
726
1051
576
3987
4867
7109
3624
10342
2288
10173
3256
8688
9496
716
8149
1907
7819
7788
2150
137
7805
8053
8890
5304
1201
8972
9318
9701
1555
9201
5377
4704
1486
3744
2893
3128
4172
7511
6950
7601
2983
10426
728
6679
10226
1876
7181
364
688
9076
5599
8987
9566
1893
663
1912
1989
7572
8275
7311
3978
7353
1047
8780
7778
6871
5729
7221
8217
993
7862
9764
1691
5011
5580
1482
3205
4325
7723
6586
2283
7101
8035
7299
196
4997
5312
2387
9505
10371
7426
5836
322
8147
8421
2514
10103
1072
1076
8440
2806
8318
564
344
4621
3520
6784
7748
6755
6231
9622
2614
3137
2608
4461
2735
7947
3623
10019
9294
1212
2547
3772
5612
6566
1022
8559
5085
6045
6299
5092
9623
5203
2951
292
1337
1251
9632
4373
330
7016
5331
7763
9561
10136
8153
6991
8645
4779
5689
6811
1380
5136
4040
8738
957
2952
982
2439
2485
948
1780
8781
230
5767
8726
4754
8896
3410
3133
10623
1023
2505
10205
7112
971
5369
7183
4363
6010
1968
3238
8084
8203
7893
5667
7149
5975
2711
2901
1306
4099
8455
1501
1387
5359
8256
2534
3408
5168
3869
4907
2401
5922
4812
8059
9746
5297
5771
797
2794
6436
7741
6351
8752
1283
5143
3053
8041
3095
1716
1732
4402
8324
6777
10564
6149
7730
10435
743
6837
10382
5303
4675
10170
9953
2823
1223
846
8195
10571
5144
2394
740
2280
5892
10459
1992
1352
8558
2022
8420
654
6392
673
8315
1592
9612
10278
1163
6965
5898
532
4254
1145
2955
7167
2585
9897
3064
8462
4282
4620
5176
8791
2443
2002
536
5123
3823
9911
8400
4560
5090
2489
9564
4182
3367
3426
4665
6079
2409
6377
7509
9604
6109
2675
7449
3306
5106
1646
6551
8089
1092
6518
1812
9837
5295
4106
5006
2197
6104
8325
1743
7150
5833
346
5079
10522
1720
3700
555
6595
7591
7114
672
6617
1440
6257
8065
6241
1090
1701
2781
572
9506
4133
3361
9577
3822
1142
8146
1967
1011
3429
3695
9063
5215
284
4863
5806
711
9009
6470
7304
4892
4663
912
7038
8979
8121
9500
4609
6187
4985
7950
3327
5015
3370
5455
6578
8011
8799
4063
8049
1277
1877
10458
4615
5761
2396
5329
2618
3024
3968
5592
10133
6997
618
1603
51
1415
4309
1917
1982
8669
5025
7310
1981
1073
3993
2307
9390
2628
4134
8345
935
4567
9182
6071
7771
1675
1798
6589
4013
6763
5480
5783
153
9683
7621
6369
7864
10325
5514
7657
8056
9531
6083
2652
5071
1763
7804
2
9369
1864
9252
4219
8996
2412
7428
6133
9462
6062
5283
7552
6582
2291
2316
6013
7529
3970
8135
5817
3854
4035
7673
841
2861
5800
7501
3933
222
9732
2502
5118
5920
6118
624
7901
8714
9655
1113
10109
2751
2244
4491
5595
5541
373
953
765
9538
7751
5731
1157
1344
6025
9374
70
3799
8662
543
3343
875
7015
5757
2814
2878
6748
8122
9026
382
769
9125
6641
9311
3439
9995
1402
5777
4713
1810
2340
999
5512
8000
5364
3994
2135
392
4269
3956
7937
3236
4623
9659
8162
1477
3692
3501
4839
7782
2860
4695
4470
9986
8207
2787
10483
5044
6031
7249
1566
2810
8711
9480
5469
4228
9319
2950
430
9630
3427
2556
7137
2140
9806
2156
5034
9361
10040
1530
6585
1639
5890
2431
1464
10581
8805
8220
7490
4984
593
4005
10525
7510
5816
3908
10451
9525
6802
4979
7627
2488
7616
3458
8381
5911
6213
8214
771
7192
9453
1756
10001
7906
6794
5182
10441
2193
3319
3057
2014
9316
1937
1738
7809
3109
1175
3069
10308
9827
3843
10176
6424
6027
1604
4645
1805
1551
503
6922
8704
5648
7505
10495
3595
9308
7976
8873
2315
9802
9887
5465
3534
8353
7234
9412
7537
8414
6499
1268
9762
6233
7301
5618
6245
6998
2449
5040
8057
9141
7846
6703
2774
7727
3220
2411
5286
1462
5428
7177
2181
3979
2159
193
7272
5701
9947
830
6201
7125
1160
10392
5179
3857
10088
2264
7182
5013
1928
9229
6383
131
2032
4518
4439
9018
987
8881
5709
1900
9502
2040
4149
9820
4295
366
264
4306
6472
659
10436
5780
6074
3346
1899
8841
10576
4602
4081
8258
1325
8620
5733
8576
445
8954
3200
3722
10210
1449
3949
8735
10121
2286
2697
6906
2223
3221
7941
6847
9163
7926
6940
8500
3652
4782
2521
10440
9149
4769
9057
4185
8695
790
7754
7910
2084
259
9079
6785
3460
3925
7282
1765
893
866
71
7535
4494
6093
4688
4061
1849
2917
9535
5324
3176
7478
7872
7263
2916
700
6184
9800
4803
7185
2423
4138
7408
9635
7745
3570
4682
9147
1909
3467
10533
2826
3837
6425
7991
7124
1625
1564
2768
7795
4933
5177
2300
7059
6880
4119
3783
3496
3508
5880
9801
4105
5981
2545
581
9993
5951
8801
5211
3056
4502
4215
1408
5287
950
2716
8968
610
7309
6720
9752
9914
2058
3541
2724
1791
7959
3409
1069
4594
1952
4004
9158
10629
4276
3395
2355
1028
5051
10541
9872
10418
121
1483
10215
6385
7440
7184
5452
8151
9077
5380
8773
216
6988
10273
10125
1851
7097
4197
6989
5357
3134
5492
3959
5470
3610
8412
4747
4176
5871
7957
2615
7844
10479
5933
7930
8439
5102
6396
1405
3510
9935
3428
2457
2413
3862
6516
2343
1054
1759
8705
979
3934
7882
1180
7470
9717
4420
10126
5276
8847
8574
4397
4949
10163
9095
4786
6086
4495
2035
5994
7879
2574
4954
6136
7839
10627
18
2639
5639
6521
9730
5983
1950
7790
7551
4393
3544
8321
7851
3488
3423
9765
1670
8961
8052
6851
10424
306
9636
4624
1484
10044
7865
3139
8706
9996
4259
2205
331
6863
1961
2038
6534
9997
7147
3336
7322
4167
637
5392
8826
5311
1186
4204
5552
7732
9886
10587
2717
402
6207
5157
6751
1946
185
5650
7308
9524
447
4427
3421
8313
1710
4162
10243
6406
7681
7884
10204
2543
1196
9362
6038
256
6717
2726
6708
9755
297
8596
6418
4974
3848
8496
8115
10311
10600
6024
1526
7269
7512
5288
1932
5873
7455
3948
10358
9326
6429
5137
3403
1901
6205
2978
2676
5024
5719
8181
9627
3326
1238
3407
9371
7
7134
10005
289
1468
7030
2417
3233
7954
4709
9968
5583
9876
1466
6457
6356
7232
3094
2867
7113
4840
3079
8209
2733
1740
3752
8386
1395
215
2493
2659
2133
1240
7564
964
3332
3259
5432
9143
6336
9298
2515
5895
7969
938
6171
7935
3045
7821
4261
4329
5737
5509
3365
8096
6242
9048
7273
2788
10059
5849
4619
9156
9020
6178
5624
4976
5318
5008
712
5263
5547
5940
8764
4966
6854
8547
6407
9758
2811
6657
9905
6262
4030
6725
10238
10020
4356
2006
7174
6910
9747
6779
5752
4719
4350
7713
6058
568
9067
1034
4909
656
2683
937
6830
5057
1424
8367
8578
9664
8654
1317
9175
7840
877
7401
6360
505
4774
4170
1628
5789
4816
4127
2573
16
7242
6901
3244
7731
4703
7393
2931
2251
3659
1281
210
7289
4104
6405
1793
10272
5190
5421
5713
10141
9041
6731
3717
7971
6316
9673
10583
7037
10048
8435
7637
3650
3963
1942
2672
1969
4805
865
2909
6174
6142
9518
7696
3880
4617
9302
1362
2705
2262
1735
6315
9000
7039
6512
9432
10022
5705
180
8956
7690
6102
2752
522
6444
5844
9543
9542
3339
1210
1305
3686
7072
5784
8894
1988
4314
9984
1407
4712
10598
7325
5404
8965
1516
10413
3991
5972
1409
5198
1423
1088
6642
4067
1747
4885
4955
9575
7340
5054
10254
2852
6974
6096
670
6325
10385
9205
1179
7777
7247
1560
9725
3699
7153
1296
4203
584
5888
9407
10221
3910
9563
7738
8757
873
6712
10025
2173
6685
3629
7187
10233
2940
492
4028
3315
9367
7352
5954
854
6536
2103
2057
3951
1582
6865
3377
3953
4389
2183
6694
8937
1044
1324
359
6666
60
7634
4384
4023
682
7543
7982
3620
1870
2679
1339
7054
8793
8963
6704
4658
8939
9251
5296
9457
29
5704
2578
3311
8626
9722
6817
1307
3451
1065
4266
2019
4547
6682
9153
8991
10572
2358
7594
2603
7347
10613
4964
6129
5200
2702
6354
68
5848
10482
173
1650
4998
6699
509
2486
7068
7041
1394
6853
6902
9075
9277
8636
4625
7193
3819
6036
9332
8605
23
5521
8033
9878
4798
159
3664
1390
8434
4475
5227
2851
9824
8627
8978
5279
1321
10110
6762
10530
7600
2260
7488
8436
4813
9539
3443
6671
8546
2881
592
1991
2024
6639
7646
6137
8261
7774
9559
10472
1020
7395
1447
5269
5319
7419
7569
8292
7198
4208
5973
9261
3672
7427
3401
7544
4826
621
6333
7100
4514
8509
3062
9602
4764
1622
9760
6343
8610
3673
5243
8967
2492
4097
6977
932
8329
7135
2622
6845
199
9433
5356
3782
8985
4852
6842
6788
4561
1860
6305
4793
8364
667
872
5889
1314
9196
10468
4100
4582
9756
5411
7940
5941
2227
6172
5799
547
1132
1677
8118
1267
1048
8208
7547
3215
4586
3242
194
9709
2004
3735
1682
10117
3831
2961
446
2906
10491
7988
10124
2536
3196
6461
6984
3839
10220
3073
8054
2225
6601
4453
6135
6686
7133
9670
8845
7785
8175
4202
2946
3074
657
9032
4598
4967
9845
2934
6983
168
9667
5473
1690
5602
1672
2106
2877
107
10077
9687
2337
7823
827
6030
3014
285
2426
4354
8925
1546
4605
6230
684
257
2664
10497
8071
5029
6054
4572
9155
10064
3965
3172
491
4806
2755
97
9327
6790
158
8964
8836
4352
5130
10366
2995
2212
4078
1097
10337
2250
8444
6981
5140
874
2996
9721
1161
79
237
8240
8696
7820
3526
7626
8037
2425
3292
3225
5458
3567
629
9216
9928
8012
545
5
5967
2474
4876
253
4649
9684
3549
5652
691
2927
715
4148
8236
6295
7323
3808
5258
4999
4643
590
8358
3034
3155
6885
406
8291
8238
2953
6966
8531
5564
4053
9624
7180
9813
6463
7359
2870
3890
8048
1541
1375
3085
1910
4961
942
9737
7613
7332
7672
4965
2620
2467
4838
8818
7523
1326
3043
602
1174
1998
4596
3452
3771
1222
3203
10213
9598
4913
5905
10529
7040
9553
7787
6134
5590
4780
6491
8765
6580
8013
5717
9328
9228
7475
4881
2462
7000
2974
2265
1609
586
8425
5736
369
8910
6619
3298
9883
7154
6004
694
4989
5126
4589
8736
1581
3180
8074
1974
5021
9558
4980
9172
4090
2180
1184
6559
1254
3897
9971
6361
4476
3936
4085
3537
7875
2168
5444
748
4849
5070
537
9565
8743
3360
4510
3119
8317
5456
1200
9681
3974
8816
10454
1666
3490
4869
4385
9082
5232
