1.0354737043380737,0.9550000429153442,1.1202020645141602
1.0354737043380737,0.9550000429153442,1.1217820644378662
1.0453356504440308,0.8899999856948853,3.316092014312744
1.0320017337799072,0.9650000333786011,1.2653619050979614
1.0256593227386475,0.9650000333786011,1.571112036705017
1.0342291593551636,0.9550000429153442,1.1795520782470703
1.0315507650375366,0.9550000429153442,1.18887197971344
1.0253244638442993,0.9650000333786011,1.643272042274475
1.0289902687072754,0.9600000381469727,1.2295619249343872
1.0355197191238403,0.940000057220459,1.3893420696258545
1.0463407039642334,0.940000057220459,1.1555720567703247
1.0321201086044312,0.9600000381469727,1.3259119987487793
1.0366454124450684,0.9550000429153442,1.3387420177459717
1.045693039894104,0.9350000619888306,1.645382046699524
1.0419937372207642,0.940000057220459,1.7752920389175415
1.1242746114730835,0.7200000286102295,4.296192169189453
1.0227316617965698,0.9700000286102295,1.6527520418167114
1.0229462385177612,0.9750000238418579,1.1078219413757324
1.0281976461410522,0.9500000476837158,1.5859020948410034
1.024999976158142,0.9750000238418579,1.0401519536972046
1.0199999809265137,0.9800000190734863,1.0595120191574097
1.0199999809265137,0.9800000190734863,1.1023420095443726
1.024444580078125,0.9700000286102295,1.1981920003890991
1.024999976158142,0.9750000238418579,1.1549519300460815
1.0212531089782715,0.9750000238418579,1.2165420055389404
1.0465905666351318,0.8549999594688416,2.5762219429016113
1.0418658256530762,0.940000057220459,1.601722002029419
1.032905101776123,0.9500000476837158,1.7260420322418213
1.0291666984558105,0.9600000381469727,2.1933422088623047
1.0414462089538574,0.9300000667572021,1.8181120157241821
1.0221437215805054,0.9750000238418579,1.0760419368743896
1.0294674634933472,0.9600000381469727,1.4279320240020752
1.0382522344589233,0.9350000619888306,2.0629220008850098
1.0771580934524536,0.8600000143051147,2.965522289276123
1.039476752281189,0.940000057220459,1.6206520795822144
1.045917272567749,0.9150000214576721,1.7333821058273315
1.0671547651290894,0.8650000095367432,2.4427719116210938
1.0381379127502441,0.9600000381469727,1.245252013206482
1.0381379127502441,0.9600000381469727,1.245252013206482
1.0505198240280151,0.8650000095367432,2.934581756591797
1.043813943862915,0.89000004529953,2.866032123565674
1.0327234268188477,0.9500000476837158,1.5194920301437378
1.041250228881836,0.9000000357627869,3.8779819011688232
1.0340237617492676,0.9500000476837158,2.0580220222473145
1.0390957593917847,0.9500000476837158,1.1942020654678345
1.105946660041809,0.7450000047683716,4.153862476348877
1.0327491760253906,0.9600000381469727,1.2052720785140991
1.0279821157455444,0.9700000286102295,1.0746619701385498
1.0229723453521729,0.9700000286102295,1.2595220804214478
1.038668155670166,0.940000057220459,1.7346720695495605
1.024999976158142,0.9750000238418579,1.1340819597244263
1.0278098583221436,0.9650000333786011,1.263672113418579
1.0590120553970337,0.8550000190734863,2.6091420650482178
1.039727807044983,0.940000057220459,1.8441119194030762
1.044801115989685,0.9300000667572021,1.8724420070648193
1.035620093345642,0.940000057220459,1.4794421195983887
1.024214506149292,0.9650000333786011,1.1566219329833984
1.021712064743042,0.9750000238418579,1.1259520053863525
1.0346654653549194,0.9450000524520874,1.5936620235443115
1.0199999809265137,0.9800000190734863,1.025771975517273
1.0388880968093872,0.9350000619888306,1.8961321115493774
1.0396957397460938,0.9350000619888306,1.829692006111145
1.0427627563476562,0.940000057220459,1.2678519487380981
1.0248814821243286,0.9700000286102295,1.2516419887542725
1.044990062713623,0.9300000667572021,1.8929520845413208
1.0267326831817627,0.9700000286102295,1.1590019464492798
1.020825743675232,0.9750000238418579,1.1210620403289795
1.0353847742080688,0.9350000619888306,2.198352098464966
1.0310089588165283,0.9550000429153442,1.4029721021652222
1.0199999809265137,0.9800000190734863,1.0778919458389282
1.0199999809265137,0.9800000190734863,1.0330818891525269
1.0199999809265137,0.9800000190734863,1.1330020427703857
1.0357999801635742,0.9500000476837158,1.2919520139694214
1.0427011251449585,0.940000057220459,1.7586820125579834
1.0249801874160767,0.9700000286102295,1.118622064590454
1.0218950510025024,0.9700000286102295,1.2305619716644287
1.0302796363830566,0.940000057220459,1.9610220193862915
1.0309451818466187,0.9500000476837158,1.3599720001220703
1.0269733667373657,0.9700000286102295,1.1192220449447632
1.0238136053085327,0.9700000286102295,1.2212820053100586
1.0367794036865234,0.9600000381469727,1.1981720924377441
1.0199999809265137,0.9800000190734863,1.148331880569458
1.0228710174560547,0.9700000286102295,1.2039719820022583
1.0199999809265137,0.9800000190734863,1.249541997909546
1.0344758033752441,0.940000057220459,2.0780820846557617
1.053255558013916,0.8950001001358032,2.642972230911255
1.0199999809265137,0.9800000190734863,1.1276319026947021
1.0335432291030884,0.9550000429153442,1.255281925201416
1.024999976158142,0.9750000238418579,1.151892066001892
1.024999976158142,0.9750000238418579,1.05908203125
1.028816819190979,0.9650000333786011,1.3420820236206055
1.0274202823638916,0.9650000333786011,1.415761947631836
1.0199999809265137,0.9800000190734863,1.0863419771194458
1.024999976158142,0.9750000238418579,1.040342092514038
1.0344069004058838,0.9600000381469727,1.371832013130188
1.0373878479003906,0.9600000381469727,1.2204118967056274
1.0199999809265137,0.9800000190734863,1.0655421018600464
1.0231101512908936,0.9700000286102295,1.2202919721603394
1.0407627820968628,0.9450000524520874,1.2426320314407349
1.0199999809265137,0.9800000190734863,1.0449919700622559
1.0392557382583618,0.9300000667572021,1.2939720153808594
1.0371968746185303,0.9450000524520874,1.2613019943237305
1.045019507408142,0.9300000667572021,1.2904318571090698
1.0410698652267456,0.9150000810623169,2.213602066040039
1.0337257385253906,0.9600000381469727,1.1601020097732544
1.03700852394104,0.9100000262260437,2.6889021396636963
1.0454556941986084,0.8900001049041748,2.8880321979522705
1.0612348318099976,0.8950001001358032,2.5576720237731934
1.0294215679168701,0.9650000333786011,1.2695720195770264
1.02914559841156,0.9550000429153442,1.513192057609558
1.0216363668441772,0.9750000238418579,1.2515820264816284
1.0295226573944092,0.9700000286102295,1.0649219751358032
1.0251604318618774,0.9600000381469727,1.3828519582748413
1.02838134765625,0.9550000429153442,1.2645920515060425
1.029350996017456,0.9600000381469727,1.14765202999115
1.0239371061325073,0.9700000286102295,1.1481519937515259
1.0279452800750732,0.9600000381469727,1.5311720371246338
1.0664454698562622,0.9250000715255737,1.3101919889450073
1.0535579919815063,0.940000057220459,1.3113319873809814
1.0199999809265137,0.9800000190734863,1.0654819011688232
1.036699652671814,0.9500000476837158,1.6826820373535156
1.035316824913025,0.9350000619888306,1.6108920574188232
1.050424575805664,0.9100000262260437,1.5556520223617554
1.0292187929153442,0.9650000333786011,1.2536519765853882
1.0637613534927368,0.8800000548362732,1.9080020189285278
1.0380245447158813,0.9350000619888306,1.6396019458770752
1.0208005905151367,0.9750000238418579,1.255162000656128
1.0493202209472656,0.9350000619888306,2.27006196975708
1.0544127225875854,0.9250000715255737,2.354761838912964
1.0199999809265137,0.9800000190734863,1.1285820007324219
1.0225797891616821,0.9700000286102295,1.1674220561981201
1.045446753501892,0.9250000715255737,1.9449020624160767
1.0395622253417969,0.9350000619888306,1.9814621210098267
1.071237564086914,0.8600000739097595,2.341212034225464
1.0361690521240234,0.9450000524520874,1.246951937675476
1.040381908416748,0.9350000619888306,1.5766719579696655
1.0547508001327515,0.9000000953674316,2.2818119525909424
1.0266788005828857,0.9650000333786011,1.4209520816802979
1.0431835651397705,0.9250000715255737,1.7538319826126099
1.0577884912490845,0.940000057220459,1.2806921005249023
1.0684229135513306,0.9300000667572021,1.2806921005249023
1.0199999809265137,0.9800000190734863,1.12348210811615
1.0308470726013184,0.9500000476837158,1.70294189453125
1.0275819301605225,0.9700000286102295,1.1937519311904907
1.0478018522262573,0.9200000762939453,1.5587719678878784
1.0354000329971313,0.940000057220459,1.984302043914795
1.0360286235809326,0.940000057220459,2.0661518573760986
1.028098702430725,0.9700000286102295,1.1329519748687744
1.0330147743225098,0.9200000762939453,2.012162208557129
1.021451711654663,0.9750000238418579,1.3282920122146606
1.042637586593628,0.9500000476837158,1.3588519096374512
1.028460144996643,0.9600000381469727,2.1618120670318604
1.0199999809265137,0.9800000190734863,1.0717219114303589
1.0199999809265137,0.9800000190734863,1.2039419412612915
1.039901614189148,0.940000057220459,1.630162000656128
1.0237274169921875,0.9700000286102295,1.4143019914627075
1.0299999713897705,0.9700000286102295,1.1732919216156006
1.021130919456482,0.9750000238418579,1.1927319765090942
1.0501147508621216,0.9300000667572021,1.51432204246521
1.0471023321151733,0.9300000667572021,1.471571922302246
1.060768485069275,0.9200000762939453,1.6242420673370361
1.0609759092330933,0.9050000905990601,1.8470920324325562
1.043931007385254,0.940000057220459,1.4354519844055176
1.0391323566436768,0.9500000476837158,1.3861418962478638
1.0367239713668823,0.9500000476837158,1.5149519443511963
1.0540231466293335,0.9150000810623169,1.8541420698165894
1.055991768836975,0.9200000166893005,2.1764919757843018
1.0541296005249023,0.9150000810623169,1.9859819412231445
1.0258123874664307,0.9600000381469727,1.315622091293335
1.0411937236785889,0.9300000667572021,1.7151720523834229
1.02237868309021,0.9700000286102295,1.2505520582199097
1.0199999809265137,0.9800000190734863,1.1027920246124268
1.0216697454452515,0.9750000238418579,1.2225719690322876
1.0248489379882812,0.9700000286102295,1.1430820226669312
1.031793475151062,0.9600000381469727,1.2812221050262451
1.04635751247406,0.9200000762939453,1.414631962776184
1.0337989330291748,0.9500000476837158,1.3027620315551758
1.056777834892273,0.9200000762939453,1.3257019519805908
1.0569003820419312,0.9150000810623169,1.3623019456863403
1.0199999809265137,0.9800000190734863,1.0608220100402832
1.0296505689620972,0.9550000429153442,1.7919321060180664
1.0199999809265137,0.9800000190734863,1.0545920133590698
1.0221091508865356,0.9700000286102295,1.3438820838928223
1.0309937000274658,0.9500000476837158,1.364601969718933
1.0349019765853882,0.9500000476837158,1.6887720823287964
1.037937879562378,0.9250000715255737,1.8825820684432983
1.036287784576416,0.9550000429153442,1.3150418996810913
1.0259044170379639,0.9650000333786011,1.5967119932174683
1.0400044918060303,0.9350000619888306,1.3433419466018677
1.042866587638855,0.9200000762939453,1.9490420818328857
1.0215009450912476,0.9700000286102295,1.116581916809082
1.0596736669540405,0.8800000548362732,2.7150819301605225
1.0288760662078857,0.9650000333786011,1.2798019647598267
1.0421489477157593,0.9100000858306885,2.509122133255005
1.02201509475708,0.9750000238418579,1.236311912536621
1.0199999809265137,0.9800000190734863,1.112831950187683
1.0504337549209595,0.9049999713897705,2.62089204788208
1.0249686241149902,0.9700000286102295,1.160391926765442
1.0551005601882935,0.9350000619888306,1.531391978263855
1.0532397031784058,0.9350000619888306,1.5319719314575195
1.048531174659729,0.9350000619888306,1.5745121240615845
1.0351033210754395,0.9350000619888306,1.5648820400238037
1.0480430126190186,0.9100000858306885,1.9337921142578125
1.056773066520691,0.9000000953674316,1.8935320377349854
1.0248825550079346,0.9650000333786011,1.19595205783844
1.022227168083191,0.9750000238418579,1.2417919635772705
1.0241830348968506,0.9650000333786011,1.5059518814086914
1.0264633893966675,0.9700000286102295,1.0937321186065674
1.024999976158142,0.9750000238418579,1.0450420379638672
1.0714049339294434,0.8800000548362732,3.604262113571167
1.0581684112548828,0.9250000715255737,2.5714120864868164
1.0246224403381348,0.9700000286102295,1.1269420385360718
1.045485496520996,0.9300000667572021,1.5421719551086426
1.0310934782028198,0.9600000381469727,1.159332036972046
1.0265612602233887,0.9600000381469727,1.5588921308517456
1.0731691122055054,0.8650000095367432,1.7525418996810913
1.0265743732452393,0.9600000381469727,1.5299019813537598
1.030788779258728,0.9600000381469727,1.3206020593643188
1.041164755821228,0.9200000762939453,1.5851320028305054
1.0234191417694092,0.9700000286102295,1.5697720050811768
1.0262408256530762,0.9600000381469727,1.776502013206482
1.02424156665802,0.9700000286102295,1.3253920078277588
1.0320899486541748,0.9600000381469727,1.1730719804763794
1.0375186204910278,0.9450000524520874,1.6778420209884644
1.0472580194473267,0.9150000810623169,2.0111019611358643
1.0341756343841553,0.9500000476837158,1.248702049255371
1.0361064672470093,0.940000057220459,1.6803921461105347
1.02522611618042,0.9700000286102295,1.1148020029067993
1.0315414667129517,0.9600000381469727,1.109961986541748
1.0313879251480103,0.9500000476837158,1.314371943473816
1.0276155471801758,0.9550000429153442,1.522481918334961
1.0199999809265137,0.9800000190734863,1.0853520631790161
1.0459073781967163,0.9350000619888306,1.602591872215271
1.0401828289031982,0.940000057220459,1.545841932296753
1.0334640741348267,0.9550000429153442,1.672842025756836
1.0371477603912354,0.940000057220459,1.5838619470596313
1.0398471355438232,0.9250000715255737,2.8234121799468994
1.0269967317581177,0.9700000286102295,1.1375020742416382
1.032065749168396,0.9550000429153442,1.3062320947647095
1.0418599843978882,0.9300000667572021,1.5628819465637207
1.0414613485336304,0.940000057220459,1.8948520421981812
1.0265692472457886,0.9650000333786011,1.3409920930862427
1.0297619104385376,0.9650000333786011,1.3975920677185059
1.0247340202331543,0.9700000286102295,1.5551420450210571
1.0254977941513062,0.9700000286102295,1.1703020334243774
1.0215842723846436,0.9750000238418579,1.0630018711090088
1.0451990365982056,0.9350000619888306,1.499891996383667
1.0525901317596436,0.9050000905990601,1.6771819591522217
1.0326957702636719,0.9550000429153442,1.1930619478225708
1.034379482269287,0.9550000429153442,1.3404319286346436
1.0269571542739868,0.9650000333786011,1.2302418947219849
1.029932975769043,0.9600000381469727,1.0882819890975952
1.0506384372711182,0.8850000500679016,2.603991985321045
1.0245391130447388,0.9700000286102295,1.219351887702942
1.0311414003372192,0.9550000429153442,1.2451319694519043
1.034847617149353,0.9500000476837158,1.527482032775879
1.0418176651000977,0.925000011920929,2.0609018802642822
1.0376087427139282,0.9600000381469727,1.1619619131088257
1.047712802886963,0.9300000667572021,1.4652519226074219
1.0199999809265137,0.9800000190734863,1.0723820924758911
1.0362821817398071,0.9450000524520874,1.5140019655227661
1.0282469987869263,0.9600000381469727,1.2969719171524048
1.024999976158142,0.9750000238418579,1.2222521305084229
1.0444831848144531,0.9350000619888306,1.7057819366455078
1.041293740272522,0.9300000667572021,1.7775919437408447
1.034999966621399,0.9650000333786011,1.299921989440918
1.0237689018249512,0.9750000238418579,1.0975520610809326
1.0248812437057495,0.9700000286102295,1.1292920112609863
1.0199999809265137,0.9800000190734863,1.1083821058273315
1.035364031791687,0.9500000476837158,1.1761720180511475
1.0273514986038208,0.9650000333786011,1.4602121114730835
1.0487380027770996,0.9150000214576721,2.1257121562957764
1.037892460823059,0.9500000476837158,1.1897319555282593
1.0664540529251099,0.8449999690055847,2.595022201538086
1.0320464372634888,0.9600000381469727,1.1525920629501343
1.0199999809265137,0.9800000190734863,1.0390419960021973
1.0221350193023682,0.9750000238418579,1.15585196018219
1.0224744081497192,0.9750000238418579,1.0746921300888062
1.0341771841049194,0.9200000762939453,2.1776819229125977
1.0600392818450928,0.8600000143051147,2.7670321464538574
1.0220974683761597,0.9700000286102295,1.430272102355957
1.0223807096481323,0.9700000286102295,1.3149420022964478
1.0246790647506714,0.9650000333786011,1.3085520267486572
1.0564422607421875,0.9050000905990601,1.6236120462417603
1.0412920713424683,0.9450000524520874,1.5632519721984863
1.0199999809265137,0.9800000190734863,1.1450319290161133
1.0199999809265137,0.9800000190734863,1.0884519815444946
1.053852915763855,0.8850000500679016,1.8128219842910767
1.0250219106674194,0.9650000333786011,1.2060720920562744
1.0261390209197998,0.9650000333786011,1.279062032699585
1.03973388671875,0.9350000023841858,1.7678120136260986
1.0546232461929321,0.9200000762939453,2.353652000427246
1.0534151792526245,0.9100000858306885,2.234182119369507
1.0575634241104126,0.8950000405311584,2.713752031326294
1.021429181098938,0.9750000238418579,1.1205220222473145
1.0320987701416016,0.9500000476837158,1.4349420070648193
1.0273762941360474,0.9600000381469727,1.6885020732879639
1.0207289457321167,0.9750000238418579,1.1617519855499268
1.0369654893875122,0.940000057220459,2.03068208694458
1.0662384033203125,0.8549999594688416,3.3761019706726074
1.0503392219543457,0.9200000762939453,1.9346320629119873
1.0464869737625122,0.9050000905990601,2.0813920497894287
1.0273569822311401,0.9700000286102295,1.3455020189285278
1.035270094871521,0.9550000429153442,1.3600720167160034
1.0396801233291626,0.9350000619888306,1.9569920301437378
1.0328505039215088,0.9600000381469727,1.2543120384216309
1.0344469547271729,0.9450000524520874,1.6631120443344116
1.028863549232483,0.9550000429153442,1.5126019716262817
1.0520575046539307,0.9100000858306885,2.0218122005462646
1.0364453792572021,0.9500000476837158,1.4347120523452759
1.041080117225647,0.940000057220459,1.6486520767211914
1.0443192720413208,0.9250000715255737,1.744502067565918
1.0487735271453857,0.9000000953674316,2.0331521034240723
1.038023591041565,0.9450000524520874,1.6370720863342285
1.0314825773239136,0.9600000381469727,1.2381020784378052
1.0439245700836182,0.940000057220459,2.397671937942505
1.0199999809265137,0.9800000190734863,1.0853420495986938
1.0493327379226685,0.9100000262260437,2.682581901550293
1.0333852767944336,0.9550000429153442,1.499531865119934
1.0230618715286255,0.9750000238418579,1.0733520984649658
1.036070466041565,0.9500000476837158,1.688581943511963
1.025867223739624,0.9600000381469727,1.6910319328308105
1.0343523025512695,0.9600000381469727,1.1857819557189941
1.0254255533218384,0.9600000381469727,1.6806721687316895
1.0293464660644531,0.9650000333786011,1.2197118997573853
1.0235416889190674,0.9700000286102295,1.4523619413375854
1.0253572463989258,0.9650000333786011,1.2698520421981812
1.0284732580184937,0.9500000476837158,2.016822099685669
1.0299253463745117,0.9650000333786011,1.2469321489334106
1.03572678565979,0.9600000381469727,1.1865220069885254
1.0199999809265137,0.9800000190734863,1.048811912536621
1.0199999809265137,0.9800000190734863,1.1340420246124268
1.0233234167099,0.9700000286102295,1.1279319524765015
1.0674803256988525,0.9300000667572021,1.2826321125030518
1.0199999809265137,0.9800000190734863,1.0599318742752075
1.0213335752487183,0.9750000238418579,1.530142068862915
1.0199999809265137,0.9800000190734863,1.1719521284103394
1.0376825332641602,0.9350000023841858,2.05019211769104
1.0199999809265137,0.9800000190734863,1.0605919361114502
1.021597146987915,0.9750000238418579,1.169551968574524
1.027503252029419,0.9700000286102295,1.3223720788955688
1.0199999809265137,0.9800000190734863,1.0353419780731201
1.0281903743743896,0.9650000333786011,1.2627619504928589
1.0303231477737427,0.9650000333786011,1.297711968421936
1.0199999809265137,0.9800000190734863,1.175812005996704
1.0258711576461792,0.9650000333786011,1.2859820127487183
1.0302073955535889,0.9500000476837158,1.6606919765472412
1.0298486948013306,0.9550000429153442,1.3644120693206787
1.0484950542449951,0.9100000858306885,1.7260220050811768
1.0358490943908691,0.9500000476837158,1.2744120359420776
1.0297185182571411,0.9650000333786011,1.1442320346832275
1.0291461944580078,0.9500000476837158,1.790362000465393
1.0395158529281616,0.940000057220459,1.570992112159729
1.0364843606948853,0.9450000524520874,1.44120192527771
1.0199999809265137,0.9800000190734863,1.0782819986343384
1.0281497240066528,0.9700000286102295,1.1485720872879028
1.0199999809265137,0.9800000190734863,1.0473819971084595
1.0555846691131592,0.9050000309944153,2.3848819732666016
1.0223414897918701,0.9750000238418579,1.0735719203948975
1.028448224067688,0.9550000429153442,1.137712001800537
1.033071756362915,0.9500000476837158,1.2214218378067017
1.030117154121399,0.9600000381469727,1.1258620023727417
1.0199999809265137,0.9800000190734863,1.0639618635177612
1.0221408605575562,0.9750000238418579,1.0542320013046265
1.045125961303711,0.9250000715255737,2.9418022632598877
1.0199999809265137,0.9800000190734863,1.0518521070480347
1.0199999809265137,0.9800000190734863,1.0532219409942627
1.0616215467453003,0.9000000953674316,2.4862220287323
1.0448685884475708,0.9550000429153442,1.2146819829940796
1.0498685836791992,0.9500000476837158,1.221832036972046
1.0446593761444092,0.9200000762939453,1.5085821151733398
1.0329188108444214,0.9550000429153442,1.1648720502853394
1.0271114110946655,0.9650000333786011,1.1573721170425415
1.025087833404541,0.9650000333786011,1.1981920003890991
1.0312579870224,0.9450000524520874,1.7376418113708496
1.0343276262283325,0.9600000381469727,1.2998719215393066
1.0199999809265137,0.9800000190734863,1.0583220720291138
1.0410164594650269,0.9450000524520874,1.549191951751709
1.0259761810302734,0.9700000286102295,1.187142014503479
1.0353806018829346,0.9500000476837158,1.6985219717025757
1.0356378555297852,0.9500000476837158,1.17769193649292
1.036465048789978,0.9450000524520874,1.4224720001220703
1.024274230003357,0.9650000333786011,1.3465819358825684
1.0199999809265137,0.9800000190734863,1.2366620302200317
1.0292726755142212,0.9600000381469727,2.2055020332336426
1.027567982673645,0.9600000381469727,1.3638418912887573
1.021995186805725,0.9750000238418579,1.533742070198059
1.0418325662612915,0.9300000667572021,2.753772020339966
1.0366400480270386,0.9250000715255737,2.2992420196533203
1.0287425518035889,0.9600000381469727,1.332942008972168
1.0281903743743896,0.9650000333786011,1.125761866569519
1.0349451303482056,0.9500000476837158,1.460211992263794
1.0538326501846313,0.9150000214576721,2.0502219200134277
1.0307890176773071,0.9550000429153442,1.7687519788742065
1.0199999809265137,0.9800000190734863,1.0596920251846313
1.0221004486083984,0.9750000238418579,1.0877621173858643
1.0245935916900635,0.9700000286102295,1.1283020973205566
1.0399999618530273,0.9600000381469727,1.2982419729232788
1.0303773880004883,0.9550000429153442,1.5190820693969727
1.029416799545288,0.9600000381469727,1.273292064666748
1.0375077724456787,0.940000057220459,1.3770720958709717
1.024999976158142,0.9750000238418579,1.1987920999526978
1.0292675495147705,0.9650000333786011,1.3446120023727417
1.0199999809265137,0.9800000190734863,1.1345919370651245
1.0264906883239746,0.9700000286102295,1.161531925201416
1.024999976158142,0.9750000238418579,1.0503119230270386
1.0305453538894653,0.9650000333786011,1.2457020282745361
1.0443824529647827,0.940000057220459,1.5755020380020142
1.0266149044036865,0.9700000286102295,1.0656520128250122
1.0199999809265137,0.9800000190734863,1.0329519510269165
1.021345615386963,0.9750000238418579,1.287182092666626
1.0352708101272583,0.9500000476837158,1.3638919591903687
1.0199999809265137,0.9800000190734863,1.1460620164871216
1.0336616039276123,0.9550000429153442,1.479382038116455
1.0258042812347412,0.9650000333786011,1.2474420070648193
1.024999976158142,0.9750000238418579,1.059291958808899
1.0569647550582886,0.9300000667572021,1.3203120231628418
1.0199999809265137,0.9800000190734863,1.0684120655059814
1.0293598175048828,0.9650000333786011,1.1220319271087646
1.0417793989181519,0.9550000429153442,1.198612093925476
1.0215327739715576,0.9750000238418579,1.1243219375610352
1.0199999809265137,0.9800000190734863,1.243311882019043
1.0336235761642456,0.9550000429153442,1.342702031135559
1.0215246677398682,0.9750000238418579,1.087541937828064
1.0228604078292847,0.9750000238418579,1.0756919384002686
1.026200294494629,0.9650000333786011,1.1435121297836304
1.0390820503234863,0.9550000429153442,1.3382420539855957
1.0493594408035278,0.9150000810623169,1.8899619579315186
1.0199999809265137,0.9800000190734863,1.0375418663024902
1.0329043865203857,0.9550000429153442,1.4470120668411255
1.0319278240203857,0.9600000381469727,1.4249719381332397
1.0218702554702759,0.9600000381469727,1.237712025642395
1.0270060300827026,0.9650000333786011,1.4981520175933838
1.0374363660812378,0.9550000429153442,1.3728018999099731
1.0404913425445557,0.9300000071525574,1.949671983718872
1.0313255786895752,0.9500000476837158,2.0521819591522217
1.0383055210113525,0.9350000023841858,2.38263201713562
1.0294777154922485,0.9550000429153442,1.1127220392227173
1.029178500175476,0.9650000333786011,1.041592001914978
1.0379574298858643,0.9450000524520874,1.9637119770050049
1.0350793600082397,0.9550000429153442,1.3096920251846313
1.027500033378601,0.9700000286102295,1.0975018739700317
1.0222673416137695,0.9650000333786011,1.3092421293258667
1.0199999809265137,0.9800000190734863,1.0626920461654663
1.0199999809265137,0.9800000190734863,1.068992018699646
1.0264439582824707,0.9700000286102295,1.1270519495010376
1.031602382659912,0.9550000429153442,1.2895020246505737
1.0222786664962769,0.9750000238418579,1.1176820993423462
1.0257151126861572,0.9700000286102295,1.1999820470809937
1.0241413116455078,0.9700000286102295,1.3103818893432617
1.0362763404846191,0.9500000476837158,1.6654421091079712
1.0419869422912598,0.9450000524520874,1.6320620775222778
1.0289314985275269,0.9550000429153442,1.3759620189666748
1.0199999809265137,0.9800000190734863,1.0689918994903564
1.0401142835617065,0.940000057220459,1.2315219640731812
1.0212563276290894,0.9750000238418579,1.1131221055984497
1.037733554840088,0.9500000476837158,1.1865620613098145
1.03572678565979,0.9600000381469727,1.18831205368042
1.0199999809265137,0.9800000190734863,1.0929219722747803
1.0379769802093506,0.9500000476837158,1.1404820680618286
1.0367313623428345,0.9550000429153442,1.2890020608901978
1.0365878343582153,0.9500000476837158,1.618212103843689
1.0249732732772827,0.9600000381469727,1.2179820537567139
1.0380712747573853,0.9550000429153442,1.22474205493927
1.0234555006027222,0.9700000286102295,1.1204019784927368
1.0231324434280396,0.9700000286102295,1.089751958847046
1.0199999809265137,0.9800000190734863,1.1655420064926147
1.0233029127120972,0.9750000238418579,1.0466818809509277
1.0273278951644897,0.9650000333786011,1.1341819763183594
1.0309038162231445,0.9550000429153442,1.4016220569610596
1.0235354900360107,0.9750000238418579,1.06728196144104
1.0426087379455566,0.9550000429153442,1.16116201877594
1.0336097478866577,0.9500000476837158,1.597222089767456
1.0309314727783203,0.9600000381469727,1.2193421125411987
1.02984619140625,0.9650000333786011,1.2000720500946045
1.0274406671524048,0.9600000381469727,1.337951898574829
1.0199999809265137,0.9800000190734863,1.0924919843673706
1.0303773880004883,0.9600000381469727,1.4010119438171387
1.0219542980194092,0.9750000238418579,1.118962049484253
1.0199999809265137,0.9800000190734863,1.1151819229125977
1.0366895198822021,0.9500000476837158,1.1758419275283813
1.037412405014038,0.9550000429153442,1.1022019386291504
1.0199999809265137,0.9800000190734863,1.0285720825195312
1.0345256328582764,0.9600000381469727,1.1006519794464111
1.0331382751464844,0.9500000476837158,1.2918620109558105
1.030683159828186,0.9550000429153442,1.7976819276809692
1.0199999809265137,0.9800000190734863,1.1126818656921387
1.0222208499908447,0.9700000286102295,1.3085919618606567
1.043172001838684,0.9450000524520874,1.3954319953918457
1.0245226621627808,0.9750000238418579,1.0322221517562866
1.0221437215805054,0.9750000238418579,1.031332015991211
1.0238471031188965,0.9700000286102295,1.1585320234298706
1.0199999809265137,0.9800000190734863,1.0721518993377686
1.024999976158142,0.9750000238418579,1.1576119661331177
1.0199999809265137,0.9800000190734863,1.05662202835083
1.0199999809265137,0.9800000190734863,1.0370019674301147
1.0525470972061157,0.9350000619888306,1.266611933708191
1.0199999809265137,0.9800000190734863,1.0402820110321045
1.0267510414123535,0.9650000333786011,1.312682032585144
1.025920033454895,0.9700000286102295,1.103782057762146
