864
298
21
964
506
450
630
591
627
668
863
119
514
797
305
168
876
814
434
249
324
738
232
1011
520
899
597
286
229
1058
866
194
320
902
530
137
457
566
541
106
832
269
1005
891
1035
467
207
214
639
18
859
693
748
285
725
690
292
498
235
1021
714
1075
1016
1066
120
422
482
789
671
912
170
583
944
727
394
873
874
51
365
529
149
1029
509
253
284
592
908
1064
410
575
1043
84
1010
104
576
1023
148
461
779
568
599
463
510
838
439
344
205
826
32
282
966
351
932
731
147
479
1001
174
959
198
1053
381
1009
603
187
447
127
1037
210
181
242
209
741
879
998
752
539
5
906
649
1062
886
329
829
981
505
493
1048
543
836
146
824
60
587
430
480
795
571
9
547
495
503
590
602
45
193
658
545
1012
17
656
665
313
1070
812
786
418
742
857
118
74
421
388
464
833
699
153
674
248
448
350
770
86
706
691
165
6
180
100
542
846
546
957
476
535
349
125
36
695
290
646
985
142
517
224
679
183
328
105
685
94
108
131
177
176
648
271
263
122
228
470
370
987
990
536
538
554
870
887
333
169
640
244
949
158
905
336
851
491
736
296
914
783
163
942
638
767
449
1038
616
842
688
252
561
924
947
882
134
692
682
890
72
309
907
549
208
367
95
241
488
55
655
716
934
76
618
938
698
803
659
970
563
819
189
429
849
522
312
392
953
150
342
220
657
433
1020
59
387
1067
831
675
848
489
276
577
65
918
799
973
910
892
856
1068
586
397
1000
689
39
558
888
438
952
61
878
834
930
375
976
772
453
373
598
1071
893
225
281
896
412
1051
432
277
637
992
403
75
625
288
361
88
154
354
413
852
24
931
306
113
128
559
369
670
196
278
199
687
156
279
596
364
974
233
172
919
49
989
1052
266
933
877
754
557
141
96
303
135
140
532
1050
550
968
295
455
553
707
794
478
419
904
1025
42
341
200
732
186
389
423
314
776
437
316
216
494
132
396
608
666
923
371
724
407
916
1045
239
179
920
19
159
743
390
222
384
898
109
715
1
718
1074
963
734
218
257
818
26
151
81
895
337
93
636
909
1019
166
23
1061
217
531
431
54
911
572
760
885
332
560
983
956
294
444
802
462
830
867
865
761
821
929
459
717
340
38
594
1026
458
735
366
417
206
651
46
1031
854
472
355
78
359
726
221
477
847
840
1027
562
961
894
643
264
615
1006
777
861
948
190
835
579
661
25
362
144
10
862
261
138
825
213
63
721
921
114
872
960
940
379
512
951
103
521
969
705
644
331
781
315
204
69
943
420
589
1060
250
496
1014
775
304
4
822
406
678
1036
67
1042
720
415
684
680
728
391
702
609
445
175
729
515
883
378
343
694
385
89
90
29
56
1002
28
611
955
533
83
845
555
33
1057
1054
537
565
620
1077
275
860
614
548
570
184
1030
386
230
456
372
965
451
1055
526
356
585
297
820
805
13
755
236
327
719
15
757
1034
11
900
265
311
584
793
647
936
287
858
425
395
484
1073
730
913
578
442
1028
164
962
980
185
986
807
875
318
136
995
377
80
827
98
326
762
240
737
534
400
595
347
441
226
497
710
20
677
1040
1017
971
780
869
917
958
348
660
823
652
339
759
808
604
345
508
440
255
756
167
310
788
868
525
123
291
404
1033
0
52
215
642
62
672
73
723
161
117
975
828
259
152
600
972
880
662
469
744
784
977
792
272
673
610
283
683
501
809
302
490
574
915
129
2
443
58
605
523
606
219
237
703
941
92
460
245
363
518
697
16
171
402
946
815
162
160
844
500
173
704
711
1015
816
722
157
1076
631
1047
769
48
155
70
850
178
884
130
408
299
289
745
68
428
713
984
212
1032
569
382
524
22
1069
475
77
764
634
202
