213
218
577
153
376
339
297
50
311
510
874
611
900
388
291
496
818
646
707
599
1043
140
344
582
622
891
688
95
512
86
790
779
941
560
749
128
967
5
400
91
927
637
567
383
150
203
172
354
1000
624
626
120
789
281
90
607
697
88
184
75
497
305
717
660
504
773
69
559
578
857
598
255
119
418
152
142
721
614
248
490
732
959
81
939
290
600
518
41
70
26
80
102
603
471
62
591
513
605
1071
99
523
897
325
915
162
387
1073
533
663
896
253
743
155
221
976
478
899
15
323
986
166
864
936
74
1030
160
437
301
507
692
500
371
475
472
306
249
948
954
971
617
734
225
521
1068
610
3
127
797
873
593
845
464
201
594
699
856
38
310
254
2
750
125
672
966
481
1055
335
1007
494
787
539
353
786
1023
319
233
232
211
1015
623
145
34
724
761
501
250
519
196
48
534
324
77
700
329
434
854
11
973
474
260
209
266
535
656
946
449
242
587
170
802
197
842
859
746
666
347
612
428
657
112
673
508
791
679
426
748
308
257
59
549
662
693
334
190
895
299
10
969
136
876
25
227
19
585
835
573
923
265
410
879
83
677
558
822
200
894
234
361
415
408
482
293
629
1063
784
357
850
739
1050
282
524
44
921
22
840
224
45
341
517
642
349
1006
398
208
972
836
171
331
439
327
427
955
403
846
511
192
64
987
753
691
765
429
944
951
84
788
1062
826
979
72
1012
442
553
552
79
433
554
689
572
609
1059
981
473
487
668
350
380
636
676
431
13
457
85
978
169
1011
917
509
8
602
20
363
658
581
307
222
1008
853
129
454
735
794
174
1038
525
596
615
37
778
1067
134
100
644
113
868
751
491
493
417
1018
949
430
460
498
1072
51
117
909
907
997
847
228
1060
1039
924
1017
87
1026
571
584
568
925
528
736
544
820
546
1049
326
31
548
436
1013
318
351
729
336
141
754
670
883
632
926
6
315
1005
98
346
204
135
316
947
695
333
526
680
808
73
542
659
109
547
304
402
237
828
708
65
105
783
780
570
988
690
601
17
720
839
711
771
683
682
719
906
384
639
214
960
557
411
126
67
76
1028
424
993
762
205
356
207
543
295
121
468
1045
223
268
14
107
180
1066
139
942
816
35
378
283
179
158
648
176
858
276
730
198
165
643
938
741
801
860
1070
21
878
226
747
805
404
154
880
694
963
1009
723
814
887
821
159
215
806
815
115
760
665
381
1033
195
92
592
42
877
396
340
772
217
365
246
957
462
