755
153
769
789
896
753
1001
569
693
699
376
297
351
704
588
452
725
377
606
82
20
615
407
66
996
973
878
657
1006
286
249
46
38
992
460
802
829
164
223
42
143
942
779
442
4
654
650
178
578
412
47
631
907
1002
384
235
920
562
823
184
312
165
329
966
842
610
206
421
27
488
951
656
187
859
53
123
451
258
925
370
3
402
869
713
686
1042
449
519
340
236
506
493
664
182
145
39
517
129
144
552
906
858
380
714
83
1054
461
662
244
780
284
742
11
723
608
987
411
290
835
582
379
166
319
574
310
434
288
435
884
771
1071
229
943
805
494
826
599
201
891
273
730
414
810
253
364
944
540
756
899
964
965
34
863
464
353
118
590
520
1007
502
643
630
298
61
954
486
336
289
1043
369
462
703
532
466
841
613
513
682
738
638
484
444
32
694
378
303
511
261
983
997
897
812
1044
647
633
846
853
645
754
147
344
281
565
546
300
624
811
936
597
60
342
181
390
58
544
133
36
719
126
349
1034
849
45
523
865
401
946
472
955
807
1057
245
373
26
409
122
406
639
618
948
18
416
399
301
54
337
509
970
14
880
887
604
363
993
573
28
648
1010
975
744
915
708
979
784
252
441
10
581
670
388
834
795
148
457
136
593
463
391
512
560
266
430
844
368
332
233
234
172
277
285
845
827
95
0
724
176
820
438
947
1026
501
698
109
566
583
594
30
473
522
888
894
239
529
564
1058
585
146
327
814
767
772
330
637
447
916
856
857
481
400
208
427
1029
575
366
274
328
901
929
205
689
778
128
537
263
169
476
908
498
644
875
531
63
130
617
557
806
125
700
804
595
73
440
1047
1004
607
211
5
1077
621
840
1018
227
902
952
977
72
408
957
96
548
852
775
41
745
790
710
619
882
751
81
1013
554
653
917
162
508
727
150
1015
768
603
930
1060
635
868
678
188
23
44
985
393
926
151
381
750
757
677
326
22
950
52
322
549
1008
255
299
318
398
345
707
210
634
90
668
642
737
962
232
80
465
1053
482
367
984
426
189
1075
706
62
542
238
561
354
111
672
127
341
395
735
893
117
264
683
1021
940
295
220
278
459
584
1070
921
159
43
348
695
195
1068
67
774
587
154
2
572
1059
666
600
222
591
622
149
496
1036
627
168
922
78
180
112
1020
746
103
596
994
49
740
25
798
334
721
1056
685
855
1045
305
736
352
959
405
941
453
443
961
1052
371
1039
267
16
726
602
680
851
783
515
31
514
646
762
967
