1.0336472988128662,0.9600000381469727,1.0717207193374634
1.0220800638198853,0.9750000238418579,1.0679707527160645
1.0199999809265137,0.9800000190734863,1.1689083576202393
1.0313308238983154,0.9600000381469727,1.0735957622528076
1.0199999809265137,0.9800000190734863,1.0323456525802612
1.024999976158142,0.9750000238418579,1.0370333194732666
1.024999976158142,0.9750000238418579,1.0325019359588623
1.0375635623931885,0.9550000429153442,1.2292207479476929
1.0328145027160645,0.9500000476837158,1.8126581907272339
1.0199999809265137,0.9800000190734863,1.0687519311904907
1.0456477403640747,0.9450000524520874,1.6259394884109497
1.0424572229385376,0.9500000476837158,1.6390644311904907
1.0287507772445679,0.9550000429153442,1.4490644931793213
1.0199999809265137,0.9800000190734863,1.0440644025802612
1.0199999809265137,0.9800000190734863,1.0320332050323486
1.0372639894485474,0.9550000429153442,1.2257832288742065
1.024999976158142,0.9750000238418579,1.0226582288742065
1.024999976158142,0.9750000238418579,1.0289082527160645
1.0199999809265137,0.9800000190734863,1.0520331859588623
1.024999976158142,0.9750000238418579,1.0381269454956055
1.0199999809265137,0.9800000190734863,1.0350018739700317
1.0199999809265137,0.9800000190734863,1.0420331954956055
1.0199999809265137,0.9800000190734863,1.0265644788742065
1.0199999809265137,0.9800000190734863,1.0476582050323486
1.030432105064392,0.9600000381469727,1.1675019264221191
1.0199999809265137,0.9800000190734863,1.0259395837783813
1.0336472988128662,0.9600000381469727,1.0717207193374634
1.0199999809265137,0.9800000190734863,1.034064531326294
1.0199999809265137,0.9800000190734863,1.029064416885376
1.0313308238983154,0.9600000381469727,1.0735957622528076
1.0199999809265137,0.9800000190734863,1.0445332527160645
1.0199999809265137,0.9800000190734863,1.011095643043518
