5329
9520
846
8199
407
9069
7024
7164
3504
1337
2024
4239
8408
1267
10338
1995
5300
430
4107
1686
2963
624
4301
6778
9070
7087
2625
4739
5451
9886
8049
6153
2610
666
5406
7382
8937
10155
8166
1491
6265
2644
1425
3266
3369
831
9068
4918
10228
7000
7660
9700
8110
7537
6711
10066
4182
1833
8784
809
7682
2344
3911
9627
9443
9058
4626
5401
115
155
5881
3119
279
44
6446
10560
2640
6955
5074
8407
5780
5637
9420
1706
3521
5664
3875
2613
2046
4532
2506
5208
6636
4879
8499
7928
3813
6170
6472
5748
3934
8512
9777
501
2184
3531
2022
1793
1234
999
8676
3768
5723
972
8749
8675
1297
8388
9523
7775
7893
5360
8756
6342
3651
6934
3652
4189
10153
7194
2402
7548
807
23
3639
7138
3109
2589
8241
3258
3363
3441
7478
5229
3318
3433
2609
2055
9596
2779
8593
8446
5356
10090
1252
6178
1915
189
8433
7142
2787
8634
3049
8053
2977
561
560
2660
8666
4695
633
5348
4889
6626
2967
6553
7309
5939
1330
4580
1084
6071
6366
4530
8733
1266
9288
7100
10080
1938
4712
4809
3086
5843
1264
4770
8921
7993
2821
8652
7182
6730
2642
3280
1621
5380
173
6665
10439
3040
1741
8405
9602
3631
3588
6068
4048
748
10619
3776
1171
981
9998
2704
8909
6614
5324
8685
4451
3820
2663
8913
1516
5981
6485
4316
4511
5529
9137
9283
6461
1319
1434
974
2155
2062
2679
7131
9272
825
5470
7884
7487
5306
6985
9528
4331
3568
5898
7628
1517
7269
3851
8588
8669
2010
9497
1990
1694
9138
2791
8035
6319
7296
1659
1147
8292
7222
9097
2212
6698
2000
2434
421
7664
5016
9005
5573
1671
5988
2498
8141
10455
635
9791
5930
1451
7907
5
791
4170
4164
4507
1864
1273
6928
7310
1466
2831
4709
8797
4861
9487
6585
4909
4536
9029
2314
6487
3409
6627
8649
4
6019
2495
3785
10579
8985
8787
8371
8858
243
3691
9985
826
8279
4330
2600
9457
7372
5116
3723
3831
4859
2546
4944
1961
4375
1919
854
1966
6758
3848
977
8481
6399
1813
9559
7887
9873
8592
2574
4452
7359
9639
7389
404
4091
8266
5062
5862
7593
9110
9207
8478
9130
9841
5745
7872
10563
2823
1192
8336
3900
1627
6965
5742
1467
8272
9900
2552
621
7932
9648
6900
1757
7083
2942
7064
86
3090
9386
4344
9194
1663
434
7323
5669
4723
6839
1119
7969
2058
816
7370
2980
5644
6087
1404
9439
4982
9857
1984
7567
3860
2751
6218
4830
7694
530
5292
5497
4191
1060
2509
10130
5545
4832
6772
1598
7507
676
4561
6640
8428
8533
4863
3914
1648
9346
127
9091
10434
5655
4445
6306
4406
6666
10022
4187
1428
1432
1855
4408
4521
6941
5755
6574
5036
5127
3618
7439
397
3532
1272
6948
4134
8370
8779
9828
6693
4310
4939
9986
3817
10446
5615
9353
1298
4615
4885
650
4018
7506
711
7878
9195
3423
6067
4700
4623
8813
5316
1498
7594
3762
2661
8299
2634
5178
2165
7009
9486
5726
4088
9649
963
8795
8584
2310
8151
9047
5514
7171
4482
5769
5502
4274
9057
9320
2226
2090
3713
604
5740
4288
9301
6282
3684
5686
7483
5368
1318
3247
4687
6167
2638
5651
6504
9996
7042
6840
1866
1189
9537
6763
6816
435
10196
813
7955
164
7364
8039
7397
8362
8775
6991
6176
222
66
6576
9686
9119
5295
10171
920
7048
7798
5283
148
1973
246
1840
8239
2950
842
5886
10236
9896
6160
2428
9016
7589
10292
6886
169
1563
2900
3544
7712
8152
9342
1450
7077
10103
4169
2182
1679
4174
5370
9682
7206
6988
4198
10363
1065
6457
3399
704
5725
3836
7630
10060
4760
3784
2975
9204
2949
7128
3989
4470
113
6826
5259
9392
6474
7897
575
10325
4389
5668
10575
1785
7033
4557
10487
6791
1520
2201
1115
80
8308
3221
8673
4768
2119
7278
5445
4647
649
10421
9431
6554
4988
6510
9466
9154
419
7841
10219
10431
6858
6313
6431
4149
429
2698
2406
8057
7509
3022
6335
7124
4118
7530
5323
3815
5042
3242
4786
4414
2505
10191
786
10403
9382
6667
2972
4932
183
6830
7755
7080
1227
6189
7161
133
6481
5088
1057
1279
8265
1007
4346
8853
6878
9784
4494
6568
4883
4526
1790
2507
8294
5608
3994
7640
6263
5341
9781
3547
3495
7383
6442
7221
101
166
239
8970
6120
3810
932
459
6556
8170
1651
5037
8882
1669
7750
4059
8029
1834
3018
1006
7207
2508
4524
7293
4380
3013
3317
10444
5882
10485
1009
5598
1758
598
8618
2208
8688
8418
417
376
4204
4076
4259
5720
3157
2720
6159
9766
1751
5489
10315
1846
3434
7575
4078
3024
9972
1903
9389
2835
9914
7528
8947
701
5174
4900
3668
8849
2299
3576
2770
3203
3294
379
3048
7776
2040
6249
9019
8055
8604
5272
3098
1405
8411
5577
4850
4067
10415
3432
7684
3244
6876
3480
7417
7205
2912
2087
3791
1562
9570
4420
8091
15
2778
3430
6459
611
250
5383
6016
1976
6724
8728
3390
5170
2932
6921
4562
5948
7391
6113
4254
716
7646
1049
2150
10263
10104
7846
1863
9567
7023
95
9977
3775
987
142
4959
7126
9430
4418
2603
6339
4613
6897
9712
9889
4099
4284
2139
6261
3570
6386
13
10134
9821
9749
8647
4223
2738
5442
5303
8033
7816
9296
3452
10295
1696
4802
5825
10577
5027
4477
1372
7108
4550
10617
1409
4329
8719
6643
7866
8911
6255
10288
6681
9084
9625
4464
3482
3350
9790
4591
3331
7824
9269
9147
3420
6262
471
5251
9740
3487
5578
546
10391
2237
2378
1203
8650
4537
4387
3899
186
5364
109
8612
10139
61
5829
639
7540
6679
1216
9310
4126
7868
2606
7573
9543
7832
1447
9401
4498
4746
6331
10085
1778
6563
944
8373
2484
5977
6376
1383
6131
3839
6620
5119
5968
1970
4469
8128
2762
10466
7258
10179
9356
7390
8273
1361
9107
9153
4060
237
9235
2224
5868
9779
5249
856
49
5772
6696
3115
307
1239
1600
1353
5199
3528
7562
9822
2852
6277
4684
3406
529
643
7099
6968
8905
8613
6994
2148
10308
445
1303
4539
9568
3313
362
9743
7568
5327
5240
6036
7014
10193
4311
2703
4542
5211
2159
2197
9636
9021
2633
2195
3138
4703
6133
4135
4519
2796
695
10626
4007
5936
3838
7174
9553
4892
6732
232
4584
2056
4323
7725
373
8547
2198
7770
723
8492
8863
1910
3077
10517
4954
1036
4506
9165
875
1128
6735
3750
1238
1615
9971
10628
2534
4667
5852
799
443
8955
3941
8108
8491
7524
10477
6435
574
2785
4568
7956
9424
3044
2230
6456
7984
10400
8045
5830
2674
7227
1584
3262
1143
2692
5549
82
4466
1850
1268
10490
4136
3518
9196
1069
9953
9127
6625
7216
5026
6434
8289
1629
9322
1430
3043
10489
8399
5479
6107
5085
10286
9347
1249
7504
1348
8326
7200
4104
6039
1445
2353
4968
7358
1072
2629
8916
185
2122
452
1417
9694
1934
4801
1100
8712
1734
976
9612
2918
3907
1439
4030
8607
4833
10262
3874
4213
9826
902
242
1894
2699
4934
7225
1362
7075
4436
10586
2064
7412
7271
1603
3451
5917
56
10437
7404
10226
1506
8457
3722
5714
132
2793
5684
4877
1211
10283
3055
8708
7608
9115
7401
1166
4074
5600
6572
7424
4148
2805
4779
7261
2874
3486
1710
2326
2169
10495
3778
2867
6318
7949
6557
979
7346
8862
6343
6390
2713
9455
10454
3403
6273
4837
3714
8962
4430
5767
8332
5555
8052
9470
7238
4599
6440
371
6573
7029
9306
4773
7740
3491
3261
1841
3253
9547
8404
7919
2922
9956
6559
8525
7188
8840
162
1695
5161
3159
6466
3066
6710
847
7231
5653
5531
6226
4992
4720
5456
9929
3365
7975
3943
8417
2499
7244
10213
9500
3357
8518
3719
473
9330
4441
5025
1246
6779
1144
4282
8901
2442
62
10235
6847
5576
6594
8148
1842
9427
8878
8815
2538
4199
4799
1046
2205
2670
7723
840
311
2916
8639
9436
8982
673
694
7566
6831
5810
1836
719
2013
4181
8385
2815
5227
9480
7403
84
1634
4208
885
1661
4743
9898
9705
5313
4424
7580
3164
2965
2075
4749
6769
925
3489
3346
8753
10183
6357
2520
1578
9161
8090
388
787
6174
10544
7644
548
5642
175
7284
2619
9941
1327
2339
5869
1542
6608
6114
5205
5648
6820
6134
7291
10623
8120
7532
2031
10588
921
7606
9583
1835
9377
720
7429
8900
2163
3499
3535
3285
889
4306
1201
4168
8434
7500
2152
8351
2959
7986
2500
9038
9278
9169
4776
2868
10176
3045
9064
8063
3087
1727
7324
231
10307
9650
5180
2092
2860
5171
3990
3881
7621
9849
3620
8986
1818
9358
4358
9525
9813
1412
6694
9753
10291
3465
1820
3446
6638
4860
9485
5568
3897
2754
2057
5144
2327
8190
6280
8384
596
1122
6647
1031
5149
4608
9787
3808
6960
5397
7726
4825
6793
9341
8660
7931
6161
2276
6502
7900
8551
4664
9105
5133
3606
3737
336
3611
9378
4265
8586
3654
6274
8221
8527
10111
3209
7635
1485
4990
602
1204
3912
9225
4485
10378
8177
207
1797
1614
686
457
10424
7957
5999
8291
7096
5152
10109
4838
9284
462
9715
3217
3837
2397
2854
8877
4714
4196
4829
973
1673
1470
8790
4180
6289
6177
324
6888
8580
9980
5396
6522
9927
5613
8356
6661
9938
7859
7604
5447
8720
4979
4538
5605
406
411
9662
5611
5823
2377
8526
9030
10501
10163
2997
