1.040769338607788,0.9500000476837158,1.135783314704895
1.0270800590515137,0.9700000286102295,1.0793770551681519
1.024999976158142,0.9750000238418579,1.1532833576202393
1.0363308191299438,0.9550000429153442,1.0757832527160645
1.024999976158142,0.9750000238418579,1.0328145027160645
1.024999976158142,0.9750000238418579,1.046877145767212
1.024999976158142,0.9750000238418579,1.032970666885376
1.0375635623931885,0.9550000429153442,1.2296894788742065
1.041567325592041,0.9350000619888306,1.7239081859588623
1.024999976158142,0.9750000238418579,1.070783257484436
1.0456477403640747,0.9450000524520874,1.5498456954956055
1.0424572229385376,0.9500000476837158,1.626720666885376
1.0337507724761963,0.9500000476837158,1.3734395503997803
1.024999976158142,0.9750000238418579,1.048751950263977
1.024999976158142,0.9750000238418579,1.0453144311904907
1.0422639846801758,0.9500000476837158,1.2250019311904907
1.024999976158142,0.9750000238418579,1.023908257484436
1.0199999809265137,0.9800000190734863,1.0292208194732666
1.024999976158142,0.9750000238418579,1.057658076286316
1.024999976158142,0.9750000238418579,1.0400018692016602
1.024999976158142,0.9750000238418579,1.0346893072128296
1.0271220207214355,0.9700000286102295,1.1092207431793213
1.024999976158142,0.9750000238418579,1.0231269598007202
1.024999976158142,0.9750000238418579,1.0453144311904907
1.0354321002960205,0.9550000429153442,1.1654707193374634
1.024999976158142,0.9750000238418579,1.0254708528518677
1.0409085750579834,0.9500000476837158,1.0673457384109497
1.024999976158142,0.9750000238418579,1.030470848083496
1.024999976158142,0.9750000238418579,1.0276581048965454
1.0363308191299438,0.9550000429153442,1.0714082717895508
1.024999976158142,0.9750000238418579,1.0429707765579224
1.024999976158142,0.9750000238418579,1.015001893043518
