1.0386472940444946,0.9450000524520874,1.069220781326294
1.0270800590515137,0.9700000286102295,1.0671895742416382
1.024999976158142,0.9750000238418579,1.1679707765579224
1.0363308191299438,0.9550000429153442,1.073283314704895
1.024999976158142,0.9750000238418579,1.031564474105835
1.024999976158142,0.9750000238418579,1.0379709005355835
1.024999976158142,0.9750000238418579,1.030470609664917
1.0375635623931885,0.9550000429153442,1.2379707098007202
1.038226842880249,0.9350000619888306,1.8370331525802612
1.024999976158142,0.9750000238418579,1.0684394836425781
1.0437421798706055,0.9450000524520874,1.6426582336425781
1.0424572229385376,0.9500000476837158,1.6490644216537476
1.0323158502578735,0.9500000476837158,1.4431270360946655
1.024999976158142,0.9750000238418579,1.0425019264221191
1.024999976158142,0.9750000238418579,1.0310957431793213
1.0422639846801758,0.9500000476837158,1.2254706621170044
1.024999976158142,0.9750000238418579,1.0228145122528076
1.024999976158142,0.9750000238418579,1.027970790863037
1.024999976158142,0.9750000238418579,1.051564335823059
1.024999976158142,0.9750000238418579,1.0364081859588623
1.024999976158142,0.9750000238418579,1.034376859664917
1.024999976158142,0.9700000286102295,1.0410957336425781
1.024999976158142,0.9750000238418579,1.0256270170211792
1.024999976158142,0.9750000238418579,1.0475019216537476
1.0354321002960205,0.9550000429153442,1.1667206287384033
1.024999976158142,0.9750000238418579,1.0257833003997803
1.0386472940444946,0.9500000476837158,1.0690644979476929
1.024999976158142,0.9750000238418579,1.032814621925354
1.024999976158142,0.9750000238418579,1.028908133506775
1.0363308191299438,0.9550000429153442,1.0726583003997803
1.024999976158142,0.9750000238418579,1.0440645217895508
1.024999976158142,0.9750000238418579,1.0109394788742065
