5205
5922
4805
5350
3557
8044
4684
4990
7601
7087
9314
1056
6892
3524
5160
8284
9417
6547
8869
6801
1256
1019
10023
94
6159
10378
1866
2707
5671
7471
2805
1386
2444
3215
5301
6622
337
386
4507
10146
6103
5321
7565
2879
5238
8922
836
7240
612
6253
9074
10217
5932
1966
2214
9228
3922
9991
159
9783
69
7135
1096
6970
6994
5012
6323
4154
3529
6668
2763
6243
4739
7973
4133
483
9916
4872
6642
2820
7216
974
5403
6334
4069
821
1896
8009
1419
8451
7034
10343
7807
7091
782
4578
1276
4334
2848
2334
4900
10471
1676
8661
2482
9595
754
10019
2624
6338
10258
868
4806
569
231
8793
2569
822
4095
6924
10228
7266
9468
10229
3562
9557
6548
5467
6337
10316
10597
5045
7697
3900
2234
5331
598
8299
1484
7373
4640
5251
4359
1329
5220
4468
10142
3003
9841
3592
7038
10613
3784
8298
9317
3951
3202
5159
10376
1257
8600
2627
7048
5694
8686
2470
4442
5639
4217
2899
8003
5311
1057
1917
5225
4258
1870
6449
6909
3045
9959
699
6588
5337
8502
272
8654
5230
972
9581
2795
6448
10324
1474
5775
4556
2121
10102
9963
4826
5803
9372
6957
7412
4049
8853
5699
4398
3955
3058
230
9065
776
3947
4688
4894
6012
570
4913
3409
3477
9996
4092
8375
3457
3480
6330
5198
2394
1648
485
2632
808
766
4609
263
10409
9489
8021
9111
3462
2652
5314
5125
1026
6587
2029
10414
1098
6921
8536
3204
5529
1059
4870
5325
7578
186
1729
4441
8507
7900
1843
787
1483
6241
6581
667
4425
9098
27
2890
7444
10197
3200
7323
6098
7747
8924
1600
2445
4375
684
7948
1999
7159
4385
96
4328
1243
1060
6699
9955
2697
9067
6613
9360
10311
4511
6102
5136
135
4335
10419
10362
6347
1150
4744
9398
9007
7554
3836
3661
10308
5071
4354
7824
4759
6867
4462
9814
8167
6299
8387
3629
10384
4010
1608
7641
3112
6325
3801
1500
2268
9113
8210
3643
9682
2474
1402
5821
8756
8371
65
8458
6560
7915
6052
98
1851
6452
5470
13
5352
10338
910
8154
6614
9600
2861
9322
9825
2003
2798
9457
258
10052
10543
7305
1054
10417
472
7466
2059
2751
9293
10005
6172
9004
207
1294
3090
6470
6941
4732
2604
4370
10574
8670
5033
6456
6308
144
8627
5818
583
6608
6934
2905
7141
8791
519
531
4514
5837
2728
1989
5868
6754
4815
3676
7273
6471
2163
1180
7060
3088
2167
4304
7162
373
6732
558
2265
7748
2231
6078
4489
4576
2567
1603
1822
4636
2327
3968
1562
8448
2605
9433
4517
3905
8013
10387
4443
7508
870
9949
3414
3042
10219
6180
3935
4386
807
666
1215
5557
1101
2663
3027
5984
3639
925
5140
9754
2500
4383
5395
10361
10238
7142
5394
9115
3510
3579
4036
1025
1202
4991
2147
5084
10566
9947
10403
544
8022
7010
4748
3198
9547
7617
5812
1494
3845
7830
6652
8819
3734
8735
4409
7522
884
8466
3902
10007
8426
877
7533
7442
4936
529
6336
6639
1089
34
8386
770
10451
6904
10472
525
7138
1439
7562
7633
1912
9874
4461
2002
7920
5924
