279
480
130
203
667
97
1017
550
853
659
762
112
499
800
699
143
985
202
42
784
540
581
340
921
1
562
36
196
977
83
505
397
473
483
396
1064
78
407
700
394
392
286
816
817
182
819
850
983
381
325
720
287
147
1000
175
448
578
134
1073
329
827
353
477
412
741
291
791
50
237
802
804
376
779
1019
311
875
531
673
357
351
133
256
20
874
940
763
234
199
629
749
429
122
976
717
553
300
823
519
814
238
321
152
689
916
1050
205
496
632
727
960
617
1065
141
898
418
837
110
516
415
290
683
280
426
17
193
797
514
432
163
606
552
757
164
37
38
835
860
988
925
281
663
248
523
840
64
1010
367
127
484
932
72
1042
604
515
790
231
195
208
6
336
452
