1.0354737043380737,0.9550000429153442,1.1184619665145874
1.0354737043380737,0.9550000429153442,1.1209520101547241
1.0503356456756592,0.8849999904632568,3.2161519527435303
1.0320017337799072,0.9650000333786011,1.2621920108795166
1.0306593179702759,0.9600000381469727,1.5651121139526367
1.0361536741256714,0.9500000476837158,1.1940020322799683
1.036550760269165,0.9500000476837158,1.1865119934082031
1.0303244590759277,0.9600000381469727,1.6183420419692993
1.0370763540267944,0.9500000476837158,1.2172019481658936
1.0440491437911987,0.9300000667572021,1.4020520448684692
1.0463407039642334,0.940000057220459,1.1553620100021362
1.0416454076766968,0.9500000476837158,1.3476918935775757
1.0416454076766968,0.9500000476837158,1.3476918935775757
1.0499426126480103,0.9200000762939453,2.083091974258423
1.0498825311660767,0.9200000762939453,2.3018720149993896
1.1369469165802002,0.675000011920929,4.408302307128906
1.0310888290405273,0.9550000429153442,1.5994219779968262
1.0279462337493896,0.9700000286102295,1.1023119688034058
1.034182071685791,0.940000057220459,1.5661120414733887
1.024999976158142,0.9750000238418579,1.0490919351577759
1.024999976158142,0.9750000238418579,1.0776820182800293
1.024999976158142,0.9750000238418579,1.0978120565414429
1.0294445753097534,0.9650000333786011,1.1770120859146118
1.024999976158142,0.9750000238418579,1.1517618894577026
1.0262531042099,0.9700000286102295,1.2171419858932495
1.0529296398162842,0.8399999737739563,2.4448418617248535
1.0468658208847046,0.9350000619888306,1.5981320142745972
1.0431644916534424,0.9350000619888306,1.6642720699310303
1.0298699140548706,0.9550000429153442,2.1188621520996094
1.0500842332839966,0.9200000762939453,1.7761120796203613
1.0281412601470947,0.9650000333786011,1.1740919351577759
1.0357507467269897,0.9500000476837158,1.4245920181274414
1.0463576316833496,0.9250000715255737,2.0346720218658447
1.0924880504608154,0.8300000429153442,3.1189022064208984
1.0472300052642822,0.9300000667572021,1.5987221002578735
1.0536705255508423,0.9050000309944153,1.7114521265029907
1.0685069561004639,0.8600000143051147,2.4920220375061035
1.0468878746032715,0.9500000476837158,1.2332820892333984
1.0468878746032715,0.9500000476837158,1.2332820892333984
1.062206745147705,0.8299999833106995,2.7350518703460693
1.0524048805236816,0.8650000095367432,2.6431522369384766
1.0340280532836914,0.9450000524520874,1.4908519983291626
1.0507631301879883,0.8800000548362732,3.5961620807647705
1.0340237617492676,0.9500000476837158,2.0423121452331543
1.0406800508499146,0.9500000476837158,1.1863220930099487
1.1246159076690674,0.7099999785423279,4.147212505340576
1.0419660806655884,0.9500000476837158,1.229822039604187
1.0310440063476562,0.9650000333786011,1.074881911277771
1.0293667316436768,0.9600000381469727,1.2360520362854004
1.0480252504348755,0.9150000810623169,1.7488820552825928
1.024999976158142,0.9750000238418579,1.130702018737793
1.0278098583221436,0.9650000333786011,1.2613821029663086
1.0610498189926147,0.8500000238418579,2.541991949081421
1.0447278022766113,0.9350000619888306,1.8311119079589844
1.044801115989685,0.9300000667572021,1.8680620193481445
1.0406200885772705,0.9350000619888306,1.4507920742034912
1.0292145013809204,0.9600000381469727,1.1434019804000854
1.0267120599746704,0.9700000286102295,1.1327619552612305
1.0396654605865479,0.940000057220459,1.570091962814331
1.024999976158142,0.9750000238418579,1.0304219722747803
1.0452111959457397,0.9250000715255737,1.8804320096969604
1.048183798789978,0.9250000715255737,1.7885019779205322
1.0477627515792847,0.9350000619888306,1.2741519212722778
1.029881477355957,0.9650000333786011,1.2382819652557373
1.0498425960540771,0.9200000762939453,1.8719520568847656
1.0267326831817627,0.9700000286102295,1.1570019721984863
1.0258257389068604,0.9700000286102295,1.1435420513153076
1.0413541793823242,0.9250000715255737,2.182692050933838
1.031982421875,0.9500000476837158,1.4786421060562134
1.024999976158142,0.9750000238418579,1.076532006263733
1.024999976158142,0.9750000238418579,1.0357319116592407
1.024999976158142,0.9750000238418579,1.1310920715332031
1.0417001247406006,0.940000057220459,1.2988120317459106
1.0522302389144897,0.9300000667572021,1.7400120496749878
1.029980182647705,0.9650000333786011,1.1526620388031006
1.0268950462341309,0.9650000333786011,1.2229719161987305
1.0377695560455322,0.9200000762939453,1.9251420497894287
1.0382784605026245,0.940000057220459,1.3485420942306519
1.0269733667373657,0.9700000286102295,1.1230720281600952
1.0288136005401611,0.9650000333786011,1.2210919857025146
1.0467793941497803,0.9500000476837158,1.1945720911026
1.024999976158142,0.9750000238418579,1.144171953201294
1.027871012687683,0.9650000333786011,1.2026320695877075
1.024999976158142,0.9750000238418579,1.235751986503601
1.044482707977295,0.9200000762939453,2.0129520893096924
1.0581976175308228,0.8750001192092896,2.526782274246216
1.024999976158142,0.9750000238418579,1.1215718984603882
1.0385432243347168,0.9500000476837158,1.2446218729019165
1.024999976158142,0.9750000238418579,1.1414220333099365
1.024999976158142,0.9750000238418579,1.0637121200561523
1.0388168096542358,0.9550000429153442,1.316912055015564
1.03242027759552,0.9600000381469727,1.4082920551300049
1.024999976158142,0.9750000238418579,1.082311987876892
1.024999976158142,0.9750000238418579,1.042452096939087
1.0444068908691406,0.9500000476837158,1.3667720556259155
1.042387843132019,0.9550000429153442,1.2169619798660278
1.024999976158142,0.9750000238418579,1.0725120306015015
1.029258370399475,0.9600000381469727,1.2491919994354248
1.0443272590637207,0.940000057220459,1.2795720100402832
1.024999976158142,0.9750000238418579,1.0451719760894775
1.0461922883987427,0.9200000762939453,1.295072078704834
1.0441689491271973,0.9350000619888306,1.2702620029449463
1.0540968179702759,0.9150000810623169,1.3353818655014038
1.0538041591644287,0.8900001049041748,2.2138519287109375
1.0421414375305176,0.9500000476837158,1.1534819602966309
1.0428764820098877,0.9000000357627869,2.590372085571289
1.0492511987686157,0.8750001192092896,2.746462106704712
1.070167899131775,0.880000114440918,3.114501953125
1.0370903015136719,0.9550000429153442,1.2586920261383057
1.0353446006774902,0.9450000524520874,1.8494020700454712
1.028110146522522,0.9650000333786011,1.2279020547866821
1.0295226573944092,0.9700000286102295,1.0623819828033447
1.0316894054412842,0.9500000476837158,1.4051820039749146
1.040845274925232,0.940000057220459,1.2898919582366943
1.029350996017456,0.9600000381469727,1.1484019756317139
1.0289371013641357,0.9650000333786011,1.1703720092773438
1.0373625755310059,0.9450000524520874,1.474532127380371
1.0701020956039429,0.9200000762939453,1.345871925354004
1.0695466995239258,0.9200000762939453,1.345871925354004
1.024999976158142,0.9750000238418579,1.0705219507217407
1.036699652671814,0.9500000476837158,1.6852819919586182
1.0430582761764526,0.9200000762939453,1.5440020561218262
1.052465796470642,0.9050000309944153,1.5574820041656494
1.0336283445358276,0.9600000381469727,1.2395919561386108
1.07822585105896,0.8550000190734863,1.9346520900726318
1.0455282926559448,0.9250000715255737,1.6338720321655273
1.0258005857467651,0.9700000286102295,1.2441719770431519
1.0613099336624146,0.9200000762939453,2.4787819385528564
1.0664024353027344,0.9100000858306885,2.336981773376465
1.024999976158142,0.9750000238418579,1.1260219812393188
1.0246498584747314,0.9650000333786011,1.1630619764328003
1.0504467487335205,0.9200000762939453,1.9232020378112793
1.0445622205734253,0.9300000667572021,1.9570621252059937
1.0777159929275513,0.8500000834465027,2.3019919395446777
1.0394268035888672,0.9350000619888306,1.2481118440628052
1.040381908416748,0.9350000619888306,1.5684219598770142
1.0661529302597046,0.8800000548362732,2.2751219272613525
1.0325515270233154,0.9550000429153442,1.492902159690857
1.047451138496399,0.9150000810623169,1.9632419347763062
1.0727884769439697,0.9250000715255737,1.2844021320343018
1.073422908782959,0.9250000715255737,1.2844021320343018
1.024999976158142,0.9750000238418579,1.1191421747207642
1.0308470726013184,0.9500000476837158,1.675481915473938
1.0286633968353271,0.9650000333786011,1.1955019235610962
1.0545270442962646,0.9100000858306885,1.5514119863510132
1.037593126296997,0.9300000667572021,2.1937520503997803
1.0365334749221802,0.9350000619888306,2.0239617824554443
1.0314527750015259,0.9650000333786011,1.1272920370101929
1.0393626689910889,0.9100000858306885,1.9121121168136597
1.0274914503097534,0.9650000333786011,1.4226419925689697
1.042637586593628,0.9500000476837158,1.3336819410324097
1.0294320583343506,0.9550000429153442,2.124511957168579
1.024999976158142,0.9750000238418579,1.0758318901062012
1.024999976158142,0.9750000238418579,1.189121961593628
1.0449016094207764,0.9350000619888306,1.5984820127487183
1.0311111211776733,0.9600000381469727,1.4160020351409912
1.03339684009552,0.9650000333786011,1.1642919778823853
1.0261309146881104,0.9700000286102295,1.1987119913101196
1.0501147508621216,0.9300000667572021,1.5132421255111694
1.0521023273468018,0.9250000715255737,1.4657618999481201
1.069666862487793,0.9100000858306885,1.584421992301941
1.0696024894714355,0.8950001001358032,1.8144320249557495
1.0538815259933472,0.9250000715255737,1.4037220478057861
1.0457990169525146,0.940000057220459,1.3915019035339355
1.0435128211975098,0.940000057220459,1.4788819551467896
1.0638411045074463,0.9000000953674316,1.802291989326477
1.0661948919296265,0.9050000309944153,2.1243319511413574
1.066823959350586,0.9000000953674316,1.9499820470809937
1.032165765762329,0.9500000476837158,1.3957120180130005
1.0502519607543945,0.9150000810623169,1.9563120603561401
1.0273786783218384,0.9650000333786011,1.2487419843673706
1.024999976158142,0.9750000238418579,1.09797203540802
1.0266697406768799,0.9700000286102295,1.2204619646072388
1.0298489332199097,0.9650000333786011,1.1814119815826416
1.031793475151062,0.9600000381469727,1.2740920782089233
1.0529143810272217,0.9100000858306885,1.387802004814148
1.0387989282608032,0.9450000524520874,1.2955820560455322
1.0600510835647583,0.9150000810623169,1.3143119812011719
1.0685622692108154,0.9000000953674316,1.3438220024108887
1.024999976158142,0.9750000238418579,1.0600119829177856
1.0346505641937256,0.9500000476837158,1.7817621231079102
1.024999976158142,0.9750000238418579,1.054311990737915
1.029215931892395,0.9600000381469727,1.37758207321167
1.0359936952590942,0.9450000524520874,1.3594419956207275
1.0411983728408813,0.940000057220459,1.6602420806884766
1.0436772108078003,0.9150000810623169,1.816602110862732
1.036287784576416,0.9550000429153442,1.3111919164657593
1.0259044170379639,0.9650000333786011,1.5967119932174683
1.0429192781448364,0.9350000619888306,1.3393219709396362
1.045482873916626,0.9200000762939453,1.92588210105896
1.026500940322876,0.9650000333786011,1.365272045135498
1.0619738101959229,0.8750000596046448,2.596561908721924
1.0288760662078857,0.9650000333786011,1.2896519899368286
1.0485032796859741,0.9000000953674316,2.3996121883392334
1.0270150899887085,0.9700000286102295,1.2366819381713867
1.024999976158142,0.9750000238418579,1.1054118871688843
1.0621082782745361,0.8899999856948853,2.567441940307617
1.0320079326629639,0.9600000381469727,1.1687819957733154
1.0586470365524292,0.9300000667572021,1.524641990661621
1.0603249073028564,0.9250000715255737,1.524641990661621
1.0535311698913574,0.9300000667572021,1.573132038116455
1.0427016019821167,0.9200000762939453,1.54777193069458
1.055400013923645,0.9000000953674316,1.8497021198272705
1.0658859014511108,0.8850001096725464,1.8429219722747803
1.032742977142334,0.9550000429153442,1.214892029762268
1.0272271633148193,0.9700000286102295,1.2361419200897217
1.029183030128479,0.9600000381469727,1.4850118160247803
1.0264633893966675,0.9700000286102295,1.0919320583343506
1.024999976158142,0.9750000238418579,1.0580120086669922
1.077890157699585,0.8650000691413879,3.3297221660614014
1.0531684160232544,0.9300000667572021,2.484112024307251
1.0296224355697632,0.9650000333786011,1.1234720945358276
1.0520936250686646,0.9200000762939453,1.5272419452667236
1.0393667221069336,0.9500000476837158,1.1552220582962036
1.031561255455017,0.9550000429153442,1.5411220788955688
1.0770914554595947,0.8600000143051147,1.7273519039154053
1.0315743684768677,0.9550000429153442,1.526792049407959
1.0320395231246948,0.9550000429153442,1.305001974105835
1.0461647510528564,0.9150000810623169,1.5751020908355713
1.0284191370010376,0.9650000333786011,1.5568619966506958
1.0331554412841797,0.9500000476837158,1.7328519821166992
1.0308021306991577,0.9600000381469727,1.407871961593628
1.0320899486541748,0.9600000381469727,1.1730719804763794
1.041216254234314,0.9350000619888306,1.6270619630813599
1.05581796169281,0.9000000953674316,1.9544520378112793
1.0391756296157837,0.9450000524520874,1.2569820880889893
1.037402868270874,0.9350000619888306,1.6508420705795288
1.0302261114120483,0.9650000333786011,1.1115219593048096
1.0354291200637817,0.9500000476837158,1.1540520191192627
1.0405205488204956,0.9350000619888306,1.4487619400024414
1.0276155471801758,0.9550000429153442,1.522481918334961
1.024999976158142,0.9750000238418579,1.088602066040039
1.0509073734283447,0.9300000667572021,1.5959919691085815
1.0478198528289795,0.9300000667572021,1.5164718627929688
1.043366551399231,0.940000057220459,1.6147220134735107
1.0371477603912354,0.940000057220459,1.5626519918441772
1.046055793762207,0.9150000810623169,2.8358020782470703
1.031996726989746,0.9650000333786011,1.1403820514678955
1.0388896465301514,0.9450000524520874,1.3012421131134033
1.0492171049118042,0.9200000762939453,1.5138919353485107
1.0444434881210327,0.9350000619888306,1.8599520921707153
1.0331261157989502,0.9550000429153442,1.3140020370483398
1.031428575515747,0.9600000381469727,1.3803420066833496
1.0329090356826782,0.9600000381469727,1.519942045211792
1.0304977893829346,0.9650000333786011,1.1703920364379883
1.026584267616272,0.9700000286102295,1.1063319444656372
1.050199031829834,0.9300000667572021,1.496101975440979
1.057590126991272,0.9000000953674316,1.6582119464874268
1.0413991212844849,0.940000057220459,1.202862024307251
1.038671612739563,0.9450000524520874,1.3594719171524048
1.0238131284713745,0.9600000381469727,1.2254619598388672
1.0349329710006714,0.9550000429153442,1.0923019647598267
1.0569629669189453,0.8750000596046448,2.5283620357513428
1.0328123569488525,0.9600000381469727,1.2154818773269653
1.0393452644348145,0.9350000619888306,1.2232420444488525
1.0414319038391113,0.940000057220459,1.4876619577407837
1.0418176651000977,0.925000011920929,2.0340919494628906
1.047608733177185,0.9500000476837158,1.1885219812393188
1.0526752471923828,0.9200000762939453,1.439181923866272
1.0266565084457397,0.9700000286102295,1.1138620376586914
1.0412821769714355,0.940000057220459,1.486572027206421
1.0282469987869263,0.9600000381469727,1.2969719171524048
1.0199999809265137,0.9800000190734863,1.2253221273422241
1.0494831800460815,0.9300000667572021,1.6965019702911377
1.0443012714385986,0.9200000762939453,1.7594119310379028
1.0432732105255127,0.9550000429153442,1.2815920114517212
1.0287688970565796,0.9700000286102295,1.0943119525909424
1.029881238937378,0.9650000333786011,1.1218219995498657
1.024999976158142,0.9750000238418579,1.1080321073532104
1.044350266456604,0.940000057220459,1.1837220191955566
1.0273514986038208,0.9650000333786011,1.4815220832824707
1.0547806024551392,0.9050000309944153,2.0995919704437256
1.037892460823059,0.9500000476837158,1.1903820037841797
1.0664540529251099,0.8449999690055847,2.5532021522521973
1.0320464372634888,0.9600000381469727,1.1508220434188843
1.024999976158142,0.9750000238418579,1.0381720066070557
1.0271350145339966,0.9700000286102295,1.1642119884490967
1.029870629310608,0.9650000333786011,1.1508821249008179
1.0391771793365479,0.9150000810623169,2.169581890106201
1.0713181495666504,0.8400000333786011,2.6623520851135254
1.027097463607788,0.9650000333786011,1.4354820251464844
1.0273807048797607,0.9650000333786011,1.3153520822525024
1.0296790599822998,0.9600000381469727,1.2898420095443726
1.0624157190322876,0.8950001001358032,1.582152009010315
1.050741195678711,0.9350000619888306,1.583732008934021
1.024999976158142,0.9750000238418579,1.1333519220352173
1.024999976158142,0.9750000238418579,1.0936119556427002
1.0624524354934692,0.8700000643730164,1.7579020261764526
1.0312626361846924,0.9550000429153442,1.218912124633789
1.03359854221344,0.9500000476837158,1.526102066040039
1.0447338819503784,0.9300000071525574,1.7520520687103271
1.0546232461929321,0.9200000762939453,2.3023221492767334
1.0617077350616455,0.9000000953674316,2.1501121520996094
1.0661486387252808,0.8800000548362732,2.615571975708008
1.0264291763305664,0.9700000286102295,1.117061972618103
1.03709876537323,0.9450000524520874,1.4075119495391846
1.0280823707580566,0.9550000429153442,1.6442220211029053
1.0283825397491455,0.9650000333786011,1.1926919221878052
1.0419654846191406,0.9350000619888306,2.016512155532837
1.0746859312057495,0.8399999737739563,3.2571918964385986
1.0616943836212158,0.9000000953674316,1.836082100868225
1.0491679906845093,0.9000000953674316,2.0123820304870605
1.0273569822311401,0.9700000286102295,1.3201020956039429
1.039049744606018,0.9500000476837158,1.3610520362854004
1.044680118560791,0.9300000667572021,1.95005202293396
1.0328505039215088,0.9600000381469727,1.2475119829177856
1.0448248386383057,0.9300000667572021,1.6203820705413818
1.0346866846084595,0.9450000524520874,1.4996119737625122
1.0552808046340942,0.9050000905990601,2.005892038345337
1.043449878692627,0.940000057220459,1.4557620286941528
1.0510128736495972,0.9250000715255737,1.634112000465393
1.0508984327316284,0.9150000810623169,1.6705520153045654
1.0548778772354126,0.8900001049041748,1.987502098083496
1.0446027517318726,0.9350000619888306,1.5798821449279785
1.0384669303894043,0.9500000476837158,1.2995820045471191
1.0453944206237793,0.9350000619888306,2.3599720001220703
1.024999976158142,0.9750000238418579,1.0817320346832275
1.050479769706726,0.9050000309944153,2.6212921142578125
1.038385272026062,0.9500000476837158,1.5241519212722778
1.028061866760254,0.9700000286102295,1.0754220485687256
1.0437829494476318,0.940000057220459,1.6291518211364746
1.0308672189712524,0.9550000429153442,1.6725319623947144
1.0343523025512695,0.9600000381469727,1.1846319437026978
1.033501386642456,0.940000057220459,1.6139020919799805
1.0296717882156372,0.9550000429153442,1.2639518976211548
1.0235416889190674,0.9700000286102295,1.4523619413375854
1.0303572416305542,0.9600000381469727,1.2506719827651978
1.033473253250122,0.9450000524520874,1.9749820232391357
1.0299253463745117,0.9650000333786011,1.2343721389770508
1.0484298467636108,0.9450000524520874,1.1837420463562012
1.024999976158142,0.9750000238418579,1.052251935005188
1.024999976158142,0.9750000238418579,1.1327420473098755
1.0283234119415283,0.9650000333786011,1.1389319896697998
1.0674803256988525,0.9300000667572021,1.279952049255371
1.029536247253418,0.9700000286102295,1.0827518701553345
1.0263335704803467,0.9700000286102295,1.5219920873641968
1.029536247253418,0.9700000286102295,1.1798920631408691
1.0458909273147583,0.925000011920929,2.0375919342041016
1.024999976158142,0.9750000238418579,1.0686619281768799
1.0265971422195435,0.9700000286102295,1.168902039527893
1.027503252029419,0.9700000286102295,1.3210320472717285
1.024999976158142,0.9750000238418579,1.0383319854736328
1.0281903743743896,0.9650000333786011,1.2623319625854492
1.0358566045761108,0.9550000429153442,1.3074719905853271
1.024999976158142,0.9750000238418579,1.1811819076538086
1.0308711528778076,0.9600000381469727,1.297782063484192
1.0368225574493408,0.940000057220459,1.6241719722747803
1.0384721755981445,0.940000057220459,1.48894202709198
1.0484950542449951,0.9100000858306885,1.7447320222854614
1.045066475868225,0.9350000619888306,1.2953020334243774
1.0297185182571411,0.9650000333786011,1.168742060661316
1.0341461896896362,0.9450000524520874,1.7693120241165161
1.0472854375839233,0.9300000667572021,1.5440820455551147
1.0414843559265137,0.940000057220459,1.409932017326355
1.024999976158142,0.9750000238418579,1.0768320560455322
1.0331497192382812,0.9650000333786011,1.1474720239639282
1.024999976158142,0.9750000238418579,1.0554720163345337
1.0654053688049316,0.8800000548362732,2.3947818279266357
1.0273414850234985,0.9700000286102295,1.1131019592285156
1.03644597530365,0.940000057220459,1.2413519620895386
1.0399181842803955,0.940000057220459,1.2211518287658691
1.0381487607955933,0.9500000476837158,1.1310420036315918
1.024999976158142,0.9750000238418579,1.070961833000183
1.028328537940979,0.9650000333786011,1.161911964416504
1.0505105257034302,0.9150000810623169,2.91129207611084
1.024999976158142,0.9750000238418579,1.0524120330810547
1.024999976158142,0.9750000238418579,1.055482029914856
1.0651378631591797,0.8950001001358032,2.7763619422912598
1.0498685836791992,0.9500000476837158,1.2451519966125488
1.0498685836791992,0.9500000476837158,1.2451519966125488
1.0496593713760376,0.9150000810623169,1.5036920309066772
1.0414220094680786,0.9450000524520874,1.1649119853973389
1.032111406326294,0.9600000381469727,1.1603721380233765
1.0300878286361694,0.9600000381469727,1.2630120515823364
1.041606068611145,0.9200000762939453,1.670771837234497
1.039327621459961,0.9550000429153442,1.3447219133377075
1.024999976158142,0.9750000238418579,1.0567620992660522
1.0437943935394287,0.940000057220459,1.5189019441604614
1.0259761810302734,0.9700000286102295,1.1870219707489014
1.0431585311889648,0.940000057220459,1.6560219526290894
1.0406378507614136,0.9450000524520874,1.1642118692398071
1.050378680229187,0.9250000715255737,1.4370920658111572
1.0292742252349854,0.9600000381469727,1.3393019437789917
1.024999976158142,0.9750000238418579,1.216271996498108
1.0389517545700073,0.9450000524520874,2.1065120697021484
1.037692904472351,0.940000057220459,1.3508219718933105
1.0269951820373535,0.9700000286102295,1.5332220792770386
1.0548709630966187,0.9150000810623169,2.5871620178222656
1.0434966087341309,0.9100000858306885,2.1975021362304688
1.0369724035263062,0.940000057220459,1.5123319625854492
1.0418976545333862,0.9450000524520874,1.207271933555603
1.039945125579834,0.9450000524520874,1.4438819885253906
1.0617061853408813,0.9000000357627869,1.9985018968582153
1.0365283489227295,0.9450000524520874,1.6901719570159912
1.024999976158142,0.9750000238418579,1.0606220960617065
1.0271004438400269,0.9700000286102295,1.1670321226119995
1.029593586921692,0.9650000333786011,1.1253620386123657
1.0432732105255127,0.9550000429153442,1.2839019298553467
1.0330144166946411,0.9500000476837158,1.5015820264816284
1.0404243469238281,0.940000057220459,1.3535220623016357
1.0425077676773071,0.9350000619888306,1.3742420673370361
1.024999976158142,0.9750000238418579,1.2251920700073242
1.0292675495147705,0.9650000333786011,1.3445719480514526
1.024999976158142,0.9750000238418579,1.1295119524002075
1.0264906883239746,0.9700000286102295,1.169711947441101
1.024999976158142,0.9750000238418579,1.0510319471359253
1.0355453491210938,0.9600000381469727,1.2296819686889648
1.053918480873108,0.9250000715255737,1.5363620519638062
1.033279299736023,0.9600000381469727,1.0892120599746704
1.024999976158142,0.9750000238418579,1.0402718782424927
1.0263456106185913,0.9700000286102295,1.2747920751571655
1.038987159729004,0.940000057220459,1.3565419912338257
1.0199999809265137,0.9800000190734863,1.1460620164871216
1.0386615991592407,0.9500000476837158,1.4598619937896729
1.0308042764663696,0.9600000381469727,1.2396420240402222
1.024999976158142,0.9750000238418579,1.0660319328308105
1.061964750289917,0.9250000715255737,1.3161919116973877
1.024999976158142,0.9750000238418579,1.0653520822525024
1.0293598175048828,0.9650000333786011,1.1189320087432861
1.0467793941497803,0.9500000476837158,1.1945720911026
1.0318137407302856,0.9600000381469727,1.1754119396209717
1.024999976158142,0.9750000238418579,1.2359519004821777
1.0412216186523438,0.9450000524520874,1.3340719938278198
1.0295164585113525,0.9650000333786011,1.098591923713684
1.027860403060913,0.9700000286102295,1.0733120441436768
1.0370557308197021,0.9500000476837158,1.244792103767395
1.0418516397476196,0.9500000476837158,1.3170421123504639
1.0543594360351562,0.9100000858306885,1.8856219053268433
1.024999976158142,0.9750000238418579,1.0376118421554565
1.0339854955673218,0.9500000476837158,1.416412115097046
1.0369278192520142,0.9550000429153442,1.4039119482040405
1.0333375930786133,0.9450000524520874,1.281332015991211
1.0367904901504517,0.9500000476837158,1.4548720121383667
1.0441030263900757,0.9450000524520874,1.378161907196045
1.0477501153945923,0.9200000166893005,2.021742105484009
1.0380151271820068,0.940000057220459,1.9767420291900635
1.0477150678634644,0.925000011920929,2.3569419384002686
1.0375638008117676,0.9450000524520874,1.1421420574188232
1.0341784954071045,0.9600000381469727,1.041491985321045
1.0429574251174927,0.940000057220459,1.956581950187683
1.0350793600082397,0.9550000429153442,1.3753920793533325
1.0293011665344238,0.9650000333786011,1.0720919370651245
1.0222673416137695,0.9650000333786011,1.3092421293258667
1.024999976158142,0.9750000238418579,1.0634920597076416
1.024999976158142,0.9750000238418579,1.0905020236968994
1.0314439535140991,0.9650000333786011,1.1327918767929077
1.0366023778915405,0.9500000476837158,1.2762219905853271
1.0222786664962769,0.9750000238418579,1.1176820993423462
1.0307151079177856,0.9650000333786011,1.1876320838928223
1.0311458110809326,0.9600000381469727,1.2897918224334717
1.0427463054656982,0.940000057220459,1.624622106552124
1.051421880722046,0.9300000667572021,1.5771819353103638
1.0339314937591553,0.9500000476837158,1.3681319952011108
1.024999976158142,0.9750000238418579,1.0713719129562378
1.045114278793335,0.9350000619888306,1.2276220321655273
1.0262563228607178,0.9700000286102295,1.1056420803070068
1.0387473106384277,0.9500000476837158,1.2059820890426636
1.0485432147979736,0.9450000524520874,1.1808619499206543
1.024999976158142,0.9750000238418579,1.0855419635772705
1.042976975440979,0.9450000524520874,1.1376420259475708
1.0489140748977661,0.940000057220459,1.2664921283721924
1.0427703857421875,0.940000057220459,1.5564520359039307
1.0299732685089111,0.9550000429153442,1.2167119979858398
1.0380712747573853,0.9550000429153442,1.214292049407959
1.0284554958343506,0.9650000333786011,1.1842420101165771
1.0295950174331665,0.9600000381469727,1.1202619075775146
1.0233968496322632,0.9750000238418579,1.1572719812393188
1.0283029079437256,0.9700000286102295,1.0960419178009033
1.0273278951644897,0.9650000333786011,1.1668519973754883
1.0385223627090454,0.940000057220459,1.40473210811615
1.0285354852676392,0.9700000286102295,1.067031979560852
1.047608733177185,0.9500000476837158,1.1885219812393188
1.043899416923523,0.9350000619888306,1.5505820512771606
1.0309314727783203,0.9600000381469727,1.2154620885849
1.02984619140625,0.9650000333786011,1.1970820426940918
1.0357139110565186,0.9500000476837158,1.3342019319534302
1.024999976158142,0.9750000238418579,1.093891978263855
1.0353773832321167,0.9550000429153442,1.390671968460083
1.0269542932510376,0.9700000286102295,1.117292046546936
1.024999976158142,0.9750000238418579,1.1044418811798096
1.0416895151138306,0.9450000524520874,1.170982003211975
1.0424124002456665,0.9500000476837158,1.0970919132232666
1.024999976158142,0.9750000238418579,1.0281620025634766
1.0424124002456665,0.9500000476837158,1.0970919132232666
1.0411821603775024,0.940000057220459,1.3238120079040527
1.0381076335906982,0.940000057220459,1.7248018980026245
1.024999976158142,0.9750000238418579,1.1118619441986084
1.0272208452224731,0.9650000333786011,1.2866020202636719
1.0453076362609863,0.940000057220459,1.3657519817352295
1.0325250625610352,0.9650000333786011,1.0515121221542358
1.0271437168121338,0.9700000286102295,1.03016197681427
1.028847098350525,0.9650000333786011,1.151121973991394
1.024999976158142,0.9750000238418579,1.0747319459915161
1.024999976158142,0.9750000238418579,1.151181936264038
1.024999976158142,0.9750000238418579,1.0552620887756348
1.024999976158142,0.9750000238418579,1.0393320322036743
1.0525470972061157,0.9350000619888306,1.2530620098114014
1.028626561164856,0.9700000286102295,1.0719820261001587
1.0324740409851074,0.9550000429153442,1.2924920320510864
1.0372250080108643,0.9550000429153442,1.108962059020996
