3843
7943
9441
1151
553
7643
3195
4548
8815
2785
1379
8831
19
3124
625
7752
3444
7057
7212
7008
2807
7026
6192
3972
5702
2239
9949
5388
3247
8896
8322
6084
760
8959
1188
9265
1042
2657
6978
9893
9143
1171
4797
3524
1649
8934
3856
5137
3872
4935
9221
524
7359
9202
2070
1212
1475
6679
7980
10199
1650
427
2731
8811
931
565
5326
6822
8305
9651
271
6215
2300
3027
3448
2631
3009
8742
9054
387
9803
6527
5948
8042
7368
1864
6297
7762
4150
6726
2031
10412
10368
3766
1496
3038
3301
9305
3355
4982
1774
6883
6960
4645
2324
188
4406
9412
2757
5508
9034
628
2982
5346
6293
2130
5389
10338
4360
6626
1775
2859
3164
7626
7954
8070
2206
5289
4991
780
936
10474
7946
10476
9393
2477
1011
165
2336
2086
6074
2638
4910
1069
2441
6538
9722
10275
10311
9098
4329
9203
5654
4014
753
2134
7428
1300
8738
9216
7422
8160
4322
6545
3549
2114
5795
8221
6871
4408
4085
9174
1516
432
6304
101
9062
3651
10050
9443
9783
8806
1136
2686
7619
1229
10527
8161
5618
488
1144
2028
2970
7086
7642
10593
8904
6452
4312
3199
9938
1445
4378
3984
5790
1514
2739
4296
873
7130
1143
4112
9679
137
4553
5216
8853
10241
1199
1589
10255
3426
1142
4631
2533
4957
7858
1104
8865
2501
4696
8747
1239
6646
1611
10569
1801
3399
4095
10470
7325
426
8561
7928
1533
2068
8952
3841
1148
1267
4634
3880
1866
1317
9476
1579
10285
5408
1809
6246
5248
1828
3954
5749
2748
332
5981
1818
687
2100
878
7171
950
8958
8611
8567
10103
7072
80
3162
5401
10475
4456
5065
4272
1303
10119
867
7386
8214
8792
7959
6630
7183
8702
4420
1571
1917
7022
9120
9335
1778
10508
4350
7275
1164
8365
2034
9797
5782
5376
2437
959
1542
2793
429
6044
1640
8220
3364
1451
4852
898
7369
4222
3376
9685
9997
1687
8089
1393
5067
1525
5855
1389
143
301
4945
1204
8505
2574
8206
5236
2208
5105
6945
7132
1904
6493
2531
2427
4834
6129
2944
751
4531
6499
3839
3948
7994
9792
5934
4088
987
7195
6308
9936
10627
7387
372
10455
7231
10481
7293
4323
1741
3204
4176
10126
5347
7652
5253
5783
6501
2644
9274
7779
3160
9913
6780
6779
9316
3727
5620
7557
536
1676
1595
1256
9021
10178
8521
21
10582
887
8225
8909
5537
2787
348
7215
7958
3735
3504
10371
8314
3781
9078
4094
5803
8619
9896
9434
7765
698
10315
577
5287
6546
8395
9170
1103
10441
7377
2806
7992
2550
10442
4134
1428
10264
5712
7886
3870
8422
2554
40
9020
5826
9556
8646
2430
3408
2172
4442
2981
5275
4306
4319
3238
1989
8032
10223
7622
8106
2725
8497
6629
6418
3492
3423
302
4851
1472
2786
10433
7106
10556
4667
809
8607
224
6719
9915
8268
6322
5230
283
10581
744
2810
1890
1852
3052
9825
8479
6113
7778
7409
9595
9058
1636
1195
7960
6848
7900
3879
2796
8785
9956
4146
2627
9774
8492
7822
4523
2275
608
3860
10511
3829
2989
2442
6972
891
3023
1009
3045
1436
9973
4045
6022
6357
486
3812
7239
8185
2406
6174
10058
3241
9933
10055
5429
9121
916
3716
1444
3197
8204
2571
5573
566
8066
146
6
860
7789
7708
1615
1710
7897
2219
8847
5433
9258
8836
5706
5975
2428
9785
4092
4659
9164
9671
6596
3712
5917
816
1431
298
6584
4339
8329
2101
7201
3230
6346
10498
6758
8301
1954
2926
9614
7590
1681
5604
1314
4936
8299
6209
9336
9379
7259
1292
1988
1021
9338
10236
6037
6389
4310
10614
7084
6317
3140
9486
5271
5511
8740
3667
8098
2240
5632
3147
9321
10519
1368
4016
9682
4814
4810
364
6671
10495
8135
4113
6605
1211
4961
131
6852
9189
1435
4684
4260
156
4879
2521
4477
9122
1369
3957
8095
9755
8814
1537
1172
731
4626
3334
7691
1895
2524
1429
5086
2370
4775
3258
7240
5402
8430
6189
8767
7298
4986
7338
5331
7838
3286
2211
8536
4742
8239
632
3391
10102
857
9301
4041
8127
5414
2716
8750
6117
3585
8002
3975
10228
7424
6491
902
154
8267
10197
6076
1013
2009
1493
4872
4506
7495
3133
3302
5469
3440
3572
10494
9609
3932
10579
5188
6296
2311
9754
4535
1823
10254
2281
6487
4533
2006
971
10104
9357
7594
7548
8737
5064
2496
4052
7852
10585
6443
4305
3543
4276
9178
4283
8311
10302
6594
9743
8760
10007
7244
2895
7872
8088
5583
7694
4649
4332
3883
8015
2434
5728
5848
3698
8753
8040
4692
8681
4003
2760
7673
4898
4594
2690
3363
6608
7554
1131
8054
5280
4904
7430
2098
2458
4154
3566
2873
3742
10365
8700
8092
4564
1820
5069
770
8758
3772
10493
8627
1040
6504
1976
9172
360
9948
10595
8527
1967
1927
7271
4169
858
7484
6560
10373
10213
10411
7661
9859
2138
3495
5341
1604
6939
8587
8950
7191
2495
3680
8898
7051
2337
4970
5040
2218
8476
60
7899
5235
7115
7236
1925
2872
4435
1381
8192
3249
8279
8417
7932
4303
3581
5180
2254
3300
6513
2913
8194
8394
4051
10029
9584
2865
10265
8464
8868
7350
2154
3768
9309
5798
8525
2204
10057
7533
5880
1039
8648
424
4665
9942
1357
5560
10156
9019
6967
851
9573
6265
6628
9059
9342
4069
1699
6168
9925
3950
6784
6211
5747
8143
8438
2954
8122
5949
174
465
3464
5238
3837
1278
8542
346
10163
7686
5119
4863
6220
8495
7440
4175
7339
10397
6879
10217
6532
6888
7606
9431
9097
5304
781
8608
8284
7133
2674
4689
449
3466
6430
2514
3963
1785
8599
3226
6887
4127
9376
6929
5549
4990
8965
317
3425
9697
2824
1696
9282
291
5609
5412
8399
8414
9268
3362
3071
2632
4821
6437
5883
10571
2527
8450
1928
4522
5987
4387
3596
3373
8102
9131
8933
530
353
8810
1894
4240
8356
3070
1965
10429
2820
7741
8128
4741
6176
5087
5503
288
5761
10001
6143
3453
2277
10589
2163
5090
1762
420
10341
3470
6941
136
9389
413
8024
7783
2935
6444
5956
7842
975
4753
3679
236
673
1811
9126
9992
4675
4577
9775
3659
1512
5957
8586
9528
4196
5075
9590
6400
4101
8606
6377
6145
1490
7455
5792
5399
6755
8822
2083
6165
704
3979
9725
864
3628
406
7715
1470
6632
6786
8929
7178
2372
9311
2004
2995
393
5243
1351
2394
5108
7164
4010
7927
8368
8456
5296
658
4525
7802
2542
7737
1168
3747
5221
8665
1870
208
9978
1515
4602
589
7429
4147
2228
9945
9608
6286
5692
2984
2036
2350
6416
6510
2515
8112
2252
10220
9545
9644
899
2267
2338
8797
8961
863
9460
2885
9089
2413
8396
10258
7087
803
8158
3288
9373
6529
4685
7632
4270
8949
4496
2916
176
2822
3824
3478
8038
8486
9895
7349
661
10002
1843
3500
8938
8845
10292
2221
4563
9890
10359
8502
2508
1645
1603
8035
10196
8861
4978
9733
1523
3221
4465
5126
6741
4587
4195
5212
3868
3143
1048
543
9811
461
10099
3685
6833
2769
1994
5671
4120
9712
5864
3863
542
5111
6810
3732
4726
3017
8970
9155
8419
8947
1901
3034
9445
1829
7609
2857
5099
7328
1939
6747
404
3458
10538
6567
6718
8624
6686
5575
4111
1221
4178
6378
255
10171
7173
2882
1432
1483
4835
2745
355
7721
1690
1473
8920
8390
5813
8256
3684
8163
8839
9681
7950
9640
7668
6788
1826
2043
5085
8361
480
4151
3947
8005
6515
381
549
198
210
7206
5908
5206
185
5218
10175
3959
10445
10514
7270
6392
684
3783
7995
10329
7692
9984
10224
6639
8056
10136
10503
10322
1463
9294
3828
9904
2974
1531
10413
3000
9508
6142
45
1283
905
7441
9235
8930
4275
7383
5136
4123
2975
5149
3906
9278
9456
8911
6901
972
4788
7593
5270
6585
1574
457
554
6837
6980
5298
7792
10468
5600
10362
6853
9073
5533
8645
5107
4798
7982
10111
10086
8340
8670
8487
8168
3183
3400
6825
8653
6977
5186
1743
4063
4725
10380
7952
2586
9158
2812
6601
7579
1388
6831
5557
7347
7728
2190
7123
2314
1597
9371
362
9368
1612
6733
8176
9826
7249
10591
8620
10396
8851
10607
721
3600
1874
4691
7688
7786
7780
2435
3223
7220
611
2639
7361
9195
4436
9457
2833
4474
7674
4551
2187
3625
9069
9983
3764
1587
3479
9499
5906
6210
7308
7342
6820
5781
3985
8485
3794
2979
1877
6981
9345
9094
5425
8057
3319
4116
2572
6369
88
2494
3743
5364
357
2795
3851
8114
4464
865
6242
604
4772
8178
5118
3104
6485
7848
5146
4521
6613
3804
9898
3784
1586
5547
2038
10061
5903
7742
1592
9485
4608
7531
2947
2253
10287
4037
9056
4370
5779
7963
8383
6100
1272
5763
9466
205
5342
7529
4403
5867
939
416
9479
7281
1567
4899
10297
4212
5872
672
9574
6835
822
8014
8706
5821
2170
9882
9944
4348
5487
980
7302
5545
8875
9613
161
7372
1952
239
1836
3523
10000
10017
4089
4740
135
5882
5988
6411
204
9641
10532
5068
1146
2779
7522
7333
9293
5252
10282
1494
1560
10201
2595
398
6925
7949
6674
4676
8166
1209
4888
4530
580
2666
2400
9334
1174
6059
9523
7490
2736
1134
9149
9876
7850
8991
6356
5258
6508
944
4083
2814
10390
7214
1348
6318
5626
6122
946
5039
9994
10400
3889
9704
5725
5027
7116
3136
1708
5922
8033
139
8131
4290
4868
244
5852
2310
5231
5194
8613
7957
3095
8408
8454
6900
173
4452
8589
3035
7439
4096
3003
9290
267
10214
46
3353
5695
2225
5302
3424
502
7436
2308
3997
6575
1378
8998
1719
7487
1405
3801
9767
498
1834
7060
9603
2471
5335
4080
1959
6781
2776
9860
6399
9076
292
532
5028
3567
9222
2967
5687
2444
9817
7152
6287
2205
9986
6109
3896
2113
6600
3116
10003
2559
3626
1532
6326
6164
736
5720
5338
900
1827
1383
5941
7024
5278
7774
9830
5451
10192
9378
7005
5938
1971
3618
2512
3704
6541
9804
3488
1403
7653
3705
10299
79
10561
2651
3892
8109
3177
10408
3461
7803
6845
4792
9626
1241
8252
9610
9384
2015
4369
8590
10515
8899
2589
1396
7511
3172
1841
10185
10330
703
7712
2782
5630
2348
10005
7968
7410
6915
8150
7812
8295
2128
8878
10580
2131
8191
6828
1973
10540
2743
9838
9103
8167
6766
3387
7695
3215
72
2379
10423
2724
4923
4316
3775
5489
3838
10193
9717
8010
10060
5926
10439
2643
7415
2591
8932
442
2373
846
1332
5297
177
8617
594
7230
5217
7389
5913
6007
1223
538
5063
6838
9968
335
8009
167
9567
7978
8138
6561
1022
4960
7739
6716
7515
4559
6821
7313
4883
516
7343
8860
10401
8686
7180
5506
1282
6103
2037
3601
641
3789
3844
4441
6050
3483
8183
9761
8981
10212
8362
5665
5764
5113
8343
7112
4963
471
3401
6890
3151
9789
7809
8568
7646
7245
2497
1068
9934
10539
5321
712
1701
491
1682
9914
2470
3191
7501
2010
2526
9047
3715
10320
4865
9514
3054
3341
6999
7860
5824
9583
7650
4934
4604
10578
6543
791
5352
8060
4334
6225
2980
83
8551
4389
1095
3176
8993
8385
2391
2390
8202
7480
7526
6556
5510
5592
879
6638
591
8902
5299
212
5709
4639
8832
5191
5397
5524
3510
2511
5590
2303
7887
1510
5563
5816
3910
1999
7010
4268
9569
2377
4164
6345
2094
3991
9829
7592
4596
1325
4368
9960
10410
6060
2707
6995
8081
5251
7581
1958
6940
5794
2217
6943
8531
2826
6622
8062
2183
6514
3228
8604
5912
5466
1564
6396
5756
1550
3501
9900
1751
2259
7399
9408
3763
6003
7733
4166
9865
2481
8133
3711
54
5368
1578
7016
170
9451
8849
1744
4282
5588
7225
1482
9442
4437
115
8076
9552
3030
2335
214
6028
3669
2891
1248
7527
9374
895
6774
10459
10219
7174
1425
904
365
10497
4478
240
10020
10015
7166
289
3227
495
7965
6959
1407
4827
9892
1237
5556
228
8019
1680
112
7049
8236
3441
5861
8507
995
2199
3407
8117
7122
1297
209
4951
5005
3231
3346
8757
6949
358
2938
3931
10576
7625
5032
3675
3507
5114
78
8121
6307
10513
5333
6251
3878
9927
97
9297
6555
3213
5313
3728
1847
3083
10599
6234
6021
1024
2610
5907
9819
585
4971
9730
6902
9167
5262
5021
8588
3819
8367
4054
8045
3438
9586
6147
5411
33
4033
9146
380
10149
6509
9532
4142
2024
7535
875
2273
1491
8953
9382
56
2681
5530
6299
6207
2783
910
1627
4361
4261
8692
7876
1656
4715
1371
2135
86
643
3046
9209
9705
4570
699
217
4711
8455
4723
10541
7198
5833
1855
3749
6801
4820
4520
1854
8557
9452
4729
8180
9440
587
7120
5496
2815
4235
5667
10328
2369
10440
4962
1936
1498
8798
4137
3450
197
9072
2485
1887
4091
2762
569
9735
2423
7011
6363
3159
5513
2352
3345
2329
3354
601
10273
1346
7135
8528
9530
8392
9247
1262
2502
8132
6087
5322
8200
9976
6607
10609
8622
2360
1598
6731
9179
7776
4542
3534
5158
7571
3644
9686
9453
4664
5752
4135
9961
619
2463
3395
7420
574
5819
4213
10392
9917
2405
1979
1225
10545
2668
4754
4019
6951
5539
1085
9402
4823
6384
9911
9726
806
2761
7884
1147
1753
8951
2636
3738
9498
3700
8543
1155
4673
575
2764
6089
665
880
1916
10081
4381
10300
990
7919
5017
7367
5512
5038
10458
4026
772
546
2973
2853
2934
883
1281
10187
85
1182
10524
1026
3831
8271
1316
5791
2060
782
2784
4724
286
5965
2256
1622
9516
610
2345
3786
7641
2148
2108
3107
6818
1765
3350
4509
4500
4429
2344
3089
752
7586
4975
9156
1703
810
496
973
160
3019
832
1202
6422
9086
10148
6856
927
9099
6130
129
8816
9306
6540
1145
7146
6335
2095
528
10174
474
5468
7068
3619
4412
1259
2578
6212
8580
10172
3420
5621
3005
7891
9815
6315
9271
1950
8673
6376
2047
3257
1409
6700
5678
3683
833
9524
8821
9851
8937
7004
82
10435
7651
7598
5309
5742
5428
4774
4569
1638
1616
6874
10361
122
7813
3916
7257
775
168
2619
2279
70
6352
3131
8440
105
4722
6892
1540
4793
3122
3369
7764
9713
8566
9236
8869
2125
5841
697
5919
7560
5616
3584
5845
1324
3816
6979
5777
5933
7660
4653
960
3285
9439
8978
3396
3157
4073
890
4539
250
9690
5595
7075
8748
81
5189
1313
10062
6125
1545
9176
3793
955
4763
7940
4761
4717
4746
7263
1287
9182
1506
123
366
9425
6531
1892
2414
2399
7621
7644
3686
10434
1037
1934
820
5316
14
8439
9784
6070
6434
7292
774
7705
1280
10386
7551
8278
3173
238
8844
464
4666
414
4824
2747
8266
5793
7097
6528
2606
4621
3245
6765
9418
5730
9638
8852
1056
7667
10022
142
1808
1096
2921
10567
2245
6904
1646
6073
2355
8013
3385
3922
9702
9005
9889
3506
2420
9688
7295
3926
10472
6512
5334
10204
2055
9856
2447
6506
6580
116
4409
8669
4336
6355
5962
1983
8641
7864
6463
9075
5886
2226
9701
4794
30
8139
6410
9632
1913
9919
5200
7933
4326
5261
2773
5946
6614
8672
5731
1601
7610
9758
6807
5918
7179
8409
4804
2961
568
2536
6420
145
8156
4800
2683
8989
5993
10198
3371
5095
8523
5647
7493
901
8111
8595
7494
9649
3993
677
4968
9220
1161
8693
2247
10075
4541
8264
6012
7058
2243
9731
8775
4987
7663
3297
8433
9356
6239
9214
9897
10206
3330
3525
2719
2827
8386
6449
7064
8342
5184
3343
1208
3937
1739
5685
9587
3502
968
5383
5366
3936
607
1093
6842
5339
7916
5633
5467
700
10127
6111
181
4259
2925
269
7790
2176
9736
4183
1080
9067
4516
3382
280
9954
2978
933
5548
5516
3366
2207
773
4046
8647
1402
3078
4751
1488
2079
5053
815
7384
6817
2025
2804
2962
558
3149
7770
4201
2270
23
10471
2452
9765
1139
120
581
7465
1439
720
526
4318
9299
106
10045
2592
9455
2546
10202
8108
2831
2529
7545
10544
1772
10250
4189
1382
2922
363
1742
10024
1036
9490
6159
9931
4678
8049
10030
1580
4450
713
254
7520
4705
7475
6235
8754
3547
6549
6839
9136
8218
6190
6068
7498
3430
10211
10418
3555
10450
5413
2366
920
6593
5192
2903
3635
1193
6366
6338
757
259
9580
3578
4704
3610
1798
10536
10087
3776
349
6522
1974
6496
2844
6761
6358
3180
10091
4575
8453
9491
8994
448
2448
2896
1200
7564
2330
0
2898
761
3493
7020
5830
3563
1123
5135
5700
1184
3517
9196
9478
4
6885
4490
9634
9286
3986
1618
6973
7017
4647
2422
3460
7985
9105
3201
3323
1442
5404
6612
9521
10048
3356
9955
9746
4248
7285
7151
9173
3467
6475
1714
4488
8474
1995
7145
5658
4695
6339
4534
7649
8892
6402
7805
1275
10085
1015
8768
6481
1137
9729
10324
10190
8975
9108
5224
10600
2756
5571
4002
2141
3383
1717
258
9365
5078
7634
2105
1749
9564
9199
1465
3388
3888
8519
8460
1159
844
2274
1791
2628
8501
2951
7662
2781
7680
109
7924
2624
4537
681
5984
2331
9095
9446
5703
10333
2222
7137
3105
9926
7798
5123
9820
2069
281
9536
5265
9370
8512
2044
3706
6938
1201
8635
7845
3853
9902
3714
7119
5430
650
164
1840
2765
7238
9127
634
3120
6650
896
3833
3508
8918
8234
6248
9303
3277
1584
823
3220
9549
3109
4062
5117
9432
6362
7827
8063
4004
6398
9388
7354
6336
3462
3218
5405
680
9090
3920
9588
2488
180
4393
3412
9605
7129
829
10140
7547
3861
10052
4855
6006
9979
10305
9548
3521
8820
4098
1315
5910
7209
10260
3496
7645
4720
1614
5305
2535
1946
1246
3239
5100
1750
6505
4253
7374
8101
3435
6262
9194
4734
7186
5051
5288
847
6702
3329
9751
525
10575
6581
7256
6394
7537
1430
645
621
893
2596
10512
7962
4756
9687
4144
8651
9447
8280
5835
3586
3725
6797
4064
9426
7549
437
3374
4902
7136
5538
69
8817
27
9787
3064
3337
2714
573
8480
4907
5223
3465
5367
1170
3898
1521
5697
541
10065
6704
5396
3788
5081
10067
8830
434
4680
7488
10572
6587
7348
9906
935
6773
7542
485
4497
1329
6214
1629
8985
5858
2030
6267
3447
2551
874
4470
10274
3194
6300
1764
2200
8025
6863
10108
3556
2169
9438
4185
10221
8222
9071
3894
8360
6470
10072
907
328
9263
5417
5481
6989
1937
1502
1670
1224
3778
9234
3938
1499
3891
2811
8473
6386
9168
3748
2244
7990
2645
6846
1551
786
1575
9503
3520
7914
8939
3471
5091
4730
3125
3722
767
1619
6805
2840
7379
6094
5393
8100
5462
8842
2663
3913
5929
5611
3640
1561
2659
241
4937
7078
1453
10342
5786
7031
9025
8564
8897
3306
7687
8277
9107
1724
1644
5463
8594
6344
9692
10226
1705
6661
6997
2507
9734
7272
7396
5026
3372
8113
5490
4540
3552
9394
8482
3193
1625
4524
3631
1943
9463
74
5133
9872
694
4114
2019
9857
9145
2003
1555
6889
7756
9291
5196
9227
7525
8059
2320
6372
8680
4050
3250
8658
5088
10346
5765
3597
1362
8925
9839
5089
6909
1773
2991
5629
3264
9015
3953
10521
3253
649
1672
8826
4128
8044
1091
8251
811
5676
8891
10112
3942
7366
4411
1661
9674
1623
3726
7576
2112
9367
9779
7150
6526
7457
4359
4866
7875
4512
4510
3821
10205
1025
273
1914
2005
6974
7219
4786
8171
2165
2914
5797
9210
9691
3061
2
1128
226
2957
5400
2870
248
872
6557
8177
2768
9329
3127
6303
2573
10123
4967
8263
421
2167
1910
102
9615
9401
2301
3482
4090
9375
5101
10243
9625
2874
7730
10132
3058
2780
2886
9547
9500
9841
4735
1722
10547
3672
5613
4701
8246
7491
4773
7993
8017
7863
8518
4109
10325
4000
8471
4295
9518
3416
6096
5758
6715
8011
3006
4203
8494
1274
3042
10014
3378
6826
2393
10004
7391
6681
5923
7456
8348
6136
2617
1796
5448
8546
7393
1761
9575
308
470
3266
1909
6664
5578
1984
8539
8957
2701
3336
6559
5454
9846
735
3324
3603
6319
8445
6325
9026
4630
6961
7599
7679
2851
6127
8863
9836
10483
2869
171
9562
2142
10088
2476
5622
6568
9363
9843
2640
7141
7385
4007
6627
9744
2878
3634
4472
5394
561
4836
9648
9884
5178
5605
5954
9092
55
2454
6305
10294
3541
7065
1700
7287
52
124
6231
6668
2868
6163
7720
8195
3622
2615
7867
3074
7939
10310
6061
4143
9413
6257
2968
1230
9081
7228
6953
6830
3834
1582
8436
6782
9886
3605
9554
4627
5175
9481
350
8997
9957
3557
10191
6954
7595
6301
3529
2600
609
1031
5014
1726
6270
9254
5122
2671
2604
7518
7032
7412
10379
1857
7093
2285
8846
5832
1756
295
411
2539
10026
4349
1591
9600
7104
8389
9123
2140
1963
9972
2871
400
7582
6175
6785
6107
1504
1882
2241
9084
10550
2363
9982
5452
3636
2020
4698
2792
2684
7938
6439
2450
8630
57
10376
9935
2576
1186
2887
7567
7407
2929
8615
5679
1507
7305
1926
8027
8616
9504
1000
2012
7069
9112
2630
7080
8610
5260
10526
5379
3927
7589
9918
8229
8893
5022
337
9654
8734
4966
5644
7264
396
1358
9289
408
4314
4995
8805
1596
7753
8461
7462
8924
5000
8732
6156
8639
4504
6241
10272
10420
10063
3571
64
8722
4423
10286
5888
5056
7288
9594
4263
6772
10546
7584
5207
6187
9728
8895
9947
6935
2856
9295
2062
1912
1922
4379
53
5928
8238
4419
2985
333
6631
4405
5748
5104
1471
10303
1607
7265
10105
6250
4571
8134
4556
6460
612
7672
5138
4439
6641
10484
6669
297
6998
9585
2737
452
8919
10555
8684
7337
39
2058
6851
6736
3830
7896
3392
1802
6441
8804
2318
8517
1421
10574
447
2774
7819
270
8928
8789
8296
5958
5969
6536
8683
8741
9909
5964
1052
5350
9660
446
77
9559
3256
3275
2260
10076
10587
9273
493
5202
4414
4391
265
6551
6754
2890
2846
2530
4186
1411
6222
5596
10133
10222
42
2797
8039
5750
1101
6966
5079
2474
5019
8642
7771
1685
3620
5303
9183
10096
1770
9620
8664
6027
4020
8140
2568
7847
9031
2866
9187
4903
9353
10208
3606
2136
9482
2818
4818
1206
1569
6204
1941
4789
2191
3007
7378
3135
1977
3522
4984
2106
9039
8182
6698
6048
24
3642
10142
8051
95
2849
2343
5719
7485
8729
2949
4335
2880
356
8435
10227
783
572
9810
2697
8555
6734
6802
9628
7810
2842
1424
5878
9150
4801
7079
1856
8685
4257
4625
6652
5470
8061
3869
6752
4499
5669
6624
2455
1651
6055
6469
5327
1449
1240
2381
9470
5232
2567
2835
8393
2186
2021
9109
6665
5715
2763
4362
8736
2558
4119
121
4847
2147
9411
1398
9364
921
6170
7702
1865
1122
2908
1250
2195
5881
8223
100
6588
3294
4291
5559
5594
7605
8582
9874
993
3967
2322
8003
9505
8915
5442
3708
8774
8514
10590
6969
3800
2915
8601
1549
4208
7678
3569
4317
2635
6128
994
8077
5822
947
5168
8323
5317
2436
6464
1654
9995
4655
7131
7514
8941
3352
8465
7365
2061
10044
917
3608
2132
1930
4999
10016
3212
8007
4623
762
7291
7013
5921
5115
8824
5274
4422
5967
7538
5
1501
4928
10372
5023
3733
10592
2750
3086
2943
9128
8420
1319
8096
7248
8020
5363
8129
1236
1219
3097
1264
9738
107
4743
10618
9489
3609
4061
7400
3167
9724
1572
518
2689
778
2602
1458
2201
3514
3980
2518
9448
9550
3649
4246
2598
5628
9340
8917
2439
7023
2284
9462
6180
5456
1554
1140
1116
1804
5784
4764
5250
2334
6678
6015
3403
2553
805
4126
2798
6695
2127
4104
7796
1605
9359
5505
4265
10625
740
10268
2213
6200
6746
9646
1842
7330
504
2676
2950
5828
8871
876
4320
2065
1508
5663
6167
9798
7340
9742
6709
9923
6880
7851
3057
515
9383
9137
9760
1635
8318
10094
1873
8640
2192
3370
10006
8064
5865
2738
5641
1149
6903
9355
2877
5672
2109
10353
8363
8334
10596
4138
711
3381
8308
3150
7088
9057
32
7067
9990
3242
1307
5409
6573
3283
10570
6748
3961
9405
5898
2499
4130
9953
2498
4637
8713
1218
9807
8155
3142
792
1266
640
3276
8146
3222
800
10421
8656
3554
8309
5132
8520
3075
1269
2976
6031
6266
8644
10233
1108
4911
4217
4622
10404
5940
2805
3565
50
1350
10090
4005
8031
2092
7620
7388
2560
9038
5161
7353
4008
5691
3394
9795
8074
7866
7585
1352
2500
5523
4536
6154
5937
4210
2040
5277
2755
6964
8120
6611
10431
1858
8777
2209
5839
5256
8269
6625
8028
908
7905
5966
2123
8752
3528
10054
6053
8529
9012
9161
5599
1780
4878
9974
3760
8359
6414
819
6706
4067
1337
4271
8628
1132
1107
7951
1944
1258
5375
3088
9051
1746
1183
9662
2212
5373
6791
6965
6056
954
7947
5035
2232
2332
3757
6840
10345
8513
391
4760
6119
9553
5498
5597
9805
8894
4581
407
3998
5174
6294
9052
3650
2754
4864
7544
2421
7570
965
7019
10444
7832
9344
5818
2519
3402
6569
6507
8660
1150
3587
8553
9655
6370
8381
9493
4333
3729
9577
5096
1251
8573
9928
319
3010
169
7640
5780
9022
3813
1353
7139
179
4220
10537
9861
5535
7714
2544
3299
8787
7294
8423
6865
3415
7284
4580
1038
4461
9517
10417
7207
9752
2847
1526
3196
1018
6331
3138
9664
9427
8400
9762
10363
4591
6038
3182
8427
5857
3594
6160
8666
3791
3759
4152
7791
2753
8034
1434
2742
2164
9119
4338
5634
690
4451
8827
544
1793
7806
6064
7704
6948
6082
1489
2909
4453
4545
9677
3209
2923
2071
2990
2107
2721
3548
7037
155
7934
5349
1911
957
5558
2289
6052
5722
5844
3216
709
6288
253
1524
4819
10046
7358
8879
1530
268
3397
5150
8790
10296
2948
3701
1961
9582
654
4817
257
5603
8418
3489
3123
3854
10378
2966
7895
9116
1924
10349
1191
4757
475
368
1279
4956
963
9652
1628
8858
5651
10269
1361
3344
7881
4273
418
5718
4153
5971
3332
6152
6643
2486
10339
10355
3639
9377
926
3505
9703
7063
3433
6988
942
2727
1049
802
4188
563
8526
5746
6019
10456
5050
8209
9700
8067
2717
6179
2386
8614
5901
4731
3740
2720
4302
4356
8199
5226
4398
1129
6859
1345
3540
3137
2473
10040
3261
8358
10573
5974
8090
134
4719
6667
3570
3519
5778
5843
10619
8141
919
4891
2368
9017
8565
8943
8631
2155
6023
8992
10019
2278
4950
7505
991
4954
1010
1932
1028
2969
3076
4799
1220
4737
675
232
10242
144
6957
4309
6020
9868
4225
1063
7363
2540
263
3978
1420
4232
2899
5684
1454
8633
1124
4292
4301
1433
9312
4363
8968
10449
1060
6423
8313
4981
104
5336
9160
5566
3413
5208
4242
90
6946
9827
754
3141
1342
4011
796
9082
2022
9061
2516
2076
8823
5485
6984
6987
294
1790
7055
9159
3575
1863
1268
741
5860
8437
6815
7216
9430
7156
724
6893
969
10247
5419
5076
9208
10266
9824
237
5187
7190
3687
1845
3207
3551
10388
3108
4141
3322
3996
1609
9260
2986
7472
9324
6432
9386
4661
359
702
7163
1830
6896
3615
3774
8364
4053
2612
2655
8416
1053
6577
3274
5044
8136
4481
1568
5800
8354
1126
603
9558
4344
1492
5544
3486
3718
3188
3811
4017
338
10516
7380
5120
5455
9637
1535
6905
7750
3734
3761
277
7267
415
5770
1118
3623
747
7459
5013
242
3579
3459
58
2924
4588
3174
3923
9676
6653
5635
540
3456
7045
4949
4713
3671
2971
6245
2691
5279
7153
10182
5509
2749
1869
3340
6425
6619
2834
1198
2601
1087
6658
4700
6762
3808
7602
6812
2918
5116
6206
10155
8328
4813
5102
9601
3331
622
3291
1632
5705
1354
66
9049
436
7221
7003
6133
7841
638
1897
2482
6530
196
6184
769
8144
6610
8955
3360
4889
4215
9535
1955
6092
1745
8907
9732
7160
4239
473
1051
4586
3452
141
2906
1536
3358
728
6708
3445
5656
5729
8410
7987
7468
4766
509
9250
111
4075
8053
5879
1833
3617
5995
7321
6857
3562
5426
6181
9721
6178
6230
3966
9124
8552
3629
5699
4313
1673
2735
2902
399
4468
9497
2008
9561
3333
7883
9627
9200
4277
10354
1271
6219
3311
1546
4081
3741
5567
6354
8243
6232
1336
4965
9709
5165
2996
10358
5093
7546
5862
5884
6796
3918
840
6112
10402
888
2585
4503
9009
8333
3327
9823
7444
3699
4204
3604
7467
8159
5751
5900
1156
4514
7573
2215
1377
2702
6767
4396
7307
4416
7192
3040
4648
6768
4996
2016
7577
3112
62
10604
8913
6553
723
2143
4707
8373
5562
2356
8186
10356
6599
477
3065
4884
9607
10283
2523
533
307
4941
3128
8310
606
369
5593
825
7685
8691
8226
8478
4122
2952
4618
4428
1929
9975
977
7242
7158
1450
3219
8874
6361
4028
10013
5809
7094
5357
6102
6049
3935
9782
459
8745
1133
7892
1671
6196
6936
4015
1125
3316
3252
9326
2327
7901
7910
4745
7445
7763
4162
854
9800
7395
10009
9656
5398
3321
10267
9063
6465
8550
5960
2854
3911
2897
6347
1311
3599
2250
7788
5071
6309
6415
4558
10083
49
1328
6699
3472
9643
6516
3692
2729
245
10360
5495
3884
4562
2772
6078
7821
5677
4244
1333
9922
6633
1896
2621
9003
593
4983
9642
306
6682
2581
5128
5020
2263
266
602
10478
6349
9148
5518
7460
1306
6351
8707
8244
1194
8936
1099
5959
6858
1709
1464
7868
9193
6895
4494
8984
7908
5478
4467
7917
9741
6476
4230
202
9871
430
2770
5042
6854
9715
7483
3886
2867
1392
5569
8533
1067
799
1355
1660
3390
8632
9696
4646
7666
2358
2272
4025
9327
6744
4674
7911
10218
206
6186
6703
7977
1290
5306
2669
7684
8254
9471
7569
3825
6043
10620
8584
2920
4796
9093
5675
4552
4192
726
8850
2532
487
4892
3724
2599
4177
6202
4444
10531
6803
4254
3171
2306
5532
5058
763
629
5740
7639
5737
4484
10184
4219
1558
1363
4285
6894
4211
5639
8462
8006
5011
9653
2233
6042
10482
5477
6483
310
8877
4908
7426
9385
742
3946
2001
9529
5757
3773
1318
758
3908
2609
5034
5659
1562
2433
7869
8873
10225
1438
10137
9141
6388
8910
149
7826
2312
537
6039
5484
6124
8425
7843
10116
943
3008
8258
7984
10350
1238
6947
8776
4619
8426
3542
4989
6334
1228
8353
6525
2654
7512
2461
7260
6138
2158
9237
10422
592
6691
7580
7089
10012
5282
10332
2661
2569
5431
8572
8743
2673
8744
5721
10070
9921
5310
8921
5951
10166
4909
9317
8709
4342
6273
8708
6721
1110
4803
7185
8085
2965
1302
10240
3526
8174
5269
10588
8447
5345
7
4815
9134
2634
6918
9981
745
7489
7283
4107
7719
3822
10100
2103
5181
9429
4716
8335
961
10308
1718
9409
6090
9035
2778
616
8954
8405
6565
8037
2067
6711
1707
8157
6849
3113
3081
6327
7127
7036
9028
7405
10309
10391
2408
6057
1647
2850
5896
4656
4572
9332
4385
9669
4640
7035
10452
3802
5789
7808
1600
9920
7102
10276
10313
10535
3710
9881
4682
6841
2220
664
390
5759
4896
5247
9885
5945
4197
6106
10035
7563
2894
3265
7888
438
3132
9835
8071
321
2342
3359
6763
376
5994
3094
6930
1940
4056
1479
375
2319
9415
8321
6660
7499
3442
8145
6994
7435
5362
868
10064
1162
4448
7961
4475
7303
759
2046
1081
6511
6065
3614
9444
8193
260
2449
31
3246
2041
6135
2465
4906
2552
10146
7801
5460
6098
3977
9212
4105
4148
489
175
2892
