4947
4454
2772
7358
234
4419
9872
4928
3960
6781
4029
6641
6102
7150
9669
5371
4154
5632
4576
339
1102
8131
5788
7983
135
7433
7248
1107
733
10596
3047
7494
4001
653
3654
2312
422
10259
5052
8130
160
3951
7279
4410
7745
5489
5836
137
10147
7409
9310
9540
9306
9044
9062
4699
6603
5607
6064
8494
1149
1173
734
9444
7749
912
10453
9763
1000
5583
9350
1692
1012
8635
7694
4583
2325
7328
4206
2388
1196
1731
5623
9655
8152
9238
7788
1450
3169
3233
10216
3481
2986
7164
6290
4602
4445
1108
3
9233
10175
3058
1452
3632
5850
1042
8751
10345
5994
1761
3473
2544
4170
3842
10110
3938
10140
2095
8321
4637
10399
2996
7141
5354
7349
2370
4270
6399
1024
4955
3908
5794
7015
7969
815
7628
10013
8730
10166
2765
1370
8863
6096
4845
4386
7753
8779
3756
4568
4444
1754
9407
4021
4862
9989
3273
8139
7795
6973
3696
3403
2553
9311
5896
8355
7981
9261
3714
54
5313
5094
1050
2112
2187
7634
7790
6523
7156
4226
5208
5829
3940
8205
736
8757
6855
6473
8711
8895
4521
8776
8218
7303
1058
5707
2406
5398
1968
327
4002
6971
8636
1634
9640
3358
9380
9894
9262
10449
1648
2856
4618
8896
4513
2922
6708
5197
5370
9788
885
8844
2259
735
4383
5454
3300
7469
1072
3157
4363
5551
6017
3719
3505
5066
10063
8268
8165
3923
10410
5338
5519
3863
2455
317
692
9
366
5352
9510
2173
8890
558
2894
2869
2633
10156
5199
9245
391
4989
787
7405
2225
4209
269
7928
2047
4450
2093
8828
6624
6581
6291
4545
2640
3986
10567
3041
5268
7024
1297
7828
3824
9804
5772
3952
7264
6009
4685
9089
10029
8418
2654
3223
3984
301
6854
1060
4515
7951
5821
2647
2715
888
8104
9953
6812
4050
10462
4535
707
2648
9011
2127
9183
725
672
6219
2167
10030
359
8307
2463
5005
3976
4527
1914
777
6345
4347
3229
145
5357
8703
4230
5292
10467
2310
2808
10312
7785
3921
3111
3909
9939
763
3648
1086
10383
9421
9855
2351
9587
6611
7085
9100
9363
3932
5893
7163
9312
28
806
1861
7911
3004
1743
1892
7666
7222
8912
3078
5423
2639
4836
627
2693
596
9032
8658
8209
8704
5738
10132
6080
10377
2032
1076
2775
10076
2720
10256
2063
2017
9814
362
2714
6691
4567
8280
9903
1671
4943
8684
4364
9138
628
6684
5411
9614
4173
2543
9661
3311
7211
9896
6845
2983
7853
10365
6557
11
3310
1911
6169
3443
7766
5936
9714
3474
1099
67
5771
2033
3454
9457
2530
2314
4716
7010
6655
10337
4645
8402
9907
5791
1710
8643
6793
5258
1579
5656
769
5934
8379
874
7496
8556
9909
8722
9282
8159
8529
6662
8805
9129
7369
6259
3109
2480
10335
5795
8980
5408
4083
7567
8811
2478
6474
2713
1549
3877
7598
1460
5312
10074
5825
5068
6792
8991
6707
8021
7803
7874
305
3843
10372
5999
6701
8099
9764
6613
9827
6256
428
7553
8693
5663
913
1240
852
8777
333
7103
3570
6528
4953
10081
7277
461
916
9542
2178
7988
1978
9043
1845
1489
184
8248
9395
6464
9841
4959
1585
5164
8898
9485
1278
1314
5905
1194
1143
8984
1271
6918
1045
7340
2998
4243
1268
9467
2557
5415
880
1346
1723
8975
4858
1663
4082
468
7875
9522
10302
8724
4124
5961
408
7239
2344
7056
667
6186
1130
13
7149
5839
8562
8264
10469
5593
10554
1720
426
9670
1193
9701
5599
7357
1064
8381
1582
467
3438
4997
315
3679
1401
2903
2580
2834
9007
537
1234
1388
9613
9086
2658
123
3893
8208
10512
9668
2467
4934
8638
4191
9612
1788
5732
513
6815
3896
3238
3829
6265
4147
2128
232
931
479
3428
8979
679
6168
1014
7977
3790
3836
2956
7954
4649
7193
2704
8919
6932
3497
7033
448
3971
8523
2791
7850
4788
10212
2144
5508
6184
4666
973
9184
143
8016
8913
6998
8388
10513
302
4626
10426
3100
7840
1017
6021
2285
2850
6450
7416
5879
15
106
3432
4455
8576
7544
5861
8132
5686
8116
2349
3187
4252
1988
8893
3717
7311
10041
72
7882
2354
5728
5533
2846
7196
4992
8019
3283
3826
1596
6499
7761
4773
5565
1501
2925
6729
9637
6216
1308
8013
1062
4227
4321
8952
10245
7434
5618
3841
3558
2617
8236
9571
7889
5560
9033
8403
5496
1804
778
5521
4719
8083
7040
2887
6324
3999
2352
2211
4335
2407
3991
554
3566
7991
7125
6055
6739
9329
2194
7607
10228
4022
3686
2993
4668
6287
9671
4407
4430
6730
1005
964
5801
9624
9579
5362
564
4018
2131
6354
3339
4112
3230
7029
556
4374
904
8220
3301
3060
4122
1655
1300
4787
131
9627
9577
4646
5924
6161
5282
4802
10447
1824
5605
4245
648
8774
280
7905
2499
7668
5975
979
3236
4496
3851
1347
555
8108
6248
6645
1916
2482
775
5248
3903
5847
5237
9097
6579
4642
2755
7837
2421
9364
5970
1820
3840
4815
0
9687
1727
4851
8862
840
790
5926
6755
2613
7360
5595
9208
834
2730
1493
2936
10290
803
6213
9723
322
9286
5093
83
999
3035
750
5331
6821
4032
4417
4488
5708
5843
8369
7483
411
9853
10602
3298
9375
3434
8001
10115
10318
8671
7925
2104
2188
4573
4211
6188
1202
111
572
9433
9693
197
758
10446
8502
3650
4376
9027
1092
10382
3699
4015
4960
3733
5953
2891
5302
6834
1486
26
6703
6718
5660
10114
4091
5262
2793
5546
354
6204
3482
8793
4660
3958
7636
5954
7547
8093
5887
1356
8902
1008
10488
862
4661
2081
8285
742
9315
7645
7075
6938
8372
5923
4508
7498
7842
223
799
4814
8034
5766
9642
3539
7272
6454
6828
6267
5860
9842
6956
6334
4617
2848
494
7344
6339
2824
5819
5194
6860
8251
2454
3653
9052
6350
5842
921
6916
3754
3897
1713
2529
7573
6183
4639
2283
7560
496
469
3955
2133
7017
6120
94
4672
6132
2822
401
8614
7108
5383
1961
210
1560
975
8274
74
1808
4542
8674
7674
2699
2197
4229
10094
76
1505
2488
4706
6642
6004
288
7147
10135
981
5608
10503
3077
7751
2371
6146
9934
7855
5919
1630
1705
3588
1591
4166
8042
4278
5051
7385
30
8656
9906
115
1836
10195
5035
9997
2276
5866
8577
8344
919
5838
10420
7238
5602
8328
4691
2042
384
3768
9142
369
7406
8714
4770
3939
6498
560
10027
5112
10459
10241
5935
3375
6637
5399
6337
10422
6867
1816
1969
2291
7534
5633
304
1729
6542
4379
2551
8518
7450
8608
652
1189
9447
8250
9428
9860
8161
6993
1509
9654
1415
7698
7504
296
10397
2904
7063
9581
9617
8305
6217
3658
6593
8822
1867
1090
1299
4128
10423
8436
10407
10476
949
5877
2990
1093
1563
8226
10585
1624
7738
6076
10347
8645
2099
8852
8229
8507
9205
2046
1341
1517
10450
1015
4441
10562
3822
4210
10067
4595
8351
4945
6367
7736
6087
8752
5581
8641
5355
6451
388
8934
724
7671
3913
8481
5293
214
2810
4817
10293
9705
5218
4215
6517
934
3303
7676
7371
2614
7438
838
4564
5380
771
4020
2210
7200
933
5944
10532
6283
9716
8424
1537
1715
8780
370
8415
9248
9990
3465
8988
2795
7476
2138
4650
5604
2689
10028
2501
871
10002
2306
8682
473
5726
6680
794
6888
3486
10020
7662
3875
3498
6114
8948
7005
7661
4914
4322
7129
9560
10034
417
4991
8179
8040
7774
5180
5308
4151
5921
8302
4532
9399
7078
7946
2233
6753
2056
7533
10576
1889
5233
7337
8496
6361
1200
4125
2158
10588
5460
1535
9520
928
265
9597
9650
8771
129
6824
841
8197
3203
1295
2918
6754
10527
9045
3278
6910
3228
5437
2955
9144
7798
10543
5183
6434
5422
7763
6731
9256
5092
3034
3587
3127
7008
4287
4282
8008
3042
10424
10011
9537
4837
4130
2335
3883
6452
804
9341
8584
5872
2707
7218
5823
5592
1030
252
6972
5265
5631
6862
2574
4630
2959
5584
8665
7390
4180
5231
9730
2240
2701
5950
10329
9359
2752
7812
1871
1154
3801
8263
6530
8392
744
337
2988
746
1035
4886
442
2562
8256
8365
5757
1840
9470
5507
10090
389
6325
2628
8420
501
2770
4784
7961
9857
896
10226
4294
8511
10268
5390
2549
5673
895
10096
9095
5574
158
9533
2080
226
1835
3009
649
8462
3457
9088
6028
4026
5473
7794
9029
9920
723
4378
2724
3521
3858
9767
4135
1392
6575
2678
3024
5802
2645
8694
9830
2376
2262
4749
1377
9603
2883
3852
8064
8082
1577
7847
9672
546
6829
10145
6853
2242
334
3735
6604
9554
5057
1981
9325
8201
8857
4506
1959
7509
5434
7657
7551
5088
2280
1348
8756
4039
2440
5828
1865
6117
10364
1255
5881
6943
3408
8631
1987
3515
5989
6072
1621
4313
4266
4812
5613
1670
3803
10389
2000
8382
9740
3484
429
10264
5404
1484
2250
3351
3071
10600
2141
1
10025
4104
8444
8938
4908
1826
9822
8396
5891
9091
10010
2160
9683
4629
7460
10583
4025
4635
2110
2256
3646
8018
7186
8550
3527
7399
4547
7169
6266
5056
8855
4844
201
4756
4106
7508
2836
3378
4613
10615
7027
1083
7561
6539
519
4689
1292
3886
3201
657
6311
9289
2257
2989
6877
507
5960
2874
3943
6082
715
4462
5238
3848
10402
7378
1158
7685
2957
2443
3101
6484
9019
4070
5854
3544
1321
4619
9324
9568
3027
7864
3563
1091
10055
3580
32
2339
8615
9778
7246
2878
3158
9993
1500
4554
4332
6247
6534
5249
1175
5531
1594
5693
9179
6000
7944
4458
8430
5777
6439
5485
7997
5769
1883
7100
10203
8760
6501
9523
4827
9754
8705
6556
2740
8331
5993
8395
5127
5702
2930
9823
4728
8832
9480
5809
5022
6711
8612
8688
1590
3232
8
7714
6022
1428
103
893
5643
2835
10339
4840
6470
6099
2750
1101
7678
7877
6301
3630
8654
5456
3503
4402
9424
6496
8426
8788
7368
7
10169
2682
4721
9373
2279
10191
5723
1822
9381
2011
8789
10044
8578
9711
5979
8067
8861
10163
5749
8914
8845
1939
10398
10178
1898
5224
9552
6666
8005
3731
8121
5442
6272
2177
2028
10122
195
1057
9154
6580
5159
2299
8821
9225
10394
5733
5403
6104
7251
7735
4219
3725
5032
3882
8940
9663
9287
8936
1516
2943
4344
7087
3873
10100
1747
4512
9240
1772
10179
1866
1932
6741
4580
7664
3517
8572
8648
6809
3556
8719
4632
312
654
4372
3113
6842
7577
8477
6873
5046
6900
2433
1638
1324
8422
7417
2010
9047
10419
9753
2484
1223
7601
9931
849
8943
7773
5450
9408
7499
10237
2502
2219
3345
7768
1830
1112
8488
10313
2962
8622
8697
8911
9124
3159
5568
4175
1286
9371
6798
4789
3642
2907
4249
5118
5185
1744
1456
7276
4400
7122
1177
791
261
9744
8385
2136
7903
1134
6997
7455
5882
2687
3475
8175
5545
1547
9181
2635
1550
9200
4047
2670
8742
5680
9525
8871
6066
4864
6746
4930
1323
7452
5289
753
7697
6167
5651
1862
7670
6048
4176
5526
3314
3098
5483
6166
1206
1036
6817
5514
5028
2609
8276
4578
10193
9506
2879
9685
7839
6720
4162
6908
9511
2825
7786
2386
1275
1343
2337
6621
8568
9930
10461
10144
10258
9336
5278
4813
8228
1440
6513
5742
9526
2423
8854
6413
99
10015
6239
2024
9531
9913
7581
822
10444
1600
7906
4446
3962
2939
6433
14
9890
5817
7739
3046
1178
2585
5625
10413
6382
4571
1881
119
3792
5871
2870
3743
3290
9887
3532
8908
1095
104
44
1329
3433
10350
5365
5904
1037
6610
9942
1301
1365
3953
9905
6319
10274
10348
174
6820
4273
6526
4679
9150
9255
3209
7575
5317
3712
4136
9936
1494
6224
754
4066
922
7102
8619
3987
4938
6885
4703
8866
6408
7336
3052
8473
2145
9025
7296
1786
4481
3302
2222
9912
3542
5517
9016
5598
208
1574
5432
4910
6045
1751
4995
3134
2602
446
10613
7570
7140
2806
7422
1667
3427
5938
3745
4714
2974
4936
4492
3659
310
7071
9106
935
1229
1931
8194
9878
2251
2924
1238
5470
3934
1069
879
8061
10045
1463
3726
1201
1906
1905
7675
5386
6364
6440
530
8421
4559
1475
6856
3123
1402
7813
5981
4105
1767
240
608
737
4217
2935
1075
569
71
6811
3534
9385
3285
7355
6673
9699
2575
7703
9454
9050
2373
9662
4293
5452
2269
6896
4324
128
8532
9067
9061
8590
1021
1703
5619
3464
6119
2493
1422
678
9388
10242
9034
5852
9739
7263
4403
9430
3320
2341
2154
8085
9151
7236
5165
8495
1654
3878
9718
2059
6617
7679
1924
9877
3200
290
4579
3264
7921
4522
693
381
7143
9969
1191
6512
3957
5324
726
2618
7562
8971
728
8485
8257
996
1409
5309
6903
3183
9886
177
4741
66
7240
1009
8949
6823
8561
4198
2113
10593
4978
681
7557
3014
1781
2592
2090
5763
3997
6996
8997
9720
1730
3683
9688
6759
9478
8491
1431
10198
10101
4299
2923
598
655
4939
5973
3019
5244
3967
1884
204
65
9967
1813
5855
4824
9196
3429
4257
8196
1342
9351
890
10499
7113
2890
7333
1593
8519
5951
10097
6913
4648
6310
3048
968
7221
3390
3907
9303
6894
6573
9805
10056
6774
8505
1330
2761
3247
7287
393
7435
2771
7635
2624
5079
6651
4000
8501
2393
2760
6121
4099
8839
7852
5540
166
7191
1576
176
5667
5856
1482
3445
5186
8119
10614
1427
1049
6933
8437
6622
2753
9053
5428
6237
8929
7708
209
5275
9178
2742
7107
9426
7684
1725
9049
9411
8772
7891
142
5622
8676
1678
8109
127
2781
6386
10415
9437
8092
436
1839
9595
945
793
7237
4231
5264
9073
1339
1228
2361
9000
990
4795
8613
2073
8071
7648
2089
7720
2237
603
279
2964
3326
7926
8054
9010
7308
60
5416
8746
10031
10171
2105
4203
6441
6849
9725
3615
8203
8308
6961
7481
9462
4465
5080
1120
3461
7904
9293
4309
1208
364
5764
6785
3565
9015
2065
2756
5235
2862
9400
5977
8726
3295
5662
5895
5577
8230
738
5277
8111
3207
9109
3253
5912
7425
3636
7018
10591
9187
9318
8999
399
7207
8826
10180
8810
3919
10139
3647
2873
2681
3402
5580
7257
8865
3036
10217
2193
2122
5664
752
6196
7354
172
3501
954
2739
4272
2854
5552
6935
3850
8456
10192
5017
5544
1625
1953
8812
4204
5955
6727
1716
10478
8190
4669
6336
254
2902
4241
4468
5513
8416
10609
1519
2284
9703
9564
2712
5479
8089
3779
4746
6243
4941
5276
5755
10160
1186
3574
5225
1185
10305
9889
10352
8977
5346
5358
9606
7693
112
4550
9436
4397
5484
1923
8349
6623
187
3982
9145
8947
8922
4561
4504
5762
413
6710
5648
7923
6428
7210
9292
7955
6384
911
5201
8024
10162
487
5091
10509
6465
523
8595
286
3763
8243
406
5616
9339
1192
9826
4247
4434
7545
8996
3022
8768
1879
7314
5171
4480
8508
1554
1901
3460
7463
8558
4371
9445
8030
2512
9956
410
2866
668
6341
9277
1827
9326
2117
4172
10466
6035
2045
10534
8046
3506
8319
7268
1018
1096
8293
3536
7197
7639
1123
9379
7796
6544
8482
7155
1683
779
614
9975
8716
2347
3737
3333
118
7808
10112
1598
3811
5344
4143
9821
3644
2108
1010
6667
3069
10358
10004
6794
3225
4297
1106
2688
887
3677
51
5294
688
9808
9320
8463
2023
8610
10421
9220
440
9621
2662
244
7404
2397
6014
6462
5036
10219
3705
10437
2281
3989
120
335
4384
5790
3423
4396
8283
2954
4531
4034
2176
5086
5430
3235
4398
10106
7516
3887
10603
7762
9921
9508
3293
3809
8163
7267
2368
2086
2911
2058
9153
3846
3759
7643
2263
2261
9908
991
7174
1336
6333
8815
8734
5782
8959
7809
1165
2908
6685
2718
10133
4879
2236
7183
2077
5594
9058
5141
2007
3831
9352
4676
7241
6658
6074
1834
5984
3876
1507
8522
664
9304
7332
3643
8032
6570
5497
6912
2125
7079
894
2917
1728
6069
9116
10083
8500
8145
8882
7966
8683
9928
6858
5781
9387
10577
5329
4832
2697
1636
9160
414
9731
5780
8623
8171
7740
8497
1307
756
5095
251
1284
9836
6097
662
2071
2629
9623
6927
1249
5402
892
8713
6899
10393
5076
5918
7992
6236
2453
600
346
9432
3533
3663
7089
5323
2469
1544
10590
4422
2040
6071
8233
4842
2143
9308
3949
8222
2139
3548
9496
4317
9709
9215
7370
7115
9561
331
10519
6704
7386
6054
905
7744
6246
6182
8451
7507
833
4158
7576
9746
5705
5266
611
5585
463
9207
6278
9982
1652
1802
2235
3791
8555
552
8223
10235
9721
7918
6331
10238
6826
2789
5775
1546
2389
1886
474
8925
9080
9481
4385
4005
3383
4399
680
6749
4031
1669
3592
4883
3321
4940
3715
883
6847
4673
4075
4951
6357
3139
7397
630
1837
821
593
8465
1746
5699
5500
6
698
7914
1020
10595
405
6836
565
291
6654
618
2064
9213
1128
4694
4820
4744
8142
3449
4996
1218
7871
6172
5082
1768
4337
7552
1048
5089
9957
9246
9959
1640
6001
6649
3038
10174
8069
1711
2839
4863
5108
3175
8962
6515
2934
8335
8017
3774
7053
9567
4739
330
3388
4909
2405
8300
6508
3746
1759
272
7602
2759
6139
3538
1495
300
9760
3362
7242
2051
4305
394
4373
7793
4906
8393
7185
432
8010
9087
2311
358
2005
2847
8245
8770
4464
3394
5106
5364
7569
3568
9039
1994
4090
4701
1434
620
2797
5736
7819
8843
9735
8546
5220
5748
85
5645
152
3567
8170
10425
6893
7467
3628
10401
2875
6093
4109
4437
10278
6142
8486
3546
23
3916
1230
2195
7036
6525
6110
8969
6627
4049
3202
3617
7345
2348
3724
9550
460
8886
1706
8298
914
5212
6362
1363
10286
4724
992
1283
3788
6920
5157
6370
7780
466
9147
5499
3361
8879
4171
4098
10053
5832
10412
5097
10361
1854
8460
8517
10199
1052
4030
4821
6640
5783
6770
7281
6192
336
6372
4763
9028
1617
3471
8143
7414
2265
4805
4086
7080
6187
8290
3609
3315
3316
3784
6738
2728
3263
828
9164
9398
9376
4081
5101
10464
2412
5184
3398
3174
4546
3785
7833
275
8509
2020
2987
6068
4145
1701
6861
7331
3813
8366
7606
4102
626
9342
4732
110
2895
3765
6098
3172
9976
7682
6713
6352
2612
3135
10032
9489
9694
9161
4348
1696
8961
9009
9998
3931
350
8484
6521
5671
374
1087
9269
6274
2622
6566
9566
9700
9884
4072
2146
3030
5480
8679
1110
6923
2424
1395
4334
2546
9665
2773
5379
2731
7247
10130
9389
96
4932
2735
714
3942
5098
2229
9134
1393
677
59
5263
7401
6986
6660
4111
6614
169
6638
7825
4608
7680
5065
9004
7915
9422
2807
9498
4693
1433
8038
2745
1461
1974
5349
8846
2491
521
8745
10601
6410
8565
3011
9719
9803
4643
1061
8478
3214
10492
4100
6840
367
7994
4499
4533
2664
7807
5997
9490
6041
3965
2660
9253
5026
9801
6626
6222
4353
5455
