1.0081950426101685,0.9900000095367432,1.0
1.007080078125,0.9900000095367432,1.0
1.0049999952316284,0.9950000047683716,1.0
1.0080463886260986,0.9900000095367432,1.0
1.0049999952316284,0.9950000047683716,1.0
1.0049999952316284,0.9950000047683716,1.0
1.0049999952316284,0.9950000047683716,1.0
1.007080078125,0.9900000095367432,1.0
1.0072330236434937,0.9900000095367432,1.0
1.0049999952316284,0.9950000047683716,1.0
1.0097280740737915,0.9900000095367432,1.0
1.0097280740737915,0.9900000095367432,1.0
1.0072330236434937,0.9900000095367432,1.0
1.0049999952316284,0.9950000047683716,1.0
1.0049999952316284,0.9950000047683716,1.0
1.0049999952316284,0.9950000047683716,1.0
1.0049999952316284,0.9950000047683716,1.0
1.0049999952316284,0.9950000047683716,1.0
1.0049999952316284,0.9950000047683716,1.0
1.0049999952316284,0.9950000047683716,1.0
1.0049999952316284,0.9950000047683716,1.0
1.0049999952316284,0.9950000047683716,1.0
1.0049999952316284,0.9950000047683716,1.0
1.0049999952316284,0.9950000047683716,1.0
1.0049999952316284,0.9950000047683716,1.0
1.0049999952316284,0.9950000047683716,1.0
1.0081950426101685,0.9900000095367432,1.0
1.0049999952316284,0.9950000047683716,1.0
1.0049999952316284,0.9950000047683716,1.0
1.0080463886260986,0.9900000095367432,1.0
1.0049999952316284,0.9950000047683716,1.0
1.0049999952316284,0.9950000047683716,1.0
