1.0380306243896484,0.9500000476837158,1.104377031326294
1.0270800590515137,0.9700000286102295,1.0792207717895508
1.024999976158142,0.9750000238418579,1.153752088546753
1.0363308191299438,0.9550000429153442,1.0754708051681519
1.024999976158142,0.9750000238418579,1.0325019359588623
1.024999976158142,0.9750000238418579,1.0467208623886108
1.024999976158142,0.9750000238418579,1.0331268310546875
1.0375635623931885,0.9550000429153442,1.2279707193374634
1.041567325592041,0.9350000619888306,1.7456270456314087
1.024999976158142,0.9750000238418579,1.0715644359588623
1.0456477403640747,0.9450000524520874,1.5534394979476929
1.0424572229385376,0.9500000476837158,1.6281269788742065
1.0323158502578735,0.9550000429153442,1.3789082765579224
1.024999976158142,0.9750000238418579,1.0484395027160645
1.024999976158142,0.9750000238418579,1.0460957288742065
1.0422639846801758,0.9500000476837158,1.2250019311904907
1.024999976158142,0.9750000238418579,1.0240644216537476
1.024999976158142,0.9750000238418579,1.0382832288742065
1.024999976158142,0.9750000238418579,1.0581269264221191
1.024999976158142,0.9750000238418579,1.0400018692016602
1.024999976158142,0.9750000238418579,1.0346893072128296
1.0271220207214355,0.9700000286102295,1.1121894121170044
1.024999976158142,0.9750000238418579,1.0231269598007202
1.024999976158142,0.9750000238418579,1.0453144311904907
1.0354321002960205,0.9550000429153442,1.1654707193374634
1.024999976158142,0.9750000238418579,1.0254708528518677
1.0409085750579834,0.9500000476837158,1.0779707431793213
1.024999976158142,0.9750000238418579,1.0296895503997803
1.024999976158142,0.9750000238418579,1.0273456573486328
1.0363308191299438,0.9550000429153442,1.0714082717895508
1.024999976158142,0.9750000238418579,1.0425019264221191
1.024999976158142,0.9750000238418579,1.0151581764221191
