221
960
741
516
446
193
75
802
606
778
220
784
343
1045
33
42
376
109
1046
534
934
13
128
332
515
559
752
3
1044
121
204
637
842
272
488
1054
705
526
180
130
571
1026
62
476
268
164
726
857
450
717
757
1073
1042
906
579
791
538
522
659
1002
59
385
102
542
689
308
861
116
29
830
735
217
690
624
64
52
867
729
593
620
586
547
634
306
958
410
506
580
166
618
346
837
641
668
702
732
393
1047
123
992
1036
959
78
492
215
159
271
886
342
208
285
340
845
955
15
270
715
373
396
172
390
104
381
432
998
199
549
768
324
463
260
51
74
288
158
401
699
89
239
464
523
309
225
725
605
435
849
379
325
468
247
139
820
26
1052
1004
466
495
505
587
919
440
148
646
925
347
48
93
895
546
50
146
1070
58
188
1013
543
314
10
615
320
1061
568
1075
95
924
800
337
847
983
796
359
894
407
0
391
759
238
839
1063
219
962
591
253
517
904
79
1017
277
711
55
82
643
660
524
882
539
572
1032
625
575
671
844
727
1060
405
293
793
787
545
712
281
111
169
1030
491
801
424
819
520
175
1062
455
1007
965
236
441
1057
34
467
7
507
868
971
655
557
470
551
67
400
54
997
1055
573
1018
1074
22
758
295
47
327
869
249
977
656
496
929
302
499
101
824
502
87
908
97
142
848
402
267
628
536
864
113
1015
597
326
566
269
927
555
61
589
378
550
611
371
893
892
429
817
594
681
212
950
210
70
576
883
8
171
636
530
812
