39
808
312
365
651
124
741
246
248
588
32
102
587
376
772
918
457
582
288
422
901
886
644
544
364
659
330
1029
430
383
60
531
463
984
356
1012
795
878
874
912
448
548
603
303
361
152
27
512
604
637
104
168
139
257
569
184
695
381
907
231
709
718
316
403
740
775
573
352
963
639
1013
605
933
841
1056
995
411
888
620
170
302
816
199
547
987
854
691
74
734
566
814
873
793
501
309
667
767
379
778
863
537
90
997
681
125
415
855
730
647
440
77
400
927
133
520
704
235
733
280
99
83
404
308
76
336
969
358
314
511
23
441
342
692
985
632
75
806
1003
673
380
138
672
166
374
609
1053
662
871
325
824
423
595
696
991
117
190
507
837
1055
986
188
533
160
774
97
634
275
955
1064
128
427
425
619
702
809
859
473
1004
110
1076
462
165
158
890
852
55
62
263
879
847
1042
502
377
82
976
290
649
353
766
460
972
982
937
643
1037
1065
896
320
1023
297
1071
455
6
554
267
1054
1059
17
872
126
1073
14
179
567
431
43
915
327
552
593
408
412
273
689
961
389
21
858
304
834
434
864
506
556
1069
205
1032
276
198
776
3
703
648
596
476
1017
875
217
542
192
52
655
30
541
251
959
109
820
578
880
326
172
289
710
298
120
590
392
585
906
338
1075
81
1002
209
318
67
866
215
445
135
80
800
954
1024
22
945
601
2
597
914
218
136
526
54
201
768
405
466
310
867
579
465
299
1035
504
306
384
671
195
758
1062
202
382
943
294
974
645
49
736
773
727
335
452
164
602
115
45
900
688
612
676
523
446
1031
951
469
225
355
846
177
161
206
211
249
979
500
357
375
514
836
1021
754
363
433
513
926
313
16
559
1026
934
594
15
771
756
952
669
305
213
684
482
204
1025
708
33
842
897
899
801
237
144
407
967
881
1019
887
568
744
675
28
300
343
920
438
56
324
42
818
418
224
100
870
509
571
608
349
622
911
606
884
61
577
474
197
65
586
368
921
271
769
345
877
34
722
26
630
940
735
628
665
946
850
819
786
833
725
973
529
340
73
555
707
8
535
301
957
530
876
802
339
813
998
40
656
185
391
94
796
799
686
755
993
1047
977
791
694
563
885
821
553
764
87
617
1060
1045
296
999
545
458
12
69
893
395
936
495
510
481
517
71
849
792
255
483
454
905
679
698
753
693
894
1028
865
146
780
923
883
159
895
646
930
650
429
631
789
690
891
1009
931
966
189
618
924
1072
24
757
20
1058
777
