864
490
48
694
905
496
638
390
485
884
747
849
79
414
204
119
13
399
282
459
492
958
855
443
1014
822
155
269
276
325
17
1003
432
916
493
441
73
123
377
339
455
760
514
343
971
613
278
545
313
996
1007
976
804
564
553
588
972
719
192
94
47
921
730
856
524
720
706
231
135
816
22
744
472
255
1062
529
1077
142
157
837
88
333
724
172
707
618
309
158
554
274
87
600
373
517
939
279
497
280
180
182
715
852
424
239
675
898
793
330
928
57
714
447
681
994
267
726
481
1054
623
845
353
153
942
464
125
526
932
853
1067
477
253
503
106
879
407
909
1021
225
260
1038
465
35
45
457
453
170
661
1076
405
317
214
419
138
728
807
935
346
391
634
1018
103
