189
53
219
373
48
309
443
327
498
120
516
60
296
200
336
303
330
273
526
251
283
223
165
444
260
334
362
80
71
301
234
412
205
207
329
84
15
287
440
167
247
181
258
169
376
248
517
182
147
392
312
177
49
225
184
464
171
352
143
42
0
95
158
310
250
445
237
370
518
112
325
305
44
127
521
113
525
172
491
222
32
128
274
264
72
433
290
519
228
13
383
59
457
10
465
398
342
175
151
300
504
393
221
18
266
213
9
157
269
455
47
365
2
110
387
124
82
488
79
448
56
218
76
235
406
166
206
100
364
131
490
259
415
81
471
122
196
324
496
493
70
431
413
425
75
358
432
279
22
141
495
320
132
381
232
356
426
408
249
21
369
404
7
270
97
50
40
482
267
3
130
353
499
333
52
316
466
164
372
450
520
145
26
233
524
239
241
288
302
36
168
395
348
257
484
371
315
479
150
263
480
135
424
379
245
399
103
428
69
298
220
436
282
211
86
419
441
511
83
340
513
377
16
243
193
139
63
121
474
508
117
417
20
272
37
227
114
102
374
201
308
209
463
153
65
514
30
405
194
149
33
368
460
355
321
31
307
208
341
462
210
335
204
61
483
199
350
28
343
46
500
155
230
58
285
43
255
512
384
451
12
126
119
400
452
45
435
99
468
494
68
476
367
64
77
280
414
268
217
98
118
8
19
198
359
397
281
107
78
505
173
1
55
94
297
253
5
73
88
394
148
339
159
265
188
486
93
242
236
461
449
477
261
346
256
292
294
326
446
447
54
101
25
197
338
226
216
402
429
89
276
390
291
163
183
176
34
389
284
361
304
104
246
90
137
195
385
161
470
23
473
154
134
421
51
401
427
115
162
456
212
144
503
179
6
74
293
160
203
238
215
347
35
360
497
332
