1.0404150485992432,0.9450000524520874,1.082502007484436
1.0270800590515137,0.9700000286102295,1.069220781326294
1.024999976158142,0.9750000238418579,1.1682833433151245
1.0313308238983154,0.9550000429153442,1.0735957622528076
1.0199999809265137,0.9750000238418579,1.0323456525802612
1.024999976158142,0.9750000238418579,1.0415645837783813
1.024999976158142,0.9750000238418579,1.030626893043518
1.0375635623931885,0.9550000429153442,1.2354707717895508
1.0388351678848267,0.9350000619888306,1.8395332098007202
1.024999976158142,0.9750000238418579,1.068283200263977
1.044350504875183,0.9450000524520874,1.644845724105835
1.0424572229385376,0.9500000476837158,1.6520332098007202
1.0323158502578735,0.9500000476837158,1.4423457384109497
1.024999976158142,0.9750000238418579,1.040783166885376
1.024999976158142,0.9750000238418579,1.0317206382751465
1.0422639846801758,0.9500000476837158,1.2256269454956055
1.024999976158142,0.9750000238418579,1.0232832431793213
1.024999976158142,0.9750000238418579,1.0293769836425781
1.024999976158142,0.9750000238418579,1.0518769025802612
1.024999976158142,0.9750000238418579,1.036720633506775
1.024999976158142,0.9750000238418579,1.0348455905914307
1.024999976158142,0.9700000286102295,1.0631269216537476
1.024999976158142,0.9750000238418579,1.0257831811904907
1.024999976158142,0.9750000238418579,1.047189474105835
1.0354321002960205,0.9550000429153442,1.167345643043518
1.024999976158142,0.9750000238418579,1.0250020027160645
1.0404150485992432,0.9500000476837158,1.066720724105835
1.024999976158142,0.9750000238418579,1.0332833528518677
1.0199999809265137,0.9750000238418579,1.029064416885376
1.0363308191299438,0.9550000429153442,1.0725020170211792
1.024999976158142,0.9750000238418579,1.0439082384109497
1.024999976158142,0.9750000238418579,1.0112519264221191
