5297
6967
8515
313
7331
3559
8604
8269
4827
740
4365
1231
8644
4769
1330
3095
8955
8049
3852
210
7499
3711
2573
3783
6457
8545
3516
2294
5538
7420
9866
10253
7549
3740
10447
5217
7192
3661
8377
3897
5074
8482
4424
4761
1280
7441
4819
6857
4908
8452
9311
1461
7316
2033
5861
3366
8542
732
1581
9886
3115
9456
2435
3924
1124
1090
8244
9439
10024
9618
6279
10414
1129
10289
8320
6717
6450
2826
5126
2558
3753
3781
2142
1496
1411
2662
9791
7957
2583
4364
7524
6875
8399
6094
4931
4679
1143
6040
1698
5867
4316
2334
9319
4441
7670
1406
6470
3381
9184
811
6426
7764
2081
310
9919
8464
8507
8588
10613
2157
7426
2002
3814
689
4368
1343
563
8184
3422
7881
10218
3967
1597
84
2711
9888
5595
1909
8911
3993
9513
8346
61
2623
10013
2147
8057
3720
5871
7119
8483
6109
7868
9126
1629
1897
7156
7578
10522
8817
6874
9893
5250
6281
10622
9531
9472
7923
3263
5524
7596
8537
4540
4814
2173
3835
8977
9052
3330
906
4357
4245
7265
577
6737
7135
830
609
9454
2597
5602
7889
4466
10245
3562
5058
1133
473
4370
9487
10525
7062
8540
5773
2915
6204
1435
7431
4125
162
5345
2440
4910
1919
10385
1193
6167
2689
4217
5438
4160
30
9581
2139
1921
9208
3053
8191
5497
5334
8701
7012
1727
2525
608
6784
2050
847
3
9579
3698
6159
6764
3923
2975
4167
9292
1567
7172
5673
8185
2901
8984
2343
8457
1160
4280
10600
7501
10017
3183
8739
5846
5051
4183
961
3802
9686
846
2374
402
449
7640
7548
8040
4123
9646
3265
7744
9368
4189
9753
4782
4781
4495
7406
2454
8844
7370
8530
3251
5760
6383
2996
3455
5498
8965
3142
9977
9241
3176
3039
4262
1828
256
2166
179
5785
9761
13
2220
10077
3635
9064
7049
4034
1866
6594
1724
110
869
6401
1905
4150
10476
4475
7995
8248
1258
4645
10459
2324
1607
8060
10505
2812
8121
7315
1274
7145
5340
4926
9820
359
3211
8828
8841
4352
10194
4798
6795
4097
1717
3602
7428
6989
3875
7609
6491
9125
6067
10534
5572
2054
7599
10236
7199
3556
2567
9305
8513
9621
9394
9140
10091
5901
9846
39
6643
8822
3588
3376
2079
2800
6754
2481
3128
4358
2121
8155
544
6577
1004
7933
6414
6306
2778
205
1958
10159
10303
6890
9573
6317
5663
6442
2040
5445
3396
978
2288
5177
4291
532
3400
9225
2163
5783
7466
6477
5073
1625
1087
5873
7205
6823
2916
5599
9813
4137
5779
1510
8310
3914
173
6410
8462
9379
5687
9398
4106
2061
814
7971
3510
3104
2
6328
9176
1329
8834
7782
1982
1736
4142
2117
406
3853
10122
3536
3240
8031
9640
5361
7952
7307
6234
3471
8115
4433
322
10331
468
2358
2999
9626
9651
9557
6842
2615
8531
9629
1589
6017
1761
9713
2835
4917
7040
5637
6161
6791
8070
7302
333
5121
6459
9370
2064
7906
3952
9424
6957
2155
3434
2879
1931
9211
10441
10516
3681
4079
4688
5323
714
8218
1370
1786
8336
10199
462
8945
3702
4891
4305
8798
9741
3234
2244
7531
9733
109
5764
3472
5922
2429
6446
10298
5530
6678
10270
2888
2605
4921
9856
3504
555
4958
2278
6089
2923
6124
7066
9494
10477
7114
6869
8292
73
2355
2856
5738
9323
280
2886
7000
4195
1699
521
3456
10271
4747
3751
8304
2399
10386
9328
1239
4274
9264
188
7667
8975
8915
7672
9011
2619
47
2547
7717
2455
4932
7656
10330
5939
455
6392
3803
9118
3908
2586
6106
2177
9874
8170
4284
7201
7613
7019
2519
7263
826
9832
7440
9189
10
3643
6175
8849
6772
536
9844
3458
8956
1847
8197
5206
4120
5648
5604
9983
2909
10030
4855
838
3220
8093
7067
3512
829
948
560
4172
10475
8608
8609
2459
7772
4527
643
7092
9206
4151
9697
186
4149
3788
6174
2083
1102
6983
6514
515
4193
5761
2824
510
3928
1384
4879
2838
8099
9146
7724
9594
1659
8199
5931
7336
7895
6354
9015
3134
243
487
1504
2438
4602
3317
2870
1293
10391
3574
4881
9951
8509
1233
2439
1594
8067
2217
8888
3090
5823
4257
5002
7589
6733
1236
6617
6021
59
1158
1048
9329
1859
7825
4488
6657
4474
9195
3310
9142
8990
80
8865
1683
4085
7281
2074
916
726
3861
4019
2588
4830
5698
8059
6016
1637
1433
4622
1229
8843
1853
2791
5442
1191
9030
4155
4990
7848
8675
8489
3028
9525
9948
2753
9592
1936
5556
6382
5395
8163
5753
8065
4594
7983
290
10053
8992
4720
8789
10101
6108
10238
9401
9246
3525
1540
87
9934
10453
9638
8159
1623
8800
7647
8690
4209
3388
3228
8692
9523
5406
2612
10076
1037
7722
3244
5114
9471
7008
1635
871
1513
9445
53
10507
825
6230
3346
5862
7438
9258
6295
853
937
4422
9378
2556
10071
1827
4913
6193
8749
3526
2912
6439
3915
4062
6789
2770
6536
1877
3428
4704
2119
1676
5330
7094
4180
3948
7242
7112
5872
1040
10460
6116
9864
5023
8777
77
10033
3787
819
4562
7421
4581
3772
6829
1806
7644
5003
542
2984
3663
5876
2577
5615
8805
5006
9807
9996
3519
2019
685
2230
3180
9570
597
3306
3942
2937
5646
4404
5247
3607
603
1499
428
6217
2206
2858
7713
6299
8360
1306
7824
7419
7510
5614
1749
9664
10589
6372
6458
8172
2185
10266
9444
5316
1911
5937
6794
2819
3261
5351
4117
2266
26
5909
192
2097
8249
3911
1240
2899
8028
5304
2760
9835
4238
7745
5204
1474
8665
10419
8364
8444
475
375
9539
4415
8967
9632
3081
6027
6197
4064
5721
3940
8594
1764
6181
2480
4660
9310
7410
9484
3139
1725
10345
8808
6101
143
1794
9244
9613
9671
6805
5981
747
8729
5845
2757
10628
7074
5210
7560
9566
8722
7075
9861
8775
5672
1249
1296
7611
3447
574
7844
6893
8498
6377
599
2755
2307
1286
3222
9504
195
1582
401
4409
9812
75
4002
4852
8318
9925
4997
1690
684
1482
4525
4176
5294
226
1418
5982
1397
5515
4403
9659
6902
8045
4379
7215
3709
5521
7251
3950
4710
9512
7292
185
9366
3031
8458
7458
9458
7176
553
537
5353
7470
4393
6658
6929
9699
2016
9726
9233
6566
6277
10473
5822
10450
7154
950
5306
3061
9935
1430
2214
8133
2634
5452
6814
2006
8113
3159
4426
8071
1198
2865
4073
4345
8021
4707
9923
7890
5664
5490
7525
1686
4184
1744
10269
8077
8013
1001
8572
7309
10209
10241
3136
2426
445
9303
10609
1462
10577
2038
4783
6663
6025
1107
9093
7437
1977
4718
3817
1739
8407
3769
3943
7369
8401
5446
8158
2825
1073
4094
9349
8178
10282
9198
7206
5802
6793
2646
4605
8107
2924
2062
8819
6220
4730
9110
8500
6038
8417
8824
6615
7864
6171
6949
9763
541
8293
3936
5522
3209
9580
3017
6105
9714
9291
7938
500
5069
4242
949
5525
5529
7925
10092
2014
4810
3380
6746
2130
610
10454
4039
2700
7786
8914
4937
1371
1932
154
94
861
2348
7444
5264
5978
7780
125
7648
2168
2827
132
9960
7597
10494
9815
31
7693
7166
8704
6977
6820
4933
3213
7098
9418
7359
8484
6250
4775
6984
5898
9903
547
9070
9601
9779
8146
6278
9148
2582
2534
1375
9196
10206
7209
2496
2590
6954
9762
5168
6835
131
5308
2013
7903
9586
7120
403
6709
9336
4983
10495
2448
2816
1476
8485
3342
8192
10066
8529
5000
25
2919
4970
7865
2110
822
9094
1320
187
5149
4748
7259
4162
3995
4966
1798
7021
2127
3393
9604
4432
9267
4420
6603
5485
6480
864
6850
9772
5752
4326
8511
8152
4702
212
516
6216
2971
6832
2574
8924
4728
4200
9277
6449
7475
9542
9545
6166
8926
7068
5088
4141
8206
3055
2237
7006
9614
9914
10314
5122
6996
4153
288
5496
4884
6202
1941
8260
2057
5952
9630
2885
3129
10222
8116
2543
228
5792
8422
4629
1421
8599
9136
8772
4506
9899
7311
3543
5190
3483
5437
3454
5458
954
9975
10107
7746
10143
7502
9316
6254
382
6613
4057
730
1804
1937
10152
9540
8897
4934
639
8322
9578
8525
1041
1528
1002
10449
7179
2485
4271
1852
7129
7399
4554
10350
6023
8648
1492
377
8263
1232
5288
3153
7942
67
10126
3426
6251
7286
9941
5027
213
1014
3438
3523
2763
4705
2734
8632
9913
34
7090
3199
7974
3825
5478
5509
1773
5173
10332
5936
7168
2243
6274
1335
3394
10417
8946
8169
7736
6972
10160
1006
6889
5603
2694
2235
1544
8818
6866
7218
7817
6192
3515
1485
8781
5321
450
4864
1010
457
9337
1338
2666
8142
859
4181
3385
5142
4663
9489
6145
8331
2545
6642
3219
9006
897
10154
10204
324
5443
2413
8661
3933
10372
764
5621
6076
56
3500
5652
899
3934
2990
7641
9551
10116
5413
9837
9073
6235
6684
1184
344
8799
1259
2381
7322
7558
8519
5627
1892
5280
8081
9220
108
8788
1740
4871
6871
7034
4385
5581
8677
9917
10515
7463
10359
3392
7618
3790
1340
9384
7489
4835
6899
1372
3620
8563
8917
6927
3965
6912
1139
1551
3733
4867
8478
832
4614
5411
429
6409
1709
4801
1058
2589
10246
10237
3724
973
3650
9240
8584
3878
6497
2290
8001
5418
6472
3649
7909
5833
8328
981
8847
4698
242
10443
5307
8455
8786
6653
5359
4406
3195
5956
7303
3902
3722
8603
8241
4866
9554
10399
3163
5373
4285
3605
4333
6584
7729
262
6318
9704
174
6268
5346
3719
2114
5234
2625
5324
10103
5590
8988
10444
5750
328
10259
8769
9757
7121
5374
3436
5354
7010
4553
615
2020
10363
2189
7306
5405
8282
6074
5544
7980
411
805
3372
791
1649
8522
508
8527
1543
2310
3937
5797
5484
2766
4606
5305
329
2476
8909
7733
2483
8853
296
4832
4473
7140
8548
10587
10323
7134
10307
7700
6011
9662
2834
4253
5546
9778
66
4964
3624
2691
3538
3238
7677
2866
8813
479
777
6146
1934
4067
1918
6745
2671
1163
573
9982
912
1262
3114
3405
4465
7878
5622
7728
7991
2234
2535
9560
7661
4279
992
2601
5312
1271
9263
9029
6999
6326
9080
8308
2515
2810
4146
569
8119
7776
613
5951
10140
6447
3474
1078
3451
1221
7681
1689
9949
1550
7956
957
5167
4187
317
7949
2744
1047
3041
9838
3846
3185
5011
2672
3343
4902
7386
4573
6864
6561
10610
1042
4713
2997
4912
4795
5041
7711
5471
1412
9330
6
5085
2474
9859
8681
751
5200
6316
9480
5394
384
4895
9103
9501
4640
6716
100
8329
7623
2505
1441
122
9012
4600
6129
7826
7977
10553
5899
9897
492
1060
7562
8631
6126
3382
9465
6830
3651
6907
6922
5796
5099
1979
3225
6142
1455
3060
7363
688
3676
7243
3791
2451
4586
7167
5156
1081
7921
2620
9930
291
2293
979
3237
4341
8050
1904
6734
3595
5787
5692
1050
4386
4989
5487
598
2829
4136
8839
9853
82
126
6086
2697
1741
2914
7109
3202
8122
8586
5582
6292
5242
249
258
2587
2685
9152
3652
6750
9286
1732
8884
5213
5574
7920
315
410
3518
7381
3807
6042
3532
705
114
640
9648
3713
6232
5249
4986
3872
10471
6361
7125
1130
1834
6188
2737
5848
5549
5049
10501
10591
2985
2283
9537
5303
4147
3880
4166
2183
7735
4450
346
526
10027
2132
1019
2242
5505
4822
10346
9722
5900
8987
9520
10188
2528
3271
2473
3552
999
7674
5482
582
8707
5062
9695
908
4579
2465
3181
7079
3785
1608
5649
10375
2550
3080
8929
6742
10061
5523
5879
5495
6780
7612
374
9785
9552
8968
7237
3699
5072
7222
8216
4053
1467
10131
6019
7595
10542
8728
9469
7304
1654
1493
2491
8589
8205
4928
5624
3034
6527
6107
665
8390
9783
9342
6721
4763
875
2961
5916
9854
4523
3865
248
507
4225
8820
7064
366
3036
10531
3333
5933
3444
1135
7963
6476
2621
2669
6781
8298
8743
10049
6578
6183
2167
3416
5150
4363
379
10408
10244
9979
7669
6153
9985
2667
9288
5633
1838
2723
9882
2922
8910
9916
10219
6302
3647
9945
9898
4205
4314
6827
5258
5758
9437
440
5233
7065
70
8438
6293
4545
3658
2340
2460
8997
1577
2000
6052
9159
4276
9314
5709
1219
6932
5892
8281
233
1331
1089
9289
3700
8835
792
9045
9433
4774
3820
5081
494
7775
1285
6538
7342
10195
7803
3677
4444
6840
7002
3147
7013
10431
5283
3179
10192
7550
3782
6959
7627
452
1393
3050
6122
10529
7901
10158
6454
8219
4469
8936
1808
10220
22
413
9129
8190
8432
2854
3218
5155
9700
6264
5754
4944
3421
10134
6775
3463
1708
2303
9077
8110
1021
10112
1202
3864
6057
4228
2304
4050
7822
9082
170
6427
5999
817
2150
6380
3049
7635
9961
5591
4447
129
10228
4038
2490
1626
6500
9279
7158
3847
5767
4792
10578
441
224
3901
1914
6356
5071
2456
251
6876
7610
7258
552
2591
1697
5151
558
5690
9432
7418
3874
6291
1489
3845
1347
4020
3110
9419
5068
7260
964
8678
8711
3091
780
2743
2842
8345
4443
6671
8056
5967
1854
4604
2088
4896
4807
5404
6077
629
4119
5877
4036
460
6282
46
4501
3848
580
5959
8963
4479
4232
7417
4655
3423
994
10603
9374
8748
4923
3547
9081
4625
3991
10304
8411
4014
3548
2037
5231
1028
2103
2120
5212
8957
1957
8905
7366
2817
9344
9927
5266
9836
6611
7539
3862
7085
6645
121
10214
1641
178
181
3935
5102
7138
10451
3530
7009
10621
4504
9285
5597
6933
1170
8473
5176
2402
8246
5734
9346
204
7080
5255
5993
8597
148
3972
6128
7284
816
9155
6351
2503
903
9556
4975
5202
2052
4221
4436
3257
4096
1679
5662
647
8539
5918
4239
1553
7132
1939
10010
3844
1238
7726
9981
7106
4716
1878
9600
5819
1602
4428
9266
8272
1967
1839
621
9644
1153
2754
2861
2627
514
1745
2308
10485
6048
3957
1385
8123
2105
9123
6647
10340
9405
1103
2857
1345
1593
8549
4699
989
5236
750
8061
7487
3403
3567
4691
5193
5272
1155
7626
4028
2048
55
5232
2710
4129
6323
7927
1753
3551
6284
3325
6728
9169
9287
8240
7637
627
4992
9515
3242
839
36
2319
3123
7291
6683
713
8933
10173
6308
7771
1802
6221
932
7540
5112
9857
2350
1273
3227
7354
2862
1008
7970
5619
5718
8864
10264
4127
7820
3144
3122
9461
3774
833
5408
3535
669
1882
5237
4367
10490
904
5198
48
1531
2979
503
2056
9824
266
6560
9760
1972
6520
6668
2833
600
2976
4515
4059
461
1565
1678
9924
8182
5917
9889
4849
1752
9144
8898
9518
9669
7407
7914
3667
9252
7148
2947
5363
866
2758
1850
8656
8892
10313
10015
7459
1301
10217
754
7793
278
10310
3248
5040
6937
1359
3707
7706
3087
3370
2269
648
3307
8011
6513
6787
9860
6489
3109
7855
6163
5171
1973
10573
9138
3579
24
439
7457
4817
2983
9087
97
3301
443
10038
320
7533
5034
6349
4471
10612
7861
2603
9687
8475
9415
7038
8836
9871
8610
9299
5946
8674
6093
9044
10581
5915
7253
6083
4229
10357
9969
8086
1222
6714
2633
5805
654
2069
10608
3260
6096
9107
4088
6841
7424
9710
9550
271
9436
3744
10086
8088
2029
254
9213
5290
6196
10374
4375
7276
1269
8664
6878
3764
465
2333
6856
6508
5300
4669
1453
330
6542
6895
1880
7639
3849
60
5060
691
9007
3359
10006
3520
10162
2502
1295
7645
4543
1165
5995
1857
3609
5685
5840
4026
9553
8794
220
4024
1195
2876
6921
8137
775
4661
7590
8565
8104
2028
5401
7397
7650
5536
10179
505
54
6680
4445
3063
5866
4510
8380
6253
8827
2009
6526
5219
656
4320
6916
221
1051
6770
4045
7456
9063
3818
5626
5671
10336
7337
5377
150
7788
2124
7937
10075
3293
5154
9223
5336
8284
7682
1682
7643
8141
2034
9890
6005
9767
8339
5396
10057
4218
581
5393
10156
5642
408
5675
123
6970
4686
1337
6985
273
1172
4809
6761
2719
6960
823
3907
8153
8796
4786
6400
5039
10349
4804
3246
4652
2874
412
835
4790
3495
10028
7519
1662
557
287
3020
10406
92
2599
6767
7270
6667
3743
1961
5371
1181
4533
3944
8559
565
8556
6759
5645
9221
4542
8156
8058
5552
6934
9987
4442
7194
9505
2636
6219
3584
6639
10311
8084
5527
6725
8127
6891
8895
2256
9622
9116
8198
796
2893
120
1713
2851
5291
276
8742
1443
8833
3056
10468
7394
5132
8054
4759
4583
431
7247
2372
1413
41
6769
4943
8173
10305
6269
2549
4734
6512
10133
5950
6352
2607
15
5341
9061
5207
1399
3328
3258
1297
2913
2871
7171
1547
2852
8302
191
8044
2637
454
4883
5881
3350
3064
3680
9571
1527
6779
1260
10059
6131
9270
5743
4381
1870
2224
4004
5837
4791
4654
8969
2600
8811
7468
4802
9298
5224
5216
5836
4384
6429
5211
3113
9887
4431
5688
10190
8916
10225
5434
1989
2450
3611
3430
5254
5428
2972
9907
8079
8860
5018
872
5362
5533
933
9770
7051
2775
8735
9681
4922
10123
1394
9802
8376
4609
207
6464
953
984
4999
10171
5746
9908
4742
5658
4252
8139
851
6554
10062
6813
5309
8051
3931
9193
9625
1801
4731
3340
6371
7305
3289
1224
5375
5030
9795
6872
2940
6535
3331
6616
3762
3983
8130
2138
6604
1508
9588
9062
2053
7696
7069
9881
6799
5516
2740
10425
4722
1315
7899
4914
6416
1573
5172
4632
9684
5705
8964
5748
3575
1383
1043
7598
416
7448
4325
2030
8663
464
9842
7954
876
5606
74
8254
5762
10575
8628
9921
1889
4493
6605
9738
7828
874
2287
5296
7968
9723
5703
496
6776
602
347
9067
8490
130
2441
2089
1483
1216
3671
3777
9558
4843
9865
6071
2430
6134
9327
1204
10283
7461
7393
3673
4692
10239
2270
5454
1783
1606
6557
6395
4580
2718
1663
4258
5474
2898
7571
2518
7792
9717
1422
4376
4909
3662
7946
9341
9476
4757
2690
7339
7716
3608
4373
4777
3119
7105
2191
5042
2210
3154
3953
7415
5539
9216
10549
9034
3074
7348
292
2335
230
3970
3001
5755
2115
7872
3581
8658
218
4070
4490
8157
4785
9431
8480
3632
9350
8736
2337
2187
10147
474
1311
9524
2414
702
225
3351
1119
9019
2531
9995
5384
7478
10615
6423
223
6008
6448
3347
5016
6852
2007
10265
10397
8592
1152
5425
1598
1316
2563
9178
2575
9231
7272
4662
3101
2799
10200
9782
3838
2821
432
540
4472
9858
3710
6673
6333
8291
7873
8687
6275
5221
2280
724
2578
9896
4963
975
8576
10268
10500
1522
6810
10356
4458
2675
4627
2552
8638
4522
9880
2411
4391
3312
7758
2134
583
10585
5475
3503
8745
4535
2005
5670
6778
1479
7152
7926
10319
5830
5983
2499
5540
10327
6149
58
4712
10556
8666
5372
7944
6227
6547
6687
2931
6152
5910
3806
9825
4350
840
7077
1817
3097
1576
1486
495
5639
10411
6567
1470
2140
