1.0940001010894775,0.9910001158714294,3.0000052452087402
1.1920000314712524,0.9910001158714294,2.999988079071045
2.0160000324249268,0.9769999980926514,2.999995470046997
1.2529999017715454,0.9930000901222229,3.0000016689300537
1.2089999914169312,0.9920001029968262,2.999995231628418
1.184999942779541,0.9900000095367432,3.0000057220458984
1.149999976158142,0.9900000691413879,3.0000016689300537
1.1499998569488525,0.9920000433921814,3.0000054836273193
1.2329999208450317,0.9900000095367432,3.0000059604644775
1.2610000371932983,0.9860000610351562,3.0000033378601074
1.1149998903274536,0.9879999756813049,3.0000059604644775
1.2060000896453857,0.9900001287460327,3.0000009536743164
1.4089999198913574,0.9900001287460327,3.00000262260437
1.253000020980835,0.984000027179718,3.0000061988830566
1.3370000123977661,0.984000027179718,2.999997138977051
4.979000091552734,0.9340000152587891,3.000002384185791
1.3709999322891235,0.9910000562667847,3.000002384185791
1.0730000734329224,0.9940000772476196,3.0000064373016357
1.2589999437332153,0.9880000352859497,2.9999969005584717
1.0549999475479126,0.9950000643730164,3.0000057220458984
1.0740000009536743,0.9950000643730164,3.0000057220458984
1.090000033378601,0.9950000643730164,3.0000059604644775
1.1460000276565552,0.9930000901222229,3.0000011920928955
1.2280000448226929,0.9950000643730164,3.0
1.0819998979568481,0.9940000772476196,3.0000054836273193
2.766000270843506,0.9679999351501465,2.9999992847442627
1.2269999980926514,0.987000048160553,3.00000262260437
1.2389999628067017,0.987000048160553,3.0000014305114746
1.312999963760376,0.9910000562667847,2.9999961853027344
1.4600000381469727,0.9839999675750732,3.0000011920928955
1.0700000524520874,0.9930000901222229,3.0000052452087402
1.5199999809265137,0.9900000691413879,2.9999985694885254
1.5,0.9850000739097595,2.999997138977051
3.13700008392334,0.9649999737739563,2.9999940395355225
1.628000020980835,0.9859999418258667,2.999990701675415
1.9370001554489136,0.9809999465942383,2.99999737739563
2.552000045776367,0.9709999561309814,2.9999990463256836
1.192000150680542,0.9900001287460327,3.0000057220458984
1.2360000610351562,0.9900001287460327,3.0000011920928955
2.114000082015991,0.965999960899353,2.9999988079071045
2.080000162124634,0.9729999303817749,2.9999911785125732
1.1999999284744263,0.9890000224113464,3.0000014305114746
2.2780001163482666,0.9760000109672546,2.999995231628418
1.2140001058578491,0.9900000095367432,3.0000057220458984
1.2249999046325684,0.9890000820159912,2.9999969005584717
4.1519999504089355,0.9420000314712524,3.0000016689300537
1.1759999990463257,0.9900001287460327,3.0000057220458984
1.1660000085830688,0.9930000901222229,3.000004291534424
1.2139999866485596,0.9920001029968262,2.999992609024048
1.3029999732971191,0.9829999804496765,2.9999969005584717
1.0940001010894775,0.9950000643730164,3.0000061988830566
1.062000036239624,0.9930000305175781,3.0000061988830566
1.9909999370574951,0.968999981880188,3.0000030994415283
1.2280000448226929,0.9869999885559082,3.0000057220458984
1.3289999961853027,0.9860000610351562,2.9999969005584717
1.3580001592636108,0.987000048160553,3.0000040531158447
1.1909998655319214,0.9920000433921814,3.0000052452087402
1.0859999656677246,0.9940000772476196,3.0000059604644775
1.317000150680542,0.9880000352859497,3.000004291534424
1.028999924659729,0.9950000643730164,3.000004768371582
1.308000087738037,0.9850000143051147,3.0000011920928955
1.7039999961853027,0.9850000143051147,2.9999966621398926
1.2930001020431519,0.987000048160553,2.9999966621398926
1.2569999694824219,0.9930000901222229,3.0000040531158447
1.306999921798706,0.9839999675750732,3.0000057220458984
1.190999984741211,0.9940000772476196,2.999992609024048
1.1360000371932983,0.9940000772476196,3.0000011920928955
1.906999945640564,0.9850000143051147,2.9999969005584717
1.347000002861023,0.9900000095367432,3.0000014305114746
1.086999773979187,0.9950000643730164,3.0000061988830566
1.0529999732971191,0.9950000643730164,3.0000052452087402
1.191999912261963,0.9950000643730164,2.999990940093994
1.2190001010894775,0.9869999885559082,3.0000059604644775
1.2369999885559082,0.9860000610351562,3.0000011920928955
1.178999900817871,0.9930000305175781,3.00000262260437
1.2369999885559082,0.9930000901222229,2.999988317489624
1.6890000104904175,0.984000027179718,2.9999990463256836
1.1359999179840088,0.9880000352859497,2.9999969005584717
1.0839999914169312,0.9940000772476196,2.9999966621398926
1.2720000743865967,0.9930000305175781,2.9999992847442627
1.3310000896453857,0.9900001287460327,2.999997138977051
1.162000060081482,0.9950000643730164,3.000005006790161
1.1349999904632568,0.9930000901222229,3.0000059604644775
1.2020000219345093,0.9950000643730164,2.999992609024048
1.312999963760376,0.9839999675750732,3.0000014305114746
2.0230002403259277,0.9750000238418579,2.9999911785125732
1.096000075340271,0.9950000643730164,3.0000059604644775
1.337999939918518,0.9900000095367432,3.0000007152557373
1.180999994277954,0.9950000643730164,3.0000038146972656
1.0829999446868896,0.9950000643730164,3.0000059604644775
1.253000020980835,0.9910000562667847,3.000004291534424
1.1409999132156372,0.9920000433921814,3.0000064373016357
1.0910000801086426,0.9950000643730164,3.0000059604644775
1.0319998264312744,0.9950000643730164,3.0000052452087402
1.2969999313354492,0.9900000691413879,2.999997138977051
1.2239999771118164,0.9910001158714294,2.999992847442627
1.1039999723434448,0.9950000643730164,3.0000052452087402
1.1399999856948853,0.9920000433921814,3.0000061988830566
1.2070000171661377,0.9880000352859497,3.0000059604644775
1.0499999523162842,0.9950000643730164,3.0000057220458984
1.2080000638961792,0.9839999675750732,3.0000054836273193
1.2139999866485596,0.9869999885559082,3.0000057220458984
1.3060001134872437,0.9829999208450317,3.0000014305114746
1.566999912261963,0.9779999852180481,2.9999923706054688
1.1339999437332153,0.9900001287460327,3.0000054836273193
1.475000023841858,0.9799999594688416,2.999992847442627
3.9740002155303955,0.9740000367164612,2.9999964237213135
1.7480000257492065,0.9750000238418579,3.000001907348633
1.1339999437332153,0.9910001158714294,3.0000052452087402
1.2659999132156372,0.9890000224113464,3.0000014305114746
1.2760001420974731,0.9930000901222229,3.000002145767212
1.0700000524520874,0.9940000772476196,3.0000016689300537
1.2130001783370972,0.9900000095367432,3.0000014305114746
1.2239999771118164,0.9880000352859497,2.9999992847442627
1.1169999837875366,0.9920001029968262,3.0000059604644775
1.1439999341964722,0.9930000901222229,3.0000059604644775
1.2369999885559082,0.9890000820159912,3.000004291534424
1.5410000085830688,0.9839999079704285,2.99999737739563
1.5760000944137573,0.9839999079704285,2.9999969005584717
1.0830000638961792,0.9950000643730164,3.0000057220458984
1.3179999589920044,0.9900000691413879,2.9999992847442627
1.2820000648498535,0.9840000867843628,2.999995470046997
1.4790000915527344,0.9810000658035278,2.999999761581421
1.1230000257492065,0.9920001029968262,3.000004768371582
1.7410000562667847,0.9709999561309814,2.999994993209839
1.3629999160766602,0.9850000143051147,3.0000052452087402
1.3650001287460327,0.9940000772476196,2.999995231628418
2.2019999027252197,0.9839999079704285,2.9999969005584717
2.253000020980835,0.981999933719635,2.999990701675415
1.1339999437332153,0.9950000643730164,2.9999969005584717
1.1399999856948853,0.9920001029968262,3.0000011920928955
1.5410001277923584,0.984000027179718,2.9999966621398926
1.6510000228881836,0.9860000014305115,2.999993324279785
2.5230002403259277,0.9700000286102295,2.999988079071045
1.218000054359436,0.9869999885559082,3.0000011920928955
1.193000078201294,0.987000048160553,3.0000057220458984
1.6579999923706055,0.9760000109672546,3.0000057220458984
1.2680000066757202,0.9910000562667847,2.999992847442627
1.318000078201294,0.9829999804496765,3.0000014305114746
1.3339999914169312,0.9849998950958252,3.0000014305114746
1.3480000495910645,0.9849998950958252,3.0000011920928955
1.1700000762939453,0.9950000643730164,3.0000011920928955
1.380000114440918,0.9900000095367432,3.0000007152557373
1.471000075340271,0.9930000901222229,2.999995470046997
1.3839999437332153,0.9820000529289246,3.000002384185791
1.4739999771118164,0.9859999418258667,3.000004768371582
1.3120001554489136,0.987000048160553,3.0000059604644775
1.0780000686645508,0.9930000901222229,3.0000054836273193
1.553999900817871,0.9819999933242798,2.9999961853027344
1.123999834060669,0.9930000901222229,3.0000057220458984
1.2269999980926514,0.9900000691413879,3.000004291534424
1.2750000953674316,0.9910001158714294,3.0000040531158447
1.1129999160766602,0.9950000643730164,3.0000052452087402
1.2970000505447388,0.9950000643730164,2.999988317489624
1.3479998111724854,0.987000048160553,3.0000059604644775
1.1380000114440918,0.9920000433921814,3.0000057220458984
1.1059999465942383,0.9930000901222229,3.0000057220458984
1.1319999694824219,0.9940000772476196,3.000005006790161
1.2139999866485596,0.9860000014305115,3.0000014305114746
1.2070001363754272,0.9850000143051147,3.0000059604644775
1.3680000305175781,0.981999933719635,3.0000016689300537
1.5190000534057617,0.9790000319480896,2.9999992847442627
1.2739999294281006,0.9850000143051147,2.9999964237213135
1.180999994277954,0.9880000948905945,2.999997138977051
1.1559998989105225,0.9880000352859497,3.0000054836273193
1.4550000429153442,0.9789999723434448,3.0000016689300537
1.5490000247955322,0.9809999465942383,3.000002861022949
1.385000228881836,0.9799999594688416,3.0000009536743164
1.3660000562667847,0.9900000691413879,2.999992847442627
1.352000117301941,0.9829999804496765,2.999992609024048
1.1000001430511475,0.9930000305175781,3.0000059604644775
1.0740000009536743,0.9950000643730164,3.0000057220458984
1.1439999341964722,0.9940000772476196,2.999997615814209
1.1579999923706055,0.9930000901222229,3.0000059604644775
1.1450001001358032,0.9920001029968262,3.0000061988830566
1.3990000486373901,0.9819999933242798,2.999999761581421
1.2700001001358032,0.9890000224113464,3.000004291534424
1.222000002861023,0.9829999804496765,3.0000059604644775
1.3170000314712524,0.9799999594688416,3.0000016689300537
1.0830000638961792,0.9950000643730164,3.0000061988830566
1.4420000314712524,0.9900000691413879,2.9999983310699463
1.0670000314712524,0.9950000643730164,3.0000054836273193
1.0529999732971191,0.9920001029968262,3.0000052452087402
1.1460000276565552,0.9890000224113464,3.0000007152557373
1.2009999752044678,0.9880000352859497,3.0000009536743164
1.7239999771118164,0.9829999804496765,3.00000262260437
1.0810000896453857,0.9909999966621399,3.0000052452087402
1.156999945640564,0.9920001029968262,3.0000057220458984
1.1990000009536743,0.9860000014305115,3.0000057220458984
1.4730000495910645,0.9830000400543213,3.0000052452087402
1.2139999866485596,0.9930000305175781,3.0000011920928955
1.9210001230239868,0.9749999642372131,3.0000040531158447
1.123000144958496,0.9930000901222229,3.0000059604644775
1.6150000095367432,0.9790000319480896,2.9999923706054688
1.1410000324249268,0.9940000772476196,3.0000014305114746
1.13100004196167,0.9950000643730164,2.999997138977051
1.5460000038146973,0.9779999256134033,3.000004291534424
1.1160000562667847,0.9920001029968262,3.0000054836273193
1.5480000972747803,0.9859999418258667,3.0000038146972656
1.6710000038146973,0.9849998950958252,3.000004529953003
1.8280000686645508,0.9859999418258667,3.000000238418579
1.2040001153945923,0.984000027179718,3.0000061988830566
1.4490001201629639,0.9799999594688416,3.0000040531158447
1.3949999809265137,0.9769999980926514,3.000005006790161
1.0889999866485596,0.9910000562667847,3.0000057220458984
1.2699999809265137,0.9940000772476196,2.9999921321868896
1.1630001068115234,0.9920000433921814,3.0000059604644775
1.0579999685287476,0.9940000772476196,3.000005006790161
1.0519999265670776,0.9950000643730164,3.0000057220458984
2.811000108718872,0.972000002861023,2.999994993209839
2.2850000858306885,0.9849998950958252,3.0000014305114746
1.1089999675750732,0.9930000901222229,2.9999966621398926
1.3050000667572021,0.9839999675750732,3.0000054836273193
1.1029999256134033,0.9900001287460327,3.0000057220458984
1.1619999408721924,0.9910000562667847,3.0000057220458984
1.4930000305175781,0.9709999561309814,3.0000059604644775
1.1330000162124634,0.9910000562667847,3.0000057220458984
1.2860000133514404,0.9910000562667847,2.999992609024048
1.3289998769760132,0.9829999804496765,2.999988079071045
1.3580000400543213,0.9930000901222229,2.9999964237213135
1.186000108718872,0.9900000691413879,3.0000057220458984
1.1880000829696655,0.9920000433921814,3.0000014305114746
1.1090000867843628,0.9910001158714294,3.0000057220458984
1.343000054359436,0.9869999885559082,2.9999966621398926
1.431999921798706,0.9799999594688416,2.9999923706054688
1.1800001859664917,0.9890000224113464,3.0000052452087402
1.1770000457763672,0.9870001077651978,3.0000061988830566
1.152000069618225,0.9930000901222229,3.0000057220458984
1.1200000047683716,0.9900000095367432,3.0000054836273193
1.1810001134872437,0.9860000014305115,3.000001907348633
1.164000153541565,0.9900000691413879,3.0000011920928955
1.0970001220703125,0.9950000643730164,3.0000057220458984
1.2289999723434448,0.9860000610351562,3.0000057220458984
1.2659999132156372,0.9859999418258667,3.0000054836273193
1.5540000200271606,0.9879999756813049,2.99999737739563
1.310999870300293,0.9880000352859497,2.9999988079071045
2.1780002117156982,0.9819999933242798,2.999997138977051
1.093999981880188,0.9930000901222229,3.0000054836273193
1.093000054359436,0.9890000820159912,3.0000059604644775
1.1970000267028809,0.9839999079704285,3.0000014305114746
1.440999984741211,0.9869999885559082,3.00000262260437
1.4250000715255737,0.9910001158714294,2.9999990463256836
1.3329998254776,0.9920001029968262,2.9999940395355225
1.0799999237060547,0.9920001029968262,3.0000054836273193
1.0720001459121704,0.9930000305175781,3.0000057220458984
1.0449999570846558,0.9940000772476196,3.000005006790161
1.1530001163482666,0.9860000014305115,3.000004768371582
1.4500000476837158,0.9800000190734863,3.0000011920928955
1.0889999866485596,0.9880000352859497,3.000004768371582
1.1800000667572021,0.9890000224113464,3.0000061988830566
1.0810000896453857,0.9909999966621399,3.0000052452087402
1.1120001077651978,0.9910000562667847,3.0000061988830566
1.4450000524520874,0.9739999771118164,3.0000007152557373
1.1019999980926514,0.9920001029968262,3.0000059604644775
1.2120001316070557,0.9860000014305115,2.9999966621398926
1.3050000667572021,0.9880000948905945,2.999997138977051
1.3509999513626099,0.9850000739097595,2.9999961853027344
1.1970001459121704,0.9900001287460327,2.999997138977051
1.1649999618530273,0.9839999675750732,3.000005006790161
1.0989998579025269,0.9940000772476196,3.0000014305114746
1.1340000629425049,0.9870001077651978,3.000005006790161
1.1019998788833618,0.9910000562667847,3.0000059604644775
1.2300000190734863,0.9950000643730164,2.9999990463256836
1.5000001192092896,0.9860000014305115,2.9999988079071045
1.3270000219345093,0.9840000867843628,2.999998092651367
1.2260000705718994,0.9910001158714294,2.999992609024048
1.090000033378601,0.9940000772476196,3.0000059604644775
1.102000117301941,0.9930000901222229,3.0000059604644775
1.100000023841858,0.9950000643730164,2.9999985694885254
1.2650001049041748,0.9880000352859497,3.0000040531158447
1.28000009059906,0.9920000433921814,3.0
1.3920000791549683,0.9810000061988831,3.0000059604644775
1.1740000247955322,0.9900000095367432,3.0000064373016357
1.962999939918518,0.968999981880188,2.999999761581421
1.1230000257492065,0.9920000433921814,3.0000054836273193
1.0410000085830688,0.9950000643730164,3.0000059604644775
1.127000093460083,0.9940000772476196,3.0000059604644775
1.127000093460083,0.9930000305175781,3.0000059604644775
1.3889999389648438,0.9829999804496765,3.000002384185791
2.171999931335449,0.9679999947547913,2.9999985694885254
1.340999960899353,0.9930000901222229,3.000004291534424
1.1799999475479126,0.9930000901222229,3.0000035762786865
1.1679999828338623,0.9920001029968262,3.0000059604644775
1.5750000476837158,0.9789999723434448,2.9999942779541016
1.2760000228881836,0.9869999885559082,3.0000040531158447
1.1129999160766602,0.9950000643730164,3.0000014305114746
1.0969998836517334,0.9950000643730164,3.0000061988830566
1.5670000314712524,0.9739999771118164,3.000005006790161
1.1660000085830688,0.9909999966621399,3.0000057220458984
1.2480000257492065,0.9900000691413879,3.0000014305114746
1.25,0.9860000014305115,3.0000064373016357
1.4780000448226929,0.984000027179718,2.999999523162842
1.350000023841858,0.9800000786781311,2.99999737739563
1.5270001888275146,0.9759999513626099,3.0000057220458984
1.0789999961853027,0.9940000772476196,3.0000052452087402
1.1829999685287476,0.9890000224113464,3.0000009536743164
1.0730000734329224,0.9910001158714294,3.0000052452087402
1.121999979019165,0.9930000901222229,2.99999737739563
1.4209998846054077,0.9869999289512634,2.9999945163726807
1.9550000429153442,0.966999888420105,2.9999966621398926
1.5870000123977661,0.9799999594688416,2.999999523162842
1.3600001335144043,0.9789999723434448,2.9999966621398926
1.2670000791549683,0.9940000772476196,3.000002861022949
1.2120000123977661,0.9900000691413879,3.0000054836273193
1.2380000352859497,0.9860000610351562,2.999997138977051
1.1659998893737793,0.9920001029968262,3.0000009536743164
1.2259999513626099,0.9859999418258667,3.0000061988830566
1.2579997777938843,0.9890000224113464,2.999995708465576
1.3839998245239258,0.9800000190734863,3.0000030994415283
1.318000078201294,0.9880000352859497,3.0000057220458984
1.347000002861023,0.9850000143051147,2.999997138977051
1.38100004196167,0.9829999208450317,3.0000011920928955
1.5410001277923584,0.9780000448226929,3.0000035762786865
1.2430001497268677,0.9869999885559082,2.999992609024048
1.274999976158142,0.9900000095367432,3.0000011920928955
1.415000081062317,0.9860000014305115,2.9999940395355225
1.0480000972747803,0.9950000643730164,3.0000057220458984
1.3679999113082886,0.9799999594688416,2.999992609024048
1.1350001096725464,0.9900000691413879,3.0000057220458984
1.0920000076293945,0.9940000772476196,3.000001907348633
1.380000114440918,0.9880000352859497,2.9999966621398926
1.251000165939331,0.9910000562667847,2.999988079071045
1.1139999628067017,0.9920001029968262,3.0000054836273193
1.2369999885559082,0.9880000352859497,3.0000054836273193
1.1169999837875366,0.9900000691413879,3.0000007152557373
1.1269999742507935,0.9930000901222229,3.0000064373016357
1.1690000295639038,0.9920001029968262,3.0000057220458984
1.2280000448226929,0.9880000352859497,3.000005006790161
1.1280001401901245,0.9930000901222229,3.0000057220458984
1.3779999017715454,0.9890000820159912,3.0000040531158447
1.0720001459121704,0.9950000643730164,3.0000011920928955
1.09499990940094,0.9950000643730164,3.0000059604644775
1.1320000886917114,0.9930000901222229,3.0000054836273193
1.281999945640564,0.9849998950958252,3.0000057220458984
1.0800000429153442,0.9940000772476196,3.0000057220458984
1.2390000820159912,0.9940000772476196,2.999988079071045
1.1720001697540283,0.9940000772476196,3.0000011920928955
1.224000096321106,0.9850000143051147,3.0000057220458984
1.060999870300293,0.9950000643730164,3.0000054836273193
1.1089999675750732,0.9940000772476196,2.9999992847442627
1.1280001401901245,0.9940000772476196,2.9999966621398926
1.0759999752044678,0.9950000643730164,3.0000061988830566
1.0689998865127563,0.9930000305175781,3.000004529953003
1.4879999160766602,0.9900000691413879,2.999999761581421
1.3350001573562622,0.9950000643730164,2.999995470046997
1.1010000705718994,0.9920000433921814,3.0000057220458984
1.1579999923706055,0.9880000352859497,3.0000064373016357
1.284999966621399,0.9880000352859497,2.999999761581421
1.555999994277954,0.9820000529289246,2.999997854232788
1.215999960899353,0.9869999885559082,3.0000016689300537
1.125,0.9930000901222229,3.0000057220458984
1.319000005722046,0.9890000224113464,2.999990940093994
1.33899986743927,0.9860000014305115,3.0000057220458984
1.3249999284744263,0.9880000352859497,3.0000040531158447
1.0699999332427979,0.9950000643730164,3.0000057220458984
1.100000023841858,0.9930000901222229,2.99999737739563
1.0499999523162842,0.9950000643730164,3.0000054836273193
1.3860000371932983,0.9759999513626099,2.999992609024048
1.065000057220459,0.9940000772476196,3.0000057220458984
1.1150000095367432,0.9880000352859497,3.0000052452087402
1.0870001316070557,0.9880000352859497,3.000005006790161
1.0770000219345093,0.9900000095367432,3.0000061988830566
1.1089999675750732,0.9950000643730164,3.0000014305114746
1.0959999561309814,0.9930000305175781,2.999997138977051
1.6249998807907104,0.9820000529289246,2.999992609024048
1.061000108718872,0.9950000643730164,3.0000059604644775
1.0500000715255737,0.9950000643730164,3.0000057220458984
1.9350000619888306,0.9780000448226929,2.9999940395355225
1.3320000171661377,0.9900001287460327,2.999999761581421
1.340000033378601,0.9900001287460327,2.999999523162842
1.2750000953674316,0.9830000400543213,3.0000059604644775
1.1080000400543213,0.9890000820159912,3.0000054836273193
1.0609999895095825,0.9920001029968262,3.0000052452087402
1.1380000114440918,0.9910000562667847,3.0000014305114746
1.2530001401901245,0.9839999675750732,3.0000059604644775
1.3009999990463257,0.9910001158714294,2.9999990463256836
1.0500000715255737,0.9950000643730164,3.000005006790161
1.2269999980926514,0.9880000352859497,2.9999966621398926
1.091999888420105,0.9940000772476196,3.000002145767212
1.5540001392364502,0.9869999885559082,3.00000262260437
1.11899995803833,0.9890000224113464,3.0000054836273193
1.1299999952316284,0.9850000143051147,3.0000059604644775
1.0729999542236328,0.9920001029968262,3.000004768371582
1.1440000534057617,0.9950000643730164,2.9999969005584717
1.3350000381469727,0.9890000224113464,2.9999938011169434
1.1360000371932983,0.9880000352859497,2.9999964237213135
1.0869998931884766,0.9940000772476196,3.0000054836273193
1.8489999771118164,0.9829999804496765,3.000002861022949
1.4420000314712524,0.9819999933242798,3.0000007152557373
1.2460001707077026,0.9880000352859497,2.999992609024048
1.1070001125335693,0.9890000224113464,3.0000057220458984
1.1380000114440918,0.9890000224113464,3.0000059604644775
1.2879999876022339,0.9799999594688416,3.000001907348633
1.1579999923706055,0.9890000224113464,3.0000061988830566
1.069000005722046,0.9950000643730164,3.0000064373016357
1.0579999685287476,0.9930000901222229,3.0000054836273193
1.1009999513626099,0.9920001029968262,3.0000059604644775
1.1720000505447388,0.9910001158714294,2.999997138977051
1.1709998846054077,0.9900000691413879,2.999992609024048
1.190999984741211,0.9880000948905945,2.999997138977051
1.1160000562667847,0.9869999289512634,3.0000054836273193
1.2570000886917114,0.9950000643730164,2.9999983310699463
1.1169999837875366,0.9930000305175781,3.0000052452087402
1.1209999322891235,0.9950000643730164,3.0000057220458984
1.1009999513626099,0.9940000772476196,2.9999966621398926
1.0320000648498535,0.9950000643730164,3.000005006790161
1.122999906539917,0.9920001029968262,3.000005006790161
1.1260000467300415,0.98499995470047,3.0000059604644775
1.0740000009536743,0.9920001029968262,3.0000011920928955
1.0359998941421509,0.9950000643730164,3.000005006790161
1.1119999885559082,0.9940000772476196,3.0000052452087402
1.184000015258789,0.9879999756813049,3.0000052452087402
1.1410000324249268,0.9950000643730164,2.9999966621398926
1.1390000581741333,0.9890000224113464,3.0000054836273193
1.149999976158142,0.9920001029968262,2.99999737739563
1.070000171661377,0.9950000643730164,3.0000052452087402
1.3220000267028809,0.9849998950958252,2.9999964237213135
1.0799999237060547,0.9950000643730164,3.0000057220458984
1.0509998798370361,0.9930000901222229,3.0000057220458984
1.1899999380111694,0.9900001287460327,3.0000052452087402
1.1190000772476196,0.9920000433921814,3.0000054836273193
1.1990000009536743,0.9950000643730164,2.999998092651367
1.11899995803833,0.9890000820159912,2.999997138977051
1.1330000162124634,0.9930000901222229,2.999995708465576
1.0509999990463257,0.9940000772476196,3.0000057220458984
1.1019999980926514,0.9900000691413879,3.0000057220458984
1.187999963760376,0.9900001287460327,3.0000014305114746
1.404000163078308,0.9819999933242798,2.999997615814209
1.059000015258789,0.9950000643730164,3.0000052452087402
1.1649998426437378,0.9900000095367432,2.999995231628418
1.193000078201294,0.9910001158714294,3.0000011920928955
1.1379998922348022,0.9890000224113464,3.0000054836273193
1.190000057220459,0.9900000691413879,2.999997138977051
1.1290000677108765,0.9890000820159912,2.999997138977051
1.2480000257492065,0.9840000867843628,2.9999964237213135
1.3259999752044678,0.9880000352859497,2.999998092651367
1.1769999265670776,0.9850000739097595,3.000005006790161
1.093999981880188,0.9890000224113464,3.0000054836273193
1.087999939918518,0.9920001029968262,3.0000064373016357
1.156000018119812,0.9869999885559082,3.000004768371582
1.2120000123977661,0.9900000691413879,3.0000057220458984
1.071000099182129,0.9930000901222229,3.0000064373016357
1.1349999904632568,0.9920000433921814,2.9999961853027344
1.1190000772476196,0.9950000643730164,3.0000059604644775
1.090999960899353,0.9950000643730164,3.0000014305114746
1.0800000429153442,0.9930000901222229,3.0000054836273193
1.090000033378601,0.9900000691413879,3.0000057220458984
1.0470000505447388,0.9940000772476196,3.000004768371582
1.1150000095367432,0.9930000901222229,2.999997138977051
1.090000033378601,0.9920001029968262,3.0000059604644775
1.2209999561309814,0.9879999756813049,2.9999923706054688
1.2580000162124634,0.9850000739097595,2.9999992847442627
1.1140000820159912,0.9900000691413879,2.9999966621398926
1.053999900817871,0.9950000643730164,3.0000057220458984
1.1490000486373901,0.987000048160553,2.9999969005584717
1.1089999675750732,0.9940000772476196,3.0000014305114746
1.1410000324249268,0.9890000820159912,3.0000059604644775
1.3390001058578491,0.9890000820159912,3.000000476837158
1.065000057220459,0.9950000643730164,3.000004529953003
1.090999960899353,0.9889999628067017,3.0000052452087402
1.1399998664855957,0.9880000352859497,3.0000059604644775
1.156000018119812,0.9879999756813049,3.0000059604644775
1.1100000143051147,0.9910000562667847,3.0000057220458984
1.0839999914169312,0.9910001158714294,3.0000057220458984
1.0699999332427979,0.9930000901222229,3.0000059604644775
1.08899986743927,0.9920000433921814,3.0000064373016357
1.1089999675750732,0.9940000772476196,3.0000057220458984
1.0499999523162842,0.9940000772476196,3.0000057220458984
1.084999918937683,0.9930000901222229,3.000005006790161
1.1820000410079956,0.9880000352859497,3.0000061988830566
1.0460000038146973,0.9940000772476196,3.000005006790161
1.165000081062317,0.9900001287460327,2.9999964237213135
1.1950000524520874,0.987000048160553,3.0000009536743164
1.0819998979568481,0.9920000433921814,3.000005006790161
1.0729999542236328,0.9930000901222229,3.0000011920928955
1.1130001544952393,0.9900000691413879,3.0000057220458984
1.0889999866485596,0.9950000643730164,2.999999761581421
1.1059999465942383,0.9910000562667847,3.0000054836273193
1.0759999752044678,0.9940000772476196,3.0000054836273193
1.0589998960494995,0.9950000643730164,3.0000054836273193
1.0699999332427979,0.9890000820159912,3.000004768371582
1.1009999513626099,0.9900001287460327,3.0000052452087402
1.0540000200271606,0.9950000643730164,3.0000009536743164
1.0800000429153442,0.9900001287460327,3.000004768371582
1.0880000591278076,0.9880000352859497,3.0000052452087402
1.1439999341964722,0.9880000352859497,3.0000052452087402
1.062999963760376,0.9950000643730164,3.000005006790161
1.1319998502731323,0.9930000901222229,3.0000057220458984
1.1009999513626099,0.9880000352859497,3.0000054836273193
1.0600000619888306,0.9930000901222229,3.0000054836273193
1.028999924659729,0.9940000772476196,3.0000052452087402
1.0810000896453857,0.9930000901222229,3.0000057220458984
1.0670000314712524,0.9950000643730164,3.000005006790161
1.2019999027252197,0.9950000643730164,2.99999737739563
1.0329999923706055,0.9950000643730164,3.0000057220458984
1.0320000648498535,0.9950000643730164,3.000004768371582
1.1299998760223389,0.9869999885559082,3.0000059604644775
1.0360000133514404,0.9940000772476196,3.0000052452087402
1.0740000009536743,0.9910001158714294,3.000000476837158
1.039000153541565,0.9909999966621399,3.000004529953003
