1018
559
648
489
480
277
614
1066
754
14
696
388
354
604
1021
158
780
395
616
860
168
603
546
240
501
712
256
801
54
907
209
15
1014
348
192
932
152
486
1063
18
689
485
963
242
202
160
390
81
677
680
1013
980
418
967
368
962
724
448
165
282
726
155
124
842
982
181
923
237
597
527
815
753
992
949
1070
1003
816
570
609
777
449
285
738
869
287
325
807
23
837
955
502
633
512
972
965
470
1037
275
78
441
27
968
48
901
714
356
537
198
295
205
939
306
586
39
61
766
188
981
524
831
847
641
459
350
703
80
715
690
95
29
727
432
191
952
922
1048
245
403
650
8
42
1057
67
1008
999
1028
503
477
46
638
254
618
86
550
13
345
755
1053
17
593
770
966
7
272
1076
628
259
936
918
940
452
947
1002
639
189
700
840
995
278
384
730
89
859
422
722
784
207
421
902
763
261
873
975
1027
116
957
22
851
881
928
0
280
297
861
635
326
697
457
682
906
206
270
806
98
584
514
156
25
713
420
1025
673
1011
184
92
224
622
533
1036
218
231
576
182
1077
591
848
177
562
950
488
1064
746
836
49
681
172
757
921
761
934
412
993
346
892
133
59
716
219
733
1010
683
646
802
931
942
698
948
75
884
88
752
879
742
68
808
652
602
740
408
855
625
134
809
990
84
378
217
53
549
687
513
579
824
246
445
425
1050
10
433
1029
463
515
601
431
1043
1022
1060
624
629
685
163
263
146
1000
862
701
401
985
119
6
719
465
531
826
758
419
540
460
365
253
381
135
447
484
180
941
328
125
795
50
854
857
924
865
407
951
589
318
653
670
663
888
139
695
235
564
427
822
302
799
1041
613
301
183
40
373
73
363
367
93
436
47
779
274
1031
194
1012
556
539
612
882
461
385
1052
793
762
596
500
911
335
162
474
850
439
262
569
519
213
51
286
945
352
654
1042
195
212
915
606
797
568
838
988
977
535
956
631
853
883
691
577
144
322
1055
127
660
944
916
276
250
104
453
451
508
101
846
743
659
930
70
366
1045
33
590
429
211
179
525
909
377
416
823
610
4
657
100
605
178
1024
482
874
734
517
720
1009
557
132
581
96
521
617
37
913
1039
58
175
103
97
543
1019
342
827
227
790
560
994
458
626
971
1004
404
820
170
558
260
933
554
1059
405
810
471
72
355
406
904
839
925
423
1051
643
41
82
128
288
829
672
1056
9
391
140
1032
154
299
283
812
665
79
693
552
786
308
588
398
374
732
410
60
497
290
196
210
397
976
248
495
541
498
600
481
143
792
1016
1072
912
804
469
668
329
330
794
24
566
563
193
131
314
750
379
36
710
31
598
768
138
266
709
735
258
832
478
400
702
424
1023
399
627
76
852
43
90
186
731
592
203
880
362
493
1069
787
813
123
52
969
890
360
1001
843
545
444
347
319
57
811
666
292
675
383
316
1046
108
978
147
239
323
817
699
1049
678
662
523
386
640
56
522
970
34
582
961
578
20
684
899
26
122
772
296
526
572
145
900
1067
919
814
359
185
785
516
19
958
464
749
871
778
120
608
44
468
723
876
611
507
756
434
99
137
830
159
413
534
783
634
889
986
255
1026
307
623
294
573
66
249
655
199
472
954
908
637
310
996
229
225
387
361
226
142
953
338
737
782
620
454
676
798
331
102
872
428
130
821
894
844
71
201
462
221
1058
311
55
298
751
1074
769
327
440
107
63
669
187
94
251
711
547
341
380
607
886
1030
748
220
505
935
920
438
393
279
483
69
741
630
244
987
233
532
856
450
396
271
781
870
77
747
864
897
309
767
959
587
791
148
1020
1047
721
473
496
929
679
1035
891
289
833
87
334
504
435
12
707
370
528
74
536
664
230
1006
917
905
1017
946
674
169
