10162
3881
3265
8034
7061
3715
5001
7901
10522
8351
9484
8750
5835
9475
6977
3377
6199
6532
2322
5374
9695
8405
820
7523
4539
5992
3097
9814
6404
2264
3371
2074
2090
6545
9669
10170
7939
5615
10169
28
6958
5227
7477
699
1805
3763
159
8320
2361
8280
4708
4493
1324
3174
1023
1132
5375
6009
8738
2518
5774
7544
212
7580
9018
529
9625
9146
440
4192
8717
9488
6932
8673
8159
2833
2159
6632
446
6642
2616
4975
3529
342
9896
1840
5593
7191
9308
2937
7517
107
2155
2737
653
9767
5330
5352
7141
7988
9164
3234
3654
7993
8545
353
10571
6941
4747
10538
672
10163
5543
9023
5998
6250
2077
8151
6119
5403
684
4934
6470
9898
7537
6929
9682
6368
9718
1770
4671
4091
10434
3239
8219
7642
4682
1103
3264
6880
1645
2095
7404
5925
4362
9893
2904
3324
9800
7021
9349
1595
8339
2730
10447
7306
5013
1380
4920
1352
8839
9611
1251
7357
9427
4994
7448
2288
1866
6339
11
2692
7918
8868
1053
6841
5664
3233
7211
5235
6362
757
4796
5753
2488
6361
3917
4439
6662
9443
6477
3274
9431
7011
3992
3923
8522
2868
7868
567
4136
6375
2757
2710
7206
357
116
56
6105
7678
1212
4120
6043
8605
7352
9192
867
8648
1179
1696
9441
2412
9728
7112
8207
10569
2984
2852
7669
8110
3245
2989
9683
9456
4363
8708
3820
4555
9274
8831
4821
802
7414
4111
2274
501
490
5693
8632
5267
1274
5416
2122
8867
9538
9400
7843
5966
190
4491
4689
437
10108
10625
4415
3773
6544
8084
1407
2475
1227
9904
2560
9137
1619
4280
6603
1158
5356
6582
5899
9696
1328
7434
8191
5306
1603
201
8000
3123
8731
6258
8974
475
1291
945
3863
2043
1468
7975
1845
5628
2957
1731
2253
2404
1343
6876
229
5002
286
5657
5242
1959
4731
3342
1793
9837
5387
7376
1802
693
7552
10478
6098
3511
1232
3069
4208
8148
9521
971
6526
523
7445
2763
6026
5672
3728
8519
3080
542
4015
308
3590
6634
4336
991
8184
2481
436
8529
8472
1596
8498
117
8661
4631
100
1629
7016
585
9509
2192
421
2286
1534
1604
1322
10304
6131
8433
10512
2915
7082
5440
7023
9604
150
8260
6528
6457
10318
3509
1424
10123
2696
2811
6982
8359
5231
1910
10414
5310
6146
9704
3831
5795
4833
4864
4027
4573
10094
7680
1544
9558
6211
8908
3146
9158
8741
5852
4566
5099
1021
10554
2575
8953
2764
267
8326
3945
8416
3149
4303
2490
10090
3475
6530
8999
7513
2932
7205
8063
2179
6993
9212
3719
2381
4453
8375
321
5704
708
9573
8679
3051
2338
3298
3572
7565
6034
6947
3250
8312
7817
7827
10496
9393
2887
9145
1860
6321
1312
1605
10506
2154
6044
5964
5905
2037
3229
7192
4400
3611
860
7460
4995
2803
3933
6660
5646
835
2028
1983
7916
10189
9460
5660
6778
5017
4244
5715
10307
702
3709
4850
6596
5809
10147
6174
3049
9
3658
2106
7409
5212
9547
4522
8007
4402
5591
9654
612
9271
3141
1955
2075
1375
10525
3038
10606
3888
4068
3208
7305
7103
3630
7590
9815
10037
4502
10118
850
8990
1767
4037
8641
912
5854
2865
1166
5176
2548
6989
9623
4025
29
1494
5990
5682
1146
8107
6909
9945
2306
9196
2584
10420
3099
4067
1043
7571
6401
614
2613
3425
3275
6934
9876
10043
1465
8706
10216
5396
4719
2756
10530
6151
775
9967
9554
3832
5430
9326
9292
4828
6171
4191
10138
7700
2447
7371
1877
5484
2050
1366
8851
10326
8618
2876
8178
135
2464
9512
9389
8696
3485
5167
8823
10583
10244
6863
6180
5069
3261
10575
1864
3081
4095
3553
2073
8538
5112
1154
5039
9358
2377
4183
9445
10576
4574
5487
3648
4701
9637
1237
3834
8525
8392
4668
2903
7613
9996
9552
637
8322
6186
9466
4242
8380
4919
58
9261
4229
4130
4155
3899
508
2704
4896
4735
1673
3754
539
7329
9161
9757
8406
7928
7610
2546
9498
7968
276
5425
1714
5721
9991
2733
451
7440
6002
3940
10171
4004
5229
1954
1190
766
10039
8391
7180
4011
8518
7575
8288
10302
5608
10083
1817
7895
3584
3430
10416
776
8479
4414
5127
4887
5463
3958
6814
9830
720
1456
1089
5280
1556
6508
9181
6247
1382
7693
4360
3916
2960
8765
5574
1500
4650
5456
6543
10182
479
1660
4497
7446
7221
7196
3384
7383
320
5653
242
4039
7170
1480
238
10402
3537
4347
138
2230
6255
7355
3507
111
8198
7738
8753
789
8203
10235
492
9210
5752
9891
6028
5668
4089
7208
9313
487
2856
8601
1519
7439
8621
5882
5449
8112
1210
7886
215
6553
7019
2171
675
9042
2928
470
6301
6578
9195
2057
6263
3600
8889
1036
2285
2647
2762
10309
1724
4913
3140
952
793
2619
894
7360
10312
6082
1426
1378
896
1844
10442
2441
8885
3424
3856
2779
1751
7651
6433
1712
5016
1493
87
9300
273
9762
3973
3879
1889
259
9888
10225
7862
3006
2746
7426
10603
6024
2263
3689
1888
6332
7850
1125
8474
6078
1530
9640
216
9237
5549
1285
5748
1592
1063
198
6100
1181
10156
2869
7661
1080
9709
8883
4928
2599
4213
1502
7519
8478
2954
6995
2352
1130
10028
7224
2425
4170
2909
6830
8488
1930
8570
5923
6307
8475
7203
8142
977
6523
8678
5170
3562
2328
8624
5210
9205
5328
24
10412
2000
1298
9348
4510
6786
2968
636
5028
4711
9459
10453
8389
3777
9208
6242
5563
6943
10180
593
10303
5568
5304
2233
6225
4769
873
7395
2514
10155
3152
5260
1363
9684
4403
270
722
4811
2863
9065
10382
7240
9010
3504
10392
2107
1982
4618
74
5413
1964
394
9307
4057
4881
3776
7502
10021
1390
9353
2313
6600
8016
8733
2618
3908
8370
7276
8216
10236
9753
2454
4432
3423
2988
4417
472
4101
6998
7559
8495
236
197
8985
6285
7368
9956
9721
1104
1398
7159
4258
9346
5313
9955
7412
3780
2745
3877
4289
7806
1521
9339
4391
9869
4292
3074
5519
1163
8487
7755
8103
7119
4260
799
2278
1616
430
8742
3644
3823
6490
7178
1119
1290
2375
157
4187
583
1991
5057
4849
2396
4660
5786
2033
454
10293
3895
8335
1708
2200
1905
2900
9902
2855
9073
6012
5109
6810
3606
9336
5868
8031
550
2936
1688
3169
9930
7592
7696
6910
3500
3095
9342
7536
5113
8116
9343
9461
8042
4326
3963
5766
10550
795
2678
7128
5583
3578
7402
10521
2821
8845
6806
5461
9316
1027
6271
4145
3163
5879
5898
99
8468
9666
8400
6022
7534
6917
1173
8804
3603
5090
7761
8642
1750
5452
45
3643
2358
955
6531
3011
6609
410
3075
4017
6039
7774
1827
5072
3199
9039
6004
5501
833
3471
7341
3951
876
9984
9155
6716
9347
4610
6862
6580
10239
4399
6940
1368
6222
3305
10211
6417
230
3996
2249
8841
5793
2612
4764
5243
3801
9860
7106
575
9035
7914
2689
8886
2617
4923
4683
8162
69
7179
1512
2980
9630
8947
4196
4199
8386
1470
4477
6601
10617
5952
7079
5346
4925
1091
812
8963
1244
10519
7529
1741
6804
4933
2119
4594
7476
1625
5687
8438
6732
2331
3528
1656
5433
2413
9177
3120
5939
8526
9540
5464
1489
7472
5875
9476
6397
7673
10375
3412
5711
7164
6524
3993
6013
7647
3047
4506
4851
6720
8912
8514
3192
9590
7799
8803
7932
617
1610
9217
5825
10417
6881
10540
10354
3950
8088
5151
9371
4525
4788
10436
217
9213
7675
6847
2142
10248
9811
3202
6900
7860
4579
5569
3583
5815
6262
9221
1245
9769
9912
177
2921
3373
10502
1240
891
10499
7366
4385
3747
9417
9660
2992
2131
7373
8341
6704
7057
5358
6867
8234
3221
4959
2740
6232
9788
5838
4355
5550
1738
6139
4237
1933
6946
2001
3774
7867
3004
4990
8606
468
6615
10450
8040
6334
10483
4559
7006
8209
5122
1613
5439
7742
5867
8083
8315
3730
6493
2760
10605
8137
5223
3731
3238
2334
8440
2021
7347
8318
4279
5087
5336
7117
7432
6641
3321
5311
7911
8462
3674
8754
721
1272
3618
7720
2539
8607
8413
1095
6313
7987
9168
1001
5912
1005
7515
8665
428
3257
3129
5642
1816
3542
538
7110
4157
9182
9885
3022
1833
3521
8716
4593
9901
75
2181
10600
4456
5248
5670
623
2871
1956
628
3172
4368
6072
8328
47
2135
8050
2941
7154
4984
3271
4241
9689
847
5710
6128
4974
8457
9282
965
849
2323
10112
1427
2198
9735
7906
9694
6936
845
9260
3549
988
9068
8022
8357
5270
6625
9892
2169
4614
10426
6759
10226
7214
3328
8060
10223
6550
7085
2088
517
91
986
667
375
7045
4816
8825
6914
7922
1102
8154
2398
2474
3449
1754
5808
2147
10024
4724
1580
8575
6834
4718
4220
4810
6445
7617
7974
9533
4429
7139
9557
5174
7859
9063
2040
2824
2961
10071
10384
8512
2914
7114
3072
2422
4265
10465
4300
8881
1321
5971
3833
7491
1261
4501
7060
10179
4248
7920
9883
6591
3319
7301
10464
2452
3609
3942
7744
1068
3118
5728
3207
3198
4640
8913
948
6620
7389
9727
9372
1566
7719
3403
2566
7069
109
7272
6883
1094
6675
866
9629
1699
8144
6429
371
7160
5490
3984
4041
3845
2693
5846
7129
6377
2831
9273
7096
5124
7954
9194
6628
3458
5233
7883
5581
3333
9725
6960
1335
7420
1431
1811
3757
8842
129
2117
4034
3804
8307
6635
5880
7562
629
8189
7760
8332
6389
1423
3433
4177
8880
9517
3751
9159
1672
2124
5647
777
330
9426
3990
815
8686
9877
6698
2491
8037
9553
7104
5909
10106
6799
10389
9053
10489
9919
363
7527
8749
2420
1144
10002
9638
7971
3655
9487
9184
3949
79
692
9943
6976
3535
9763
4048
5729
1648
2878
5967
1354
256
3495
4319
2458
6348
7204
5107
8981
23
7149
5547
10587
844
2337
8617
2081
4865
8927
2084
2990
6442
5445
4861
2948
1160
4393
2512
5937
5926
10463
1841
8059
8041
4270
2562
1147
6970
4972
7609
7757
625
3025
2592
9793
10624
5050
6640
6921
209
3748
6819
7854
7531
8276
5379
4425
3432
9575
6558
1293
10242
7511
4732
6396
7363
6930
2734
3934
9479
10255
8633
3418
4989
6822
2143
6311
5789
4776
9193
9545
1109
5203
8450
3677
507
3446
3929
6465
2504
9741
9030
142
8165
3112
2850
1320
5735
5359
6760
3337
443
10461
7898
9744
9871
3538
919
5068
4460
1113
9644
3159
6366
6512
1203
6447
8973
6135
6227
4554
2371
8919
3479
2180
2453
4696
4626
758
8755
4526
8776
4186
8490
4758
130
6775
8334
6507
3227
3148
284
9325
4107
3930
10089
125
1721
234
7467
2388
7242
4411
2029
5888
9075
4406
9692
4
4969
4001
302
6711
33
9503
10173
3983
5828
6654
9880
8008
4592
3073
1270
3183
4204
2604
5943
422
8984
1473
3764
6647
10362
7990
5534
3214
9204
2472
126
4072
3647
6726
8238
9665
2257
7969
1325
2293
3769
8588
1168
2571
10267
5297
2014
1013
9363
6959
8581
8822
4407
102
870
3827
4410
6030
4358
4915
4547
3184
1705
369
3230
8087
8711
3898
7450
6661
8118
1170
9320
1607
10344
7567
10409
6066
7017
7733
5450
9539
3936
4962
2559
7666
6684
4247
9613
6745
2942
8127
4085
4121
3173
6559
9574
6506
2609
5895
9826
10194
1318
9147
2725
89
1435
7416
10166
10574
3621
4019
7699
7561
2639
931
8169
8796
8960
6852
7027
5993
2537
4005
2569
364
9809
1925
10206
9827
929
3216
4288
6378
10324
6099
618
6142
10157
2480
2325
8805
7913
1304
10202
4982
2280
6122
9771
3947
4931
9352
7747
8303
5187
6769
2473
6353
1539
7800
2146
2434
4243
8032
5584
5989
4236
3237
8838
1885
165
4458
9499
9305
8460
2774
8268
6202
3952
4088
5351
7931
5516
2271
3315
7995
8383
9586
6499
7866
86
9468
600
6803
2589
6753
7961
9807
6120
2582
3422
6406
5842
8346
3464
3213
2688
9170
7644
7623
6731
8587
4152
9965
696
85
3811
9454
9932
1546
2340
2867
7325
1115
7684
8461
7264
5557
8264
6644
10077
148
8877
5334
2848
15
3320
6926
2877
1277
4100
4845
7905
7134
5054
5079
5872
4466
8806
476
5278
5678
2676
9093
8600
5639
8018
7258
3350
5829
3086
9493
9291
6259
10363
4128
8355
3775
1553
2206
3248
3742
2588
3704
8436
2196
2947
9040
8045
2677
3708
7705
4214
857
118
5036
8265
3090
8989
10294
6096
3622
8542
3701
3666
6326
2414
5697
5765
9502
8634
7871
1908
7829
3450
1963
8464
8470
10135
5975
7539
461
2232
1311
8180
2382
8459
9606
1861
8104
3807
1016
1668
9964
5259
4644
1455
3904
6892
9318
4997
1654
6463
1296
4099
9102
6302
9593
694
2385
8531
6281
9172
7908
816
5156
5104
8384
640
3497
1100
565
1842
7056
9263
724
1684
4045
10290
6905
3119
5298
10006
2577
2753
4473
5345
9712
8589
2679
8354
6879
9086
864
5915
1936
4693
8044
9153
2509
5024
1413
10385
1761
548
1209
742
9269
181
6068
5165
1540
2087
7581
8757
9824
5194
2366
3002
2585
1554
10219
4255
2025
9038
2212
1576
5814
4156
10428
4301
7433
2624
7521
6196
5531
403
8214
10534
5367
2138
5929
1947
902
2291
452
379
5675
8872
6590
10310
10238
8703
3743
6425
4290
10473
1689
7271
8541
6036
3027
7292
1483
3981
5406
6095
3486
5903
985
9311
7408
3910
373
7145
10470
7093
6903
7059
10425
2177
5442
5908
6351
2551
9794
6840
1339
9200
2530
9297
1196
4725
5840
4454
712
1643
680
2854
1913
6563
4282
8492
7615
7894
4203
9324
8598
5084
9581
5279
7064
8094
3625
62
377
3100
4723
8836
1725
6408
2873
5718
7804
2162
4808
4789
4098
5589
729
9277
6453
8513
4840
808
10360
10291
9662
6701
9570
180
9050
8688
1670
5173
2080
6007
4649
6025
727
3191
1319
7222
1606
3641
9333
586
7186
5649
863
7049
9651
6346
392
7941
6288
9256
1385
7050
1004
6335
9455
1713
1065
3970
2205
355
225
4077
3370
3840
1205
2800
7926
10541
1182
3819
1990
5465
10114
153
297
1674
2026
343
1032
3782
4946
2767
5546
3975
8878
4620
7636
8558
5762
424
5256
5775
2415
1086
2353
10045
7156
10221
4964
1050
10069
6152
8014
7484
8208
2497
9232
207
3772
2245
2195
5791
6088
2002
10075
9674
4664
10062
5089
395
4144
4228
193
10022
5052
537
4678
2034
3699
9225
4141
4124
4452
6283
4738
6520
1262
10401
5466
1675
4825
9667
7285
9270
9716
5983
10275
3510
7929
2994
10013
6413
8532
9249
5681
8422
1283
3335
3070
2324
1958
9833
1808
3513
9579
828
7280
1533
4459
4151
2691
4108
8183
7813
3267
6498
2500
8447
4000
9970
8813
2224
9776
9806
3420
2796
9813
8727
2686
219
2455
3586
4193
2742
8715
3962
2395
10477
9615
9143
1074
5532
4976
4663
7356
5055
3903
65
549
9235
3680
2536
5293
4556
1194
5772
4110
6700
1854
1101
1537
4942
9676
9051
9845
7577
10589
6997
5629
5724
8786
516
5811
8289
1971
5208
10096
9167
2041
6086
6080
5536
9598
9720
2311
9652
2979
4334
7113
2063
5284
9340
2369
5232
8465
9357
5006
5942
7855
5900
7622
6913
9931
7682
1524
3440
9025
2845
3441
5511
6784
9921
432
6673
9007
2591
5515
7532
8784
9138
7269
5734
6292
7690
3706
10229
5070
6094
6795
2161
926
5228
2888
3589
1356
3969
9542
4218
6087
7586
2267
6489
3779
71
2068
2544
3299
3061
6126
5137
10438
1737
1834
2097
3023
9513
3638
2682
7089
5020
10486
5158
5716
3283
4613
4437
8106
6702
10103
498
8090
8565
848
4050
1256
2720
4264
5331
6169
2276
6885
8654
8296
9253
3724
6891
9049
6434
1136
4401
4217
6056
467
5469
1914
1795
794
7353
3703
1804
7982
3361
7469
9679
341
1759
2449
8681
3980
5128
9486
5641
4361
2427
1511
4571
8271
3468
6636
3331
4427
9797
4577
7787
791
5733
881
5968
5812
5073
6584
481
182
5163
4722
8409
7745
4629
5271
4978
6871
4103
10482
2157
701
4040
5579
2838
8610
3454
9515
6670
2094
1202
5426
2247
50
872
4284
3567
973
8660
1344
2643
7801
8980
10102
3211
8424
63
9335
9129
6134
7253
3965
5140
8546
7422
5409
7005
3516
7364
6744
488
9957
3882
2583
9865
8049
5756
5746
7131
5654
9046
10628
4062
447
9592
778
6556
1859
6410
1748
5706
8133
9752
5472
4512
1826
2809
9066
8212
7387
2681
6409
2437
9105
8792
9244
9391
8945
2495
2079
3569
5305
851
2221
2164
1255
7350
914
1430
1267
3512
2711
5234
4436
9328
8185
10445
9671
1342
644
7267
8655
2235
5849
3409
3406
9675
4483
500
2543
8704
6623
4302
9064
9634
3659
2912
4932
7505
5945
6416
6236
3518
442
2849
3768
6766
9000
2951
736
2623
6604
3523
9857
1189
8272
5216
8639
1162
6846
2552
1164
145
598
2702
5303
134
398
1667
4430
4596
8663
10092
2595
6725
3738
8362
822
4274
4135
2817
6201
5318
10040
5605
8245
316
8627
4271
3115
6230
9187
2864
10172
10205
9963
9026
2657
6971
8676
4022
4190
994
3287
3
2830
9799
9724
587
594
9583
5764
10601
8378
5045
7897
3783
433
380
3579
2282
6776
978
5063
8729
5751
6049
5921
9408
10061
10340
9810
2594
764
803
5135
4830
4778
8451
2527
8255
8534
4367
8201
2738
4741
1461
3818
1128
4737
3862
6657
9473
3407
893
3364
9223
911
939
3372
1491
5936
5171
4366
5444
5683
5290
9209
9743
646
5327
9331
9632
3875
3302
4394
10111
5624
3573
7468
8697
7564
4519
3725
1897
1172
4916
796
5043
6246
9136
6317
2993
8445
713
9698
2851
4673
3266
3084
3803
8687
6809
9650
908
271
1922
3296
10430
8795
5827
4884
7229
3966
10346
6974
6772
7820
4486
8301
1406
2977
8762
339
417
7335
7486
9781
8779
7709
4685
767
7344
8961
10348
4772
1188
3476
6608
2648
7724
5277
4742
622
9621
10527
4338
2103
10462
6649
4092
9462
1547
6443
7723
9784
8002
4245
4591
8914
1258
3291
1058
361
782
1747
6823
5723
8128
10136
7080
8669
9236
6595
5146
1650
2326
7676
3554
8564
6148
10408
4140
4730
2100
3382
9981
7919
2279
7646
2163
5841
9231
4927
2658
231
7255
2463
974
5155
7307
7853
6264
7674
7390
5741
1623
5700
8625
2645
10573
8361
10095
7594
9226
3410
7815
3489
10480
1458
2966
9401
8863
8073
9115
9248
990
6248
899
4059
2641
8767
3864
1224
7578
3988
3716
5483
7602
4296
5276
8484
6431
5575
2145
1123
1973
5535
5383
10174
2965
10315
1349
7333
8857
3546
9681
3556
3278
6484
2769
1079
4343
7296
4434
5029
4541
5951
9447
8036
5922
960
98
9587
9530
9428
8497
10031
6887
5662
664
10398
3488
10093
6686
8155
1608
1064
556
3166
610
8072
746
1628
5606
7997
1367
6386
9747
10364
3760
1327
3387
4481
10373
5645
185
7311
7324
3534
7748
3020
9286
7044
8948
964
10126
9433
167
3684
4868
2574
2723
4598
8858
8134
9293
2554
6856
3215
2718
7727
8124
1201
8594
2758
3686
1809
5360
8430
5499
8928
4965
1857
9078
5428
9739
4365
7232
6183
8671
7424
6464
6861
7881
2707
6402
8801
8746
3548
4306
3610
942
581
3971
6808
9117
4992
4757
6295
7857
5457
7378
6387
3001
6323
7219
4532
6048
8726
969
2926
9280
8396
8690
9823
6576
6697
5617
8135
10546
8969
4129
5160
7600
9388
4765
10122
67
9878
7945
2405
10175
1167
8721
6901
5411
8342
390
5910
3437
2012
10117
10481
8966
5288
5485
3694
601
7775
5859
1586
5361
60
6357
3281
4712
1303
5513
9601
781
4605
4426
10193
6287
1647
5468
2019
3349
6352
10501
6651
6693
4709
2320
5369
584
6390
3502
3628
1492
8876
547
8486
1744
3670
7847
10545
2060
7522
5037
10393
8770
8349
10467
372
5719
10000
6981
1948
6392
412
2818
93
1710
2576
3363
5996
10088
173
51
3596
10176
2327
3039
9004
1488
2632
10137
2141
7707
6215
6678
2048
7243
3563
4487
9009
1054
7732
9128
10066
3132
7900
210
317
6291
6893
8811
6379
4443
6965
8269
6538
9990
7573
4006
589
10345
6399
2168
7845
6588
6274
611
4710
7182
9126
7088
5123
2601
3607
2532
3914
4451
2630
3520
8282
5613
970
2837
7728
7624
4133
2435
5794
5505
6354
731
5489
1649
4961
1206
2493
46
10400
9322
6035
9853
4746
1609
8982
2840
9548
4286
10441
1723
2238
7423
4160
3268
5845
7175
5078
2071
996
2644
1550
9882
1978
391
5091
1711
10391
8521
3851
2132
6240
8549
3092
7100
2176
6715
2406
7004
2392
7803
7631
4044
7809
8568
6868
10213
4317
7937
6187
10279
7488
9057
6549
5991
3806
8105
5659
7557
9843
709
7718
10356
821
3662
10562
2640
10388
4422
972
7223
4219
2476
10452
9090
9421
5096
7024
8832
7073
1059
1773
5688
6165
9022
10064
1781
5782
1195
3280
7247
8166
5169
5393
4823
8067
505
2477
8649
7233
6954
1706
2056
5164
3010
10319
3031
10120
1122
7765
2149
9058
3231
4479
6170
3447
2625
7864
6400
5985
7963
7225
10427
465
1881
2393
5917
1288
5965
7823
4212
6338
1191
3176
312
2590
5074
1156
4768
304
859
7047
1843
3206
5077
10337
810
4751
787
7161
5896
1362
6138
9505
4323
9925
3357
6848
1253
3122
5526
1763
2829
3692
9374
3734
9201
7151
3702
2165
4322
5673
7633
4538
5316
10432
7940
3165
8012
429
7716
2782
10146
10119
2204
8374
5357
951
528
3982
7648
10422
10044
7146
8835
1478
8689
9859
9706
6575
9012
656
8404
8295
9284
7022
9520
3253
6050
2254
2446
4198
9259
6939
2781
162
9412
7166
745
6114
7612
6018
3784
984
1564
1935
4386
7915
10068
569
9927
8871
3282
3905
5848
2305
9804
6439
1192
6793
7891
5919
9849
7188
8177
8252
8576
293
4490
9733
9422
2750
5398
5066
2129
3312
936
748
9841
8340
6052
1589
9037
6053
4106
5548
8327
485
2949
6986
10097
1326
5106
9568
9077
6085
5768
5562
563
10626
5777
3130
10329
2378
10074
2940
7585
9550
4168
6256
6132
9036
5784
5656
10264
6972
6696
5443
7629
6920
559
8099
12
8530
10151
6864
6113
5972
3113
4073
8122
1471
4431
5376
4971
5116
7907
5856
1185
8048
1396
5373
8363
1970
9951
1694
9635
9133
8995
9303
7124
1823
1887
4470
6924
4707
3106
328
2602
2996
4533
7572
2776
5095
1707
94
6426
7274
9783
9779
8787
4462
3145
10124
8001
8763
6064
10510
6496
9597
7763
8713
7010
2924
4899
8410
5220
10234
1372
3994
2051
9864
4471
8566
10015
1155
1345
4582
260
6586
1459
4854
8837
240
10227
1116
9043
9690
4517
6874
1350
7312
6781
903
10210
5573
524
7947
3117
3340
759
2515
5190
8967
2768
3931
3400
9119
8068
4733
5792
8629
1442
4210
804
7996
8368
3009
6551
4627
4759
2943
7051
9596
4485
9218
2853
4398
1340
8443
8330
8935
2365
9866
7262
5862
9029
4753
8393
2099
621
57
8227
6267
8190
4716
3802
3307
1135
149
9020
6973
9730
10265
5486
10101
6963
1753
1740
9863
2726
5200
1909
5287
1007
8367
8887
4658
4557
7777
16
120
5807
97
6777
715
6198
1813
5491
1615
6444
2266
1333
6820
4692
8230
3353
8437
7955
5040
247
4688
5527
937
5372
76
9160
8102
4908
2364
4354
1153
8425
448
2907
6842
266
826
1856
5049
6156
5021
7659
9497
9890
3066
10380
9189
6045
7927
8093
1314
5192
4420
7670
8925
5843
3974
9199
7570
7380
1701
5897
9985
5338
4029
9351
3466
8333
6967
9511
838
9510
3913
7455
723
7123
10459
3838
6592
2503
2411
1490
631
761
8833
4294
3026
1733
5198
8407
10012
8781
947
2076
5627
9080
1685
6953
2754
6813
9895
552
6674
8493
5015
8163
10099
6436
7385
6502
6294
6314
718
95
6159
4524
6038
7195
1939
6594
10228
1444
5392
214
9369
1709
3030
5258
1282
6376
402
5475
4945
10295
2505
6522
4901
8921
9276
6844
3247
3976
8329
3151
10256
633
10204
9754
2744
10051
7066
2047
4570
6503
2428
10507
7664
7198
1337
1676
9969
3063
2995
4424
5454
8747
2598
5110
5268
4632
10580
5758
407
8079
7217
10457
7566
869
6754
9483
1901
4715
7176
53
10423
4508
1624
7122
8394
4996
3164
9840
7328
8991
1143
6312
2251
2354
6161
659
5321
174
1415
10127
3431
6979
6705
44
8939
1639
9677
1057
8585
7185
5474
7836
8057
4756
9091
6374
7625
8220
6829
1893
2359
1361
639
9910
10523
8523
2102
431
9440
6278
3645
920
6345
5863
1249
1395
9907
6738
4375
7630
7754
9645
5269
1035
5422
2044
1437
358
5262
6513
4944
910
3351
1559
1351
1440
7473
9602
6027
2652
4433
295
4482
8228
4980
5250
10615
4542
5435
5386
10552
4272
4720
3798
3560
9886
4529
8469
5085
1890
9726
2565
9939
884
9396
5941
326
879
4922
8387
1026
5441
8371
10334
1472
1301
4775
5282
4981
3147
4339
9175
10374
1247
9903
2523
8200
1450
8976
1730
1584
3108
8126
9576
9242
1031
9861
2372
8768
6394
6570
1235
726
10578
10325
3209
344
7792
2069
4812
4846
5060
1039
747
8210
2976
7569
10323
7130
2654
6888
4028
7345
2705
981
10113
950
4330
3860
2260
2118
1765
546
3411
3889
9298
2700
9072
5878
3859
3236
9534
6643
9220
7048
6005
2684
741
9214
4587
8456
6948
5482
2262
7821
557
2269
2299
4607
7759
10233
3160
9685
10532
160
7681
5436
9699
10621
7336
5239
8884
6336
2991
6237
8952
2039
5594
4349
2287
8215
9791
9449
9033
7315
4325
8051
6074
3527
2958
3144
3014
4201
3242
3258
7832
9908
6441
1008
8892
8310
4740
7392
10529
3667
8849
4761
1691
9948
4164
10513
7461
10316
2747
7288
8398
1618
5869
263
1400
2082
2522
9989
5891
1928
480
1254
5698
5744
7516
7605
9368
2759
10609
3517
6758
2651
2499
6839
2160
9987
5524
1045
9310
2067
9122
2172
3188
9234
661
233
8987
6478
10154
5959
3939
1849
909
544
1700
7884
9104
7282
5844
1836
2010
1149
843
2555
6938
5247
638
325
4492
7055
4113
1140
7418
3089
980
7885
1638
3900
2017
2023
2120
383
3901
8240
5438
41
1422
1069
7326
8543
8121
882
5384
7626
1548
4147
6533
8373
2755
10019
10443
3551
9394
9251
2036
6562
1799
6944
2621
3649
7713
4246
4836
3978
4936
450
3224
7549
1336
1503
1410
5978
6320
8537
4866
2918
4807
2564
10440
3613
576
7563
4032
9088
5834
7163
1389
1218
6112
6611
359
6796
7692
10081
8712
9624
7169
5117
1886
7509
8640
2175
8896
6021
9715
6919
5892
2716
905
4575
4652
4250
4058
5510
5622
7289
5205
8132
10299
889
6849
241
7899
10
5839
66
5861
975
59
10032
5257
7094
8344
3496
8065
5572
2656
5312
8846
658
2889
8123
10558
9099
10247
7545
10192
9610
6950
4499
14
7377
6746
9152
482
444
4921
2550
1508
2735
1183
10504
310
9541
4371
1133
8748
72
2944
7257
4601
3525
7842
9949
7781
2597
8572
9962
8561
6536
7063
1869
6683
10277
4461
2674
6542
81
1867
3745
4602
681
6602
4227
1631
6653
3870
6860
7136
7524
1898
2605
1791
7086
700
1651
10185
10604
5586
413
2524
3273
6234
3135
897
773
4266
3587
458
200
8699
2072
5541
8458
6260
8650
6472
6740
4123
7167
6824
9034
5193
7689
8739
4333
5514
6188
8595
2202
208
7879
7861
4862
3712
2339
6873
2728
4353
983
5417
2841
9631
9926
1178
4911
8194
1812
6762
3114
10208
834
4105
10086
8336
6539
5708
9017
4569
6987
4070
1076
5506
604
1150
3405
2466
7034
551
7029
3435
1011
2832
8814
9881
1732
6318
4139
8298
5876
1165
8446
2283
4558
3723
3565
1
10311
5604
5131
336
10479
2953
7698
4870
10343
3322
2807
9661
2174
1033
8421
6546
2703
9693
6807
5818
5806
5676
1017
2922
496
8061
2620
5619
3077
4449
1999
521
832
4983
2416
9216
1851
9268
8420
688
5222
4635
7530
8483
8983
4954
3577
213
9850
4172
2136
4222
4941
8571
5153
9773
4132
40
1370
3483
3919
4634
1334
647
7658
654
112
9379
3399
4079
8113
4637
1641
5238
935
8662
4240
8926
8338
6031
4413
6019
1642
5911
6149
8917
1655
9657
1252
4297
6706
5611
7457
605
332
6955
6631
10200
400
3037
2275
7869
9054
10328
7452
9341
3921
9011
1305
4926
1439
250
737
6337
8097
3744
4116
8056
4827
3767
915
6129
5401
6219
5522
5508
3758
7038
4142
384
4902
3620
1199
7749
9151
9377
6452
9413
5408
8187
6221
10207
7614
9584
1071
7794
8353
3790
6789
2528
8998
8760
7284
10008
2660
6185
1875
8968
8114
7070
4537
9084
453
10386
7338
3837
6147
3991
9173
313
5580
10056
1106
6
52
10577
6742
3395
8609
4309
7520
3491
1622
5545
478
8091
7965
3453
6448
2883
1602
2761
1614
6537
7584
10350
5553
2739
5750
1217
6771
1445
2819
4801
8583
9281
274
1297
8153
1485
1225
6836
6728
7444
7140
4838
9278
2368
6328
5154
8866
1030
9114
1815
5405
9465
9544
9387
202
9972
1819
8247
4047
5419
3153
9636
641
3150
10285
5813
2627
7978
6593
8818
9740
1177
8574
2390
10469
7116
2898
6269
9765
534
1425
3124
3883
6785
968
9478
7660
8442
4809
7406
6077
5108
9411
7398
3892
1360
4638
4545
5529
340
5488
5821
10387
8622
5540
1257
6689
1992
8206
1525
4890
3292
1757
1371
2445
1968
3369
9338
4998
5081
2766
1593
4009
3985
6918
774
294
90
3614
10355
2194
9013
9953
10542
730
7663
5614
9127
7464
9451
7734
6935
6884
7903
6747
2791
3778
6103
921
1950
6676
8033
2096
9409
5183
7401
9323
9024
5126
6875
5343
1543
494
1575
2655
6942
6663
8870
449
7125
1900
7425
9524
2952
5150
6486
9528
9758
4031
6469
1187
8586
8054
2690
6805
9404
8891
783
8417
4750
3017
10531
1481
9430
4200
3480
4583
2078
2557
5314
10087
5916
877
3212
8951
4082
4146
8707
4797
7370
6855
10405
7985
3598
1467
10260
445
9997
3693
5477
7802
8922
4606
232
4069
8217
10317
4820
5655
6927
8979
5798
8834
4026
3255
5855
7655
6475
2626
716
5889
5083
2646
10581
4549
4876
6266
4038
5377
3935
1920
916
7753
6355
1452
7015
1084
5528
3134
5142
620
495
2216
714
6016
5884
8902
9817
4112
7039
3932
8455
3262
2432
2638
3977
10590
8109
5932
6541
10616
5778
502
2137
6896
5042
2166
8788
6231
2896
2986
4656
10188
3093
9434
5181
2967
8942
10570
7721
8262
8511
2167
7251
5265
1873
8956
6561
5241
2261
4951
8281
3781
4655
10140
1718
4938
7989
8556
4567
8412
2489
4595
6923
9668
811
6428
9096
2839
7260
9203
9142
7811
2401
37
3443
5381
2516
8449
3732
901
7494
3187
489
5130
666
10500
5261
3260
570
5143
8827
6850
5801
3110
5948
8647
3852
9101
9390
2225
7340
3383
3691
6548
2093
9978
1838
3136
4877
9076
9296
9777
2421
9491
3762
3972
1779
5904
8010
2653
36
6449
2808
2006
1330
5901
10250
1200
5509
4653
7172
2816
6741
1377
4421
1476
278
7503
3053
226
4507
3623
4475
5886
624
2722
9154
2919
3564
6032
6093
9785
4412
6767
3416
1266
676
3592
4572
8350
1265
1820
8454
7834
5086
1505
10381
3924
2939
2139
5833
5493
2140
3844
10322
1279
10591
5246
5669
10262
6163
7876
7780
1998
6618
2492
3225
4036
8306
2983
956
1729
7087
4963
9855
8959
2893
9798
6467
4478
7358
2486
7957
10065
8415
5101
1520
7878
6991
5251
10036
5218
3735
553
6729
2199
967
2927
8152
5920
2007
4304
2521
8452
535
962
8771
3018
1268
6739
1120
6116
8582
8419
6079
3646
4907
4647
5555
8560
5760
9258
5747
7241
8003
1098
8890
4308
913
4387
2228
8637
8950
1105
10191
6510
3938
6212
2732
6214
3303
5599
1562
4221
2347
4148
6041
9920
4700
139
2820
10347
10518
7740
7542
3064
6340
6779
9398
6158
8859
5335
10116
6782
2186
10433
5544
8243
3800
2362
333
6200
7367
4869
7704
10509
963
3729
8319
5366
1260
4003
7447
9094
8309
5080
5781
865
6195
1308
6130
7694
7279
9527
311
6540
842
7236
564
8274
335
285
10129
5597
5348
4373
1127
1048
8489
4790
8638
10035
3043
10376
2484
408
2031
8156
7672
6217
6310
9937
817
3087
4615
5056
251
5866
705
5973
2130
4940
1222
10537
397
5831
3008
10263
1551
5272
8242
5378
595
780
9069
1085
841
634
10220
9934
4346
8080
4357
1417
5459
3263
1138
1018
4444
2374
9055
8579
6253
2794
374
5382
4553
10415
7888
3650
5592
1574
7628
4311
7346
4889
10203
4991
4521
8785
8657
3869
8337
3379
7596
6081
6912
9812
1088
670
2244
5979
8290
136
2015
5097
2810
2227
2290
7783
4892
3651
2727
5168
10351
2685
3367
760
122
5556
3944
10055
9079
184
10195
5418
7959
6373
1797
7668
6797
3571
5913
3865
6360
3878
1966
4684
6825
852
9846
6001
9897
9489
1379
8550
6319
9628
1516
3835
4194
8039
4534
1664
7652
1598
2070
4065
2694
6421
6717
8058
10240
7092
6270
9848
7493
2606
9130
9141
2910
9999
4267
4231
1186
1677
5666
3109
463
1561
10547
8435
396
1384
1872
4195
365
2016
6774
252
3594
3740
7772
2614
8775
5950
5630
22
4293
1402
4672
1405
1558
8441
1783
8920
4843
5252
4291
5007
7184
5415
560
4966
5427
4703
9482
7828
9874
3501
4182
6104
9775
4455
309
4514
7597
8938
4766
10336
8508
3850
5759
9366
399
7665
1434
499
7735
3168
5342
3116
1295
6371
10515
7717
9646
7912
4798
2529
1040
1972
4771
7158
1498
2815
1722
5253
7003
279
2772
8196
4131
3288
10018
4395
31
5230
303
3107
616
5607
6299
144
5202
10288
855
9056
1403
2158
8082
5399
1571
3726
6783
5796
2959
7053
8924
6008
7259
255
6626
1981
6845
8820
6176
673
1944
2341
2607
5732
7074
2721
5196
3162
3304
9222
2881
7639
1307
6383
5437
2083
2683
7209
5906
6629
4589
2875
5354
6179
4791
2121
6828
2485
5062
9578
5776
6613
9916
258
5956
5539
3815
1486
460
4705
5189
1429
1066
4879
1388
2975
3814
1097
2086
10451
4396
5824
5554
2333
9923
4370
3700
6047
6055
1042
4782
9535
5302
9245
27
3285
3665
7165
2938
6070
6251
1420
3467
7054
262
7818
4686
4898
9703
10025
7068
558
3356
2439
9125
4667
5570
6037
763
5927
3295
7035
7933
5986
5671
5003
6167
3986
10085
318
9992
7304
3928
441
70
9139
2563
6289
8376
7148
4021
7953
4755
4930
10305
1985
1635
10619
4312
6724
8614
5960
1577
8759
1545
10141
8402
4958
199
7543
7812
10429
6083
3439
6610
3817
10050
2541
2356
1739
4745
4950
5010
526
9899
2963
1341
9162
1762
7677
1310
6911
8321
6788
10333
3046
7729
3669
5365
9140
10407
8115
2675
1457
10214
5027
9555
665
4126
2547
6622
6277
7591
1917
2054
10059
4094
5098
8548
6451
2193
695
2773
8358
949
7429
8528
5988
9884
6787
4960
6124
4207
9734
9966
7892
5590
1666
6648
10159
657
9786
3217
4939
4097
5577
3368
237
7574
9360
677
1317
4206
4359
4216
3792
5349
9319
9501
8772
9742
5823
10091
993
9481
7877
4438
10514
1329
4880
3220
8146
3060
518
4616
5918
3346
7770
4119
10419
6238
4223
9414
4249
8680
9309
8850
10115
8313
7588
878
1727
2611
4604
6612
491
35
1453
7798
2884
7695
1331
2882
9490
1271
6042
3794
1302
7840
10245
4125
6341
4090
7143
10404
8692
9327
4376
2312
959
3597
4739
2858
4619
3121
9219
7814
5883
3999
7492
3574
10520
2892
5623
3805
7779
7526
32
2567
4285
8668
10539
5004
2064
4080
3339
6672
5761
10057
8910
4188
2751
268
3786
9639
7736
4957
4081
352
3843
9649
6555
2494
1771
222
6764
2426
9148
389
7252
61
1067
5805
6015
7031
471
2670
3161
10165
10584
401
1632
1646
4714
2637
6857
7309
1052
6878
4654
5380
5353
6699
1911
2793
1549
2151
4078
288
1081
9680
8399
7216
4441
7361
1736
5970
4348
6832
6414
597
8248
3545
4624
8213
245
4874
6349
10567
9756
7499
923
5178
418
6456
6517
220
6206
9973
4185
314
9386
10332
7983
6980
2459
3532
513
5679
96
1118
1159
5726
280
3492
7551
10038
3853
4435
3718
7474
9364
8940
2190
6476
192
6630
1796
2969
6107
10446
7991
976
5709
8150
1986
3438
5552
3465
3389
4853
9062
989
515
6282
10582
6471
3558
3222
5119
8004
6393
4687
3279
9111
2229
5324
3505
9911
9228
7256
1996
5012
3849
2127
2011
4643
772
2972
7946
770
8824
2214
3105
5692
6133
10158
10526
9832
8782
6154
2383
3541
530
121
8670
7835
7098
768
7275
6304
5105
10034
3254
9469
5503
8756
6899
5283
6780
8395
8444
7109
6890
8377
6818
3167
9770
9647
1294
4109
738
6204
6458
5578
6388
2349
9577
3218
798
5596
9157
9950
7339
6882
7150
651
9816
7819
1825
8427
1678
2008
4295
7824
5865
7381
3102
7518
9737
3054
883
3602
3749
1612
1855
6614
4914
9188
2962
836
2046
6487
8732
5603
7616
9176
8672
1594
2457
7730
7321
42
4281
6569
4175
8432
6579
4489
2376
3456
6763
9266
9959
4505
1432
3473
10272
6423
161
8873
9801
9087
9121
4331
1832
6577
4924
3494
995
8235
9772
8620
8473
4860
1987
5632
5663
1669
2862
10410
1466
10607
474
588
4389
3858
6505
4504
3861
7514
3352
1087
19
9732
711
749
898
9458
1418
8024
732
2834
2792
4622
7193
1570
9686
1451
8195
8257
510
7951
3055
7133
10424
1702
4066
1238
10246
7887
3812
3397
83
8799
8504
4697
2731
10444
9569
707
1499
3154
8476
9163
6184
1526
7394
6737
3639
7417
3325
1538
5225
6617
7273
4225
3402
9792
283
5955
8992
3180
10560
6765
6748
3791
299
4779
7091
5987
10610
8631
4165
6462
7002
5661
4888
3461
9304
2218
7688
7391
4469
8830
10259
6681
8613
9619
8256
6350
739
10253
329
9796
6937
105
3536
6999
1078
10063
8388
5407
3847
5620
7067
172
520
4698
9708
3886
9095
1777
2152
7403
3311
1332
5847
6851
9531
8188
9516
4704
8604
10551
178
7400
3789
6257
6761
1621
3050
4875
1953
1862
1513
814
2418
8737
540
2210
7873
4636
426
347
2859
1316
2920
9171
2709
4523
5567
9109
8174
3241
10421
1800
3989
7791
8946
8086
7949
5120
4993
4056
7837
1659
9778
4612
603
9567
1634
156
1460
2032
7731
888
4202
4977
7081
9595
4806
8149
5195
8590
4405
1243
2024
7501
8038
5355
9295
2596
9774
9424
532
7667
3987
4117
9719
1852
8840
6207
2974
7244
196
8164
8066
8317
9206
2498
9239
8005
2292
7784
6054
6869
3722
1692
5800
2573
1967
6415
5289
1259
3341
6621
9477
2220
6136
9097
1174
9700
2022
5518
2533
5994
10276
6244
9350
8485
7797
7300
7308
1828
8554
2055
6276
6535
2110
10058
3390
4423
1082
4143
2572
2667
5476
2240
5667
8291
1250
4064
3688
4762
7981
5136
5206
9713
691
4167
1895
5587
253
7528
3640
9998
3293
10454
3436
809
10383
388
8701
1348
4561
6985
2946
6790
1121
7743
4253
4675
9085
599
2258
3013
7489
1790
9006
3481
8064
2209
10041
9543
5612
6140
2798
5944
4018
8224
6719
4138
9275
3219
5152
10485
1287
2971
6241
3355
10544
9279
7430
6692
1041
8895
3137
10338
527
6723
10160
4528
982
1479
6290
6435
10052
3855
4590
3890
3029
6585
7495
2003
3314
3566
9406
7463
885
8923
3876
1997
3482
2203
5643
2671
3642
3498
4084
927
9083
7319
5610
1932
674
7421
8551
7620
8502
3301
6835
1223
8092
3627
367
3493
4651
5011
5076
2999
5315
6440
3580
1387
7230
7020
3434
2935
3799
5995
110
9470
9283
7374
1769
6059
4287
1099
525
9480
8667
3429
370
854
123
6994
3796
4770
7152
2538
3576
10548
1338
10491
3057
1175
9829
55
3343
4465
4115
6181
9174
4042
1495
1381
287
572
9132
6527
5453
1062
9536
8233
1671
8773
6420
3568
8226
904
9224
3687
2223
10368
4906
2872
4445
3178
4617
3959
8544
514
1506
4181
9315
1239
9166
8266
4332
5595
10237
4721
7483
4581
8075
2436
4949
2394
3707
10104
6084
5226
7419
5739
4726
2248
5138
2053
8077
10241
5478
7235
8411
3872
6671
92
7413
6121
68
5390
10561
7144
8855
8643
8070
7589
4074
7135
6305
5652
4239
4728
9564
9795
10283
3385
2955
5188
2303
7037
3297
7470
3358
3922
2663
10178
9518
1704
9264
10435
4717
10439
5699
7844
10252
9603
6770
10020
7994
8172
6380
3171
10492
382
8477
5364
4419
3052
4252
6364
5329
9439
590
1024
10358
7177
3015
8017
9120
3040
1501
3318
6571
3664
1108
2469
2444
8167
5691
8360
7771
9954
7541
6637
3071
7316
8408
324
4320
246
8710
8258
7643
3056
7683
3653
2981
2319
9626
6802
10258
5836
5191
10411
7437
4356
9365
5067
8
7579
5600
4536
2487
376
9691
1927
5213
5141
6866
9272
10361
9633
5651
8157
4580
4379
1221
8181
1567
3138
6831
1698
10327
9519
6382
1829
5783
3300
8223
10073
8997
1315
6817
6529
503
4815
543
6110
5857
4918
4858
9819
3170
7632
2719
3094
1874
2633
6003
1137
504
114
5118
6300
1112
5221
3126
2281
6385
9370
8798
7227
2182
3128
4176
9330
7964
9870
7977
5962
10543
9655
4163
10249
3042
4852
6153
2581
9580
3631
8501
8659
2384
9240
8602
5694
10308
1474
10301
10367
6474
1601
1275
8628
7248
1355
1386
4307
5446
3506
7266
4544
7752
2101
3909
10257
4234
8011
4513
592
38
5347
4083
8236
4829
6966
9701
5350
8559
3503
10403
7944
8025
434
1960
7560
8535
561
3911
6945
4178
9089
3755
1637
6749
3195
3459
7210
2857
5730
3561
5322
6108
4104
2668
807
4071
4408
752
2713
133
6454
9627
6309
5658
7343
224
319
9399
4372
541
8864
5022
9463
5197
187
9900
6006
3005
9789
2403
2462
8053
30
3394
5933
82
6968
175
3946
8267
2897
10084
5696
3696
9760
2790
4480
3156
1735
368
18
9032
8752
8381
5585
4251
1180
2843
1014
4680
1497
7105
1204
8158
2950
5363
8111
140
7293
4585
5958
5976
3316
880
7548
10142
7388
8397
4645
8536
6898
4002
10555
8304
10497
7018
2237
5803
6226
6915
1831
5394
2112
2265
5826
697
10330
7090
3327
7686
5963
7962
6286
5674
7270
8237
7138
1002
5665
2300
3711
7839
9144
3344
4623
5139
578
7825
3629
124
9944
3766
9714
8930
679
5576
8466
6479
5745
5362
1652
7706
2268
801
7
5887
5308
7583
3660
10314
9474
7640
5523
9909
4986
8023
10394
1801
300
10270
4633
3830
7354
3098
8055
8463
119
381
4748
315
5981
3045
10602
4467
7171
7234
8283
2586
7393
8331
2219
6736
10503
2027
9918
3182
3131
3717
2593
6710
10005
9913
2111
10390
6369
5931
4786
3177
1904
7875
8861
6685
4817
6501
9507
2629
6450
8958
5650
7076
39
6254
9565
8691
9935
7334
1012
3477
4369
5005
8171
734
7215
853
4324
8740
10251
48
7190
1848
4189
290
3444
1246
6996
9124
4516
928
2059
10524
1107
10505
3142
9113
8390
6218
9285
8685
2805
522
2895
8089
7587
4970
819
4023
6065
5977
6273
7796
9416
9381
2222
7638
6182
8875
3770
6606
1171
5705
10016
1019
4010
1918
5974
3671
831
8918
9135
8287
7379
2430
9844
88
8129
1029
4611
4278
9856
5053
4384
3127
813
3104
7449
1745
151
5588
1597
2373
4197
4818
1542
4457
8815
5341
7606
2540
3588
4621
6216
5281
457
2908
7958
8723
9803
886
8901
3891
9560
6333
7576
655
9246
5274
3678
9392
7362
3894
1588
10010
6017
3286
9472
425
4173
7568
2105
7656
4086
9952
9019
5871
3619
3196
9457
4261
2304
6193
7183
1438
8539
9766
8862
3019
5023
1952
456
5640
2402
5635
5712
6951
7490
2600
5788
2407
1657
7645
5182
9407
7992
1532
9616
861
5295
3842
9452
186
8279
10321
9100
1213
1871
9549
1517
533
8130
9764
6143
3345
1514
1617
4351
6363
2188
4736
1207
3698
6233
8988
459
3887
2748
6751
1464
8297
6554
10359
2468
2189
4007
8232
7001
10331
3000
4298
999
5186
4831
4171
9185
6826
9016
4824
4628
5391
2380
9031
4397
9670
10474
3746
10371
6344
9329
5455
4345
10564
9995
7621
8608
6694
3810
5340
1565
2456
10517
6046
2104
2109
5299
7268
4886
2410
5236
7762
4159
792
1679
2123
1414
9820
1810
7173
4871
602
2649
562
1447
992
1496
1219
5500
9672
9805
9960
4409
2052
7701
1038
8239
6073
823
2634
3386
5161
3533
3189
1640
5429
6560
6166
2460
1421
6734
9108
1394
7458
4661
6497
2579
4283
7497
7290
4377
5471
7512
6679
3251
5051
221
7466
2835
239
4049
10286
3998
103
9289
8843
3550
3194
5558
2894
6801
6411
6574
4670
26
2126
385
7508
6293
5254
9178
5157
6057
2822
1263
10320
3836
1835
10150
10572
6665
7181
3626
4639
5736
1560
922
2880
10449
8664
6229
3839
1768
10148
4552
2342
3269
1766
8758
7496
1555
2114
10047
5954
9658
4777
10004
4169
4691
2134
9768
3034
322
1665
8482
3552
1527
7000
10613
6011
1749
9917
6511
9410
9123
5934
9230
10199
2741
3021
4987
5434
10627
7925
958
9961
7482
1269
1515
168
7547
4706
1995
5214
1236
2297
8273
10448
9607
790
1391
4277
5121
5395
3414
2201
5634
6459
6329
9977
4599
5997
1541
3828
1806
1419
5058
8480
2712
9207
9722
2929
784
2255
5339
8098
2348
5291
10366
9710
9362
9485
7998
1176
5565
3078
10105
9211
3032
8728
80
7299
4314
9150
6020
2615
6949
3682
1323
4166
591
10460
1416
4488
8965
282
7909
8520
1782
6713
9082
8789
2443
6249
6838
5722
1882
3200
7459
10300
5467
7197
1376
10014
2496
9702
9179
1775
4799
8854
5479
941
6688
2697
1821
3672
4238
4937
6853
2891
4440
4895
10511
2113
5103
2526
3457
6707
2246
6859
890
1522
10197
10352
3442
3582
5648
6703
6815
2018
6194
7865
4257
9367
2020
9559
8382
8819
10488
9425
4428
4702
9854
2061
10243
4543
4235
4033
7737
4694
5924
7793
3133
1114
5571
6978
769
4760
5255
8305
10110
6589
8911
2038
8769
5326
2558
6430
10121
5285
9938
840
1096
8453
5319
9432
8652
5175
3656
1346
9045
3943
5749
8808
2431
1214
10484
10029
6816
8573
1858
9376
3846
5946
3720
4679
4418
3484
6525
5502
9071
9106
2058
7714
3463
8847
2964
5819
6534
669
8517
2534
7637
9317
5928
9354
10109
1774
9828
7099
7384
596
1374
3633
871
3953
8592
2706
762
2302
1518
1248
3490
5332
4802
6969
1292
5564
8764
169
2687
10629
1228
6743
2344
275
3474
6172
9241
4608
2925
4153
3721
4551
4530
6837
2298
1353
8972
4909
7807
3376
8414
1529
4161
3624
5423
228
378
204
6117
5864
3526
7558
6106
8524
2902
3585
2806
9994
1993
5893
8897
4985
7303
6597
6210
8677
2438
5266
8709
6504
8300
8761
6564
8173
3920
10282
7849
3884
3617
9180
8865
2241
6091
1220
7277
8719
3041
9599
1627
5982
8810
10161
6682
9265
10456
9705
5296
7756
7201
10145
4979
6438
7026
5874
6192
