1.0354737043380737,0.9550000429153442,1.1207720041275024
1.0354737043380737,0.9550000429153442,1.121891975402832
1.049208164215088,0.8849999904632568,3.2852020263671875
1.0320017337799072,0.9650000333786011,1.264051914215088
1.0306593179702759,0.9600000381469727,1.5699220895767212
1.0349434614181519,0.9500000476837158,1.1769020557403564
1.036550760269165,0.9500000476837158,1.1886619329452515
1.0303244590759277,0.9600000381469727,1.6371420621871948
1.0358800888061523,0.9500000476837158,1.2244219779968262
1.0427558422088623,0.9300000667572021,1.3911319971084595
1.0463407039642334,0.940000057220459,1.1555120944976807
1.0390805006027222,0.9500000476837158,1.3162319660186768
1.0390805006027222,0.9500000476837158,1.3162319660186768
1.048475742340088,0.9200000762939453,1.7156519889831543
1.0462831258773804,0.9200000762939453,1.856071949005127
1.125494360923767,0.6700000166893005,4.2188720703125
1.0300184488296509,0.9550000429153442,1.6193420886993408
1.0279462337493896,0.9700000286102295,1.1061619520187378
1.0326205492019653,0.940000057220459,1.5697320699691772
1.024999976158142,0.9750000238418579,1.0385719537734985
1.024999976158142,0.9750000238418579,1.0606820583343506
1.024999976158142,0.9750000238418579,1.1001321077346802
1.0294445753097534,0.9650000333786011,1.1841620206832886
1.024999976158142,0.9750000238418579,1.1559919118881226
1.0262531042099,0.9700000286102295,1.2168020009994507
1.052319049835205,0.8399999737739563,2.5452120304107666
1.0468658208847046,0.9350000619888306,1.6014920473098755
1.040466070175171,0.9350000619888306,1.6924320459365845
1.0291666984558105,0.9550000429153442,2.1499922275543213
1.0483067035675049,0.9200000762939453,1.8009620904922485
1.0274128913879395,0.9650000333786011,1.070341944694519
1.0356922149658203,0.9500000476837158,1.4216920137405396
1.0438286066055298,0.9250000715255737,2.0413219928741455
1.0852230787277222,0.824999988079071,2.8981821537017822
1.044823408126831,0.9300000667572021,1.60574209690094
1.0512639284133911,0.9050000309944153,1.7184721231460571
1.064144492149353,0.8550000190734863,2.4276418685913086
1.0454949140548706,0.9500000476837158,1.2429120540618896
1.0454949140548706,0.9500000476837158,1.2429120540618896
1.0583559274673462,0.8299999833106995,2.847071886062622
1.0494767427444458,0.8650000095367432,2.7644221782684326
1.0334508419036865,0.9450000524520874,1.5134320259094238
1.047911524772644,0.8800000548362732,3.771742105484009
1.0340237617492676,0.9500000476837158,2.0572919845581055
1.042872667312622,0.9450000524520874,1.1852020025253296
1.1097966432571411,0.7099999785423279,4.031242370605469
1.039360761642456,0.9500000476837158,1.203942060470581
1.031005859375,0.9650000333786011,1.0748319625854492
1.0288631916046143,0.9600000381469727,1.25189208984375
1.045941948890686,0.9150000810623169,1.683332085609436
1.0199999809265137,0.9750000238418579,1.1352919340133667
1.0278098583221436,0.9650000333786011,1.2640620470046997
1.065598726272583,0.8450000286102295,2.583022117614746
1.0447278022766113,0.9350000619888306,1.8398419618606567
1.044801115989685,0.9300000667572021,1.8739019632339478
1.0390185117721558,0.9350000619888306,1.4757120609283447
1.0292145013809204,0.9600000381469727,1.1548219919204712
1.0267120599746704,0.9700000286102295,1.1248819828033447
1.0396654605865479,0.940000057220459,1.5868219137191772
1.024999976158142,0.9750000238418579,1.0267319679260254
1.0438880920410156,0.9250000715255737,1.8903120756149292
1.0448405742645264,0.9250000715255737,1.8234519958496094
1.0422141551971436,0.9350000619888306,1.2552919387817383
1.029881477355957,0.9650000333786011,1.2493120431900024
1.0472261905670166,0.9200000762939453,1.8885220289230347
1.0267326831817627,0.9700000286102295,1.1555719375610352
1.0258257389068604,0.9700000286102295,1.124742031097412
1.0403847694396973,0.9250000715255737,2.184972047805786
1.0317648649215698,0.9500000476837158,1.401772141456604
1.024999976158142,0.9750000238418579,1.0774519443511963
1.024999976158142,0.9750000238418579,1.0335619449615479
1.024999976158142,0.9750000238418579,1.1322120428085327
1.0423420667648315,0.9350000619888306,1.2917619943618774
1.050439715385437,0.9300000667572021,1.7510321140289307
1.0266717672348022,0.9650000333786011,1.1156220436096191
1.0268950462341309,0.9650000333786011,1.2284319400787354
1.0362586975097656,0.9200000762939453,1.911702036857605
1.0370632410049438,0.940000057220459,1.3607820272445679
1.0269733667373657,0.9700000286102295,1.1190919876098633
1.0288136005401611,0.9650000333786011,1.2099419832229614
1.0457793474197388,0.9500000476837158,1.196492075920105
1.0199999809265137,0.9750000238418579,1.148331880569458
1.027871012687683,0.9650000333786011,1.2035319805145264
1.024999976158142,0.9750000238418579,1.2471519708633423
1.0425622463226318,0.9200000762939453,2.0529420375823975
1.055016040802002,0.8750001192092896,2.6283721923828125
1.024999976158142,0.9750000238418579,1.1264419555664062
1.0385432243347168,0.9500000476837158,1.2484219074249268
1.024999976158142,0.9750000238418579,1.1490119695663452
1.024999976158142,0.9750000238418579,1.0575220584869385
1.035743236541748,0.9550000429153442,1.323612093925476
1.03242027759552,0.9600000381469727,1.4134219884872437
1.024999976158142,0.9750000238418579,1.0825719833374023
1.024999976158142,0.9750000238418579,1.0408520698547363
1.0437370538711548,0.9500000476837158,1.3689820766448975
1.0417180061340332,0.9550000429153442,1.2191720008850098
1.024999976158142,0.9750000238418579,1.0661920309066772
1.0281184911727905,0.9600000381469727,1.19992196559906
1.0441194772720337,0.940000057220459,1.2420620918273926
1.024999976158142,0.9750000238418579,1.0448219776153564
1.0455716848373413,0.9200000762939453,1.2860220670700073
1.043739914894104,0.9350000619888306,1.2627220153808594
1.0512514114379883,0.9150000810623169,1.2849818468093872
1.0487236976623535,0.8900001049041748,2.18408203125
1.0409183502197266,0.9500000476837158,1.1553819179534912
1.041758418083191,0.9000000357627869,2.657102108001709
1.0513553619384766,0.8700001239776611,2.809922218322754
1.0665534734725952,0.8750001192092896,2.556381940841675
1.0363826751708984,0.9550000429153442,1.2654820680618286
1.033971905708313,0.9450000524520874,1.5344220399856567
1.0278863906860352,0.9650000333786011,1.2446620464324951
1.0245226621627808,0.9700000286102295,1.0658819675445557
1.0321649312973022,0.9500000476837158,1.3805019855499268
1.0366328954696655,0.940000057220459,1.254721999168396
1.029350996017456,0.9600000381469727,1.1455620527267456
1.0285146236419678,0.9650000333786011,1.1434719562530518
1.0367134809494019,0.9450000524520874,1.4939321279525757
1.0646039247512817,0.9200000762939453,1.3025119304656982
1.0650556087493896,0.9200000762939453,1.3025119304656982
1.024999976158142,0.9750000238418579,1.0642619132995605
1.0339468717575073,0.9500000476837158,1.657162070274353
1.0409460067749023,0.9200000762939453,1.5846819877624512
1.0526607036590576,0.9050000309944153,1.5532519817352295
1.0313838720321655,0.9600000381469727,1.2538819313049316
1.0700963735580444,0.8550000190734863,1.8574520349502563
1.0443830490112305,0.9250000715255737,1.6200920343399048
1.0258005857467651,0.9700000286102295,1.2531020641326904
1.0579824447631836,0.9200000762939453,2.2365119457244873
1.0627374649047852,0.9100000858306885,2.3173718452453613
1.024999976158142,0.9750000238418579,1.1276719570159912
1.0285667181015015,0.9600000381469727,1.1552519798278809
1.0504467487335205,0.9200000762939453,1.9414020776748657
1.0445622205734253,0.9300000667572021,1.9794421195983887
1.071709156036377,0.8500000834465027,2.3038220405578613
1.0371559858322144,0.9350000619888306,1.2397218942642212
1.040381908416748,0.9350000619888306,1.5791319608688354
1.05887770652771,0.8800000548362732,2.229882001876831
1.0319781303405762,0.9550000429153442,1.3988521099090576
1.044438123703003,0.9150000810623169,1.731742024421692
1.0677164793014526,0.9250000715255737,1.2805620431900024
1.069845199584961,0.9250000715255737,1.2805620431900024
1.024999976158142,0.9750000238418579,1.1167621612548828
1.0308470726013184,0.9500000476837158,1.6993318796157837
1.0282561779022217,0.9650000333786011,1.1905720233917236
1.0538558959960938,0.9100000858306885,1.5502220392227173
1.0366542339324951,0.9300000667572021,2.0265119075775146
1.0362993478775024,0.9350000619888306,2.0394818782806396
1.0290793180465698,0.9650000333786011,1.1306920051574707
1.0386699438095093,0.9100000858306885,1.9683120250701904
1.0269343852996826,0.9650000333786011,1.3278220891952515
1.0395640134811401,0.9500000476837158,1.3403819799423218
1.0298103094100952,0.9550000429153442,2.1519620418548584
1.024999976158142,0.9750000238418579,1.072861909866333
1.024999976158142,0.9750000238418579,1.1971919536590576
1.0449016094207764,0.9350000619888306,1.6175320148468018
1.0299952030181885,0.9600000381469727,1.4113420248031616
1.0323569774627686,0.9650000333786011,1.1703319549560547
1.0261309146881104,0.9700000286102295,1.1934019327163696
1.0501147508621216,0.9300000667572021,1.5140620470046997
1.0521023273468018,0.9250000715255737,1.4697819948196411
1.065661907196045,0.9100000858306885,1.6108120679855347
1.0677436590194702,0.8950001001358032,1.8394221067428589
1.0512737035751343,0.9250000715255737,1.4138120412826538
1.0441323518753052,0.940000057220459,1.386031985282898
1.0434917211532593,0.940000057220459,1.5024720430374146
1.06429123878479,0.8950001001358032,1.8291820287704468
1.0620555877685547,0.9050000309944153,2.1608920097351074
1.0643812417984009,0.9000000953674316,1.979691982269287
1.0318340063095093,0.9500000476837158,1.300462007522583
1.0472514629364014,0.9150000810623169,1.7447019815444946
1.0273786783218384,0.9650000333786011,1.249642014503479
1.024999976158142,0.9750000238418579,1.0992920398712158
1.0266697406768799,0.9700000286102295,1.2223320007324219
1.0298489332199097,0.9650000333786011,1.1458220481872559
1.031793475151062,0.9600000381469727,1.282222032546997
1.0525466203689575,0.9100000858306885,1.3991520404815674
1.0387989282608032,0.9450000524520874,1.3011220693588257
1.057722806930542,0.9150000810623169,1.3216619491577148
1.066072940826416,0.9000000953674316,1.3550419807434082
1.024999976158142,0.9750000238418579,1.059872031211853
1.0346505641937256,0.9500000476837158,1.7881721258163452
1.024999976158142,0.9750000238418579,1.0541820526123047
1.028110384941101,0.9600000381469727,1.3468620777130127
1.0359936952590942,0.9450000524520874,1.3643519878387451
1.0410804748535156,0.940000057220459,1.6772520542144775
1.0437015295028687,0.9150000810623169,1.8665920495986938
1.036287784576416,0.9550000429153442,1.3161818981170654
1.0309044122695923,0.9600000381469727,1.596701979637146
1.0412662029266357,0.9300000667572021,1.3365919589996338
1.0467506647109985,0.9150000810623169,1.9382320642471313
1.0255012512207031,0.9650000333786011,1.1340919733047485
1.0584052801132202,0.8750000596046448,2.69979190826416
1.0288760662078857,0.9650000333786011,1.2775119543075562
1.0473212003707886,0.8950001001358032,2.4827020168304443
1.0270150899887085,0.9700000286102295,1.2337619066238403
1.024999976158142,0.9750000238418579,1.1089519262313843
1.0571602582931519,0.8899999856948853,2.6030120849609375
1.0311393737792969,0.9600000381469727,1.1666319370269775
1.0569262504577637,0.9300000667572021,1.5326319932937622
1.0565189123153687,0.9250000715255737,1.5307220220565796
1.0535311698913574,0.9300000667572021,1.5734920501708984
1.0373090505599976,0.9200000762939453,1.5527420043945312
1.0500420331954956,0.9000000953674316,1.9123520851135254
1.0646566152572632,0.8850001096725464,1.8768420219421387
1.0314637422561646,0.9550000429153442,1.1958719491958618
1.0272271633148193,0.9700000286102295,1.2393620014190674
1.029183030128479,0.9600000381469727,1.493621826171875
1.0264633893966675,0.9700000286102295,1.0944620370864868
1.024999976158142,0.9750000238418579,1.0431420803070068
1.0800334215164185,0.8600000739097595,3.4995720386505127
1.0545692443847656,0.9250000715255737,2.55485200881958
1.0296224355697632,0.9650000333786011,1.1262620687484741
1.0504854917526245,0.9200000762939453,1.5415219068527222
1.0370384454727173,0.9500000476837158,1.155332088470459
1.031561255455017,0.9550000429153442,1.553542137145996
1.074750304222107,0.8550000190734863,1.7469419240951538
1.0315743684768677,0.9550000429153442,1.5294220447540283
1.029139757156372,0.9550000429153442,1.309432029724121
1.0461647510528564,0.9150000810623169,1.5828020572662354
1.0284191370010376,0.9650000333786011,1.5656019449234009
1.032408595085144,0.9500000476837158,1.7669919729232788
1.0289973020553589,0.9600000381469727,1.316241979598999
1.0370899438858032,0.9550000429153442,1.1706219911575317
1.0387134552001953,0.9350000619888306,1.6651819944381714
1.0519986152648926,0.9000000953674316,2.0045719146728516
1.0377572774887085,0.9450000524520874,1.2463819980621338
1.0372849702835083,0.9350000619888306,1.6713120937347412
1.0302261114120483,0.9650000333786011,1.11204195022583
1.0348550081253052,0.9500000476837158,1.1127920150756836
1.0375521183013916,0.9300000667572021,1.3209519386291504
1.0326155424118042,0.9500000476837158,1.5187119245529175
1.024999976158142,0.9750000238418579,1.0848220586776733
1.0509073734283447,0.9300000667572021,1.6021219491958618
1.0451828241348267,0.9300000667572021,1.53495192527771
1.040097713470459,0.940000057220459,1.6525620222091675
1.0356061458587646,0.940000057220459,1.580441951751709
1.0438681840896606,0.9100000858306885,2.800842046737671
1.029384732246399,0.9650000333786011,1.1308220624923706
1.0378282070159912,0.9450000524520874,1.2939220666885376
1.0456877946853638,0.9200000762939453,1.5487120151519775
1.0431784391403198,0.9350000619888306,1.881222128868103
1.032758355140686,0.9550000429153442,1.324992060661316
1.0305525064468384,0.9600000381469727,1.3945120573043823
1.03204345703125,0.9600000381469727,1.5427119731903076
1.0304977893829346,0.9650000333786011,1.169632077217102
1.0268731117248535,0.9700000286102295,1.0722018480300903
1.050199031829834,0.9300000667572021,1.4988019466400146
1.055981993675232,0.9000000953674316,1.6724919080734253
1.0391064882278442,0.940000057220459,1.1865019798278809
1.0367035865783691,0.9450000524520874,1.336911916732788
1.0269571542739868,0.9550000429153442,1.2257519960403442
1.0349329710006714,0.9550000429153442,1.0899819135665894
1.0571391582489014,0.8700000643730164,2.585261821746826
1.031800389289856,0.9600000381469727,1.2173619270324707
1.0424559116363525,0.9300000667572021,1.2335020303726196
1.0417207479476929,0.940000057220459,1.5084919929504395
1.0406537055969238,0.925000011920929,2.054511785507202
1.0426087379455566,0.9500000476837158,1.1626520156860352
1.0492939949035645,0.9200000762939453,1.4587719440460205
1.0256189107894897,0.9700000286102295,1.078192114830017
1.0412821769714355,0.9350000619888306,1.517001986503601
1.0332469940185547,0.9550000429153442,1.2964118719100952
1.024999976158142,0.9750000238418579,1.2242621183395386
1.0494831800460815,0.9300000667572021,1.7027020454406738
1.0428510904312134,0.9200000762939453,1.7593019008636475
1.0414433479309082,0.9550000429153442,1.2964720726013184
1.0287688970565796,0.9700000286102295,1.0931919813156128
1.029881238937378,0.9650000333786011,1.1261719465255737
1.024999976158142,0.9750000238418579,1.106492042541504
1.0437415838241577,0.940000057220459,1.1741019487380981
1.0277050733566284,0.9600000381469727,1.4549620151519775
1.054006576538086,0.9050000309944153,2.102182149887085
1.037892460823059,0.9500000476837158,1.1897319555282593
1.0654164552688599,0.8449999690055847,2.584552049636841
1.0320464372634888,0.9600000381469727,1.152451992034912
1.024999976158142,0.9750000238418579,1.0389119386672974
1.0271350145339966,0.9700000286102295,1.1554019451141357
1.0267579555511475,0.9650000333786011,1.0809820890426636
1.0391771793365479,0.9150000810623169,2.1732420921325684
1.0670303106307983,0.8400000333786011,2.7596020698547363
1.027097463607788,0.9650000333786011,1.4275619983673096
1.0273807048797607,0.9650000333786011,1.3148820400238037
1.0295814275741577,0.9600000381469727,1.3027219772338867
1.062082052230835,0.8950001001358032,1.5990020036697388
1.0464825630187988,0.9350000619888306,1.548651933670044
1.024999976158142,0.9750000238418579,1.141611933708191
1.024999976158142,0.9750000238418579,1.086732029914856
1.060431718826294,0.8700000643730164,1.7908220291137695
1.0301024913787842,0.9550000429153442,1.1991921663284302
1.0306177139282227,0.9500000476837158,1.3162020444869995
1.0425177812576294,0.9300000071525574,1.7626019716262817
1.053529977798462,0.9200000762939453,2.346482038497925
1.0609506368637085,0.9000000953674316,2.20070219039917
1.0617930889129639,0.8800000548362732,2.6574718952178955
1.0264291763305664,0.9700000286102295,1.1188520193099976
1.036219596862793,0.9450000524520874,1.4244120121002197
1.027969241142273,0.9550000429153442,1.6629021167755127
1.02701997756958,0.9650000333786011,1.1660019159317017
1.0419654846191406,0.9350000619888306,2.0267221927642822
1.0699148178100586,0.8349999189376831,3.3803420066833496
1.0592974424362183,0.9000000953674316,1.8980519771575928
1.0519167184829712,0.8950001001358032,2.0534520149230957
1.0273569822311401,0.9700000286102295,1.3531920909881592
1.036350131034851,0.9500000476837158,1.3453620672225952
1.044680118560791,0.9300000667572021,1.953752040863037
1.0328505039215088,0.9600000381469727,1.251911997795105
1.042739987373352,0.9300000667572021,1.6310020685195923
1.0338635444641113,0.9450000524520874,1.5015919208526611
1.057057499885559,0.9000000953674316,2.016862154006958
1.041460633277893,0.940000057220459,1.4214320182800293
1.0467944145202637,0.9250000715255737,1.63332200050354
1.0494390726089478,0.9150000810623169,1.7201319932937622
1.0544719696044922,0.8900001049041748,2.0245020389556885
1.043259859085083,0.9350000619888306,1.625502109527588
1.0384248495101929,0.9500000476837158,1.2423920631408691
1.0445700883865356,0.9300000667572021,2.3996918201446533
1.024999976158142,0.9750000238418579,1.0848820209503174
1.0540425777435303,0.9000000357627869,2.671381950378418
1.0365004539489746,0.9500000476837158,1.4943618774414062
1.0280237197875977,0.9700000286102295,1.0739120244979858
1.0397197008132935,0.940000057220459,1.6728118658065796
1.0308672189712524,0.9550000429153442,1.686061978340149
1.0343523025512695,0.9600000381469727,1.1861518621444702
1.0324293375015259,0.940000057220459,1.6640421152114868
1.0297660827636719,0.9500000476837158,1.2102619409561157
1.0285416841506958,0.9650000333786011,1.4370620250701904
1.0303572416305542,0.9600000381469727,1.265671968460083
1.0346980094909668,0.940000057220459,1.9959220886230469
1.0299253463745117,0.9650000333786011,1.2443621158599854
1.046321153640747,0.9450000524520874,1.1816819906234741
1.024999976158142,0.9750000238418579,1.0479118824005127
1.024999976158142,0.9750000238418579,1.1336820125579834
1.0283234119415283,0.9650000333786011,1.1299220323562622
1.0680570602416992,0.9250000715255737,1.2805620431900024
1.0278022289276123,0.9700000286102295,1.05718195438385
1.0263335704803467,0.9700000286102295,1.5257021188735962
1.0278022289276123,0.9700000286102295,1.1668621301651
1.0440188646316528,0.925000011920929,2.0475220680236816
1.024999976158142,0.9750000238418579,1.061061978340149
1.0265971422195435,0.9700000286102295,1.1695220470428467
1.027503252029419,0.9700000286102295,1.3227020502090454
1.024999976158142,0.9750000238418579,1.0361720323562622
1.0281903743743896,0.9650000333786011,1.2627220153808594
1.0395513772964478,0.9500000476837158,1.3029119968414307
1.024999976158142,0.9750000238418579,1.1729220151901245
1.0308711528778076,0.9600000381469727,1.287742018699646
1.0352073907852173,0.940000057220459,1.6490520238876343
1.0368289947509766,0.940000057220459,1.3578920364379883
1.0483903884887695,0.9100000858306885,1.7202520370483398
1.0386757850646973,0.9350000619888306,1.2666720151901245
1.0281168222427368,0.9650000333786011,1.1395020484924316
1.0341461896896362,0.9450000524520874,1.7734320163726807
1.0466917753219604,0.9300000667572021,1.562122106552124
1.0411208868026733,0.940000057220459,1.4349019527435303
1.024999976158142,0.9750000238418579,1.0775620937347412
1.0331497192382812,0.9650000333786011,1.1481120586395264
1.024999976158142,0.9750000238418579,1.0483119487762451
1.0622925758361816,0.8800000548362732,2.324631929397583
1.0277003049850464,0.9700000286102295,1.0862020254135132
1.037401795387268,0.940000057220459,1.1714619398117065
1.0402538776397705,0.940000057220459,1.2177318334579468
1.0353871583938599,0.9500000476837158,1.1199820041656494
1.024999976158142,0.9750000238418579,1.0646618604660034
1.025344967842102,0.9650000333786011,1.0626720190048218
1.0459740161895752,0.9100000858306885,2.912222146987915
1.0199999809265137,0.9750000238418579,1.0518521070480347
1.024999976158142,0.9750000238418579,1.0522019863128662
1.0582815408706665,0.8900001049041748,2.429541826248169
1.047369360923767,0.9500000476837158,1.2120120525360107
1.047369360923767,0.9500000476837158,1.2120120525360107
1.0496593713760376,0.9150000810623169,1.5077320337295532
1.0394095182418823,0.9450000524520874,1.1629819869995117
1.032111406326294,0.9600000381469727,1.156412124633789
1.030342698097229,0.9550000429153442,1.2073019742965698
1.0406168699264526,0.9200000762939453,1.7031419277191162
1.0375468730926514,0.9550000429153442,1.3030719757080078
1.024999976158142,0.9750000238418579,1.0581220388412476
1.041684627532959,0.940000057220459,1.5347720384597778
1.0259761810302734,0.9700000286102295,1.1874819993972778
1.0417630672454834,0.9350000619888306,1.6786919832229614
1.0386253595352173,0.9450000524520874,1.1717818975448608
1.0476961135864258,0.9250000715255737,1.3838820457458496
1.0292742252349854,0.9600000381469727,1.3446120023727417
1.024999976158142,0.9750000238418579,1.225592017173767
1.036803126335144,0.9450000524520874,2.1847519874572754
1.0359917879104614,0.940000057220459,1.3533918857574463
1.0269951820373535,0.9700000286102295,1.53370201587677
1.0517436265945435,0.9150000810623169,2.718451976776123
1.0409142971038818,0.9100000858306885,2.270172119140625
1.0350497961044312,0.940000057220459,1.3638319969177246
1.0371440649032593,0.9450000524520874,1.119351863861084
1.039945125579834,0.9450000524520874,1.4561020135879517
1.0598416328430176,0.9000000357627869,2.034611940383911
1.0365526676177979,0.9450000524520874,1.7522220611572266
1.024999976158142,0.9750000238418579,1.0590420961380005
1.0273960828781128,0.9650000333786011,1.1111520528793335
1.0299662351608276,0.9600000381469727,1.124522089958191
1.0414433479309082,0.9550000429153442,1.2987819910049438
1.0303773880004883,0.9500000476837158,1.5143420696258545
1.0362424850463867,0.940000057220459,1.2677720785140991
1.0425077676773071,0.9350000619888306,1.3770620822906494
1.024999976158142,0.9750000238418579,1.1981420516967773
1.0292675495147705,0.9650000333786011,1.3443419933319092
1.024999976158142,0.9750000238418579,1.1330819129943848
1.0264906883239746,0.9700000286102295,1.1599018573760986
1.024999976158142,0.9750000238418579,1.0505619049072266
1.0355453491210938,0.9600000381469727,1.2424719333648682
1.0523691177368164,0.9250000715255737,1.5593420267105103
1.0318818092346191,0.9600000381469727,1.069472074508667
1.024999976158142,0.9750000238418579,1.0354418754577637
1.0263456106185913,0.9700000286102295,1.2801620960235596
1.0364340543746948,0.940000057220459,1.361441969871521
1.024999976158142,0.9750000238418579,1.1409820318222046
1.039752721786499,0.9450000524520874,1.4780020713806152
1.0308042764663696,0.9600000381469727,1.2465319633483887
1.024999976158142,0.9750000238418579,1.0590620040893555
1.0595015287399292,0.9250000715255737,1.307021975517273
1.024999976158142,0.9750000238418579,1.0661619901657104
1.0289082527160645,0.9650000333786011,1.1217619180679321
1.0457793474197388,0.9500000476837158,1.196492075920105
1.0282869338989258,0.9600000381469727,1.1180720329284668
1.024999976158142,0.9750000238418579,1.2417019605636597
1.039568543434143,0.9450000524520874,1.340232014656067
1.0294734239578247,0.9650000333786011,1.0877819061279297
1.0265811681747437,0.9700000286102295,1.0719720125198364
1.034253478050232,0.9500000476837158,1.1709420680999756
1.0412579774856567,0.9500000476837158,1.3317620754241943
1.0543594360351562,0.9100000858306885,1.8893818855285645
1.024999976158142,0.9750000238418579,1.03659188747406
1.0333259105682373,0.9500000476837158,1.4397220611572266
1.0369278192520142,0.9550000429153442,1.421341896057129
1.029076337814331,0.9450000524520874,1.2299020290374756
1.0337923765182495,0.9500000476837158,1.4839820861816406
1.0374363660812378,0.9450000524520874,1.3726919889450073
1.0457353591918945,0.9200000166893005,1.9520820379257202
1.037533164024353,0.940000057220459,2.0241620540618896
1.0454705953598022,0.925000011920929,2.378931999206543
1.035157322883606,0.9450000524520874,1.1163519620895386
1.0341784954071045,0.9600000381469727,1.0414420366287231
1.0420860052108765,0.9350000619888306,1.9606820344924927
1.0387828350067139,0.9500000476837158,1.3110820055007935
1.027500033378601,0.9650000333786011,1.0684318542480469
1.027267336845398,0.9600000381469727,1.306942105293274
1.024999976158142,0.9750000238418579,1.0621320009231567
1.024999976158142,0.9750000238418579,1.0706119537353516
1.0314439535140991,0.9650000333786011,1.1268019676208496
1.036797285079956,0.9500000476837158,1.282852053642273
1.0272786617279053,0.9700000286102295,1.1175320148468018
1.0307151079177856,0.9650000333786011,1.1942120790481567
1.0295639038085938,0.9600000381469727,1.300291895866394
1.0396583080291748,0.940000057220459,1.658582091331482
1.0497175455093384,0.9250000715255737,1.6088320016860962
1.0339314937591553,0.9500000476837158,1.3759019374847412
1.024999976158142,0.9750000238418579,1.0690319538116455
1.045114278793335,0.9350000619888306,1.229722023010254
1.0262563228607178,0.9700000286102295,1.108112096786499
1.04212486743927,0.9450000524520874,1.182561993598938
1.04430091381073,0.9450000524520874,1.1816819906234741
1.024999976158142,0.9750000238418579,1.0899620056152344
1.042976975440979,0.9450000524520874,1.1394020318984985
1.045760989189148,0.940000057220459,1.2777520418167114
1.0401651859283447,0.940000057220459,1.5885220766067505
1.0290530920028687,0.9550000429153442,1.1951420307159424
1.0380712747573853,0.9550000429153442,1.2236720323562622
1.0277318954467773,0.9650000333786011,1.1271719932556152
1.0275259017944336,0.9600000381469727,1.0955919027328491
1.0273569822311401,0.9700000286102295,1.1603319644927979
1.024999976158142,0.9700000286102295,1.0568019151687622
1.0275696516036987,0.9650000333786011,1.1427119970321655
1.0365493297576904,0.940000057220459,1.3759520053863525
1.0285354852676392,0.9700000286102295,1.0655920505523682
1.0426087379455566,0.9500000476837158,1.1626520156860352
1.0402296781539917,0.9350000619888306,1.5821020603179932
1.0309314727783203,0.9600000381469727,1.2191121578216553
1.02984619140625,0.9650000333786011,1.200111985206604
1.034701943397522,0.9500000476837158,1.3360419273376465
1.024999976158142,0.9750000238418579,1.0915919542312622
1.0353773832321167,0.9550000429153442,1.3995819091796875
1.0269542932510376,0.9700000286102295,1.1170719861984253
1.024999976158142,0.9750000238418579,1.1122418642044067
1.0416895151138306,0.9450000524520874,1.1748619079589844
1.0405062437057495,0.9500000476837158,1.1002318859100342
1.024999976158142,0.9750000238418579,1.028432011604309
1.0405062437057495,0.9500000476837158,1.1002318859100342
1.0410659313201904,0.940000057220459,1.2840120792388916
1.0364917516708374,0.940000057220459,1.7789019346237183
1.024999976158142,0.9750000238418579,1.112441897392273
1.0270110368728638,0.9650000333786011,1.3011720180511475
1.045005440711975,0.940000057220459,1.3894920349121094
1.032427430152893,0.9650000333786011,1.034452199935913
1.0271437168121338,0.9700000286102295,1.0311620235443115
1.028708815574646,0.9650000333786011,1.1531620025634766
1.024999976158142,0.9750000238418579,1.069361925125122
1.024999976158142,0.9750000238418579,1.154181957244873
1.024999976158142,0.9750000238418579,1.053462028503418
1.024999976158142,0.9750000238418579,1.0367820262908936
1.050680160522461,0.9350000619888306,1.264501929283142
1.0267677307128906,0.9700000286102295,1.0437719821929932
1.0328553915023804,0.9550000429153442,1.3093820810317993
1.035187840461731,0.9550000429153442,1.0979020595550537
