1.0304737091064453,0.9600000381469727,1.1221320629119873
1.0354737043380737,0.9550000429153442,1.1214020252227783
1.0490849018096924,0.8899999856948853,3.257812023162842
1.0320017337799072,0.9650000333786011,1.2636018991470337
1.0256593227386475,0.9650000333786011,1.571112036705017
1.031153678894043,0.9550000429153442,1.174962043762207
1.036550760269165,0.9500000476837158,1.1876519918441772
1.0253244638442993,0.9650000333786011,1.643272042274475
1.032076358795166,0.9550000429153442,1.2295619249343872
1.0440491437911987,0.9300000667572021,1.391282081604004
1.0463407039642334,0.940000057220459,1.1554920673370361
1.0371201038360596,0.9550000429153442,1.3253118991851807
1.0366454124450684,0.9550000429153442,1.3387420177459717
1.0416227579116821,0.9350000619888306,1.8132319450378418
1.0442012548446655,0.9350000619888306,1.8978919982910156
1.1259452104568481,0.699999988079071,4.2459821701049805
1.0227316617965698,0.9700000286102295,1.6527520418167114
1.0279462337493896,0.9700000286102295,1.1038119792938232
1.0281976461410522,0.9500000476837158,1.5859020948410034
1.0199999809265137,0.9800000190734863,1.037611961364746
1.0199999809265137,0.9800000190734863,1.0595120191574097
1.0199999809265137,0.9800000190734863,1.1023420095443726
1.0294445753097534,0.9650000333786011,1.1811120510101318
1.0199999809265137,0.9800000190734863,1.1564018726348877
1.0262531042099,0.9700000286102295,1.216562032699585
1.0529296398162842,0.8399999737739563,2.4904818534851074
1.0418658256530762,0.940000057220459,1.601722002029419
1.038164496421814,0.940000057220459,1.6782821416854858
1.0241667032241821,0.9650000333786011,2.135362148284912
1.0500842332839966,0.9200000762939453,1.8108121156692505
1.0281412601470947,0.9650000333786011,1.111561894416809
1.0357507467269897,0.9500000476837158,1.4220720529556274
1.0413576364517212,0.9300000667572021,2.0629220008850098
1.0841314792633057,0.8450000286102295,2.958942174911499
1.0444767475128174,0.9350000619888306,1.6025720834732056
1.045917272567749,0.9150000214576721,1.7333821058273315
1.0639702081680298,0.875,2.414421796798706
1.0381379127502441,0.9600000381469727,1.2436820268630981
1.041887879371643,0.9550000429153442,1.245252013206482
1.0584197044372559,0.8450000286102295,2.8325717449188232
1.0419293642044067,0.8950000405311584,2.7354819774627686
1.0277234315872192,0.9550000429153442,1.5220019817352295
1.042986273765564,0.8950000405311584,3.7383217811584473
1.0340237617492676,0.9500000476837158,2.0516719818115234
1.0356800556182861,0.9550000429153442,1.187142014503479
1.111451506614685,0.7350000143051147,4.020272254943848
1.03696608543396,0.9550000429153442,1.2072420120239258
1.0310440063476562,0.9650000333786011,1.0746020078659058
1.0229723453521729,0.9700000286102295,1.2556720972061157
1.0460706949234009,0.9250000715255737,1.6883519887924194
1.0199999809265137,0.9800000190734863,1.1352919340133667
1.0228098630905151,0.9700000286102295,1.2648121118545532
1.0601801872253418,0.8550000190734863,2.5788819789886475
1.039727807044983,0.940000057220459,1.8441119194030762
1.0398011207580566,0.9350000619888306,1.874101996421814
1.033512830734253,0.9450000524520874,1.4846020936965942
1.024214506149292,0.9650000333786011,1.1566219329833984
1.0267120599746704,0.9700000286102295,1.127351999282837
1.0346654653549194,0.9450000524520874,1.5936620235443115
1.0199999809265137,0.9800000190734863,1.025771975517273
1.0452111959457397,0.9250000715255737,1.8867820501327515
1.048183798789978,0.9250000715255737,1.819991946220398
1.039362907409668,0.9500000476837158,1.2573519945144653
1.029881477355957,0.9650000333786011,1.2434719800949097
1.0463131666183472,0.9250000715255737,1.881722092628479
1.0217326879501343,0.9750000238418579,1.1652820110321045
1.0258257389068604,0.9700000286102295,1.1299420595169067
1.0403847694396973,0.9300000667572021,2.1914820671081543
1.031982421875,0.9500000476837158,1.401642084121704
1.0199999809265137,0.9800000190734863,1.0778919458389282
1.024999976158142,0.9750000238418579,1.034201979637146
1.024999976158142,0.9750000238418579,1.1319221258163452
1.04342520236969,0.9350000619888306,1.317031979560852
1.0472302436828613,0.9350000619888306,1.7517321109771729
1.024999976158142,0.9750000238418579,1.116521954536438
1.0268950462341309,0.9650000333786011,1.225801944732666
1.0302633047103882,0.940000057220459,1.912861943244934
1.0309451818466187,0.9500000476837158,1.3664520978927612
1.0269733667373657,0.9700000286102295,1.1203219890594482
1.0238136053085327,0.9700000286102295,1.2212820053100586
1.0417793989181519,0.9550000429153442,1.1973021030426025
1.024999976158142,0.9750000238418579,1.1456819772720337
1.0228710174560547,0.9700000286102295,1.2039719820022583
1.024999976158142,0.9750000238418579,1.241581916809082
1.0437240600585938,0.9250000715255737,2.0532219409942627
1.0541770458221436,0.8900001049041748,2.6299123764038086
1.0199999809265137,0.9800000190734863,1.1276319026947021
1.0385432243347168,0.9500000476837158,1.2460719347000122
1.0199999809265137,0.9800000190734863,1.1575120687484741
1.0199999809265137,0.9800000190734863,1.058232069015503
1.0338168144226074,0.9600000381469727,1.3332220315933228
1.0274202823638916,0.9650000333786011,1.415761947631836
1.024999976158142,0.9750000238418579,1.082442045211792
1.0199999809265137,0.9800000190734863,1.0402320623397827
1.0344069004058838,0.9600000381469727,1.371832013130188
1.0323878526687622,0.9650000333786011,1.2220219373703003
1.024999976158142,0.9750000238418579,1.0681320428848267
1.028110146522522,0.9650000333786011,1.2147020101547241
1.0393272638320923,0.9450000524520874,1.2475320100784302
1.024999976158142,0.9750000238418579,1.0446919202804565
1.0461922883987427,0.9200000762939453,1.284142017364502
1.0421968698501587,0.940000057220459,1.2591019868850708
1.0471247434616089,0.9250000715255737,1.2866319417953491
1.043409824371338,0.9150000810623169,2.2133219242095947
1.0371414422988892,0.9550000429153442,1.164381980895996
1.041817307472229,0.9050000309944153,2.678232192993164
1.0515129566192627,0.880000114440918,2.803082227706909
1.0636427402496338,0.8900001049041748,2.551882028579712
1.0320903062820435,0.9600000381469727,1.2695720195770264
1.0257518291473389,0.9600000381469727,1.593451976776123
1.028110146522522,0.9650000333786011,1.2340720891952515
1.0295226573944092,0.9700000286102295,1.063431978225708
1.0251604318618774,0.9600000381469727,1.3851020336151123
1.0318113565444946,0.9500000476837158,1.2645920515060425
1.0243510007858276,0.9650000333786011,1.1496920585632324
1.0289371013641357,0.9650000333786011,1.1531919240951538
1.033798098564148,0.9500000476837158,1.4967020750045776
1.065101981163025,0.9250000715255737,1.305922031402588
1.0621503591537476,0.9300000667572021,1.3039219379425049
1.024999976158142,0.9750000238418579,1.0662518739700317
1.0337135791778564,0.9550000429153442,1.6872919797897339
1.041550636291504,0.9300000667572021,1.5865520238876343
1.0474658012390137,0.9100000262260437,1.556872010231018
1.0336283445358276,0.9600000381469727,1.2453219890594482
1.0637613534927368,0.8800000548362732,1.8664220571517944
1.0430245399475098,0.9300000667572021,1.6289719343185425
1.0258005857467651,0.9700000286102295,1.2481920719146729
1.0563099384307861,0.9250000715255737,2.330551862716675
1.061402440071106,0.9150000810623169,2.3503918647766113
1.0199999809265137,0.9800000190734863,1.1285820007324219
1.0296498537063599,0.9600000381469727,1.1591720581054688
1.0504467487335205,0.9200000762939453,1.9312020540237427
1.0395622253417969,0.9350000619888306,1.9814621210098267
1.0722026824951172,0.8600000739097595,2.2958219051361084
1.0332391262054443,0.9450000524520874,1.2490519285202026
1.040381908416748,0.9350000619888306,1.5739420652389526
1.052770972251892,0.9100000858306885,2.2325520515441895
1.027551531791687,0.9600000381469727,1.4209520816802979
1.0422489643096924,0.9300000667572021,1.7475919723510742
1.062788486480713,0.9350000619888306,1.2805520296096802
1.0634229183197021,0.9350000619888306,1.2794920206069946
1.0199999809265137,0.9800000190734863,1.12348210811615
1.02584707736969,0.9550000429153442,1.7170219421386719
1.022581934928894,0.9750000238418579,1.2053719758987427
1.0478018522262573,0.9200000762939453,1.5507819652557373
1.0362898111343384,0.9350000619888306,1.9912919998168945
1.0365334749221802,0.9350000619888306,2.0188419818878174
1.0264527797698975,0.9700000286102295,1.1250619888305664
1.0343626737594604,0.9150000810623169,2.012162208557129
1.022491455078125,0.9700000286102295,1.3282920122146606
1.0376375913619995,0.9550000429153442,1.3499919176101685
1.0294320583343506,0.9550000429153442,2.144551992416382
1.024999976158142,0.9750000238418579,1.0727819204330444
1.024999976158142,0.9750000238418579,1.1923519372940063
1.0449016094207764,0.9350000619888306,1.6117920875549316
1.0237274169921875,0.9700000286102295,1.4118720293045044
1.024999976158142,0.9750000238418579,1.1731919050216675
1.021130919456482,0.9750000238418579,1.1927319765090942
1.0451147556304932,0.9350000619888306,1.5146820545196533
1.0521023273468018,0.9250000715255737,1.468261957168579
1.0657684803009033,0.9150000810623169,1.6133620738983154
1.0659759044647217,0.9000000953674316,1.8274420499801636
1.0488815307617188,0.9300000667572021,1.4239519834518433
1.0407990217208862,0.9450000524520874,1.3861418962478638
1.0417239665985107,0.9450000524520874,1.4933619499206543
1.0638411045074463,0.9000000953674316,1.8212220668792725
1.0609917640686035,0.9150000214576721,2.1551220417022705
1.066823959350586,0.9000000953674316,1.9693620204925537
1.030812382698059,0.9550000429153442,1.302112102508545
1.042748212814331,0.9250000715255737,1.7212719917297363
1.0273786783218384,0.9650000333786011,1.2491120100021362
1.024999976158142,0.9750000238418579,1.0989720821380615
1.0216697454452515,0.9750000238418579,1.2225719690322876
1.0248489379882812,0.9700000286102295,1.1430820226669312
1.0267934799194336,0.9650000333786011,1.2848420143127441
1.0513575077056885,0.9150000810623169,1.4040420055389404
1.0387989282608032,0.9450000524520874,1.2956620454788208
1.0550510883331299,0.9200000762939453,1.3282419443130493
1.063562273979187,0.9050000905990601,1.3540419340133667
1.024999976158142,0.9750000238418579,1.0597820281982422
1.0346505641937256,0.9500000476837158,1.7864620685577393
1.0199999809265137,0.9800000190734863,1.0545920133590698
1.0221091508865356,0.9700000286102295,1.3378920555114746
1.0359936952590942,0.9450000524520874,1.3615120649337769
1.0349019765853882,0.9500000476837158,1.682672142982483
1.0386772155761719,0.9200000762939453,1.8825820684432983
1.0312877893447876,0.9600000381469727,1.3161919116973877
1.0309044122695923,0.9600000381469727,1.5965520143508911
1.0403212308883667,0.940000057220459,1.3356419801712036
1.0478665828704834,0.9150000810623169,1.9365020990371704
1.0206329822540283,0.9750000238418579,1.217352032661438
1.0569738149642944,0.8800000548362732,2.6842117309570312
1.0288760662078857,0.9650000333786011,1.283621907234192
1.041942834854126,0.9100000858306885,2.4893319606781006
1.02201509475708,0.9750000238418579,1.236311912536621
1.024999976158142,0.9750000238418579,1.1076419353485107
1.0571082830429077,0.8949999809265137,2.605502128601074
1.0320079326629639,0.9600000381469727,1.162161946296692
1.0551005601882935,0.9350000619888306,1.528291940689087
1.055324912071228,0.9300000667572021,1.5355520248413086
1.048531174659729,0.9350000619888306,1.5745121240615845
1.0377016067504883,0.9250000715255737,1.5499619245529175
1.0504000186920166,0.9050000905990601,1.9232420921325684
1.0639086961746216,0.8900001049041748,1.8692920207977295
1.029882550239563,0.9600000381469727,1.2038719654083252
1.022227168083191,0.9750000238418579,1.2417919635772705
1.0241830348968506,0.9650000333786011,1.5059518814086914
1.021463394165039,0.9750000238418579,1.0947120189666748
1.0199999809265137,0.9800000190734863,1.0437120199203491
1.0745398998260498,0.8700000643730164,3.5770621299743652
1.0581684112548828,0.9250000715255737,2.528331995010376
1.0246224403381348,0.9700000286102295,1.1269420385360718
1.0504854917526245,0.9250000715255737,1.5345619916915894
1.0310934782028198,0.9600000381469727,1.1552720069885254
1.031561255455017,0.9550000429153442,1.5486621856689453
1.0689849853515625,0.8650000095367432,1.7428719997406006
1.0315743684768677,0.9550000429153442,1.5279220342636108
1.0270395278930664,0.9600000381469727,1.3183720111846924
1.0461647510528564,0.9150000810623169,1.579232096672058
1.0284191370010376,0.9650000333786011,1.5599919557571411
1.0331554412841797,0.9500000476837158,1.7725119590759277
1.0241423845291138,0.9700000286102295,1.3253920078277588
1.0320899486541748,0.9600000381469727,1.1730719804763794
1.0362162590026855,0.940000057220459,1.6911920309066772
1.047504186630249,0.9150000810623169,1.9979419708251953
1.0391756296157837,0.9450000524520874,1.2480319738388062
1.037402868270874,0.9350000619888306,1.6774520874023438
1.02522611618042,0.9700000286102295,1.1148020029067993
1.0315414667129517,0.9600000381469727,1.1291120052337646
1.0322880744934082,0.9450000524520874,1.3356620073318481
1.0326155424118042,0.9500000476837158,1.5178718566894531
1.024999976158142,0.9750000238418579,1.085942029953003
1.0509073734283447,0.9300000667572021,1.5991119146347046
1.0401828289031982,0.940000057220459,1.5321619510650635
1.0351685285568237,0.9500000476837158,1.6421619653701782
1.032147765159607,0.9450000524520874,1.5911020040512085
1.041680097579956,0.9300000667572021,2.802312135696411
1.0234718322753906,0.9750000238418579,1.1375020742416382
1.0370657444000244,0.9500000476837158,1.2956620454788208
1.0397748947143555,0.9350000619888306,1.546671986579895
1.0394434928894043,0.940000057220459,1.9008220434188843
1.031569242477417,0.9600000381469727,1.3268320560455322
1.0264285802841187,0.9650000333786011,1.4008220434188843
1.0297340154647827,0.9650000333786011,1.549291968345642
1.0254977941513062,0.9700000286102295,1.1703020334243774
1.0199999809265137,0.9800000190734863,1.0785719156265259
1.0451990365982056,0.9350000619888306,1.499891996383667
1.057590126991272,0.9000000953674316,1.6669119596481323
1.036399006843567,0.9450000524520874,1.1898820400238037
1.038671612739563,0.9450000524520874,1.3420720100402832
1.0238131284713745,0.9600000381469727,1.2273519039154053
1.0349329710006714,0.9550000429153442,1.0901119709014893
1.0556384325027466,0.8800000548362732,2.5691020488739014
1.0328123569488525,0.9600000381469727,1.2169519662857056
1.0426808595657349,0.9350000619888306,1.2280620336532593
1.036431908607483,0.9450000524520874,1.528991937637329
1.0418176651000977,0.925000011920929,2.0481419563293457
1.047608733177185,0.9500000476837158,1.1718419790267944
1.0516351461410522,0.9250000715255737,1.4547020196914673
1.0266565084457397,0.9700000286102295,1.0898120403289795
1.0362821817398071,0.9450000524520874,1.5011119842529297
1.0282469987869263,0.9600000381469727,1.2969719171524048
1.024999976158142,0.9750000238418579,1.217932105064392
1.0444831848144531,0.9350000619888306,1.7057819366455078
1.042749285697937,0.9250000715255737,1.7531620264053345
1.034999966621399,0.9650000333786011,1.299921989440918
1.0287688970565796,0.9700000286102295,1.0934120416641235
1.0248812437057495,0.9700000286102295,1.1292920112609863
1.024999976158142,0.9750000238418579,1.10630202293396
1.0403640270233154,0.9450000524520874,1.1773619651794434
1.024351716041565,0.9650000333786011,1.4538320302963257
1.0497806072235107,0.9100000262260437,2.1257121562957764
1.0328924655914307,0.9550000429153442,1.190101981163025
1.0664540529251099,0.8449999690055847,2.574932098388672
1.0270464420318604,0.9650000333786011,1.1533219814300537
1.0199999809265137,0.9800000190734863,1.0390419960021973
1.0271350145339966,0.9700000286102295,1.1589620113372803
1.0224744081497192,0.9750000238418579,1.0762320756912231
1.0391771793365479,0.9150000810623169,2.1730220317840576
1.0638922452926636,0.8600000143051147,2.7305519580841064
1.0220974683761597,0.9700000286102295,1.430272102355957
1.0273807048797607,0.9650000333786011,1.3146320581436157
1.0216766595840454,0.9700000286102295,1.3085520267486572
1.0564422607421875,0.9050000905990601,1.5985020399093628
1.0467063188552856,0.940000057220459,1.5770119428634644
1.024999976158142,0.9750000238418579,1.137861967086792
1.0199999809265137,0.9800000190734863,1.0884519815444946
1.055338978767395,0.8800000548362732,1.8218120336532593
1.0250219106674194,0.9650000333786011,1.21762216091156
1.0311390161514282,0.9600000381469727,1.2717620134353638
1.03973388671875,0.9350000023841858,1.7678120136260986
1.0469423532485962,0.9300000667572021,2.369852066040039
1.058415174484253,0.9050000905990601,2.181532144546509
1.0631765127182007,0.89000004529953,2.636291980743408
1.0264291763305664,0.9700000286102295,1.1180120706558228
1.03709876537323,0.9450000524520874,1.4209120273590088
1.022376298904419,0.9650000333786011,1.637972116470337
1.023382544517517,0.9700000286102295,1.1617519855499268
1.0419654846191406,0.9350000619888306,2.0228121280670166
1.069225788116455,0.8499999642372131,3.3250820636749268
1.0616943836212158,0.9000000953674316,1.9040520191192627
1.0451139211654663,0.9100000858306885,2.060652017593384
1.0223569869995117,0.9750000238418579,1.3596720695495605
1.0289931297302246,0.9650000333786011,1.3593820333480835
1.0396801233291626,0.9350000619888306,1.9569920301437378
1.0328505039215088,0.9600000381469727,1.250831961631775
1.0383809804916382,0.940000057220459,1.653852105140686
1.0346866846084595,0.9450000524520874,1.4939218759536743
1.057057499885559,0.9050000905990601,2.0194320678710938
1.0423684120178223,0.9450000524520874,1.4224519729614258
1.0460801124572754,0.9350000619888306,1.6344820261001587
1.0496577024459839,0.9200000762939453,1.7171519994735718
1.0487735271453857,0.9000000953674316,2.017552137374878
1.0415083169937134,0.9450000524520874,1.6029120683670044
1.036482572555542,0.9550000429153442,1.2631120681762695
1.046337604522705,0.9300000667572021,2.3796820640563965
1.024999976158142,0.9750000238418579,1.0831420421600342
1.0480082035064697,0.9150000214576721,2.698482036590576
1.0333852767944336,0.9550000429153442,1.4975918531417847
1.028061866760254,0.9700000286102295,1.0749620199203491
1.0366142988204956,0.9500000476837158,1.6807619333267212
1.025867223739624,0.9600000381469727,1.6910319328308105
1.0343523025512695,0.9600000381469727,1.1852718591690063
1.0312951803207397,0.9500000476837158,1.6553021669387817
1.025753378868103,0.9650000333786011,1.1980319023132324
1.0285416841506958,0.9650000333786011,1.4325920343399048
1.0303572416305542,0.9600000381469727,1.2584819793701172
1.033473253250122,0.9450000524520874,1.9902820587158203
1.0299253463745117,0.9650000333786011,1.241292119026184
1.045538067817688,0.9500000476837158,1.1822019815444946
1.024999976158142,0.9750000238418579,1.0493719577789307
1.024999976158142,0.9750000238418579,1.1332920789718628
1.0283234119415283,0.9650000333786011,1.1318119764328003
1.0674803256988525,0.9300000667572021,1.2805520296096802
1.029536247253418,0.9700000286102295,1.0574519634246826
1.0213335752487183,0.9750000238418579,1.530142068862915
1.0199999809265137,0.9800000190734863,1.1670920848846436
1.0376825332641602,0.9350000023841858,2.043842077255249
1.024999976158142,0.9750000238418579,1.0629719495773315
1.021597146987915,0.9750000238418579,1.169551968574524
1.0225032567977905,0.9750000238418579,1.3230520486831665
1.024999976158142,0.9750000238418579,1.0363320112228394
1.0231903791427612,0.9700000286102295,1.2631020545959473
1.031852126121521,0.9600000381469727,1.2967519760131836
1.024999976158142,0.9750000238418579,1.1728419065475464
1.0258711576461792,0.9650000333786011,1.2859820127487183
1.0352073907852173,0.9450000524520874,1.6377019882202148
1.0298486948013306,0.9550000429153442,1.3973820209503174
1.0484950542449951,0.9100000858306885,1.7169920206069946
1.03920316696167,0.9450000524520874,1.2673519849777222
1.022611141204834,0.9750000238418579,1.1391119956970215
1.0341461896896362,0.9450000524520874,1.7716220617294312
1.04451584815979,0.9350000619888306,1.5578120946884155
1.0393708944320679,0.9450000524520874,1.4376119375228882
1.024999976158142,0.9750000238418579,1.077232003211975
1.0331497192382812,0.9650000333786011,1.1479719877243042
1.0199999809265137,0.9800000190734863,1.0473819971084595
1.0581315755844116,0.8950000405311584,2.343071937561035
1.0199999809265137,0.9800000190734863,1.0832319259643555
1.0334482192993164,0.9500000476837158,1.1737719774246216
1.033071756362915,0.9500000476837158,1.2214218378067017
1.0381487607955933,0.9500000476837158,1.1164220571517944
1.024999976158142,0.9750000238418579,1.064841866493225
1.0199999809265137,0.9800000190734863,1.0662620067596436
1.0445314645767212,0.9250000715255737,2.876422166824341
1.0199999809265137,0.9800000190734863,1.0518521070480347
1.0199999809265137,0.9800000190734863,1.0532219409942627
1.0542856454849243,0.9100000858306885,2.458561897277832
1.0448685884475708,0.9550000429153442,1.2183420658111572
1.0449999570846558,0.9550000429153442,1.224261999130249
1.0446593761444092,0.9200000762939453,1.5085821151733398
1.0329188108444214,0.9550000429153442,1.1674920320510864
1.0271114110946655,0.9650000333786011,1.1573721170425415
1.0279074907302856,0.9600000381469727,1.1981920003890991
1.0371308326721191,0.9350000619888306,1.717581868171692
1.0343276262283325,0.9600000381469727,1.2998719215393066
1.0199999809265137,0.9800000190734863,1.0583220720291138
1.0360164642333984,0.9500000476837158,1.529662013053894
1.020976185798645,0.9750000238418579,1.1880619525909424
1.0448678731918335,0.9350000619888306,1.676021933555603
1.0371346473693848,0.9500000476837158,1.1716818809509277
1.0414650440216064,0.940000057220459,1.3865020275115967
1.0292742252349854,0.9600000381469727,1.3421419858932495
1.0199999809265137,0.9800000190734863,1.2366620302200317
1.0324392318725586,0.9600000381469727,2.2031521797180176
1.0286078453063965,0.9550000429153442,1.3668019771575928
1.021995186805725,0.9750000238418579,1.533742070198059
1.04683256149292,0.9250000715255737,2.6914520263671875
1.0434966087341309,0.9100000858306885,2.289341926574707
1.030988097190857,0.9500000476837158,1.3696519136428833
1.0305720567703247,0.9600000381469727,1.13349187374115
1.039945125579834,0.9450000524520874,1.451051950454712
1.059372901916504,0.9050000309944153,2.0333218574523926
1.0307890176773071,0.9550000429153442,1.7253520488739014
1.024999976158142,0.9750000238418579,1.0585120916366577
1.0221004486083984,0.9750000238418579,1.1096320152282715
1.029593586921692,0.9650000333786011,1.1231420040130615
1.0399999618530273,0.9600000381469727,1.2941019535064697
1.0280144214630127,0.9550000429153442,1.5240120887756348
1.0302399396896362,0.9550000429153442,1.2698819637298584
1.0375077724456787,0.940000057220459,1.3770720958709717
1.0199999809265137,0.9800000190734863,1.193552017211914
1.0292675495147705,0.9650000333786011,1.344391942024231
1.0199999809265137,0.9800000190734863,1.1345919370651245
1.0264906883239746,0.9700000286102295,1.1635619401931763
1.0199999809265137,0.9800000190734863,1.050191879272461
1.0305453538894653,0.9650000333786011,1.2457020282745361
1.0519412755966187,0.9300000667572021,1.558351993560791
1.0282793045043945,0.9650000333786011,1.0656520128250122
1.0199999809265137,0.9800000190734863,1.0329519510269165
1.021345615386963,0.9750000238418579,1.287182092666626
1.0373204946517944,0.9450000524520874,1.3582019805908203
1.024999976158142,0.9750000238418579,1.1387720108032227
1.0336616039276123,0.9550000429153442,1.4747220277786255
1.0308042764663696,0.9600000381469727,1.2424520254135132
1.0199999809265137,0.9800000190734863,1.0575319528579712
1.0569647550582886,0.9300000667572021,1.3046119213104248
1.024999976158142,0.9750000238418579,1.0643420219421387
1.0279276371002197,0.9700000286102295,1.1198519468307495
1.0467793941497803,0.9500000476837158,1.1961320638656616
1.0318137407302856,0.9600000381469727,1.1187019348144531
1.0199999809265137,0.9800000190734863,1.243311882019043
1.0336235761642456,0.9550000429153442,1.3460019826889038
1.0245164632797241,0.9700000286102295,1.0839018821716309
1.0228604078292847,0.9750000238418579,1.0756919384002686
1.0269660949707031,0.9650000333786011,1.1649020910263062
1.034082055091858,0.9600000381469727,1.3400120735168457
1.0493594408035278,0.9150000810623169,1.8899619579315186
1.0199999809265137,0.9800000190734863,1.0375418663024902
1.0279043912887573,0.9600000381469727,1.440492033958435
1.0369278192520142,0.9550000429153442,1.4131019115447998
1.0218702554702759,0.9600000381469727,1.237712025642395
1.0367904901504517,0.9500000476837158,1.4685420989990234
1.0424363613128662,0.9500000476837158,1.375101923942566
1.0477501153945923,0.9200000166893005,1.949172019958496
1.0363255739212036,0.9450000524520874,2.0036721229553223
1.0477150678634644,0.925000011920929,2.3670718669891357
1.0275532007217407,0.9600000381469727,1.1192020177841187
1.0341784954071045,0.9600000381469727,1.04134202003479
1.0459625720977783,0.9350000619888306,1.9586219787597656
1.0386009216308594,0.9550000429153442,1.3051620721817017
1.0225000381469727,0.9750000238418579,1.063551902770996
1.0222673416137695,0.9650000333786011,1.3092421293258667
1.024999976158142,0.9750000238418579,1.0617619752883911
1.024999976158142,0.9750000238418579,1.0780019760131836
1.0264439582824707,0.9700000286102295,1.1270519495010376
1.031602382659912,0.9550000429153442,1.2804020643234253
1.0272786617279053,0.9700000286102295,1.1167820692062378
1.0307151079177856,0.9650000333786011,1.1920320987701416
1.0311458110809326,0.9600000381469727,1.2959818840026855
1.0377461910247803,0.9450000524520874,1.6438920497894287
1.0472286939620972,0.9350000619888306,1.6019519567489624
1.0289314985275269,0.9550000429153442,1.3759620189666748
1.0199999809265137,0.9800000190734863,1.0689918994903564
1.045114278793335,0.9350000619888306,1.2292319536209106
1.0262563228607178,0.9700000286102295,1.1069821119308472
1.0387473106384277,0.9500000476837158,1.184041976928711
1.0387319326400757,0.9550000429153442,1.1822019815444946
1.024999976158142,0.9750000238418579,1.087391972541809
1.0379769802093506,0.9500000476837158,1.1404820680618286
1.0412604808807373,0.9500000476837158,1.2743821144104004
1.0427703857421875,0.940000057220459,1.6108421087265015
1.0293667316436768,0.9600000381469727,1.209652066230774
1.0380712747573853,0.9550000429153442,1.2202119827270508
1.0284554958343506,0.9650000333786011,1.1477019786834717
1.0295950174331665,0.9600000381469727,1.1190619468688965
1.0283968448638916,0.9700000286102295,1.1625919342041016
1.0233029127120972,0.9750000238418579,1.0466818809509277
1.0261764526367188,0.9700000286102295,1.1381720304489136
1.0369707345962524,0.9450000524520874,1.3866521120071411
1.0235354900360107,0.9750000238418579,1.06728196144104
1.0426087379455566,0.9550000429153442,1.1633819341659546
1.043899416923523,0.9350000619888306,1.5821120738983154
1.0309314727783203,0.9600000381469727,1.2175121307373047
1.02984619140625,0.9650000333786011,1.1987720727920532
1.0307139158248901,0.9550000429153442,1.3374419212341309
1.024999976158142,0.9750000238418579,1.091741919517517
1.0303773880004883,0.9600000381469727,1.4010119438171387
1.0269542932510376,0.9700000286102295,1.1169919967651367
1.0199999809265137,0.9800000190734863,1.1151819229125977
1.0416895151138306,0.9450000524520874,1.1718919277191162
1.0424124002456665,0.9500000476837158,1.0991919040679932
1.024999976158142,0.9750000238418579,1.0280719995498657
1.0345256328582764,0.9600000381469727,1.0991919040679932
1.0411821603775024,0.940000057220459,1.2983120679855347
1.03701651096344,0.9450000524520874,1.7905819416046143
1.0199999809265137,0.9800000190734863,1.1126818656921387
1.026626467704773,0.9700000286102295,1.312082052230835
1.040307641029358,0.9450000524520874,1.3813819885253906
1.0295226573944092,0.9700000286102295,1.0335521697998047
1.0271437168121338,0.9700000286102295,1.030142068862915
1.0238471031188965,0.9700000286102295,1.1525319814682007
1.0199999809265137,0.9800000190734863,1.0721518993377686
1.024999976158142,0.9750000238418579,1.152251958847046
1.024999976158142,0.9750000238418579,1.0539520978927612
1.0199999809265137,0.9800000190734863,1.0370019674301147
1.0525470972061157,0.9350000619888306,1.2585220336914062
1.0236265659332275,0.9750000238418579,1.0402820110321045
1.0267510414123535,0.9650000333786011,1.3028820753097534
1.0322250127792358,0.9600000381469727,1.0957220792770386
