74
62
255
382
167
322
262
366
456
489
221
294
431
289
27
445
94
15
337
329
338
134
158
227
301
464
31
96
424
465
371
396
144
251
120
415
449
116
278
84
173
478
166
459
65
347
302
117
197
41
102
45
250
292
453
214
22
92
153
447
33
234
186
1
444
367
479
359
63
14
161
345
235
406
490
472
493
421
411
95
462
122
5
333
334
438
171
196
349
393
225
363
162
239
3
68
43
434
10
353
243
123
485
7
242
397
253
452
286
83
317
82
89
316
49
107
356
190
230
4
39
458
191
477
104
473
138
237
402
157
131
252
418
296
128
426
64
335
387
206
69
172
271
273
409
404
194
169
200
211
475
496
208
430
151
145
118
375
440
79
100
222
71
105
391
224
142
50
422
328
9
381
57
121
361
354
48
67
159
399
491
154
469
149
233
285
179
130
429
226
277
86
32
42
377
177
201
288
52
30
311
476
150
101
272
499
350
212
461
486
113
263
215
25
37
405
16
437
281
433
125
184
374
112
198
420
470
73
392
401
203
98
341
441
417
24
487
231
448
492
348
85
266
232
498
223
18
488
259
93
80
357
365
146
209
38
218
265
378
412
293
471
248
53
313
416
269
164
115
192
303
360
400
419
76
390
385
446
474
368
358
182
307
436
290
109
28
181
332
364
352
210
398
323
47
480
330
310
119
268
55
165
189
180
369
135
178
90
483
193
457
87
34
133
256
140
355
497
336
274
308
35
482
258
11
305
238
318
156
257
394
254
187
26
207
75
306
241
312
129
175
442
8
77
213
155
427
51
346
56
484
103
163
137
304
228
379
270
325
275
148
443
216
264
410
481
220
321
388
0
160
136
282
78
81
