488
10
283
135
426
343
428
56
5
154
335
468
293
312
242
127
430
352
346
347
472
301
239
111
77
190
84
53
455
191
130
377
184
266
116
257
471
273
40
224
32
270
379
354
112
145
6
336
39
292
114
43
465
75
188
212
141
97
186
85
321
139
480
51
110
87
481
453
265
497
237
107
210
196
284
120
60
65
66
176
325
180
215
42
100
256
484
387
452
450
388
109
290
103
348
254
195
171
47
444
302
498
15
439
45
72
289
310
375
131
416
479
183
470
382
25
68
320
499
353
102
496
319
317
341
129
473
294
37
160
280
441
136
54
245
140
403
104
412
62
331
304
30
415
197
89
309
9
431
52
