1.1019999980926514,0.9890000820159912,1.128000259399414
1.0809998512268066,0.9940000772476196,1.1280001401901245
1.24399995803833,0.9950000643730164,1.1279995441436768
1.128000020980835,0.9910001158714294,1.1280001401901245
1.0360000133514404,0.9950000643730164,1.1279999017715454
1.0870001316070557,0.9950000643730164,1.1280001401901245
1.0780000686645508,0.9950000643730164,1.1279999017715454
1.1640000343322754,0.9910000562667847,1.1280001401901245
1.4459999799728394,0.987000048160553,1.1279999017715454
1.098000168800354,0.9950000643730164,1.1279996633529663
1.4900001287460327,0.9890000820159912,1.1279997825622559
1.2780001163482666,0.9900000691413879,1.1279997825622559
1.2670000791549683,0.9900001287460327,1.128000020980835
1.0750000476837158,0.9950000643730164,1.1279997825622559
1.0559998750686646,0.9950000643730164,1.1279997825622559
1.1110000610351562,0.9900000095367432,1.1280001401901245
1.0540001392364502,0.9950000643730164,1.1279997825622559
1.0510001182556152,0.9950000643730164,1.128000259399414
1.1050000190734863,0.9950000643730164,1.1279999017715454
1.055999994277954,0.9950000643730164,1.128000020980835
1.065999984741211,0.9950000643730164,1.1280001401901245
1.1389999389648438,0.9940000772476196,1.128000020980835
1.0649998188018799,0.9950000643730164,1.128000020980835
1.056999921798706,0.9950000643730164,1.128000259399414
1.0609999895095825,0.9910000562667847,1.1279999017715454
1.0269999504089355,0.9950000643730164,1.1279999017715454
1.0519999265670776,0.9900001287460327,1.128000020980835
1.0440000295639038,0.9950000643730164,1.128000020980835
1.031000018119812,0.9950000643730164,1.1279997825622559
1.0540000200271606,0.9910001158714294,1.1279997825622559
1.037000060081482,0.9950000643730164,1.1279997825622559
1.0290000438690186,0.9950000643730164,1.1279997825622559
