1.0190000534057617,0.9980000257492065,1.500001311302185
1.0709999799728394,0.9980000257492065,1.4999969005584717
1.1549999713897705,0.9980000257492065,1.5000003576278687
1.0299999713897705,0.9990000128746033,1.5000014305114746
1.0180000066757202,0.9990000128746033,1.4999971389770508
1.034000039100647,0.996999979019165,1.5000014305114746
1.0080000162124634,0.9980000257492065,1.5000015497207642
1.0119999647140503,0.9990000128746033,1.5000015497207642
1.0440000295639038,0.996999979019165,1.5000015497207642
1.0429999828338623,0.9950000047683716,1.5000011920928955
1.0199999809265137,0.996999979019165,1.5000011920928955
1.0160000324249268,0.9980000257492065,1.5000011920928955
1.0399999618530273,0.9980000257492065,1.5000016689300537
1.0390000343322754,0.9980000257492065,1.5000015497207642
1.0329999923706055,0.9980000257492065,1.4999970197677612
1.9190000295639038,0.9869999885559082,1.5000003576278687
1.0460000038146973,0.9990000128746033,1.5000014305114746
1.0069999694824219,0.9990000128746033,1.5000015497207642
1.0290000438690186,0.9990000128746033,1.5000016689300537
1.003000020980835,0.9990000128746033,1.5000016689300537
1.003999948501587,0.9990000128746033,1.5000011920928955
1.0069999694824219,0.9990000128746033,1.500001072883606
1.034000039100647,0.9990000128746033,1.500001311302185
1.0180000066757202,0.9990000128746033,1.5000015497207642
1.0069999694824219,0.9990000128746033,1.5000014305114746
1.4900000095367432,0.9940000176429749,1.500001072883606
1.0119999647140503,0.9980000257492065,1.5000011920928955
1.0180000066757202,0.9980000257492065,1.500001072883606
1.1699999570846558,0.996999979019165,1.5000011920928955
1.125,0.9959999918937683,1.500001311302185
1.0049999952316284,0.9990000128746033,1.5000015497207642
1.1369999647140503,0.9980000257492065,1.500001311302185
1.0199999809265137,0.9990000128746033,1.5000015497207642
1.3819999694824219,0.9950000047683716,1.4999969005584717
1.0540000200271606,0.996999979019165,1.4999969005584717
1.1200000047683716,0.996999979019165,1.500000238418579
1.3389999866485596,0.9929999709129333,1.4999970197677612
1.0260000228881836,0.9980000257492065,1.500001311302185
1.0260000228881836,0.9980000257492065,1.500001311302185
1.319000005722046,0.9919999837875366,1.4999970197677612
1.3009999990463257,0.9950000047683716,1.4999970197677612
1.0379999876022339,0.9980000257492065,1.5000014305114746
1.340999960899353,0.9959999918937683,1.4999970197677612
1.0080000162124634,0.9990000128746033,1.5000015497207642
1.0729999542236328,0.996999979019165,1.4999970197677612
1.6360000371932983,0.9890000224113464,1.500000238418579
1.031000018119812,0.9980000257492065,1.5000014305114746
1.0190000534057617,0.9990000128746033,1.5000017881393433
1.0219999551773071,0.9980000257492065,1.4999969005584717
1.065999984741211,0.996999979019165,1.4999970197677612
1.0290000438690186,0.9990000128746033,1.5000015497207642
1.0080000162124634,0.9990000128746033,1.5000017881393433
1.1130000352859497,0.9940000176429749,1.5000011920928955
1.0379999876022339,0.996999979019165,1.5000011920928955
1.0399999618530273,0.9980000257492065,1.4999969005584717
1.031000018119812,0.9980000257492065,1.5000014305114746
1.031999945640564,0.9990000128746033,1.500001311302185
1.0180000066757202,0.9990000128746033,1.5000016689300537
1.0240000486373901,0.9980000257492065,1.5000015497207642
1.003999948501587,0.9990000128746033,1.5000011920928955
1.059000015258789,0.9980000257492065,1.5000014305114746
1.0410000085830688,0.9980000257492065,1.5
1.065999984741211,0.9980000257492065,1.5000014305114746
1.0460000038146973,0.9980000257492065,1.5000014305114746
1.0429999828338623,0.9980000257492065,1.5000014305114746
1.0460000038146973,0.9980000257492065,1.4999971389770508
1.0460000038146973,0.9980000257492065,1.5000016689300537
1.156000018119812,0.9959999918937683,1.5
1.031999945640564,0.9990000128746033,1.5000015497207642
1.024999976158142,0.9990000128746033,1.5000016689300537
1.0069999694824219,0.9990000128746033,1.500001072883606
1.0219999551773071,0.9990000128746033,1.4999970197677612
1.100000023841858,0.996999979019165,1.5000015497207642
1.0360000133514404,0.9980000257492065,1.500001072883606
1.062999963760376,0.9990000128746033,1.4999998807907104
1.0579999685287476,0.9990000128746033,1.4999971389770508
1.0950000286102295,0.9959999918937683,1.4999971389770508
1.0440000295639038,0.9980000257492065,1.4999971389770508
1.0399999618530273,0.9990000128746033,1.4999970197677612
1.031000018119812,0.9990000128746033,1.5000011920928955
1.0920000076293945,0.9980000257492065,1.4999971389770508
1.0210000276565552,0.9990000128746033,1.5000014305114746
1.0290000438690186,0.9990000128746033,1.5000014305114746
1.024999976158142,0.9990000128746033,1.5000014305114746
1.0850000381469727,0.996999979019165,1.5000014305114746
1.2030000686645508,0.9950000047683716,1.4999970197677612
1.00600004196167,0.9990000128746033,1.5000015497207642
1.0579999685287476,0.9980000257492065,1.500001311302185
1.0230000019073486,0.9990000128746033,1.5000011920928955
1.0219999551773071,0.9990000128746033,1.5000011920928955
1.034999966621399,0.9990000128746033,1.5000015497207642
1.031999945640564,0.9990000128746033,1.5000015497207642
1.0199999809265137,0.9990000128746033,1.5000014305114746
1.003999948501587,0.9990000128746033,1.5000011920928955
1.0099999904632568,0.9990000128746033,1.4999971389770508
1.0160000324249268,0.9990000128746033,1.4999970197677612
1.031000018119812,0.9990000128746033,1.500001072883606
1.0199999809265137,0.9990000128746033,1.500001311302185
1.0520000457763672,0.996999979019165,1.500001311302185
1.0019999742507935,0.9990000128746033,1.5000016689300537
1.0429999828338623,0.996999979019165,1.5000014305114746
1.0260000228881836,0.9980000257492065,1.5000016689300537
1.0570000410079956,0.996999979019165,1.5000015497207642
1.1319999694824219,0.996999979019165,1.4999970197677612
1.0509999990463257,0.9980000257492065,1.5000015497207642
1.1610000133514404,0.9950000047683716,1.4999971389770508
2.190999984741211,0.9950000047683716,1.499998927116394
1.1130000352859497,0.9959999918937683,1.5000011920928955
1.0260000228881836,0.9980000257492065,1.500001311302185
1.0219999551773071,0.9990000128746033,1.4999971389770508
1.0520000457763672,0.9990000128746033,1.4999996423721313
1.0169999599456787,0.9980000257492065,1.5000015497207642
1.034000039100647,0.9990000128746033,1.5000014305114746
1.069000005722046,0.996999979019165,1.500001311302185
1.0169999599456787,0.9980000257492065,1.5000014305114746
1.0089999437332153,0.9990000128746033,1.5000014305114746
1.0570000410079956,0.9980000257492065,1.500001311302185
1.1570000648498535,0.996999979019165,1.4999971389770508
1.1570000648498535,0.996999979019165,1.4999970197677612
1.0130000114440918,0.9990000128746033,1.500001311302185
1.0540000200271606,0.9980000257492065,1.5000014305114746
1.037000060081482,0.9980000257492065,1.5000015497207642
1.0329999923706055,0.9980000257492065,1.5
1.0080000162124634,0.9990000128746033,1.500001072883606
1.069000005722046,0.9959999918937683,1.5000011920928955
1.1779999732971191,0.9950000047683716,1.500001072883606
1.1160000562667847,0.9990000128746033,1.4999970197677612
1.2730000019073486,0.996999979019165,1.500000238418579
1.2259999513626099,0.996999979019165,1.4999969005584717
1.0269999504089355,0.9990000128746033,1.4999969005584717
1.0180000066757202,0.9990000128746033,1.5000015497207642
1.0390000343322754,0.9980000257492065,1.4999970197677612
1.1549999713897705,0.996999979019165,1.4999970197677612
1.1540000438690186,0.9959999918937683,1.4999969005584717
1.0440000295639038,0.996999979019165,1.5000011920928955
1.037000060081482,0.996999979019165,1.5000015497207642
1.062000036239624,0.9950000047683716,1.5000011920928955
1.0190000534057617,0.9990000128746033,1.4999970197677612
1.0410000085830688,0.996999979019165,1.5000014305114746
1.0529999732971191,0.996999979019165,1.5000015497207642
1.0679999589920044,0.996999979019165,1.5000014305114746
1.027999997138977,0.9990000128746033,1.5000014305114746
1.0069999694824219,0.9990000128746033,1.5000011920928955
1.0989999771118164,0.9990000128746033,1.5000014305114746
1.1460000276565552,0.9950000047683716,1.5000014305114746
1.1480000019073486,0.996999979019165,1.500001072883606
1.13100004196167,0.9959999918937683,1.5000014305114746
1.0199999809265137,0.9990000128746033,1.5000015497207642
1.0720000267028809,0.9990000128746033,1.4999969005584717
1.031999945640564,0.9980000257492065,1.5000014305114746
1.0140000581741333,0.9980000257492065,1.5000015497207642
1.0499999523162842,0.9980000257492065,1.500001311302185
1.0089999437332153,0.9990000128746033,1.5000015497207642
1.0989999771118164,0.9990000128746033,1.4999970197677612
1.1089999675750732,0.9959999918937683,1.5000014305114746
1.00600004196167,0.9990000128746033,1.5000015497207642
1.0069999694824219,0.9990000128746033,1.5000011920928955
1.0119999647140503,0.9990000128746033,1.5000011920928955
1.00600004196167,0.9990000128746033,1.4999971389770508
1.003000020980835,0.9990000128746033,1.5000015497207642
1.031000018119812,0.996999979019165,1.5000015497207642
1.0509999990463257,0.9959999918937683,1.5000011920928955
1.0269999504089355,0.9980000257492065,1.5000014305114746
1.0440000295639038,0.9980000257492065,1.5000016689300537
1.0149999856948853,0.9980000257492065,1.500001311302185
1.090999960899353,0.9950000047683716,1.5000015497207642
1.0789999961853027,0.9959999918937683,1.5000015497207642
1.0800000429153442,0.9950000047683716,1.500001072883606
1.0989999771118164,0.9980000257492065,1.4999970197677612
1.1150000095367432,0.9959999918937683,1.4999969005584717
1.062000036239624,0.996999979019165,1.5000014305114746
1.0140000581741333,0.9990000128746033,1.500001072883606
1.0130000114440918,0.9990000128746033,1.5000016689300537
1.0290000438690186,0.9990000128746033,1.5000016689300537
1.0110000371932983,0.9990000128746033,1.5000015497207642
1.0670000314712524,0.9950000047683716,1.4999970197677612
1.027999997138977,0.9980000257492065,1.500001072883606
1.0449999570846558,0.996999979019165,1.5000016689300537
1.065999984741211,0.9950000047683716,1.5000016689300537
1.0110000371932983,0.9990000128746033,1.5000011920928955
1.0219999551773071,0.9990000128746033,1.5000014305114746
1.0190000534057617,0.9990000128746033,1.5000015497207642
1.0080000162124634,0.9980000257492065,1.5000011920928955
1.0190000534057617,0.996999979019165,1.5000011920928955
1.027999997138977,0.9990000128746033,1.4999970197677612
1.2330000400543213,0.9959999918937683,1.5000001192092896
1.0199999809265137,0.996999979019165,1.500001072883606
1.0399999618530273,0.9980000257492065,1.5000014305114746
1.031999945640564,0.9980000257492065,1.5000014305114746
1.1720000505447388,0.9940000176429749,1.500001072883606
1.0180000066757202,0.9990000128746033,1.5000014305114746
1.0870000123977661,0.9959999918937683,1.500001311302185
1.0540000200271606,0.9980000257492065,1.5000014305114746
1.0700000524520874,0.9980000257492065,1.4999971389770508
1.0329999923706055,0.9990000128746033,1.5000015497207642
1.037000060081482,0.9990000128746033,1.4999970197677612
1.0160000324249268,0.9980000257492065,1.5000011920928955
1.0379999876022339,0.9980000257492065,1.5000015497207642
1.0260000228881836,0.996999979019165,1.5000015497207642
1.0549999475479126,0.996999979019165,1.500001311302185
1.1019999980926514,0.9959999918937683,1.4999969005584717
1.0609999895095825,0.9959999918937683,1.5000014305114746
1.0800000429153442,0.996999979019165,1.5000014305114746
1.034999966621399,0.9959999918937683,1.5000014305114746
1.0260000228881836,0.9980000257492065,1.5000015497207642
1.0080000162124634,0.9990000128746033,1.4999969005584717
1.0720000267028809,0.996999979019165,1.5000014305114746
1.0199999809265137,0.9980000257492065,1.500001311302185
1.0080000162124634,0.9990000128746033,1.500001311302185
1.2480000257492065,0.9919999837875366,1.4999970197677612
1.0520000457763672,0.996999979019165,1.5000011920928955
1.00600004196167,0.9990000128746033,1.5000011920928955
1.0850000381469727,0.996999979019165,1.500001311302185
1.0119999647140503,0.9980000257492065,1.5000015497207642
1.0160000324249268,0.9990000128746033,1.5000016689300537
1.1349999904632568,0.9919999837875366,1.5000014305114746
1.0160000324249268,0.9980000257492065,1.5000015497207642
1.0509999990463257,0.9980000257492065,1.4999971389770508
1.0379999876022339,0.996999979019165,1.4999969005584717
1.093000054359436,0.9980000257492065,1.4999969005584717
1.0210000276565552,0.9990000128746033,1.5000014305114746
1.0210000276565552,0.9990000128746033,1.5000015497207642
1.0290000438690186,0.9980000257492065,1.5000014305114746
1.0540000200271606,0.9980000257492065,1.4999969005584717
1.0779999494552612,0.996999979019165,1.4999969005584717
1.0240000486373901,0.9980000257492065,1.5000015497207642
1.027999997138977,0.9980000257492065,1.5000014305114746
1.0269999504089355,0.9990000128746033,1.5000014305114746
1.0410000085830688,0.9980000257492065,1.5000015497207642
1.0199999809265137,0.9990000128746033,1.5000015497207642
1.037000060081482,0.9980000257492065,1.5000015497207642
1.0230000019073486,0.9990000128746033,1.500001311302185
1.1089999675750732,0.9950000047683716,1.5000014305114746
1.0829999446868896,0.996999979019165,1.5000014305114746
1.1369999647140503,0.9980000257492065,1.499999761581421
1.1729999780654907,0.996999979019165,1.4999998807907104
1.0360000133514404,0.9990000128746033,1.4999998807907104
1.0230000019073486,0.9990000128746033,1.500001311302185
1.0399999618530273,0.9959999918937683,1.5000016689300537
1.0520000457763672,0.996999979019165,1.5000015497207642
1.2039999961853027,0.996999979019165,1.4999998807907104
1.1319999694824219,0.9990000128746033,1.5
1.1239999532699585,0.9980000257492065,1.4999998807907104
1.0149999856948853,0.9990000128746033,1.5000016689300537
1.0290000438690186,0.996999979019165,1.5000015497207642
1.0069999694824219,0.9990000128746033,1.5000011920928955
1.0260000228881836,0.9980000257492065,1.500001072883606
1.1019999980926514,0.9959999918937683,1.5000015497207642
1.0210000276565552,0.996999979019165,1.500001311302185
1.0260000228881836,0.9990000128746033,1.5000015497207642
1.0119999647140503,0.9990000128746033,1.500001311302185
1.0260000228881836,0.9980000257492065,1.500001311302185
1.0740000009536743,0.9940000176429749,1.500001311302185
1.003999948501587,0.9990000128746033,1.5000011920928955
1.0540000200271606,0.9959999918937683,1.5000016689300537
1.0600000619888306,0.9980000257492065,1.5000014305114746
1.031999945640564,0.9980000257492065,1.4999969005584717
1.0920000076293945,0.9980000257492065,1.4999969005584717
1.031999945640564,0.996999979019165,1.5000011920928955
1.0219999551773071,0.9990000128746033,1.5000016689300537
1.027999997138977,0.9980000257492065,1.5000011920928955
1.0049999952316284,0.9990000128746033,1.5000015497207642
1.1039999723434448,0.9990000128746033,1.5000001192092896
1.2200000286102295,0.9959999918937683,1.4999971389770508
1.0679999589920044,0.9980000257492065,1.4999998807907104
1.0119999647140503,0.9980000257492065,1.5000015497207642
1.0329999923706055,0.9980000257492065,1.5000015497207642
1.037000060081482,0.9980000257492065,1.5000016689300537
1.00600004196167,0.9990000128746033,1.500000238418579
1.0700000524520874,0.996999979019165,1.500001311302185
1.0290000438690186,0.9990000128746033,1.5
1.0299999713897705,0.9959999918937683,1.5000015497207642
1.0609999895095825,0.9980000257492065,1.5000016689300537
1.1269999742507935,0.9919999837875366,1.4999969005584717
1.0440000295639038,0.996999979019165,1.5000015497207642
1.00600004196167,0.9990000128746033,1.5000011920928955
1.0429999828338623,0.9980000257492065,1.5000015497207642
1.0080000162124634,0.9990000128746033,1.5000014305114746
1.1130000352859497,0.9959999918937683,1.500001311302185
1.3029999732971191,0.9950000047683716,1.5
1.215999960899353,0.9980000257492065,1.5000005960464478
1.031999945640564,0.9980000257492065,1.5000011920928955
1.0190000534057617,0.9990000128746033,1.500001311302185
1.2310000658035278,0.9940000176429749,1.4999970197677612
1.0540000200271606,0.996999979019165,1.5000016689300537
1.0260000228881836,0.9990000128746033,1.5000011920928955
1.0069999694824219,0.9990000128746033,1.5000016689300537
1.1180000305175781,0.9950000047683716,1.5000014305114746
1.0269999504089355,0.9990000128746033,1.5000015497207642
1.0260000228881836,0.9980000257492065,1.5000015497207642
1.0820000171661377,0.996999979019165,1.5000015497207642
1.215000033378601,0.9950000047683716,1.4999998807907104
1.0240000486373901,0.9980000257492065,1.5000016689300537
1.0800000429153442,0.9950000047683716,1.5000016689300537
1.0140000581741333,0.9990000128746033,1.500001311302185
1.0729999542236328,0.9959999918937683,1.5000014305114746
1.034999966621399,0.9980000257492065,1.5000015497207642
1.0130000114440918,0.9990000128746033,1.5000015497207642
1.034999966621399,0.996999979019165,1.5000001192092896
1.2139999866485596,0.9929999709129333,1.4999969005584717
1.1019999980926514,0.9959999918937683,1.500001311302185
1.159000039100647,0.9950000047683716,1.500001311302185
1.0130000114440918,0.9990000128746033,1.5000015497207642
1.0729999542236328,0.9980000257492065,1.5000015497207642
1.0240000486373901,0.9980000257492065,1.4999971389770508
1.0199999809265137,0.9990000128746033,1.500001072883606
1.034000039100647,0.996999979019165,1.5000014305114746
1.003999948501587,0.9990000128746033,1.5000016689300537
1.0499999523162842,0.9959999918937683,1.4999996423721313
1.0800000429153442,0.996999979019165,1.5000014305114746
1.0789999961853027,0.9959999918937683,1.5000015497207642
1.0499999523162842,0.996999979019165,1.5000015497207642
1.1800000667572021,0.9940000176429749,1.5000011920928955
1.0049999952316284,0.9990000128746033,1.500001311302185
1.0269999504089355,0.9990000128746033,1.5000016689300537
1.0260000228881836,0.9990000128746033,1.4999998807907104
1.0049999952316284,0.9990000128746033,1.5000011920928955
1.0119999647140503,0.9980000257492065,1.4999971389770508
1.0260000228881836,0.9990000128746033,1.5000014305114746
1.0230000019073486,0.9990000128746033,1.4999970197677612
1.1200000047683716,0.9980000257492065,1.4999969005584717
1.0140000581741333,0.9980000257492065,1.4999971389770508
1.0479999780654907,0.9980000257492065,1.5000016689300537
1.0399999618530273,0.9980000257492065,1.500001311302185
1.0080000162124634,0.9990000128746033,1.500001072883606
1.031000018119812,0.9980000257492065,1.5000015497207642
1.062999963760376,0.9980000257492065,1.5000016689300537
1.1390000581741333,0.9959999918937683,1.5000014305114746
1.0140000581741333,0.9990000128746033,1.5000015497207642
1.0759999752044678,0.9980000257492065,1.5000015497207642
1.0190000534057617,0.9990000128746033,1.5000015497207642
1.0110000371932983,0.9990000128746033,1.5000011920928955
1.065000057220459,0.9980000257492065,1.5000014305114746
1.0679999589920044,0.996999979019165,1.5000014305114746
1.0110000371932983,0.9990000128746033,1.5000011920928955
1.0449999570846558,0.9990000128746033,1.4999969005584717
1.055999994277954,0.9990000128746033,1.5000014305114746
1.027999997138977,0.996999979019165,1.500001311302185
1.0089999437332153,0.9990000128746033,1.5000014305114746
1.0410000085830688,0.9990000128746033,1.4999970197677612
1.0080000162124634,0.9990000128746033,1.4999971389770508
1.0180000066757202,0.9990000128746033,1.5000014305114746
1.0219999551773071,0.9990000128746033,1.5000011920928955
1.0379999876022339,0.9980000257492065,1.5
1.0880000591278076,0.9990000128746033,1.5000014305114746
1.0360000133514404,0.996999979019165,1.5000011920928955
1.0149999856948853,0.9990000128746033,1.5000015497207642
1.1260000467300415,0.9980000257492065,1.4999998807907104
1.1729999780654907,0.9950000047683716,1.499999761581421
1.034999966621399,0.996999979019165,1.5000015497207642
1.0190000534057617,0.9990000128746033,1.5000016689300537
1.0230000019073486,0.9980000257492065,1.4999969005584717
1.0399999618530273,0.9980000257492065,1.5000014305114746
1.0579999685287476,0.9980000257492065,1.500001311302185
1.0119999647140503,0.9990000128746033,1.500001311302185
1.00600004196167,0.9990000128746033,1.5000015497207642
1.0049999952316284,0.9990000128746033,1.500001072883606
1.0269999504089355,0.996999979019165,1.4999969005584717
1.0180000066757202,0.9990000128746033,1.5000015497207642
1.0269999504089355,0.996999979019165,1.5000011920928955
1.0240000486373901,0.996999979019165,1.5000011920928955
1.0169999599456787,0.9980000257492065,1.5000015497207642
1.027999997138977,0.9990000128746033,1.500001311302185
1.0080000162124634,0.9990000128746033,1.500001311302185
1.1269999742507935,0.9959999918937683,1.4999970197677612
1.0180000066757202,0.9990000128746033,1.5000016689300537
1.0180000066757202,0.9990000128746033,1.500001311302185
1.2350000143051147,0.9940000176429749,1.4999969005584717
1.0140000581741333,0.9980000257492065,1.499999761581421
1.0140000581741333,0.9980000257492065,1.499999761581421
1.0429999828338623,0.9940000176429749,1.5000014305114746
1.0329999923706055,0.9959999918937683,1.5000015497207642
1.0080000162124634,0.9980000257492065,1.5000017881393433
1.0429999828338623,0.9990000128746033,1.5000015497207642
1.0420000553131104,0.9980000257492065,1.5000015497207642
1.0160000324249268,0.9980000257492065,1.500000238418579
1.0099999904632568,0.9990000128746033,1.500001311302185
1.1089999675750732,0.996999979019165,1.4999971389770508
1.0069999694824219,0.9990000128746033,1.5000016689300537
1.2820000648498535,0.9959999918937683,1.5000001192092896
1.0429999828338623,0.996999979019165,1.5000015497207642
1.0089999437332153,0.996999979019165,1.500001311302185
1.0210000276565552,0.9980000257492065,1.5000011920928955
1.024999976158142,0.9990000128746033,1.5000014305114746
1.027999997138977,0.9980000257492065,1.4999971389770508
1.034000039100647,0.996999979019165,1.500001072883606
1.0479999780654907,0.9980000257492065,1.5000017881393433
1.0379999876022339,0.9959999918937683,1.500001072883606
1.187999963760376,0.9959999918937683,1.500001072883606
1.0980000495910645,0.996999979019165,1.4999970197677612
1.027999997138977,0.9980000257492065,1.500001311302185
1.055999994277954,0.9959999918937683,1.5000015497207642
1.0290000438690186,0.9959999918937683,1.5000015497207642
1.0460000038146973,0.9980000257492065,1.5000016689300537
1.0219999551773071,0.9990000128746033,1.5000014305114746
1.003999948501587,0.9990000128746033,1.500001072883606
1.031000018119812,0.9980000257492065,1.5000014305114746
1.0119999647140503,0.9980000257492065,1.5000015497207642
1.0089999437332153,0.9990000128746033,1.4999970197677612
1.0410000085830688,0.9980000257492065,1.4999970197677612
1.0390000343322754,0.996999979019165,1.500001072883606
1.1080000400543213,0.9990000128746033,1.4999998807907104
1.069000005722046,0.996999979019165,1.5000015497207642
1.0410000085830688,0.9990000128746033,1.5000015497207642
1.0019999742507935,0.9990000128746033,1.4999969005584717
1.003999948501587,0.9990000128746033,1.500001072883606
1.003999948501587,0.9990000128746033,1.500001072883606
1.0240000486373901,0.996999979019165,1.5000015497207642
1.0110000371932983,0.9980000257492065,1.4999971389770508
1.0080000162124634,0.9990000128746033,1.500001072883606
1.0169999599456787,0.9990000128746033,1.5000014305114746
1.0440000295639038,0.996999979019165,1.5000011920928955
1.0210000276565552,0.9990000128746033,1.5000014305114746
1.0600000619888306,0.996999979019165,1.500001311302185
1.0169999599456787,0.9990000128746033,1.5000014305114746
1.0140000581741333,0.9990000128746033,1.500001072883606
1.1460000276565552,0.996999979019165,1.4999969005584717
1.0149999856948853,0.9990000128746033,1.500001311302185
1.0069999694824219,0.9990000128746033,1.500001311302185
1.0609999895095825,0.9980000257492065,1.5000014305114746
1.0110000371932983,0.9990000128746033,1.500001072883606
1.0490000247955322,0.9990000128746033,1.4999998807907104
1.0110000371932983,0.9980000257492065,1.5000016689300537
1.0240000486373901,0.9980000257492065,1.4999970197677612
1.0049999952316284,0.9990000128746033,1.5000014305114746
1.0149999856948853,0.9990000128746033,1.5000014305114746
1.0260000228881836,0.9980000257492065,1.5000016689300537
1.1690000295639038,0.9950000047683716,1.500001311302185
1.0069999694824219,0.9990000128746033,1.500001072883606
1.0679999589920044,0.9980000257492065,1.4999970197677612
1.0549999475479126,0.9980000257492065,1.5000015497207642
1.0509999990463257,0.996999979019165,1.5000014305114746
1.0099999904632568,0.9980000257492065,1.5000014305114746
1.0440000295639038,0.9980000257492065,1.5000016689300537
1.0360000133514404,0.9980000257492065,1.4999970197677612
1.0099999904632568,0.9980000257492065,1.4999970197677612
1.0149999856948853,0.9980000257492065,1.500001311302185
1.0130000114440918,0.9980000257492065,1.500001311302185
1.0119999647140503,0.9980000257492065,1.5000015497207642
1.0679999589920044,0.9959999918937683,1.500001072883606
1.090000033378601,0.996999979019165,1.5000014305114746
1.0230000019073486,0.9990000128746033,1.500001311302185
1.0850000381469727,0.996999979019165,1.4999969005584717
1.0290000438690186,0.9990000128746033,1.5000014305114746
1.0329999923706055,0.9990000128746033,1.4999970197677612
1.0130000114440918,0.9990000128746033,1.5000015497207642
1.0149999856948853,0.9980000257492065,1.5000015497207642
1.0190000534057617,0.9980000257492065,1.5000011920928955
1.0299999713897705,0.9980000257492065,1.4999971389770508
1.034000039100647,0.9990000128746033,1.5000014305114746
1.0449999570846558,0.996999979019165,1.4999970197677612
1.0219999551773071,0.9980000257492065,1.500001311302185
1.0140000581741333,0.9980000257492065,1.500001311302185
1.0219999551773071,0.9990000128746033,1.5000016689300537
1.0460000038146973,0.9950000047683716,1.4999971389770508
1.0379999876022339,0.9980000257492065,1.5000015497207642
1.0219999551773071,0.9980000257492065,1.5000015497207642
1.0640000104904175,0.9980000257492065,1.500001072883606
1.0130000114440918,0.9990000128746033,1.500001072883606
1.0180000066757202,0.996999979019165,1.500001311302185
1.0399999618530273,0.9980000257492065,1.5000015497207642
1.062999963760376,0.996999979019165,1.5000015497207642
1.024999976158142,0.9980000257492065,1.500001311302185
1.0190000534057617,0.9980000257492065,1.5000015497207642
1.0329999923706055,0.9980000257492065,1.5000016689300537
1.034999966621399,0.9990000128746033,1.5000016689300537
1.0210000276565552,0.9990000128746033,1.500001311302185
1.0140000581741333,0.9990000128746033,1.5000015497207642
1.0219999551773071,0.9980000257492065,1.5000011920928955
1.0820000171661377,0.996999979019165,1.5000014305114746
1.0140000581741333,0.9990000128746033,1.5000014305114746
1.0920000076293945,0.9980000257492065,1.4999969005584717
1.0219999551773071,0.9980000257492065,1.5000011920928955
1.034999966621399,0.996999979019165,1.5000014305114746
1.034999966621399,0.9990000128746033,1.4999969005584717
1.0299999713897705,0.996999979019165,1.500001311302185
1.055999994277954,0.9990000128746033,1.4999970197677612
1.0089999437332153,0.9990000128746033,1.500001311302185
1.0329999923706055,0.9980000257492065,1.5000016689300537
1.0069999694824219,0.9990000128746033,1.5000011920928955
1.0269999504089355,0.9959999918937683,1.5000011920928955
1.0199999809265137,0.9980000257492065,1.500001072883606
1.0190000534057617,0.9990000128746033,1.5000016689300537
1.0169999599456787,0.9980000257492065,1.500001311302185
1.0230000019073486,0.996999979019165,1.500001311302185
1.0160000324249268,0.9980000257492065,1.5000011920928955
1.0049999952316284,0.9990000128746033,1.5000011920928955
1.0089999437332153,0.9990000128746033,1.500001311302185
1.0240000486373901,0.996999979019165,1.500001072883606
1.0099999904632568,0.9980000257492065,1.5000011920928955
1.003999948501587,0.9990000128746033,1.500001311302185
1.0049999952316284,0.9990000128746033,1.500001311302185
1.0080000162124634,0.9990000128746033,1.500001311302185
1.0099999904632568,0.9990000128746033,1.5000016689300537
1.0069999694824219,0.9990000128746033,1.5000011920928955
1.00600004196167,0.9990000128746033,1.5000011920928955
1.0169999599456787,0.996999979019165,1.500001311302185
1.0049999952316284,0.9990000128746033,1.5000011920928955
1.0169999599456787,0.9980000257492065,1.5000011920928955
1.0110000371932983,0.9990000128746033,1.500001311302185
