1.0304737091064453,0.9600000381469727,1.1221320629119873
1.0354737043380737,0.9550000429153442,1.1215319633483887
1.044084906578064,0.8949999809265137,3.292772054672241
1.0320017337799072,0.9650000333786011,1.2638319730758667
1.0306593179702759,0.9600000381469727,1.5675721168518066
1.0361536741256714,0.9500000476837158,1.1778420209884644
1.0315507650375366,0.9550000429153442,1.18887197971344
1.0303244590759277,0.9600000381469727,1.6297321319580078
1.0339902639389038,0.9550000429153442,1.2197719812393188
1.0405197143554688,0.9350000619888306,1.3909519910812378
1.0463407039642334,0.940000057220459,1.1555620431900024
1.0416454076766968,0.9500000476837158,1.3255019187927246
1.0366454124450684,0.9550000429153442,1.3214019536972046
1.0426266193389893,0.9300000667572021,1.7703919410705566
1.0415172576904297,0.9350000619888306,1.7762019634246826
1.1236697435379028,0.7099999785423279,4.210662364959717
1.0295370817184448,0.9600000381469727,1.6234420537948608
1.0279462337493896,0.9700000286102295,1.1042720079421997
1.0281976461410522,0.9500000476837158,1.5683320760726929
1.024999976158142,0.9750000238418579,1.0431419610977173
1.024999976158142,0.9750000238418579,1.067352056503296
1.024999976158142,0.9750000238418579,1.0994820594787598
1.0294445753097534,0.9650000333786011,1.181962013244629
1.024999976158142,0.9750000238418579,1.1539418697357178
1.0212531089782715,0.9750000238418579,1.2165420055389404
1.0515905618667603,0.8499999642372131,2.4942119121551514
1.0418658256530762,0.940000057220459,1.601722002029419
1.0379050970077515,0.9450000524520874,1.7168620824813843
1.0291666984558105,0.9600000381469727,2.139202117919922
1.0414462089538574,0.9300000667572021,1.7974820137023926
1.0221437215805054,0.9750000238418579,1.0491819381713867
1.0344674587249756,0.9550000429153442,1.4204820394515991
1.0432522296905518,0.9300000667572021,2.044382095336914
1.0831891298294067,0.8500000238418579,2.8954222202301025
1.039476752281189,0.940000057220459,1.6206520795822144
1.0509172677993774,0.9100000262260437,1.7175120115280151
1.0655690431594849,0.8700000047683716,2.42523193359375
1.0468878746032715,0.9500000476837158,1.2394320964813232
1.0381379127502441,0.9600000381469727,1.2394320964813232
1.0569627285003662,0.8550000190734863,2.8308017253875732
1.0477776527404785,0.8850000500679016,2.7232420444488525
1.0340280532836914,0.9450000524520874,1.5035320520401
1.049024224281311,0.8850000500679016,3.735031843185425
1.0340237617492676,0.9500000476837158,2.0523221492767334
1.0356800556182861,0.9550000429153442,1.1942020654678345
1.1130610704421997,0.7300000190734863,4.061642169952393
1.0419660806655884,0.9500000476837158,1.2047020196914673
1.0260440111160278,0.9700000286102295,1.0745419263839722
1.0279723405838013,0.9650000333786011,1.2461820840835571
1.0449413061141968,0.9250000715255737,1.6952420473098755
1.024999976158142,0.9750000238418579,1.1325420141220093
1.0278098583221436,0.9650000333786011,1.2628620862960815
1.0581424236297607,0.8600000143051147,2.625662088394165
1.0447278022766113,0.9350000619888306,1.8368120193481445
1.044801115989685,0.9300000667572021,1.8703919649124146
1.035620093345642,0.940000057220459,1.4846020936965942
1.0292145013809204,0.9600000381469727,1.147711992263794
1.021712064743042,0.9750000238418579,1.1259520053863525
1.0396654605865479,0.940000057220459,1.5802319049835205
1.024999976158142,0.9750000238418579,1.0275319814682007
1.0402112007141113,0.9300000667572021,1.8909320831298828
1.0396957397460938,0.9350000619888306,1.8319820165634155
1.0355523824691772,0.9500000476837158,1.2527819871902466
1.0248814821243286,0.9700000286102295,1.2516419887542725
1.0463131666183472,0.9250000715255737,1.8874720335006714
1.0217326879501343,0.9750000238418579,1.1652820110321045
1.020825743675232,0.9750000238418579,1.1210620403289795
1.0363541841506958,0.9300000667572021,2.198352098464966
1.0310089588165283,0.9550000429153442,1.4324620962142944
1.024999976158142,0.9750000238418579,1.0769720077514648
1.0199999809265137,0.9800000190734863,1.0330818891525269
1.0199999809265137,0.9800000190734863,1.1330020427703857
1.0367001295089722,0.9450000524520874,1.2919520139694214
1.047701120376587,0.9350000619888306,1.755492091178894
1.029980182647705,0.9650000333786011,1.1133520603179932
1.0218950510025024,0.9700000286102295,1.2305619716644287
1.0307444334030151,0.940000057220459,1.9679620265960693
1.035945177078247,0.9450000524520874,1.3555220365524292
1.0219733715057373,0.9750000238418579,1.1185719966888428
1.0288136005401611,0.9650000333786011,1.2113319635391235
1.0417793989181519,0.9550000429153442,1.1977020502090454
1.024999976158142,0.9750000238418579,1.1459919214248657
1.027871012687683,0.9650000333786011,1.2032220363616943
1.024999976158142,0.9750000238418579,1.2412819862365723
1.0355156660079956,0.9350000619888306,2.037532091140747
1.0482555627822876,0.9000000953674316,2.6538124084472656
1.0199999809265137,0.9800000190734863,1.1276319026947021
1.0335432291030884,0.9550000429153442,1.255281925201416
1.024999976158142,0.9750000238418579,1.1471420526504517
1.0199999809265137,0.9800000190734863,1.058232069015503
1.0388168096542358,0.9550000429153442,1.3250720500946045
1.03242027759552,0.9600000381469727,1.4119019508361816
1.024999976158142,0.9750000238418579,1.0827319622039795
1.024999976158142,0.9750000238418579,1.0408520698547363
1.0344069004058838,0.9600000381469727,1.371832013130188
1.0323878526687622,0.9650000333786011,1.2220219373703003
1.024999976158142,0.9750000238418579,1.0680820941925049
1.0242583751678467,0.9650000333786011,1.2202919721603394
1.0443272590637207,0.940000057220459,1.2523620128631592
1.0199999809265137,0.9800000190734863,1.0449919700622559
1.0392557382583618,0.9300000667572021,1.2939720153808594
1.0441689491271973,0.9350000619888306,1.2603720426559448
1.0500195026397705,0.9250000715255737,1.287571907043457
1.043409824371338,0.9150000810623169,2.1930620670318604
1.0337257385253906,0.9600000381469727,1.164381980895996
1.0409493446350098,0.9100000262260437,2.6361820697784424
1.0478663444519043,0.880000114440918,2.9088921546936035
1.0700430870056152,0.880000114440918,2.6504719257354736
1.0370903015136719,0.9550000429153442,1.2689220905303955
1.0303446054458618,0.9500000476837158,1.4222819805145264
1.0266363620758057,0.9700000286102295,1.2370320558547974
1.0245226621627808,0.9750000238418579,1.0658819675445557
1.0251604318618774,0.9600000381469727,1.3853119611740112
1.0358452796936035,0.9450000524520874,1.2574119567871094
1.0243510007858276,0.9650000333786011,1.1496920585632324
1.0224745273590088,0.9750000238418579,1.1481519937515259
1.0365097522735596,0.9500000476837158,1.499022126197815
1.0589710474014282,0.9350000619888306,1.3130120038986206
1.0598326921463013,0.9300000667572021,1.30623197555542
1.0199999809265137,0.9800000190734863,1.0654819011688232
1.025960922241211,0.9650000333786011,1.661761999130249
1.0410714149475098,0.9250000715255737,1.5697519779205322
1.0454245805740356,0.9150000214576721,1.556771993637085
1.0286283493041992,0.9650000333786011,1.2521419525146484
1.0639663934707642,0.8800000548362732,1.8648220300674438
1.0430245399475098,0.9300000667572021,1.6291320323944092
1.0258005857467651,0.9700000286102295,1.2486120462417603
1.054320216178894,0.9300000667572021,2.293001890182495
1.0594127178192139,0.9200000762939453,2.373861789703369
1.024999976158142,0.9750000238418579,1.127261996269226
1.0296498537063599,0.9600000381469727,1.1603820323944092
1.045446753501892,0.9250000715255737,1.9449020624160767
1.0395622253417969,0.9350000619888306,1.9814621210098267
1.068878173828125,0.8600000739097595,2.3363020420074463
1.0332391262054443,0.9450000524520874,1.2488118410110474
1.040381908416748,0.9350000619888306,1.5739719867706299
1.0546916723251343,0.9050000905990601,2.2739720344543457
1.027551531791687,0.9600000381469727,1.4209520816802979
1.0431835651397705,0.9250000715255737,1.8252719640731812
1.0677884817123413,0.9300000667572021,1.2809820175170898
1.0634229183197021,0.9350000619888306,1.2809820175170898
1.0199999809265137,0.9800000190734863,1.12348210811615
1.02584707736969,0.9550000429153442,1.7170219421386719
1.0275819301605225,0.9700000286102295,1.1869620084762573
1.0478018522262573,0.9200000762939453,1.5587719678878784
1.03670334815979,0.9350000619888306,2.0123820304870605
1.0365334749221802,0.9350000619888306,2.028141975402832
1.0264527797698975,0.9700000286102295,1.1257319450378418
1.0336397886276245,0.9200000762939453,1.9953521490097046
1.021451711654663,0.9750000238418579,1.3282920122146606
1.0376375913619995,0.9550000429153442,1.3497419357299805
1.0294320583343506,0.9550000429153442,2.15175199508667
1.0199999809265137,0.9800000190734863,1.0717219114303589
1.0199999809265137,0.9800000190734863,1.2039419412612915
1.0449016094207764,0.9350000619888306,1.6119920015335083
1.026111125946045,0.9650000333786011,1.4126219749450684
1.0283968448638916,0.9700000286102295,1.1732419729232788
1.0261309146881104,0.9700000286102295,1.1950219869613647
1.0501147508621216,0.9300000667572021,1.5139521360397339
1.0471023321151733,0.9300000667572021,1.471571922302246
1.0657684803009033,0.9150000810623169,1.619062066078186
1.0609759092330933,0.9050000905990601,1.8470920324325562
1.0466961860656738,0.9350000619888306,1.4106520414352417
1.0391323566436768,0.9500000476837158,1.3861619234085083
1.0417239665985107,0.9450000524520874,1.4952319860458374
1.0612084865570068,0.9050000905990601,1.8220220804214478
1.0572963953018188,0.9150000214576721,2.171531915664673
1.0591295957565308,0.9100000858306885,1.9675320386886597
1.0258123874664307,0.9600000381469727,1.3201920986175537
1.0461937189102173,0.9250000715255737,1.7558820247650146
1.0273786783218384,0.9650000333786011,1.2493820190429688
1.024999976158142,0.9750000238418579,1.0992820262908936
1.0266697406768799,0.9700000286102295,1.2214219570159912
1.0298489332199097,0.9650000333786011,1.1613119840621948
1.0267934799194336,0.9650000333786011,1.2848420143127441
1.0479143857955933,0.9150000810623169,1.4014919996261597
1.0337989330291748,0.9500000476837158,1.3027620315551758
1.056777834892273,0.9200000762939453,1.3197020292282104
1.064459204673767,0.9050000905990601,1.3544319868087769
1.024999976158142,0.9750000238418579,1.0598520040512085
1.0296505689620972,0.9550000429153442,1.7919321060180664
1.0199999809265137,0.9800000190734863,1.0545920133590698
1.0242159366607666,0.9650000333786011,1.3378920555114746
1.0359936952590942,0.9450000524520874,1.3618019819259644
1.036198377609253,0.9450000524520874,1.6887720823287964
1.0386772155761719,0.9200000762939453,1.8698920011520386
1.0312877893447876,0.9600000381469727,1.3161919116973877
1.0259044170379639,0.9650000333786011,1.5967119932174683
1.037406325340271,0.940000057220459,1.3433419466018677
1.042866587638855,0.9200000762939453,1.947822093963623
1.0215009450912476,0.9700000286102295,1.116581916809082
1.0525654554367065,0.89000004529953,2.6832518577575684
1.0288760662078857,0.9650000333786011,1.2830018997192383
1.0411269664764404,0.9150000810623169,2.497512102127075
1.0270150899887085,0.9700000286102295,1.2341619729995728
1.024999976158142,0.9750000238418579,1.1081619262695312
1.0590156316757202,0.8949999809265137,2.609992027282715
1.0249686241149902,0.9700000286102295,1.1733919382095337
1.0536470413208008,0.9350000619888306,1.5284919738769531
1.0582396984100342,0.9300000667572021,1.5260419845581055
1.0535311698913574,0.9300000667572021,1.57380211353302
1.032528042793274,0.940000057220459,1.5611720085144043
1.051814317703247,0.9100000858306885,1.8933221101760864
1.0617730617523193,0.8950001001358032,1.8635519742965698
1.032742977142334,0.9550000429153442,1.2041120529174805
1.0272271633148193,0.9700000286102295,1.2383519411087036
1.029183030128479,0.9600000381469727,1.4902018308639526
1.0264633893966675,0.9700000286102295,1.0930020809173584
1.0199999809265137,0.9800000190734863,1.0437120199203491
1.072182297706604,0.8750000596046448,3.5164122581481934
1.0494064092636108,0.9350000619888306,2.6159119606018066
1.0296224355697632,0.9650000333786011,1.124832034111023
1.045485496520996,0.9300000667572021,1.5363320112228394
1.0343667268753052,0.9550000429153442,1.159332036972046
1.0265612602233887,0.9600000381469727,1.5588921308517456
1.0779073238372803,0.8550000190734863,1.749061942100525
1.0315743684768677,0.9550000429153442,1.5281020402908325
1.0270395278930664,0.9600000381469727,1.3195019960403442
1.041164755821228,0.9200000762939453,1.5851320028305054
1.0284191370010376,0.9650000333786011,1.5612319707870483
1.0281554460525513,0.9550000429153442,1.7868620157241821
1.0258021354675293,0.9650000333786011,1.3253920078277588
1.0320899486541748,0.9600000381469727,1.1730719804763794
1.0393425226211548,0.940000057220459,1.6471019983291626
1.0537328720092773,0.9050000905990601,2.006711959838867
1.0391756296157837,0.9450000524520874,1.2494720220565796
1.0311064720153809,0.9450000524520874,1.6708121299743652
1.02522611618042,0.9700000286102295,1.1148020029067993
1.0304291248321533,0.9550000429153442,1.1136120557785034
1.0382617712020874,0.940000057220459,1.3408620357513428
1.0326155424118042,0.9500000476837158,1.5180219411849976
1.0199999809265137,0.9800000190734863,1.0853520631790161
1.0509073734283447,0.9300000667572021,1.5991618633270264
1.0401828289031982,0.940000057220459,1.5331618785858154
1.0351685285568237,0.9500000476837158,1.6517620086669922
1.0371477603912354,0.940000057220459,1.5780019760131836
1.0416847467422485,0.9150000810623169,2.830902099609375
1.0234718322753906,0.9750000238418579,1.1375020742416382
1.032065749168396,0.9550000429153442,1.292952060699463
1.0468599796295166,0.9250000715255737,1.5660319328308105
1.0444434881210327,0.9350000619888306,1.8881421089172363
1.0281261205673218,0.9600000381469727,1.3312820196151733
1.0297619104385376,0.9650000333786011,1.3877520561218262
1.0329090356826782,0.9600000381469727,1.5495719909667969
1.0304977893829346,0.9650000333786011,1.1697320938110352
1.0215842723846436,0.9750000238418579,1.0786218643188477
1.0451990365982056,0.9350000619888306,1.499891996383667
1.0525901317596436,0.9050000905990601,1.6771819591522217
1.0393074750900269,0.9450000524520874,1.1871919631958008
1.034379482269287,0.9550000429153442,1.3365919589996338
1.0279972553253174,0.9600000381469727,1.2186518907546997
1.0349329710006714,0.9550000429153442,1.0902318954467773
1.051187515258789,0.8850000500679016,2.611922025680542
1.0295391082763672,0.9650000333786011,1.2188619375228882
1.0392379760742188,0.940000057220459,1.2319719791412354
1.0414319038391113,0.940000057220459,1.5037519931793213
1.0402413606643677,0.9300000071525574,2.0492019653320312
1.0426087379455566,0.9550000429153442,1.1631319522857666
1.043752908706665,0.9300000667572021,1.4529619216918945
1.024999976158142,0.9750000238418579,1.089042067527771
1.0412821769714355,0.940000057220459,1.5277420282363892
1.0282469987869263,0.9600000381469727,1.2969719171524048
1.024999976158142,0.9750000238418579,1.218522071838379
1.0494831800460815,0.9300000667572021,1.7002220153808594
1.0358079671859741,0.9350000619888306,1.7694519758224487
1.0432732105255127,0.9550000429153442,1.2961020469665527
1.0287688970565796,0.9700000286102295,1.0935720205307007
1.0248812437057495,0.9700000286102295,1.1292920112609863
1.0199999809265137,0.9800000190734863,1.1083821058273315
1.044350266456604,0.940000057220459,1.17769193649292
1.024351716041565,0.9650000333786011,1.4539721012115479
1.053737998008728,0.9100000262260437,2.1109421253204346
1.0328924655914307,0.9550000429153442,1.190101981163025
1.0664540529251099,0.8449999690055847,2.590602159500122
1.0270464420318604,0.9650000333786011,1.1533219814300537
1.024999976158142,0.9750000238418579,1.0384819507598877
1.0221350193023682,0.9750000238418579,1.15585196018219
1.027396321296692,0.9700000286102295,1.0895520448684692
1.0341771841049194,0.9200000762939453,2.1776819229125977
1.0697765350341797,0.8450000286102295,2.720172166824341
1.027097463607788,0.9650000333786011,1.4301120042800903
1.0273807048797607,0.9650000333786011,1.3147720098495483
1.0296790599822998,0.9600000381469727,1.3014720678329468
1.0624157190322876,0.8950001001358032,1.5966219902038574
1.0412920713424683,0.9450000524520874,1.560971975326538
1.0199999809265137,0.9800000190734863,1.1450319290161133
1.0199999809265137,0.9800000190734863,1.0884519815444946
1.0588529109954834,0.8800000548362732,1.7973520755767822
1.0312626361846924,0.9550000429153442,1.2038620710372925
1.0309367179870605,0.9600000381469727,1.2707220315933228
1.0447338819503784,0.9300000071525574,1.7529720067977905
1.0469423532485962,0.9300000667572021,2.369852066040039
1.0534151792526245,0.9100000858306885,2.234182119369507
1.059326410293579,0.89000004529953,2.733652114868164
1.0264291763305664,0.9700000286102295,1.1182420253753662
1.0304290056228638,0.9550000429153442,1.4227720499038696
1.0273762941360474,0.9600000381469727,1.687022089958191
1.0283825397491455,0.9650000333786011,1.1748619079589844
1.0419654846191406,0.9350000619888306,2.023022174835205
1.0677661895751953,0.8549999594688416,3.34538197517395
1.052028775215149,0.9150000810623169,1.9138920307159424
1.0514869689941406,0.9000000953674316,2.0839319229125977
1.0223569869995117,0.9750000238418579,1.3596720695495605
1.03777277469635,0.9550000429153442,1.3561819791793823
1.0396801233291626,0.9350000619888306,1.9569920301437378
1.0278505086898804,0.9650000333786011,1.2617219686508179
1.0408909320831299,0.9350000619888306,1.6209421157836914
1.0346866846084595,0.9450000524520874,1.4975719451904297
1.057057499885559,0.9050000905990601,2.0196921825408936
1.0384498834609985,0.9450000524520874,1.4347120523452759
1.0460801124572754,0.9350000619888306,1.6354620456695557
1.0458984375,0.9200000762939453,1.714292049407959
1.0548778772354126,0.8900001049041748,2.0108420848846436
1.0396027565002441,0.940000057220459,1.6106221675872803
1.0314825773239136,0.9600000381469727,1.2381020784378052
1.0398677587509155,0.940000057220459,2.4110019207000732
1.024999976158142,0.9750000238418579,1.0834519863128662
1.0480082035064697,0.9150000214576721,2.669081926345825
1.03030526638031,0.9600000381469727,1.4975519180297852
1.028061866760254,0.9700000286102295,1.0741420984268188
1.0387829542160034,0.9450000524520874,1.6616019010543823
1.025867223739624,0.9600000381469727,1.6910319328308105
1.0343523025512695,0.9600000381469727,1.1855318546295166
1.0276317596435547,0.9500000476837158,1.6888620853424072
1.0290563106536865,0.9600000381469727,1.2405319213867188
1.0285416841506958,0.9650000333786011,1.4330719709396362
1.0253572463989258,0.9650000333786011,1.2698520421981812
1.033473253250122,0.9450000524520874,2.006701946258545
1.0249253511428833,0.9700000286102295,1.2514420747756958
1.045538067817688,0.9500000476837158,1.1781220436096191
1.024999976158142,0.9750000238418579,1.0498019456863403
1.0199999809265137,0.9800000190734863,1.1340420246124268
1.0233234167099,0.9700000286102295,1.1279319524765015
1.0624803304672241,0.9350000619888306,1.280332088470459
1.0199999809265137,0.9800000190734863,1.0590819120407104
1.0213335752487183,0.9750000238418579,1.530142068862915
1.0245362520217896,0.9750000238418579,1.1719521284103394
1.0376825332641602,0.9350000023841858,2.05019211769104
1.024999976158142,0.9750000238418579,1.063241958618164
1.0265971422195435,0.9700000286102295,1.1690820455551147
1.0225032567977905,0.9750000238418579,1.3230520486831665
1.024999976158142,0.9750000238418579,1.0367419719696045
1.0281903743743896,0.9650000333786011,1.2625319957733154
1.0368521213531494,0.9550000429153442,1.3060119152069092
1.0199999809265137,0.9800000190734863,1.175812005996704
1.0308711528778076,0.9600000381469727,1.2896519899368286
1.0352073907852173,0.9450000524520874,1.6548819541931152
1.0363872051239014,0.9450000524520874,1.4123821258544922
1.0484950542449951,0.9100000858306885,1.7205619812011719
1.0376331806182861,0.9450000524520874,1.264862060546875
1.022611141204834,0.9750000238418579,1.1408820152282715
1.0291461944580078,0.9500000476837158,1.790362000465393
1.04451584815979,0.9350000619888306,1.5582420825958252
1.0343708992004395,0.9500000476837158,1.4310020208358765
1.0199999809265137,0.9800000190734863,1.0782819986343384
1.0281497240066528,0.9700000286102295,1.1485720872879028
1.0199999809265137,0.9800000190734863,1.0473819971084595
1.062487244606018,0.89000004529953,2.3552818298339844
1.0273414850234985,0.9700000286102295,1.0729519128799438
1.0324763059616089,0.9550000429153442,1.1730819940567017
1.0399181842803955,0.940000057220459,1.2200719118118286
1.0331487655639648,0.9550000429153442,1.117501974105835
1.0199999809265137,0.9800000190734863,1.0639618635177612
1.0199999809265137,0.9800000190734863,1.0542320013046265
1.0499516725540161,0.9150000810623169,2.8968722820281982
1.0199999809265137,0.9800000190734863,1.0518521070480347
1.024999976158142,0.9750000238418579,1.0530120134353638
1.0537478923797607,0.9100000858306885,2.4772019386291504
1.0448685884475708,0.9550000429153442,1.2183420658111572
1.0399999618530273,0.9600000381469727,1.2137620449066162
1.0496593713760376,0.9150000810623169,1.5056720972061157
1.0414220094680786,0.9450000524520874,1.1633520126342773
1.0271114110946655,0.9650000333786011,1.1573721170425415
1.0300878286361694,0.9600000381469727,1.222391963005066
1.03415048122406,0.9350000619888306,1.7079318761825562
1.0303231477737427,0.9650000333786011,1.2998719215393066
1.0199999809265137,0.9800000190734863,1.0583220720291138
1.0387943983078003,0.9450000524520874,1.5305919647216797
1.0259761810302734,0.9700000286102295,1.1870319843292236
1.0448678731918335,0.9350000619888306,1.6747620105743408
1.0371346473693848,0.9500000476837158,1.167941927909851
1.047286033630371,0.9300000667572021,1.3845820426940918
1.024274230003357,0.9650000333786011,1.3465819358825684
1.024999976158142,0.9750000238418579,1.2235320806503296
1.03017258644104,0.9600000381469727,2.176661968231201
1.0326929092407227,0.9450000524520874,1.3731518983840942
1.021995186805725,0.9750000238418579,1.533742070198059
1.0418325662612915,0.9300000667572021,2.696972131729126
1.0371384620666504,0.9250000715255737,2.276561975479126
1.030773401260376,0.9500000476837158,1.3685619831085205
1.0386244058609009,0.9500000476837158,1.115661859512329
1.0349451303482056,0.9500000476837158,1.460211992263794
1.0556215047836304,0.9100000262260437,2.0502219200134277
1.031528353691101,0.9500000476837158,1.7262320518493652
1.0199999809265137,0.9800000190734863,1.0596920251846313
1.0285073518753052,0.9650000333786011,1.128912091255188
1.029593586921692,0.9650000333786011,1.1242420673370361
1.0399999618530273,0.9600000381469727,1.2914119958877563
1.0330144166946411,0.9500000476837158,1.5128120183944702
1.029416799545288,0.9600000381469727,1.2767120599746704
1.0375077724456787,0.940000057220459,1.3770720958709717
1.024999976158142,0.9750000238418579,1.2042720317840576
1.024267554283142,0.9700000286102295,1.3445719480514526
1.024999976158142,0.9750000238418579,1.1314820051193237
1.0214906930923462,0.9750000238418579,1.160141944885254
1.0199999809265137,0.9800000190734863,1.050191879272461
1.0355453491210938,0.9600000381469727,1.2363020181655884
1.0513596534729004,0.9300000667572021,1.5584620237350464
1.033279299736023,0.9600000381469727,1.075652003288269
1.0199999809265137,0.9800000190734863,1.0329519510269165
1.021345615386963,0.9750000238418579,1.287182092666626
1.0339871644973755,0.9450000524520874,1.367561936378479
1.0199999809265137,0.9800000190734863,1.1460620164871216
1.041968822479248,0.9450000524520874,1.469812035560608
1.0308042764663696,0.9600000381469727,1.2427220344543457
1.0199999809265137,0.9800000190734863,1.0575319528579712
1.0580863952636719,0.9300000667572021,1.3044719696044922
1.0199999809265137,0.9800000190734863,1.0684120655059814
1.0279276371002197,0.9700000286102295,1.1191519498825073
1.0367794036865234,0.9600000381469727,1.198612093925476
1.0291012525558472,0.9650000333786011,1.1423419713974
1.024999976158142,0.9750000238418579,1.2391718626022339
1.038623571395874,0.9500000476837158,1.3415720462799072
1.0215246677398682,0.9750000238418579,1.087541937828064
1.027860403060913,0.9700000286102295,1.0717519521713257
1.0292856693267822,0.9650000333786011,1.1756020784378052
1.034082055091858,0.9600000381469727,1.3400120735168457
1.0493594408035278,0.9150000810623169,1.8899619579315186
1.0199999809265137,0.9800000190734863,1.0375418663024902
1.0289855003356934,0.9550000429153442,1.4335520267486572
1.0319278240203857,0.9600000381469727,1.4249719381332397
1.0268702507019043,0.9550000429153442,1.2368220090866089
1.0317904949188232,0.9550000429153442,1.4871320724487305
1.0391030311584473,0.9500000476837158,1.3728018999099731
1.0477501153945923,0.9200000166893005,1.9487320184707642
1.0380151271820068,0.940000057220459,2.0086519718170166
1.0477150678634644,0.925000011920929,2.3692119121551514
1.0306392908096313,0.9550000429153442,1.1144620180130005
1.0341784954071045,0.9600000381469727,1.04134202003479
1.0429574251174927,0.940000057220459,1.960402011871338
1.0350793600082397,0.9550000429153442,1.3269920349121094
1.027500033378601,0.9700000286102295,1.0658118724822998
1.027267336845398,0.9600000381469727,1.303942084312439
1.0199999809265137,0.9800000190734863,1.0626920461654663
1.024999976158142,0.9750000238418579,1.0774719715118408
1.0314439535140991,0.9650000333786011,1.1281019449234009
1.031602382659912,0.9550000429153442,1.2895020246505737
1.0222786664962769,0.9750000238418579,1.1176820993423462
1.0307151079177856,0.9650000333786011,1.1923820972442627
1.0291413068771362,0.9650000333786011,1.2955318689346313
1.0412763357162476,0.9450000524520874,1.6645320653915405
1.048898458480835,0.9300000667572021,1.6271920204162598
1.0339314937591553,0.9500000476837158,1.371351957321167
1.024999976158142,0.9750000238418579,1.0697219371795654
1.0401142835617065,0.940000057220459,1.2315219640731812
1.0212563276290894,0.9750000238418579,1.1131221055984497
1.0387473106384277,0.9500000476837158,1.192911982536316
1.045538067817688,0.9500000476837158,1.1789519786834717
1.024999976158142,0.9750000238418579,1.087731957435608
1.042976975440979,0.9450000524520874,1.1382920742034912
1.0393849611282349,0.9500000476837158,1.2768820524215698
1.033990740776062,0.9500000476837158,1.5810821056365967
1.0299732685089111,0.9550000429153442,1.198952078819275
1.0380712747573853,0.9550000429153442,1.220762014389038
1.0234555006027222,0.9700000286102295,1.1204019784927368
1.028132438659668,0.9650000333786011,1.098281979560852
1.0233968496322632,0.9750000238418579,1.1603620052337646
1.0283029079437256,0.9700000286102295,1.0703718662261963
1.0211764574050903,0.9750000238418579,1.131701946258545
1.033522367477417,0.9450000524520874,1.4016220569610596
1.0285354852676392,0.9700000286102295,1.0649919509887695
1.0426087379455566,0.9550000429153442,1.1631319522857666
1.0407013893127441,0.940000057220459,1.585211992263794
1.0309314727783203,0.9600000381469727,1.2174121141433716
1.02984619140625,0.9650000333786011,1.1989619731903076
1.0274406671524048,0.9600000381469727,1.337951898574829
1.024999976158142,0.9750000238418579,1.0923418998718262
1.0303773880004883,0.9600000381469727,1.4010119438171387
1.0219542980194092,0.9750000238418579,1.118962049484253
1.024999976158142,0.9750000238418579,1.1079719066619873
1.0416895151138306,0.9450000524520874,1.172231912612915
1.0395256280899048,0.9550000429153442,1.0985219478607178
1.0199999809265137,0.9800000190734863,1.0285720825195312
1.0424124002456665,0.9500000476837158,1.1009619235992432
1.0411821603775024,0.940000057220459,1.2996619939804077
1.03701651096344,0.9450000524520874,1.7571519613265991
1.024999976158142,0.9750000238418579,1.1122019290924072
1.0222208499908447,0.9700000286102295,1.3220319747924805
1.0453076362609863,0.940000057220459,1.3927619457244873
1.0295226573944092,0.9700000286102295,1.040432095527649
1.0271437168121338,0.9700000286102295,1.0304820537567139
1.0223569869995117,0.9750000238418579,1.1679120063781738
1.0199999809265137,0.9800000190734863,1.0721518993377686
1.024999976158142,0.9750000238418579,1.1523419618606567
1.0199999809265137,0.9800000190734863,1.05662202835083
1.0199999809265137,0.9800000190734863,1.0370019674301147
1.043444037437439,0.9450000524520874,1.2687519788742065
1.0199999809265137,0.9800000190734863,1.0402820110321045
1.031751036643982,0.9600000381469727,1.3224620819091797
1.0291932821273804,0.9650000333786011,1.0966120958328247
