1.0354737043380737,0.9550000429153442,1.1197220087051392
1.0304737091064453,0.9600000381469727,1.1221320629119873
1.044084906578064,0.8949999809265137,3.316092014312744
1.0270017385482788,0.9700000286102295,1.2664719820022583
1.0256593227386475,0.9650000333786011,1.571112036705017
1.031153678894043,0.9550000429153442,1.1781120300292969
1.0315507650375366,0.9550000429153442,1.18887197971344
1.0303244590759277,0.9600000381469727,1.6304219961166382
1.0289902687072754,0.9600000381469727,1.2249119281768799
1.0405197143554688,0.9350000619888306,1.3911319971084595
1.041340708732605,0.9450000524520874,1.155701994895935
1.0371201038360596,0.9550000429153442,1.323941946029663
1.0371201038360596,0.9550000429153442,1.3212019205093384
1.048008918762207,0.9300000667572021,1.7104320526123047
1.0393096208572388,0.940000057220459,1.8504220247268677
1.1243383884429932,0.7149999737739563,4.249802112579346
1.026088833808899,0.9600000381469727,1.637362003326416
1.0229462385177612,0.9750000238418579,1.1078219413757324
1.0314253568649292,0.9500000476837158,1.5729920864105225
1.024999976158142,0.9750000238418579,1.0435420274734497
1.0199999809265137,0.9800000190734863,1.0595120191574097
1.024999976158142,0.9750000238418579,1.1000620126724243
1.024444580078125,0.9700000286102295,1.1981920003890991
1.0199999809265137,0.9800000190734863,1.1564018726348877
1.0262531042099,0.9700000286102295,1.216931939125061
1.0479296445846558,0.8449999690055847,2.5855119228363037
1.0418658256530762,0.940000057220459,1.601722002029419
1.0418391227722168,0.940000057220459,1.717482089996338
1.0241667032241821,0.9650000333786011,2.1964221000671387
1.0414462089538574,0.9300000667572021,1.8000720739364624
1.0231412649154663,0.9700000286102295,1.1077619791030884
1.0307507514953613,0.9550000429153442,1.4235119819641113
1.0463576316833496,0.9250000715255737,2.039232015609741
1.088474988937378,0.8400000333786011,2.9191722869873047
1.039476752281189,0.940000057220459,1.6064420938491821
1.0536705255508423,0.9050000309944153,1.7191721200942993
1.063924789428711,0.8650000095367432,2.427851915359497
1.041887879371643,0.9550000429153442,1.2436619997024536
1.0468878746032715,0.9500000476837158,1.238792061805725
1.0594373941421509,0.8400000333786011,2.8480618000030518
1.0494822263717651,0.8750000596046448,2.7744221687316895
1.0340280532836914,0.9450000524520874,1.50530207157135
1.042986273765564,0.8950000405311584,3.8533620834350586
1.0290237665176392,0.9550000429153442,2.0642120838165283
1.0406800508499146,0.9500000476837158,1.1858720779418945
1.1097842454910278,0.7350000143051147,4.044882297515869
1.0327491760253906,0.9600000381469727,1.2070420980453491
1.0279821157455444,0.9700000286102295,1.0742419958114624
1.0293667316436768,0.9600000381469727,1.2502321004867554
1.0392746925354004,0.9350000619888306,1.6998320817947388
1.024999976158142,0.9750000238418579,1.133072018623352
1.0278098583221436,0.9650000333786011,1.2630720138549805
1.0651801824569702,0.8500000238418579,2.595982074737549
1.0447278022766113,0.9350000619888306,1.837791919708252
1.044801115989685,0.9300000667572021,1.8711919784545898
1.0406200885772705,0.9350000619888306,1.4667121171951294
1.0292145013809204,0.9600000381469727,1.1484419107437134
1.021712064743042,0.9750000238418579,1.1259520053863525
1.0396654605865479,0.940000057220459,1.581171989440918
1.024999976158142,0.9750000238418579,1.027561902999878
1.0452111959457397,0.9250000715255737,1.8919121026992798
1.0418004989624023,0.9350000619888306,1.83023202419281
1.0477627515792847,0.9350000619888306,1.2600319385528564
1.029881477355957,0.9650000333786011,1.2441020011901855
1.044990062713623,0.9300000667572021,1.8871320486068726
1.0217326879501343,0.9750000238418579,1.1652820110321045
1.0258257389068604,0.9700000286102295,1.1302320957183838
1.0403847694396973,0.9300000667572021,2.190242052078247
1.031982421875,0.9500000476837158,1.4325121641159058
1.024999976158142,0.9750000238418579,1.0771019458770752
1.024999976158142,0.9750000238418579,1.0341418981552124
1.024999976158142,0.9750000238418579,1.1320520639419556
1.0425251722335815,0.940000057220459,1.2910619974136353
1.0472302436828613,0.9350000619888306,1.7513121366500854
1.029980182647705,0.9650000333786011,1.117002010345459
1.0218950510025024,0.9700000286102295,1.2305619716644287
1.0346852540969849,0.940000057220459,1.9213520288467407
1.035945177078247,0.9450000524520874,1.3565419912338257
1.0219733715057373,0.9750000238418579,1.1185719966888428
1.0288136005401611,0.9650000333786011,1.2141920328140259
1.0417793989181519,0.9550000429153442,1.1962720155715942
1.0199999809265137,0.9800000190734863,1.148331880569458
1.027871012687683,0.9650000333786011,1.2031819820404053
1.0199999809265137,0.9800000190734863,1.249541997909546
1.0437240600585938,0.9250000715255737,2.0350120067596436
1.0482555627822876,0.9000000953674316,2.6119723320007324
1.0199999809265137,0.9800000190734863,1.1276319026947021
1.0385432243347168,0.9500000476837158,1.2491419315338135
1.0199999809265137,0.9800000190734863,1.1575120687484741
1.0199999809265137,0.9800000190734863,1.058232069015503
1.0338168144226074,0.9600000381469727,1.3268120288848877
1.03242027759552,0.9600000381469727,1.4122220277786255
1.0199999809265137,0.9800000190734863,1.0863419771194458
1.024999976158142,0.9750000238418579,1.0411720275878906
1.0444068908691406,0.9500000476837158,1.367732048034668
1.0373878479003906,0.9600000381469727,1.219201922416687
1.0199999809265137,0.9800000190734863,1.0655421018600464
1.0242583751678467,0.9650000333786011,1.2202919721603394
1.0357627868652344,0.9500000476837158,1.2453420162200928
1.0199999809265137,0.9800000190734863,1.0449919700622559
1.0442557334899902,0.9250000715255737,1.2883120775222778
1.0441689491271973,0.9350000619888306,1.261512041091919
1.046955943107605,0.9250000715255737,1.2870818376541138
1.0488041639328003,0.8950001001358032,2.198852062225342
1.0421414375305176,0.9500000476837158,1.158031940460205
1.041817307472229,0.9050000309944153,2.663182258605957
1.0468090772628784,0.8850001096725464,2.857922315597534
1.0634313821792603,0.8900001049041748,2.560882091522217
1.0294215679168701,0.9650000333786011,1.2598820924758911
1.0295528173446655,0.9600000381469727,1.4364219903945923
1.0266363620758057,0.9700000286102295,1.2377420663833618
1.0245226621627808,0.9750000238418579,1.0658819675445557
1.0266894102096558,0.9550000429153442,1.3828519582748413
1.036811351776123,0.9450000524520874,1.259902000427246
1.0243510007858276,0.9650000333786011,1.1496920585632324
1.0239371061325073,0.9700000286102295,1.1436920166015625
1.0323625802993774,0.9500000476837158,1.5311720371246338
1.0629135370254517,0.9300000667572021,1.3069019317626953
1.0648326873779297,0.9250000715255737,1.3064619302749634
1.024999976158142,0.9750000238418579,1.0664819478988647
1.025960922241211,0.9650000333786011,1.7053320407867432
1.0345638990402222,0.940000057220459,1.5860520601272583
1.052465796470642,0.9050000309944153,1.5538020133972168
1.0242187976837158,0.9700000286102295,1.2574419975280762
1.0688234567642212,0.8700000643730164,1.8599720001220703
1.0380245447158813,0.9350000619888306,1.6396019458770752
1.0258005857467651,0.9700000286102295,1.248892068862915
1.0613099336624146,0.9200000762939453,2.2457220554351807
1.0564024448394775,0.9200000762939453,2.3265819549560547
1.0199999809265137,0.9800000190734863,1.1285820007324219
1.0225797891616821,0.9700000286102295,1.1595120429992676
1.0504467487335205,0.9200000762939453,1.9322320222854614
1.0445622205734253,0.9300000667572021,1.9686521291732788
1.063364863395691,0.8700000643730164,2.323982000350952
1.0394268035888672,0.9350000619888306,1.2424819469451904
1.040381908416748,0.9350000619888306,1.5740020275115967
1.059898018836975,0.8900001049041748,2.253201961517334
1.0325515270233154,0.9550000429153442,1.4355320930480957
1.0465165376663208,0.9200000762939453,1.737771987915039
1.062788486480713,0.9350000619888306,1.2812620401382446
1.0684229135513306,0.9300000667572021,1.2812620401382446
1.024999976158142,0.9750000238418579,1.1181821823120117
1.02584707736969,0.9550000429153442,1.7170219421386719
1.0275819301605225,0.9700000286102295,1.1882719993591309
1.0495270490646362,0.9150000810623169,1.5517719984054565
1.0354000329971313,0.940000057220459,2.087291955947876
1.0365334749221802,0.9350000619888306,2.0637218952178955
1.0314527750015259,0.9650000333786011,1.1317119598388672
1.0372918844223022,0.9200000762939453,1.9793721437454224
1.0274914503097534,0.9650000333786011,1.3674319982528687
1.0376375913619995,0.9550000429153442,1.3725619316101074
1.0234601497650146,0.9650000333786011,2.1703319549560547
1.024999976158142,0.9750000238418579,1.0728819370269775
1.0199999809265137,0.9800000190734863,1.2039419412612915
1.039901614189148,0.940000057220459,1.630162000656128
1.0237274169921875,0.9700000286102295,1.4177320003509521
1.0283968448638916,0.9700000286102295,1.1739219427108765
1.0261309146881104,0.9700000286102295,1.1953020095825195
1.0501147508621216,0.9300000667572021,1.5139421224594116
1.0521023273468018,0.9250000715255737,1.4690020084381104
1.0603933334350586,0.9200000762939453,1.6062020063400269
1.0696024894714355,0.8950001001358032,1.8347920179367065
1.043931007385254,0.940000057220459,1.4354519844055176
1.0407990217208862,0.9450000524520874,1.3861619234085083
1.0385128259658813,0.9450000524520874,1.502742052078247
1.0588411092758179,0.9050000905990601,1.8409520387649536
1.0661948919296265,0.9050000309944153,2.148711919784546
1.066823959350586,0.9000000953674316,1.9742419719696045
1.0271657705307007,0.9550000429153442,1.3236520290374756
1.0417016744613647,0.9300000667572021,1.7767820358276367
1.0273786783218384,0.9650000333786011,1.2496720552444458
1.0199999809265137,0.9800000190734863,1.1027920246124268
1.0266697406768799,0.9700000286102295,1.2214319705963135
1.0248489379882812,0.9700000286102295,1.1430820226669312
1.031793475151062,0.9600000381469727,1.2795120477676392
1.04635751247406,0.9200000762939453,1.414631962776184
1.0337989330291748,0.9500000476837158,1.3027620315551758
1.0600510835647583,0.9150000810623169,1.3227319717407227
1.0610034465789795,0.9100000858306885,1.3587419986724854
1.024999976158142,0.9750000238418579,1.0603219270706177
1.0346505641937256,0.9500000476837158,1.7868421077728271
1.0199999809265137,0.9800000190734863,1.0545920133590698
1.027109146118164,0.9650000333786011,1.3373920917510986
1.0309937000274658,0.9500000476837158,1.364601969718933
1.0349019765853882,0.9500000476837158,1.6887720823287964
1.037937879562378,0.9250000715255737,1.8703320026397705
1.0312877893447876,0.9600000381469727,1.3161919116973877
1.0309044122695923,0.9600000381469727,1.5964819192886353
1.0424063205718994,0.9350000619888306,1.338181972503662
1.045482873916626,0.9200000762939453,1.9374821186065674
1.020867943763733,0.9750000238418579,1.2062820196151733
1.0525654554367065,0.89000004529953,2.735001802444458
1.0288760662078857,0.9650000333786011,1.2827019691467285
1.0469428300857544,0.9050000905990601,2.4917619228363037
1.02201509475708,0.9750000238418579,1.236311912536621
1.0199999809265137,0.9800000190734863,1.112831950187683
1.0571082830429077,0.8949999809265137,2.6060619354248047
1.0249686241149902,0.9700000286102295,1.1731019020080566
1.050100564956665,0.940000057220459,1.5301920175552368
1.055324912071228,0.9300000667572021,1.5292719602584839
1.048531174659729,0.9350000619888306,1.5745121240615845
1.0368949174880981,0.9350000619888306,1.558042049407959
1.053043007850647,0.9050000905990601,1.9104820489883423
1.0658859014511108,0.8850001096725464,1.8764920234680176
1.032742977142334,0.9550000429153442,1.2028720378875732
1.0272271633148193,0.9700000286102295,1.2386620044708252
1.029183030128479,0.9600000381469727,1.4919718503952026
1.021463394165039,0.9750000238418579,1.0947120189666748
1.024999976158142,0.9750000238418579,1.0482220649719238
1.0771487951278687,0.8750000596046448,3.454061985015869
1.0531684160232544,0.9300000667572021,2.5429720878601074
1.0296224355697632,0.9650000333786011,1.1250120401382446
1.0504854917526245,0.9250000715255737,1.5356519222259521
1.0310934782028198,0.9600000381469727,1.1561620235443115
1.031561255455017,0.9550000429153442,1.5502521991729736
1.0729073286056519,0.8600000143051147,1.7450419664382935
1.0265743732452393,0.9600000381469727,1.5299019813537598
1.0230019092559814,0.9700000286102295,1.3207919597625732
1.041164755821228,0.9200000762939453,1.5851320028305054
1.0234191417694092,0.9700000286102295,1.5697720050811768
1.0331554412841797,0.9500000476837158,1.773121953010559
1.02424156665802,0.9700000286102295,1.3253920078277588
1.0320899486541748,0.9600000381469727,1.1730719804763794
1.041216254234314,0.9350000619888306,1.6517720222473145
1.0537328720092773,0.9050000905990601,1.9894620180130005
1.0391756296157837,0.9450000524520874,1.250972032546997
1.0361064672470093,0.940000057220459,1.6783220767974854
1.0302261114120483,0.9650000333786011,1.1115620136260986
1.0283137559890747,0.9600000381469727,1.1120719909667969
1.0382617712020874,0.940000057220459,1.3446719646453857
1.0326155424118042,0.9500000476837158,1.5198118686676025
1.024999976158142,0.9750000238418579,1.0865219831466675
1.0459073781967163,0.9350000619888306,1.602591872215271
1.0451828241348267,0.9350000619888306,1.5307018756866455
1.038464069366455,0.9500000476837158,1.646291971206665
1.0306061506271362,0.9500000476837158,1.5911020040512085
1.0392316579818726,0.9300000667572021,2.843532085418701
1.031996726989746,0.9650000333786011,1.1326520442962646
1.033889651298523,0.9500000476837158,1.2953720092773438
1.0442171096801758,0.9250000715255737,1.5692219734191895
1.0414613485336304,0.940000057220459,1.889992117881775
1.031569242477417,0.9600000381469727,1.3291720151901245
1.0247619152069092,0.9700000286102295,1.392422080039978
1.0247340202331543,0.9700000286102295,1.5398820638656616
1.0304977893829346,0.9650000333786011,1.169632077217102
1.026584267616272,0.9700000286102295,1.0804119110107422
1.050199031829834,0.9300000667572021,1.4979519844055176
1.057590126991272,0.9000000953674316,1.6677219867706299
1.0326957702636719,0.9550000429153442,1.1881619691848755
1.032059907913208,0.9550000429153442,1.345281958580017
1.0277730226516724,0.9600000381469727,1.2217319011688232
1.0349329710006714,0.9550000429153442,1.0906119346618652
1.051187515258789,0.8850000500679016,2.607571840286255
1.0295391082763672,0.9650000333786011,1.217471957206726
1.0443452596664429,0.9300000667572021,1.2335319519042969
1.036431908607483,0.9450000524520874,1.5254319906234741
1.0402413606643677,0.9300000071525574,2.0560619831085205
1.0376087427139282,0.9600000381469727,1.162992000579834
1.0476752519607544,0.9250000715255737,1.461601972579956
1.0266565084457397,0.9700000286102295,1.0796620845794678
1.0412821769714355,0.940000057220459,1.527951955795288
1.0282469987869263,0.9600000381469727,1.2969719171524048
1.0199999809265137,0.9800000190734863,1.2253221273422241
1.0444831848144531,0.9350000619888306,1.7057819366455078
1.0422635078430176,0.9250000715255737,1.7592719793319702
1.034999966621399,0.9650000333786011,1.2930320501327515
1.0237689018249512,0.9750000238418579,1.0975520610809326
1.0248812437057495,0.9700000286102295,1.1292920112609863
1.024999976158142,0.9750000238418579,1.1069520711898804
1.0393502712249756,0.9450000524520874,1.1781020164489746
1.024351716041565,0.9650000333786011,1.4577820301055908
1.0487380027770996,0.9150000214576721,2.098422050476074
1.0328924655914307,0.9550000429153442,1.190101981163025
1.0597975254058838,0.8549999594688416,2.5845420360565186
1.0320464372634888,0.9600000381469727,1.1520819664001465
1.024999976158142,0.9750000238418579,1.0386220216751099
1.0221350193023682,0.9750000238418579,1.15585196018219
1.0224744081497192,0.9750000238418579,1.0765620470046997
1.0391771793365479,0.9150000810623169,2.1732518672943115
1.0614607334136963,0.8600000143051147,2.774101972579956
1.027097463607788,0.9650000333786011,1.430232048034668
1.0223807096481323,0.9700000286102295,1.3149420022964478
1.0216766595840454,0.9700000286102295,1.3085520267486572
1.0624157190322876,0.8950001001358032,1.5890120267868042
1.0467063188552856,0.940000057220459,1.5761719942092896
1.024999976158142,0.9750000238418579,1.1387419700622559
1.0199999809265137,0.9800000190734863,1.0884519815444946
1.0558372735977173,0.8800000548362732,1.8022520542144775
1.0300219058990479,0.9600000381469727,1.2021821737289429
1.03359854221344,0.9500000476837158,1.3796820640563965
1.0364266633987427,0.9399999976158142,1.7678120136260986
1.0546232461929321,0.9200000762939453,2.3341119289398193
1.056707739830017,0.9050000905990601,2.234182119369507
1.0593857765197754,0.89000004529953,2.638852119445801
1.0264291763305664,0.9700000286102295,1.117922067642212
1.0320987701416016,0.9500000476837158,1.4349420070648193
1.0280823707580566,0.9550000429153442,1.6517220735549927
1.023382544517517,0.9700000286102295,1.1617519855499268
1.0369654893875122,0.940000057220459,2.03068208694458
1.0635700225830078,0.8649999499320984,3.340142011642456
1.0503392219543457,0.9200000762939453,1.9055219888687134
1.0541679859161377,0.8950001001358032,2.062652111053467
1.0273569822311401,0.9700000286102295,1.339102029800415
1.0340497493743896,0.9550000429153442,1.3516520261764526
1.0396801233291626,0.9350000619888306,1.9569920301437378
1.0328505039215088,0.9600000381469727,1.252851963043213
1.0358909368515015,0.940000057220459,1.6547720432281494
1.029686689376831,0.9500000476837158,1.5126019716262817
1.057057499885559,0.9050000905990601,2.019712209701538
1.0384498834609985,0.9450000524520874,1.4347120523452759
1.0477895736694336,0.9300000667572021,1.642382025718689
1.0446577072143555,0.9250000715255737,1.744502067565918
1.0487735271453857,0.9000000953674316,2.0225820541381836
1.0415083169937134,0.9450000524520874,1.6104321479797363
1.0384669303894043,0.9500000476837158,1.2617220878601074
1.044867753982544,0.9350000619888306,2.3878719806671143
1.024999976158142,0.9750000238418579,1.083191990852356
1.0491552352905273,0.9100000262260437,2.698482036590576
1.0353052616119385,0.9550000429153442,1.5067719221115112
1.028061866760254,0.9700000286102295,1.0730119943618774
1.041614294052124,0.9450000524520874,1.6773418188095093
1.0308672189712524,0.9550000429153442,1.6816020011901855
1.0293523073196411,0.9650000333786011,1.1865519285202026
1.0304255485534668,0.9550000429153442,1.673652172088623
1.0307533740997314,0.9600000381469727,1.2060319185256958
1.0235416889190674,0.9700000286102295,1.4523619413375854
1.0303572416305542,0.9600000381469727,1.2598919868469238
1.0347565412521362,0.940000057220459,1.9944020509719849
1.0299253463745117,0.9650000333786011,1.2429420948028564
1.0407267808914185,0.9550000429153442,1.1816120147705078
1.024999976158142,0.9750000238418579,1.04954195022583
1.024999976158142,0.9750000238418579,1.1334320306777954
1.0283234119415283,0.9650000333786011,1.1317319869995117
1.0624803304672241,0.9350000619888306,1.280992031097412
1.024999976158142,0.9750000238418579,1.0676618814468384
1.0263335704803467,0.9700000286102295,1.5258320569992065
1.029536247253418,0.9700000286102295,1.1686320304870605
1.0408909320831299,0.9300000071525574,2.044342041015625
1.0199999809265137,0.9800000190734863,1.0605919361114502
1.021597146987915,0.9750000238418579,1.169551968574524
1.0225032567977905,0.9750000238418579,1.3230520486831665
1.0199999809265137,0.9800000190734863,1.0353419780731201
1.0231903791427612,0.9700000286102295,1.2631020545959473
1.039327621459961,0.9550000429153442,1.3106420040130615
1.0199999809265137,0.9800000190734863,1.175812005996704
1.0258711576461792,0.9650000333786011,1.2859820127487183
1.0368225574493408,0.940000057220459,1.65585196018219
1.0298486948013306,0.9550000429153442,1.3734620809555054
1.0434950590133667,0.9150000810623169,1.7430620193481445
1.0332823991775513,0.9500000476837158,1.2694419622421265
1.0247184038162231,0.9700000286102295,1.1417620182037354
1.0291461944580078,0.9500000476837158,1.790362000465393
1.04451584815979,0.9350000619888306,1.557042121887207
1.0343708992004395,0.9500000476837158,1.43572199344635
1.0199999809265137,0.9800000190734863,1.0782819986343384
1.0281497240066528,0.9700000286102295,1.1485720872879028
1.024999976158142,0.9750000238418579,1.050961971282959
1.0593206882476807,0.89000004529953,2.3452517986297607
1.0223414897918701,0.9750000238418579,1.0827820301055908
1.0334482192993164,0.9500000476837158,1.1523820161819458
1.0380717515945435,0.9450000524520874,1.2200918197631836
1.0331487655639648,0.9550000429153442,1.1166720390319824
1.024999976158142,0.9750000238418579,1.0662518739700317
1.0233285427093506,0.9700000286102295,1.0703619718551636
1.037231206893921,0.9350000619888306,3.047272205352783
1.0199999809265137,0.9800000190734863,1.0518521070480347
1.0199999809265137,0.9800000190734863,1.0532219409942627
1.0542501211166382,0.9100000858306885,2.5240418910980225
1.0448685884475708,0.9550000429153442,1.2141320705413818
1.0448685884475708,0.9550000429153442,1.2154719829559326
1.0496593713760376,0.9150000810623169,1.5059120655059814
1.0329188108444214,0.9550000429153442,1.1674920320510864
1.0271114110946655,0.9650000333786011,1.1573721170425415
1.032907485961914,0.9550000429153442,1.1967220306396484
1.039642095565796,0.9300000667572021,1.719411849975586
1.035323143005371,0.9600000381469727,1.318631887435913
1.024999976158142,0.9750000238418579,1.057732105255127
1.0387943983078003,0.9450000524520874,1.5331720113754272
1.0259761810302734,0.9700000286102295,1.187201976776123
1.0381585359573364,0.9450000524520874,1.688581943511963
1.0321346521377563,0.9550000429153442,1.17769193649292
1.0404846668243408,0.940000057220459,1.3866220712661743
1.0292742252349854,0.9600000381469727,1.3422119617462158
1.0199999809265137,0.9800000190734863,1.2366620302200317
1.0342726707458496,0.9550000429153442,2.1455721855163574
1.0372458696365356,0.9450000524520874,1.3504619598388672
1.0269951820373535,0.9700000286102295,1.5335220098495483
1.0515207052230835,0.9200000762939453,2.6992721557617188
1.035599946975708,0.9300000667572021,2.2859420776367188
1.0347890853881836,0.9500000476837158,1.3326719999313354
1.0305720567703247,0.9600000381469727,1.1369619369506836
1.0349451303482056,0.9500000476837158,1.460211992263794
1.0556215047836304,0.9100000262260437,2.0413219928741455
1.0365283489227295,0.9450000524520874,1.7560420036315918
1.0199999809265137,0.9800000190734863,1.0596920251846313
1.0271004438400269,0.9700000286102295,1.1271721124649048
1.029593586921692,0.9650000333786011,1.124932050704956
1.0382732152938843,0.9600000381469727,1.3022319078445435
1.0280144214630127,0.9550000429153442,1.5240120887756348
1.0329416990280151,0.9550000429153442,1.2847720384597778
1.0425077676773071,0.9350000619888306,1.3757621049880981
1.0199999809265137,0.9800000190734863,1.193552017211914
1.024267554283142,0.9700000286102295,1.3445719480514526
1.024999976158142,0.9750000238418579,1.1317520141601562
1.0214906930923462,0.9750000238418579,1.160141944885254
1.0199999809265137,0.9800000190734863,1.050191879272461
1.0305453538894653,0.9650000333786011,1.2457020282745361
1.0519412755966187,0.9300000667572021,1.5577219724655151
1.0282793045043945,0.9650000333786011,1.070702075958252
1.0199999809265137,0.9800000190734863,1.0329519510269165
1.0263456106185913,0.9700000286102295,1.2804020643234253
1.038987159729004,0.940000057220459,1.3613219261169434
1.0199999809265137,0.9800000190734863,1.1460620164871216
1.0386615991592407,0.9500000476837158,1.4770220518112183
1.0308042764663696,0.9600000381469727,1.2429920434951782
1.0199999809265137,0.9800000190734863,1.0575319528579712
1.0583082437515259,0.9300000667572021,1.3083919286727905
1.0199999809265137,0.9800000190734863,1.0684120655059814
1.0229276418685913,0.9750000238418579,1.1223219633102417
1.0467793941497803,0.9500000476837158,1.1973820924758911
1.0215327739715576,0.9750000238418579,1.132912039756775
1.0199999809265137,0.9800000190734863,1.243311882019043
1.0412216186523438,0.9450000524520874,1.3422820568084717
1.0245164632797241,0.9700000286102295,1.086851954460144
1.0228604078292847,0.9750000238418579,1.0723520517349243
1.0274606943130493,0.9650000333786011,1.1648920774459839
1.0418516397476196,0.9500000476837158,1.3367520570755005
1.0543594360351562,0.9100000858306885,1.88798189163208
1.024999976158142,0.9750000238418579,1.0368518829345703
1.0322754383087158,0.9600000381469727,1.456252098083496
1.0319278240203857,0.9600000381469727,1.4249719381332397
1.0293035507202148,0.9500000476837158,1.235002040863037
1.0367904901504517,0.9500000476837158,1.4867321252822876
1.0391030311584473,0.9500000476837158,1.3751519918441772
1.045491337776184,0.925000011920929,1.9500620365142822
1.0330151319503784,0.9450000524520874,2.0521819591522217
1.043305516242981,0.9300000071525574,2.376591920852661
1.0325638055801392,0.9500000476837158,1.1141120195388794
1.0341784954071045,0.9600000381469727,1.0415120124816895
1.0400656461715698,0.9450000524520874,1.960371971130371
1.0350793600082397,0.9550000429153442,1.3096920251846313
1.0293011665344238,0.9650000333786011,1.1232118606567383
1.0222673416137695,0.9650000333786011,1.3092421293258667
1.0199999809265137,0.9800000190734863,1.0626920461654663
1.024999976158142,0.9750000238418579,1.0774619579315186
1.0314439535140991,0.9650000333786011,1.1287418603897095
1.029561161994934,0.9600000381469727,1.2807220220565796
1.0272786617279053,0.9700000286102295,1.1167020797729492
1.0257151126861572,0.9700000286102295,1.1999820470809937
1.0291413068771362,0.9650000333786011,1.2981219291687012
1.0362763404846191,0.9500000476837158,1.6692720651626587
1.0444635152816772,0.940000057220459,1.6152620315551758
1.0339314937591553,0.9500000476837158,1.3720920085906982
1.024999976158142,0.9750000238418579,1.0700218677520752
1.045114278793335,0.9350000619888306,1.2290819883346558
1.0212563276290894,0.9750000238418579,1.1131221055984497
1.0337473154067993,0.9550000429153442,1.1861820220947266
1.0405380725860596,0.9550000429153442,1.18831205368042
1.024999976158142,0.9750000238418579,1.0875320434570312
1.0379769802093506,0.9500000476837158,1.1404820680618286
1.0462604761123657,0.9450000524520874,1.271462082862854
1.0389907360076904,0.9450000524520874,1.5881620645523071
1.0299732685089111,0.9550000429153442,1.2037720680236816
1.0330712795257568,0.9600000381469727,1.2290420532226562
1.0219999551773071,0.9750000238418579,1.133031964302063
1.0225948095321655,0.9700000286102295,1.105631947517395
1.0233968496322632,0.9750000238418579,1.1614619493484497
1.0233029127120972,0.9750000238418579,1.0466818809509277
1.0273278951644897,0.9650000333786011,1.1387319564819336
1.0385223627090454,0.940000057220459,1.3815120458602905
1.0235354900360107,0.9750000238418579,1.06728196144104
1.0426087379455566,0.9550000429153442,1.1619619131088257
1.0357013940811157,0.9450000524520874,1.597222089767456
1.025931477546692,0.9650000333786011,1.22064208984375
1.0248461961746216,0.9700000286102295,1.2013620138168335
1.0307139158248901,0.9550000429153442,1.337951898574829
1.0199999809265137,0.9800000190734863,1.0924919843673706
1.0353773832321167,0.9550000429153442,1.395811915397644
1.0219542980194092,0.9750000238418579,1.118962049484253
1.024999976158142,0.9750000238418579,1.1098718643188477
1.0366895198822021,0.9500000476837158,1.1758419275283813
1.0345256328582764,0.9600000381469727,1.1010719537734985
1.0199999809265137,0.9800000190734863,1.0285720825195312
1.037412405014038,0.9550000429153442,1.1022019386291504
1.0381382703781128,0.9450000524520874,1.298232078552246
1.0320165157318115,0.9500000476837158,1.7976819276809692
1.024999976158142,0.9750000238418579,1.1122219562530518
1.026626467704773,0.9700000286102295,1.312741994857788
1.0381720066070557,0.9500000476837158,1.3839720487594604
1.0295226573944092,0.9700000286102295,1.0334120988845825
1.0271437168121338,0.9700000286102295,1.030582070350647
1.0238471031188965,0.9700000286102295,1.1679120063781738
1.024999976158142,0.9750000238418579,1.071821928024292
1.024999976158142,0.9750000238418579,1.1554819345474243
1.0199999809265137,0.9800000190734863,1.05662202835083
1.024999976158142,0.9750000238418579,1.0374720096588135
1.043444037437439,0.9450000524520874,1.2612320184707642
1.024999976158142,0.9750000238418579,1.0549920797348022
1.0324740409851074,0.9550000429153442,1.3223220109939575
1.0322250127792358,0.9600000381469727,1.0963521003723145
