592
551
415
589
1055
489
148
885
338
679
742
909
1038
809
595
94
1057
10
973
1041
240
565
621
227
74
321
58
310
898
332
801
664
580
933
393
294
142
133
844
391
882
398
456
511
618
278
1059
563
434
351
407
112
647
780
532
431
320
1072
983
731
178
857
174
533
547
875
1000
559
554
603
216
195
684
124
934
768
668
217
649
70
494
232
681
913
940
920
799
329
667
1075
938
341
779
81
132
737
1029
659
162
967
481
843
826
282
793
454
548
42
165
231
498
965
78
113
283
817
604
197
1024
572
302
27
538
778
893
120
1069
401
257
422
788
485
309
958
634
387
865
660
430
438
622
953
626
842
654
366
1036
385
435
410
1033
1026
360
209
628
564
523
926
863
11
389
397
65
505
114
981
122
792
1005
586
587
378
429
33
994
355
670
433
414
1006
154
53
730
361
571
1045
41
92
701
75
163
4
1
761
191
183
461
218
955
969
477
369
553
706
542
633
495
43
819
945
467
1018
125
552
899
48
1011
568
970
224
1049
723
929
293
263
990
519
6
666
16
166
492
223
150
486
1004
1048
1034
978
849
509
1050
854
537
814
770
200
921
334
516
932
261
696
265
831
838
652
99
147
247
336
445
860
215
887
3
756
396
1070
629
808
135
1015
267
59
577
146
765
270
13
641
562
22
476
939
156
856
758
71
954
1012
608
201
446
558
12
845
677
475
323
526
637
810
632
968
324
139
288
691
491
993
121
140
1071
316
268
274
795
890
465
137
797
180
