1.0304737091064453,0.9600000381469727,1.1221320629119873
1.0354737043380737,0.9550000429153442,1.1218520402908325
1.044084906578064,0.8949999809265137,3.316092014312744
1.0270017385482788,0.9700000286102295,1.2664719820022583
1.0256593227386475,0.9650000333786011,1.571112036705017
1.0292291641235352,0.9600000381469727,1.174962043762207
1.036550760269165,0.9500000476837158,1.1882219314575195
1.0303244590759277,0.9600000381469727,1.635032057762146
1.0289902687072754,0.9600000381469727,1.226781964302063
1.0355197191238403,0.940000057220459,1.3893420696258545
1.041340708732605,0.9450000524520874,1.155701994895935
1.0366454124450684,0.9550000429153442,1.3260219097137451
1.0366454124450684,0.9550000429153442,1.3283519744873047
1.0430089235305786,0.9350000619888306,1.6469520330429077
1.0423309803009033,0.9300000667572021,1.8593419790267944
1.1160324811935425,0.7250000238418579,4.333292007446289
1.0295370817184448,0.9600000381469727,1.6366620063781738
1.0229462385177612,0.9750000238418579,1.1078219413757324
1.0281976461410522,0.9500000476837158,1.5844720602035522
1.0199999809265137,0.9800000190734863,1.037611961364746
1.024999976158142,0.9750000238418579,1.0628820657730103
1.0199999809265137,0.9800000190734863,1.1023420095443726
1.024444580078125,0.9700000286102295,1.1981920003890991
1.0199999809265137,0.9800000190734863,1.1564018726348877
1.0212531089782715,0.9750000238418579,1.2165420055389404
1.0515905618667603,0.8499999642372131,2.5334320068359375
1.0418658256530762,0.940000057220459,1.601722002029419
1.0342304706573486,0.9450000524520874,1.6969220638275146
1.0241667032241821,0.9650000333786011,2.164222240447998
1.0450842380523682,0.9250000715255737,1.8181120157241821
1.0271437168121338,0.9700000286102295,1.0485318899154663
1.0294674634933472,0.9600000381469727,1.4240119457244873
1.0382522344589233,0.9350000619888306,2.046152114868164
1.084471583366394,0.8400000333786011,2.926002264022827
1.039476752281189,0.940000057220459,1.6112620830535889
1.0536705255508423,0.9050000309944153,1.723992109298706
1.0654643774032593,0.8700000047683716,2.4448719024658203
1.0381379127502441,0.9600000381469727,1.245252013206482
1.0431379079818726,0.9550000429153442,1.2443820238113403
1.0558477640151978,0.8600000143051147,2.880631923675537
1.043813943862915,0.89000004529953,2.8468120098114014
1.0277234315872192,0.9550000429153442,1.5220019817352295
1.042986273765564,0.8950000405311584,3.8779819011688232
1.0290237665176392,0.9550000429153442,2.0642120838165283
1.0356800556182861,0.9550000429153442,1.1907320022583008
1.1084226369857788,0.7450000047683716,4.122722148895264
1.0327491760253906,0.9600000381469727,1.2059320211410522
1.0260440111160278,0.9700000286102295,1.0749919414520264
1.0229723453521729,0.9700000286102295,1.2640020847320557
1.038668155670166,0.940000057220459,1.7119220495224
1.0199999809265137,0.9800000190734863,1.1352919340133667
1.0228098630905151,0.9700000286102295,1.2648121118545532
1.0581424236297607,0.8600000143051147,2.6145620346069336
1.039727807044983,0.940000057220459,1.8441119194030762
1.0398011207580566,0.9350000619888306,1.874101996421814
1.033512830734253,0.9450000524520874,1.4846020936965942
1.0292145013809204,0.9600000381469727,1.1514919996261597
1.0267120599746704,0.9700000286102295,1.1262019872665405
1.0346654653549194,0.9450000524520874,1.5936620235443115
1.024999976158142,0.9750000238418579,1.0266519784927368
1.0402112007141113,0.9300000667572021,1.8961321115493774
1.0431838035583496,0.9300000667572021,1.8303120136260986
1.0435798168182373,0.9450000524520874,1.2634519338607788
1.0248814821243286,0.9700000286102295,1.2516419887542725
1.0399900674819946,0.9350000619888306,1.8940820693969727
1.0217326879501343,0.9750000238418579,1.1652820110321045
1.020825743675232,0.9750000238418579,1.1210620403289795
1.0403847694396973,0.9300000667572021,2.1948020458221436
1.0260089635849,0.9600000381469727,1.4061921834945679
1.0199999809265137,0.9800000190734863,1.0778919458389282
1.024999976158142,0.9750000238418579,1.0337718725204468
1.0199999809265137,0.9800000190734863,1.1330020427703857
1.0357999801635742,0.9500000476837158,1.2978819608688354
1.0427011251449585,0.940000057220459,1.7586820125579834
1.021986722946167,0.9750000238418579,1.1148120164871216
1.0218950510025024,0.9700000286102295,1.2305619716644287
1.0296852588653564,0.9450000524520874,1.9621620178222656
1.0309451818466187,0.9500000476837158,1.3664520978927612
1.0219733715057373,0.9750000238418579,1.1185719966888428
1.0238136053085327,0.9700000286102295,1.2212820053100586
1.0367794036865234,0.9600000381469727,1.198612093925476
1.0199999809265137,0.9800000190734863,1.148331880569458
1.0228710174560547,0.9700000286102295,1.2039719820022583
1.0199999809265137,0.9800000190734863,1.249541997909546
1.038442850112915,0.9300000667572021,2.0780820846557617
1.0471073389053345,0.9050000905990601,2.684582233428955
1.0199999809265137,0.9800000190734863,1.1276319026947021
1.0385432243347168,0.9500000476837158,1.2502119541168213
1.0199999809265137,0.9800000190734863,1.1575120687484741
1.0199999809265137,0.9800000190734863,1.058232069015503
1.0338168144226074,0.9600000381469727,1.34279203414917
1.0274202823638916,0.9650000333786011,1.415761947631836
1.0199999809265137,0.9800000190734863,1.0863419771194458
1.024999976158142,0.9750000238418579,1.0404620170593262
1.0344069004058838,0.9600000381469727,1.371832013130188
1.0323878526687622,0.9650000333786011,1.2220219373703003
1.0199999809265137,0.9800000190734863,1.0655421018600464
1.0216363668441772,0.9750000238418579,1.2202919721603394
1.0357627868652344,0.9500000476837158,1.2475320100784302
1.0199999809265137,0.9800000190734863,1.0449919700622559
1.0411921739578247,0.9250000715255737,1.2939720153808594
1.0371968746185303,0.9450000524520874,1.2612919807434082
1.045019507408142,0.9300000667572021,1.2896019220352173
1.044921636581421,0.9150000810623169,2.2234320640563965
1.0371414422988892,0.9550000429153442,1.164381980895996
1.0378764867782593,0.9050000309944153,2.7006821632385254
1.046127438545227,0.8850001096725464,2.9088921546936035
1.0564866065979004,0.9050000905990601,2.5785720348358154
1.0320903062820435,0.9600000381469727,1.2695720195770264
1.024552822113037,0.9650000333786011,1.4245920181274414
1.0216363668441772,0.9750000238418579,1.2536619901657104
1.0245226621627808,0.9750000238418579,1.0658819675445557
1.0266894102096558,0.9550000429153442,1.3839219808578491
1.0324153900146484,0.9500000476837158,1.2645920515060425
1.0243510007858276,0.9650000333786011,1.1496920585632324
1.0274745225906372,0.9700000286102295,1.145632028579712
1.0329452753067017,0.9550000429153442,1.5160620212554932
1.0614454746246338,0.9300000667572021,1.3132219314575195
1.0624363422393799,0.9300000667572021,1.3114420175552368
1.0199999809265137,0.9800000190734863,1.0654819011688232
1.0289469957351685,0.9600000381469727,1.674522042274475
1.0330119132995605,0.9450000524520874,1.6078020334243774
1.0454245805740356,0.9150000214576721,1.5579819679260254
1.0242187976837158,0.9700000286102295,1.2574419975280762
1.0631697177886963,0.8800000548362732,1.8794920444488525
1.0380245447158813,0.9350000619888306,1.6396019458770752
1.0208005905151367,0.9750000238418579,1.255162000656128
1.054320216178894,0.9300000667572021,2.267061948776245
1.061402440071106,0.9150000810623169,2.3322818279266357
1.0199999809265137,0.9800000190734863,1.1285820007324219
1.0296498537063599,0.9600000381469727,1.1631519794464111
1.045446753501892,0.9250000715255737,1.9449020624160767
1.0445622205734253,0.9300000667572021,1.97418212890625
1.0672026872634888,0.8650000691413879,2.328831911087036
1.0361690521240234,0.9450000524520874,1.2448219060897827
1.040381908416748,0.9350000619888306,1.5764820575714111
1.0582178831100464,0.9000000953674316,2.271052122116089
1.0266788005828857,0.9650000333786011,1.4209520816802979
1.037248969078064,0.9350000619888306,1.7637519836425781
1.0677884817123413,0.9300000667572021,1.2826321125030518
1.0584229230880737,0.940000057220459,1.2814921140670776
1.0199999809265137,0.9800000190734863,1.12348210811615
1.02584707736969,0.9550000429153442,1.7170219421386719
1.0275819301605225,0.9700000286102295,1.194111943244934
1.0478018522262573,0.9200000762939453,1.5587719678878784
1.0317033529281616,0.940000057220459,1.9815119504928589
1.0310286283493042,0.9450000524520874,2.0687618255615234
1.0264527797698975,0.9700000286102295,1.1294820308685303
1.0311875343322754,0.9300000667572021,2.012162208557129
1.0274914503097534,0.9650000333786011,1.324202060699463
1.032637596130371,0.9600000381469727,1.3725619316101074
1.028460144996643,0.9600000381469727,2.163872003555298
1.0199999809265137,0.9800000190734863,1.0717219114303589
1.024999976158142,0.9750000238418579,1.197111964225769
1.0449016094207764,0.9350000619888306,1.6194820404052734
1.0237274169921875,0.9700000286102295,1.4177320003509521
1.024999976158142,0.9750000238418579,1.1767818927764893
1.021130919456482,0.9750000238418579,1.1927319765090942
1.0451147556304932,0.9350000619888306,1.5146820545196533
1.0471023321151733,0.9300000667572021,1.471571922302246
1.056494951248169,0.9250000715255737,1.6210319995880127
1.0609759092330933,0.9050000905990601,1.8470920324325562
1.0516961812973022,0.9300000667572021,1.429751992225647
1.0391323566436768,0.9500000476837158,1.3861418962478638
1.0417239665985107,0.9450000524520874,1.5102219581604004
1.05636465549469,0.9100000858306885,1.8475120067596436
1.0525709390640259,0.925000011920929,2.1764919757843018
1.0584031343460083,0.9100000858306885,1.994022011756897
1.030812382698059,0.9550000429153442,1.3224819898605347
1.045147180557251,0.9300000667572021,1.7496720552444458
1.02237868309021,0.9700000286102295,1.2505520582199097
1.024999976158142,0.9750000238418579,1.1004220247268677
1.0216697454452515,0.9750000238418579,1.2225719690322876
1.0248489379882812,0.9700000286102295,1.1430820226669312
1.0267934799194336,0.9650000333786011,1.2848420143127441
1.04635751247406,0.9200000762939453,1.414631962776184
1.0337989330291748,0.9500000476837158,1.3027620315551758
1.0517778396606445,0.9250000715255737,1.3282419443130493
1.0569003820419312,0.9150000810623169,1.3608919382095337
1.0199999809265137,0.9800000190734863,1.0608220100402832
1.0296505689620972,0.9550000429153442,1.7919321060180664
1.0199999809265137,0.9800000190734863,1.0545920133590698
1.0242159366607666,0.9650000333786011,1.344412088394165
1.0309937000274658,0.9500000476837158,1.364601969718933
1.0411983728408813,0.940000057220459,1.6819120645523071
1.0386772155761719,0.9200000762939453,1.8825820684432983
1.0312877893447876,0.9600000381469727,1.3161919116973877
1.0259044170379639,0.9650000333786011,1.5967119932174683
1.0353212356567383,0.9450000524520874,1.3433419466018677
1.0404828786849976,0.9250000715255737,1.9490420818328857
1.0206329822540283,0.9750000238418579,1.114561915397644
1.0548657178878784,0.8850000500679016,2.7336418628692627
1.0238760709762573,0.9700000286102295,1.2760119438171387
1.0435032844543457,0.9050000905990601,2.4923019409179688
1.0270150899887085,0.9700000286102295,1.23527193069458
1.024999976158142,0.9750000238418579,1.109671950340271
1.055433750152588,0.8999999761581421,2.6162819862365723
1.0249686241149902,0.9700000286102295,1.160391926765442
1.050100564956665,0.940000057220459,1.5355520248413086
1.04969322681427,0.940000057220459,1.5355520248413086
1.048531174659729,0.9350000619888306,1.5745121240615845
1.0335500240325928,0.9350000619888306,1.5832419395446777
1.0480430126190186,0.9100000858306885,1.9455220699310303
1.0587502717971802,0.8950001001358032,1.8935320377349854
1.0248825550079346,0.9650000333786011,1.196071982383728
1.022227168083191,0.9750000238418579,1.2417919635772705
1.029183030128479,0.9600000381469727,1.4964118003845215
1.021463394165039,0.9750000238418579,1.0947120189666748
1.024999976158142,0.9750000238418579,1.0451420545578003
1.0714409351348877,0.8850000500679016,3.5459320545196533
1.0494064092636108,0.9350000619888306,2.6159119606018066
1.0296224355697632,0.9650000333786011,1.1258320808410645
1.045485496520996,0.9300000667572021,1.5462119579315186
1.0310934782028198,0.9600000381469727,1.159332036972046
1.0265612602233887,0.9600000381469727,1.5588921308517456
1.0779073238372803,0.8550000190734863,1.7515718936920166
1.0315743684768677,0.9550000429153442,1.5288619995117188
1.0230019092559814,0.9700000286102295,1.3288019895553589
1.041164755821228,0.9200000762939453,1.5851320028305054
1.0234191417694092,0.9700000286102295,1.5697720050811768
1.0281554460525513,0.9550000429153442,1.7868620157241821
1.0258021354675293,0.9650000333786011,1.3206119537353516
1.0320899486541748,0.9600000381469727,1.1730719804763794
1.0393924713134766,0.940000057220459,1.66647207736969
1.047504186630249,0.9150000810623169,2.01471209526062
1.0318443775177002,0.9550000429153442,1.2475420236587524
1.0361064672470093,0.940000057220459,1.6737021207809448
1.02522611618042,0.9700000286102295,1.1148020029067993
1.0304291248321533,0.9550000429153442,1.1096819639205933
1.0341618061065674,0.940000057220459,1.315161943435669
1.0276155471801758,0.9550000429153442,1.522481918334961
1.0199999809265137,0.9800000190734863,1.0853520631790161
1.0509073734283447,0.9300000667572021,1.6007719039916992
1.0401828289031982,0.940000057220459,1.5390819311141968
1.0334640741348267,0.9550000429153442,1.672842025756836
1.032147765159607,0.9450000524520874,1.5792219638824463
1.0378888845443726,0.9300000667572021,2.8290719985961914
1.0234718322753906,0.9750000238418579,1.1323820352554321
1.032065749168396,0.9550000429153442,1.3062320947647095
1.0397748947143555,0.9350000619888306,1.5692219734191895
1.0394434928894043,0.940000057220459,1.9008220434188843
1.0265692472457886,0.9650000333786011,1.3409920930862427
1.0247619152069092,0.9700000286102295,1.4008220434188843
1.0329090356826782,0.9600000381469727,1.5518320798873901
1.0254977941513062,0.9700000286102295,1.1703020334243774
1.024999976158142,0.9750000238418579,1.0620919466018677
1.0451990365982056,0.9350000619888306,1.499891996383667
1.0509819984436035,0.9100000858306885,1.6771819591522217
1.0376957654953003,0.9500000476837158,1.1894320249557495
1.034379482269287,0.9550000429153442,1.3398720026016235
1.0269571542739868,0.9650000333786011,1.2265520095825195
1.029932975769043,0.9600000381469727,1.0882819890975952
1.0506384372711182,0.8850000500679016,2.6037418842315674
1.0295391082763672,0.9650000333786011,1.219011902809143
1.0311414003372192,0.9550000429153442,1.241621971130371
1.034847617149353,0.9500000476837158,1.528991937637329
1.0402413606643677,0.9300000071525574,2.056461811065674
1.0376087427139282,0.9600000381469727,1.1619619131088257
1.0427128076553345,0.9350000619888306,1.4634019136428833
1.024999976158142,0.9750000238418579,1.075822114944458
1.0383903980255127,0.940000057220459,1.5298420190811157
1.0282469987869263,0.9600000381469727,1.2969719171524048
1.0199999809265137,0.9800000190734863,1.2253221273422241
1.0444831848144531,0.9350000619888306,1.7057819366455078
1.040711522102356,0.9300000667572021,1.7830820083618164
1.034999966621399,0.9650000333786011,1.299921989440918
1.0237689018249512,0.9750000238418579,1.0975520610809326
1.0248812437057495,0.9700000286102295,1.1292920112609863
1.0199999809265137,0.9800000190734863,1.1083821058273315
1.035364031791687,0.9500000476837158,1.1765320301055908
1.0223515033721924,0.9700000286102295,1.4577820301055908
1.0487380027770996,0.9150000214576721,2.107912063598633
1.0328924655914307,0.9550000429153442,1.190101981163025
1.0597975254058838,0.8549999594688416,2.601422071456909
1.0270464420318604,0.9650000333786011,1.1533219814300537
1.0199999809265137,0.9800000190734863,1.0390419960021973
1.0271350145339966,0.9700000286102295,1.156641960144043
1.0274744033813477,0.9700000286102295,1.084312081336975
1.0341771841049194,0.9200000762939453,2.1776819229125977
1.0641494989395142,0.8500000238418579,2.7743120193481445
1.0220974683761597,0.9700000286102295,1.430272102355957
1.0223807096481323,0.9700000286102295,1.3149420022964478
1.0246790647506714,0.9650000333786011,1.3085520267486572
1.0583983659744263,0.9050000905990601,1.6068719625473022
1.0412920713424683,0.9450000524520874,1.5962519645690918
1.0199999809265137,0.9800000190734863,1.1450319290161133
1.0199999809265137,0.9800000190734863,1.0884519815444946
1.0567394495010376,0.8850000500679016,1.8012319803237915
1.0250219106674194,0.9650000333786011,1.21762216091156
1.0247541666030884,0.9700000286102295,1.2378519773483276
1.03973388671875,0.9350000023841858,1.7678120136260986
1.0519423484802246,0.9250000715255737,2.3546221256256104
1.0534151792526245,0.9100000858306885,2.2138822078704834
1.0575634241104126,0.8950000405311584,2.733652114868164
1.021429181098938,0.9750000238418579,1.1205220222473145
1.0354290008544922,0.9500000476837158,1.4273320436477661
1.0230823755264282,0.9600000381469727,1.6890521049499512
1.0207289457321167,0.9750000238418579,1.1617519855499268
1.0369654893875122,0.940000057220459,2.03068208694458
1.0621262788772583,0.8699999451637268,3.439042091369629
1.0536317825317383,0.9150000810623169,1.934332013130188
1.0464869737625122,0.9050000905990601,2.0967519283294678
1.0223569869995117,0.9750000238418579,1.3596720695495605
1.0289931297302246,0.9650000333786011,1.3652520179748535
1.0396801233291626,0.9350000619888306,1.9569920301437378
1.0278505086898804,0.9650000333786011,1.2617219686508179
1.0433809757232666,0.9350000619888306,1.6556520462036133
1.028863549232483,0.9550000429153442,1.50534188747406
1.0520575046539307,0.9100000858306885,2.0218122005462646
1.0353639125823975,0.9550000429153442,1.4306119680404663
1.041080117225647,0.940000057220459,1.6486520767211914
1.0430785417556763,0.9300000667572021,1.744502067565918
1.0487735271453857,0.9000000953674316,2.048352003097534
1.036508321762085,0.9500000476837158,1.636242151260376
1.0334669351577759,0.9550000429153442,1.2381020784378052
1.0389245748519897,0.9450000524520874,2.4110019207000732
1.0199999809265137,0.9800000190734863,1.0853420495986938
1.0493327379226685,0.9100000262260437,2.682742118835449
1.03030526638031,0.9600000381469727,1.4982118606567383
1.0199999809265137,0.9800000190734863,1.0730921030044556
1.0339018106460571,0.9550000429153442,1.6845519542694092
1.025867223739624,0.9600000381469727,1.6910319328308105
1.0293523073196411,0.9650000333786011,1.1865519285202026
1.0262951850891113,0.9550000429153442,1.6957920789718628
1.0249619483947754,0.9650000333786011,1.1974918842315674
1.0285416841506958,0.9650000333786011,1.4411120414733887
1.0253572463989258,0.9650000333786011,1.2698520421981812
1.0297565460205078,0.9450000524520874,2.016822099685669
1.0249253511428833,0.9700000286102295,1.2514420747756958
1.038618564605713,0.9550000429153442,1.18831205368042
1.0199999809265137,0.9800000190734863,1.048811912536621
1.0199999809265137,0.9800000190734863,1.1340420246124268
1.0233234167099,0.9700000286102295,1.1279319524765015
1.0574803352355957,0.940000057220459,1.2814921140670776
1.024999976158142,0.9750000238418579,1.0636619329452515
1.0213335752487183,0.9750000238418579,1.530142068862915
1.029536247253418,0.9700000286102295,1.1689621210098267
1.0426825284957886,0.9300000071525574,2.046221971511841
1.024999976158142,0.9750000238418579,1.061221957206726
1.021597146987915,0.9750000238418579,1.169551968574524
1.0225032567977905,0.9750000238418579,1.3230520486831665
1.0199999809265137,0.9800000190734863,1.0353419780731201
1.0281903743743896,0.9650000333786011,1.262861967086792
1.0358566045761108,0.9550000429153442,1.297652006149292
1.024999976158142,0.9750000238418579,1.1741619110107422
1.0258711576461792,0.9650000333786011,1.2859820127487183
1.0318225622177124,0.9450000524520874,1.6606919765472412
1.034848690032959,0.9500000476837158,1.3676021099090576
1.0434950590133667,0.9150000810623169,1.7430620193481445
1.036636471748352,0.9450000524520874,1.2795120477676392
1.022611141204834,0.9750000238418579,1.1391119956970215
1.0341461896896362,0.9450000524520874,1.7801220417022705
1.04451584815979,0.9350000619888306,1.5633920431137085
1.0343708992004395,0.9500000476837158,1.4531019926071167
1.0199999809265137,0.9800000190734863,1.0782819986343384
1.0281497240066528,0.9700000286102295,1.1485720872879028
1.0199999809265137,0.9800000190734863,1.0473819971084595
1.0605846643447876,0.9000000357627869,2.383251905441284
1.0223414897918701,0.9750000238418579,1.0781619548797607
1.0324763059616089,0.9550000429153442,1.136191964149475
1.033071756362915,0.9500000476837158,1.2214218378067017
1.0327354669570923,0.9600000381469727,1.1216520071029663
1.0199999809265137,0.9800000190734863,1.0639618635177612
1.0199999809265137,0.9800000190734863,1.0542320013046265
1.037231206893921,0.9350000619888306,3.0263421535491943
1.0199999809265137,0.9800000190734863,1.0518521070480347
1.0199999809265137,0.9800000190734863,1.0532219409942627
1.0474872589111328,0.9200000762939453,2.499591827392578
1.0399999618530273,0.9600000381469727,1.2147020101547241
1.0448685884475708,0.9550000429153442,1.2183420658111572
1.0496593713760376,0.9150000810623169,1.5069420337677002
1.0364220142364502,0.9500000476837158,1.1674920320510864
1.0271114110946655,0.9650000333786011,1.1573721170425415
1.0279074907302856,0.9600000381469727,1.1981920003890991
1.0312579870224,0.9450000524520874,1.7376418113708496
1.0303231477737427,0.9650000333786011,1.3029619455337524
1.0199999809265137,0.9800000190734863,1.0583220720291138
1.0387943983078003,0.9450000524520874,1.5507819652557373
1.020976185798645,0.9750000238418579,1.1880619525909424
1.0353806018829346,0.9500000476837158,1.6967319250106812
1.0371346473693848,0.9500000476837158,1.1723219156265259
1.0435771942138672,0.9350000619888306,1.4224720001220703
1.024274230003357,0.9650000333786011,1.3465819358825684
1.0199999809265137,0.9800000190734863,1.2366620302200317
1.0343849658966064,0.9550000429153442,2.2560620307922363
1.027567982673645,0.9600000381469727,1.3610519170761108
1.021995186805725,0.9750000238418579,1.533742070198059
1.0418325662612915,0.9300000667572021,2.753702163696289
1.035918116569519,0.9250000715255737,2.309842109680176
1.0287425518035889,0.9600000381469727,1.3271819353103638
1.031463623046875,0.9600000381469727,1.1216719150543213
1.0349451303482056,0.9500000476837158,1.460211992263794
1.0525840520858765,0.9150000214576721,2.0502219200134277
1.0307890176773071,0.9550000429153442,1.74481201171875
1.0199999809265137,0.9800000190734863,1.0596920251846313
1.0221004486083984,0.9750000238418579,1.0877621173858643
1.0245935916900635,0.9700000286102295,1.1283020973205566
1.0399999618530273,0.9600000381469727,1.2977019548416138
1.0330144166946411,0.9500000476837158,1.5178520679473877
1.0337647199630737,0.9500000476837158,1.2724820375442505
1.0425077676773071,0.9350000619888306,1.3763620853424072
1.024999976158142,0.9750000238418579,1.1987520456314087
1.024267554283142,0.9700000286102295,1.3445719480514526
1.0199999809265137,0.9800000190734863,1.1345919370651245
1.0214906930923462,0.9750000238418579,1.160141944885254
1.0199999809265137,0.9800000190734863,1.050191879272461
1.0355453491210938,0.9600000381469727,1.2408020496368408
1.0469412803649902,0.9350000619888306,1.566741943359375
1.0282793045043945,0.9650000333786011,1.0656520128250122
1.0199999809265137,0.9800000190734863,1.0329519510269165
1.021345615386963,0.9750000238418579,1.287182092666626
1.0352708101272583,0.9500000476837158,1.3633419275283813
1.0199999809265137,0.9800000190734863,1.1460620164871216
1.0336616039276123,0.9550000429153442,1.478361964225769
1.0258042812347412,0.9650000333786011,1.2474420070648193
1.024999976158142,0.9750000238418579,1.059351921081543
1.0544298887252808,0.9350000619888306,1.3112419843673706
1.0199999809265137,0.9800000190734863,1.0684120655059814
1.0279276371002197,0.9700000286102295,1.1221219301223755
1.0367794036865234,0.9600000381469727,1.198612093925476
1.0292452573776245,0.9650000333786011,1.1237519979476929
1.0199999809265137,0.9800000190734863,1.243311882019043
1.0336235761642456,0.9550000429153442,1.3460019826889038
1.0215246677398682,0.9750000238418579,1.087541937828064
1.0228604078292847,0.9750000238418579,1.0756919384002686
1.0242856740951538,0.9700000286102295,1.1489320993423462
1.034082055091858,0.9600000381469727,1.3400120735168457
1.0543594360351562,0.9100000858306885,1.8887019157409668
1.024999976158142,0.9750000238418579,1.0369218587875366
1.0279043912887573,0.9600000381469727,1.4671320915222168
1.0319278240203857,0.9600000381469727,1.4249719381332397
1.0218702554702759,0.9600000381469727,1.2395620346069336
1.0300860404968262,0.9600000381469727,1.5023521184921265
1.0391030311584473,0.9500000476837158,1.3728018999099731
1.0404913425445557,0.9300000071525574,1.949671983718872
1.0313255786895752,0.9500000476837158,2.0521819591522217
1.043305516242981,0.9300000071525574,2.3794820308685303
1.0356392860412598,0.9500000476837158,1.1136219501495361
1.029178500175476,0.9650000333786011,1.041592001914978
1.0350656509399414,0.9500000476837158,1.9611719846725464
1.0400793552398682,0.9500000476837158,1.3070820569992065
1.0225000381469727,0.9750000238418579,1.063551902770996
1.0222673416137695,0.9650000333786011,1.3092421293258667
1.0199999809265137,0.9800000190734863,1.0626920461654663
1.0199999809265137,0.9800000190734863,1.068992018699646
1.0264439582824707,0.9700000286102295,1.1270519495010376
1.029561161994934,0.9600000381469727,1.2895020246505737
1.0272786617279053,0.9700000286102295,1.1171120405197144
1.0307151079177856,0.9650000333786011,1.1954920291900635
1.0311458110809326,0.9600000381469727,1.3064218759536743
1.0380679368972778,0.9500000476837158,1.666572093963623
1.0444635152816772,0.940000057220459,1.632841944694519
1.0289314985275269,0.9550000429153442,1.3759620189666748
1.0199999809265137,0.9800000190734863,1.0689918994903564
1.0401142835617065,0.940000057220459,1.2315219640731812
1.0212563276290894,0.9750000238418579,1.1131221055984497
1.037733554840088,0.9500000476837158,1.1865620613098145
1.03572678565979,0.9600000381469727,1.18831205368042
1.024999976158142,0.9750000238418579,1.0897619724273682
1.0379769802093506,0.9500000476837158,1.1404820680618286
1.0367313623428345,0.9550000429153442,1.2890020608901978
1.033990740776062,0.9500000476837158,1.618212103843689
1.0229723453521729,0.9700000286102295,1.2179820537567139
1.0330712795257568,0.9600000381469727,1.2290420532226562
1.0219999551773071,0.9750000238418579,1.1252720355987549
1.021132230758667,0.9750000238418579,1.0857019424438477
1.0199999809265137,0.9800000190734863,1.1655420064926147
1.0233029127120972,0.9750000238418579,1.0466818809509277
1.0261764526367188,0.9700000286102295,1.1346620321273804
1.032455563545227,0.9500000476837158,1.4016220569610596
1.0285354852676392,0.9700000286102295,1.065891981124878
1.0426087379455566,0.9550000429153442,1.1618620157241821
1.0357013940811157,0.9450000524520874,1.597222089767456
1.025931477546692,0.9650000333786011,1.22064208984375
1.0248461961746216,0.9700000286102295,1.2013620138168335
1.0324406623840332,0.9550000429153442,1.3371418714523315
1.0199999809265137,0.9800000190734863,1.0924919843673706
1.0303773880004883,0.9600000381469727,1.4010119438171387
1.0219542980194092,0.9750000238418579,1.118962049484253
1.0199999809265137,0.9800000190734863,1.1151819229125977
1.0416895151138306,0.9450000524520874,1.1737619638442993
1.037412405014038,0.9550000429153442,1.1022019386291504
1.0199999809265137,0.9800000190734863,1.0285720825195312
1.0345256328582764,0.9600000381469727,1.1004719734191895
1.0331382751464844,0.9500000476837158,1.2932720184326172
1.030683159828186,0.9550000429153442,1.7976819276809692
1.0199999809265137,0.9800000190734863,1.1126818656921387
1.0222208499908447,0.9700000286102295,1.3220319747924805
1.0381720066070557,0.9500000476837158,1.3980120420455933
1.0245226621627808,0.9750000238418579,1.0329021215438843
1.0271437168121338,0.9700000286102295,1.030932068824768
1.028847098350525,0.9650000333786011,1.1588720083236694
1.0199999809265137,0.9800000190734863,1.0721518993377686
1.0199999809265137,0.9800000190734863,1.1645820140838623
1.0199999809265137,0.9800000190734863,1.05662202835083
1.024999976158142,0.9750000238418579,1.0370219945907593
1.043444037437439,0.9450000524520874,1.2687519788742065
1.024999976158142,0.9750000238418579,1.0416020154953003
1.0267510414123535,0.9650000333786011,1.3261620998382568
1.025920033454895,0.9700000286102295,1.0990021228790283
