1.1150000095367432,0.9900001287460327,1.128000259399414
1.063999891281128,0.9950000643730164,1.1280001401901245
1.2480000257492065,0.9950000643730164,1.1279995441436768
1.1299999952316284,0.9910001158714294,1.1280001401901245
1.031000018119812,0.9960000514984131,1.1279999017715454
1.0900001525878906,0.9950000643730164,1.1280001401901245
1.0790001153945923,0.9950000643730164,1.1279999017715454
1.1850000619888306,0.9910000562667847,1.1280001401901245
1.36899995803833,0.9900000691413879,1.1280001401901245
1.102000117301941,0.9950000643730164,1.1279996633529663
1.4890002012252808,0.9900000691413879,1.128000020980835
1.255000114440918,0.9910000562667847,1.128000020980835
1.2740000486373901,0.9910001158714294,1.128000020980835
1.0509999990463257,0.9960000514984131,1.1279997825622559
1.0469999313354492,0.9960000514984131,1.1279996633529663
1.1070001125335693,0.9909999966621399,1.1280001401901245
1.0620001554489136,0.9950000643730164,1.1279997825622559
1.0690001249313354,0.9950000643730164,1.128000259399414
1.0759999752044678,0.9960000514984131,1.1279999017715454
1.0609999895095825,0.9950000643730164,1.128000020980835
1.065999984741211,0.9950000643730164,1.1280001401901245
1.0779999494552612,0.9950000643730164,1.128000020980835
1.0689998865127563,0.9950000643730164,1.128000020980835
1.0459998846054077,0.9960000514984131,1.128000259399414
1.0540000200271606,0.9920000433921814,1.1279999017715454
1.024999976158142,0.9960000514984131,1.1279999017715454
1.062999963760376,0.9900001287460327,1.128000020980835
1.0360000133514404,0.9960000514984131,1.128000020980835
1.027000069618225,0.9960000514984131,1.1279997825622559
1.0460000038146973,0.9920001029968262,1.1279997825622559
1.040000081062317,0.9950000643730164,1.1279997825622559
1.0320000648498535,0.9950000643730164,1.1279997825622559
