761
131
839
702
601
79
665
23
45
386
66
697
746
511
276
156
710
1067
1069
971
453
514
73
43
731
703
598
919
201
471
563
977
256
633
215
1017
1044
520
203
337
359
661
831
262
175
539
163
983
729
916
846
382
202
422
209
924
647
1006
842
197
955
685
583
479
42
923
982
273
847
114
521
773
930
420
234
905
1072
290
221
142
11
378
275
130
986
480
249
717
779
424
486
852
570
266
596
749
843
621
38
390
878
920
888
918
1076
953
666
813
158
12
230
219
789
1037
844
1024
216
1056
535
164
80
896
109
190
375
182
70
46
127
92
742
653
564
506
462
804
555
664
741
1007
293
951
687
349
1032
3
281
721
69
196
628
302
690
698
719
730
944
727
965
862
584
68
738
129
323
966
147
120
604
606
533
169
446
768
791
477
334
735
389
793
882
374
393
716
850
485
866
1009
656
553
231
614
134
59
470
151
438
474
509
581
591
204
279
468
213
492
805
544
720
110
748
1002
732
261
137
770
270
809
105
963
456
307
889
861
860
689
781
909
93
750
616
853
812
74
1068
641
285
0
360
632
588
233
271
53
679
701
20
696
327
35
801
426
642
139
174
199
84
760
534
184
836
674
423
820
926
978
1029
122
851
86
580
765
941
469
181
972
794
887
288
631
886
902
637
398
304
1028
445
62
303
145
481
522
516
6
901
873
817
292
1019
999
1063
979
253
734
428
548
283
272
100
654
936
600
322
692
837
121
143
668
1027
396
1015
319
908
294
501
118
960
1041
165
857
345
906
98
267
380
599
772
305
754
341
208
1046
528
399
274
576
365
180
650
217
589
138
448
33
947
869
651
660
376
1054
412
917
37
566
222
562
241
336
640
357
870
826
823
52
1020
252
116
934
441
635
545
597
840
560
437
286
639
300
152
1034
740
239
880
29
44
976
96
618
128
49
154
200
933
125
429
744
77
1026
1059
434
240
458
725
764
706
541
657
155
876
1004
700
695
645
571
622
845
612
705
940
529
776
956
1057
913
946
338
1066
91
466
24
411
859
2
81
881
556
133
19
326
499
915
494
135
320
491
624
991
691
958
1
104
542
1048
904
559
824
472
797
527
694
890
807
858
970
388
778
321
265
989
1018
758
922
900
1014
496
838
124
112
736
821
895
32
364
1045
808
938
1061
910
856
27
892
1039
928
245
802
478
877
937
573
713
425
827
166
925
961
220
419
502
301
248
883
60
487
10
8
752
707
16
447
416
269
931
829
54
61
885
652
278
992
