453
931
360
580
701
876
237
319
248
224
716
819
738
313
599
688
386
76
736
544
385
684
861
188
698
390
695
301
241
516
747
252
715
1077
285
1050
225
1023
367
975
964
1018
266
309
340
966
457
714
631
627
290
442
1024
434
551
930
83
978
245
1038
523
428
134
144
748
531
938
350
183
848
801
223
710
150
408
928
781
278
243
687
839
111
476
926
785
962
466
429
794
996
760
474
669
368
1025
1026
816
160
185
446
719
256
604
220
654
858
147
8
953
470
407
472
951
909
4
454
70
887
957
154
449
99
1072
843
437
366
1042
206
933
562
1019
776
890
606
538
677
676
282
914
61
246
348
750
311
898
630
196
952
897
364
115
28
804
82
418
286
726
226
517
637
545
35
409
114
822
616
435
74
1076
495
934
991
567
757
158
52
356
316
992
916
337
557
626
733
961
582
852
279
152
221
555
381
173
93
88
769
870
813
826
971
51
483
1004
546
764
784
828
107
720
445
825
177
775
705
308
22
166
709
424
203
289
191
69
576
594
17
613
762
405
1053
462
509
589
851
532
977
480
900
1059
968
238
798
712
9
281
162
299
215
528
960
958
267
1007
893
312
721
481
644
172
380
142
987
707
904
791
1055
415
214
1074
666
817
790
1058
573
3
479
737
620
713
682
515
218
365
946
527
919
778
823
331
63
942
249
373
100
112
7
209
648
615
768
692
123
347
486
452
917
78
1033
68
471
629
1020
167
378
1075
297
47
436
663
40
901
105
236
740
341
681
274
91
1040
345
425
255
940
875
37
280
683
543
444
179
402
780
48
151
1068
742
108
228
899
460
103
730
198
376
600
230
18
146
807
610
820
318
287
461
257
359
806
159
339
625
469
802
810
667
139
519
406
328
918
884
674
404
89
264
885
924
565
1073
699
86
678
761
292
504
369
388
749
693
905
62
513
66
642
903
982
1031
422
541
623
351
1012
251
697
855
254
127
941
782
943
597
132
568
332
522
187
751
13
559
271
602
779
788
639
333
849
1043
338
796
763
382
717
863
535
153
464
888
656
1013
661
258
786
833
650
723
959
741
632
335
872
186
862
549
727
894
621
965
542
2
871
739
1054
441
371
156
972
372
455
165
155
770
963
0
84
432
864
169
490
403
896
5
1017
1
685
33
502
646
344
44
911
920
92
307
907
792
133
85
491
358
525
54
391
743
149
72
752
662
754
227
475
288
665
314
777
591
370
71
612
722
79
101
660
247
213
585
277
233
431
121
592
