1.0354737043380737,0.9550000429153442,1.1188520193099976
1.0354737043380737,0.9550000429153442,1.121832013130188
1.0500060319900513,0.8849999904632568,3.234771966934204
1.0320017337799072,0.9650000333786011,1.2624119520187378
1.0306593179702759,0.9600000381469727,1.5683021545410156
1.035779595375061,0.9500000476837158,1.1884419918060303
1.036550760269165,0.9500000476837158,1.1866719722747803
1.0303244590759277,0.9600000381469727,1.6225320100784302
1.0363554954528809,0.9500000476837158,1.2170319557189941
1.0435011386871338,0.9300000667572021,1.3994020223617554
1.0463407039642334,0.940000057220459,1.1553820371627808
1.0405540466308594,0.9500000476837158,1.3205119371414185
1.0405540466308594,0.9500000476837158,1.3205119371414185
1.0490490198135376,0.9200000762939453,1.9095120429992676
1.0488126277923584,0.9200000762939453,2.0945119857788086
1.1296093463897705,0.6700000166893005,4.159552097320557
1.0310808420181274,0.9550000429153442,1.590712070465088
1.0279462337493896,0.9700000286102295,1.1032220125198364
1.033670425415039,0.940000057220459,1.5616120100021362
1.024999976158142,0.9750000238418579,1.047421932220459
1.024999976158142,0.9750000238418579,1.0689619779586792
1.024999976158142,0.9750000238418579,1.1004921197891235
1.0294445753097534,0.9650000333786011,1.1747519969940186
1.024999976158142,0.9750000238418579,1.1523618698120117
1.0262531042099,0.9700000286102295,1.2170419692993164
1.05256986618042,0.8399999737739563,2.459821939468384
1.0468658208847046,0.9350000619888306,1.598762035369873
1.042277455329895,0.9350000619888306,1.658392071723938
1.0298012495040894,0.9550000429153442,2.1125621795654297
1.0495322942733765,0.9200000762939453,1.7802820205688477
1.0280492305755615,0.9650000333786011,1.1519919633865356
1.0358364582061768,0.9500000476837158,1.4298319816589355
1.0452038049697876,0.9250000715255737,2.020202159881592
1.0910917520523071,0.824999988079071,2.957632064819336
1.0465854406356812,0.9300000667572021,1.5885320901870728
1.0530259609222412,0.9050000309944153,1.70126211643219
1.069546103477478,0.8550000190734863,2.4417219161987305
1.0468358993530273,0.9500000476837158,1.2350420951843262
1.0468358993530273,0.9500000476837158,1.2350420951843262
1.060736060142517,0.8299999833106995,2.74800181388855
1.0514694452285767,0.8650000095367432,2.6386821269989014
1.0339338779449463,0.9450000524520874,1.4937419891357422
1.0502344369888306,0.8800000548362732,3.630971908569336
1.0340237617492676,0.9500000476837158,2.0511419773101807
1.0436716079711914,0.9450000524520874,1.18339204788208
1.1183249950408936,0.7099999785423279,3.987992286682129
1.0418696403503418,0.9500000476837158,1.225142002105713
1.030617356300354,0.9650000333786011,1.074072003364563
1.0288610458374023,0.9600000381469727,1.2400020360946655
1.0473531484603882,0.9150000810623169,1.7020920515060425
1.024999976158142,0.9750000238418579,1.1309720277786255
1.0278098583221436,0.9650000333786011,1.2617920637130737
1.065209150314331,0.8450000286102295,2.5345520973205566
1.0447278022766113,0.9350000619888306,1.832711935043335
1.044801115989685,0.9300000667572021,1.8682719469070435
1.0396556854248047,0.9350000619888306,1.4547420740127563
1.0292145013809204,0.9600000381469727,1.143731951713562
1.0267120599746704,0.9700000286102295,1.130571961402893
1.0396654605865479,0.940000057220459,1.5753819942474365
1.024999976158142,0.9750000238418579,1.0298619270324707
1.0447766780853271,0.9250000715255737,1.8826320171356201
1.0475835800170898,0.9250000715255737,1.7805119752883911
1.0469409227371216,0.9350000619888306,1.2621818780899048
1.029881477355957,0.9650000333786011,1.2390720844268799
1.0488600730895996,0.9200000762939453,1.8759820461273193
1.0267326831817627,0.9700000286102295,1.1545419692993164
1.0258257389068604,0.9700000286102295,1.1373519897460938
1.0413674116134644,0.9250000715255737,2.198551893234253
1.0320976972579956,0.9500000476837158,1.440562129020691
1.024999976158142,0.9750000238418579,1.0769319534301758
1.024999976158142,0.9750000238418579,1.0350719690322876
1.024999976158142,0.9750000238418579,1.1312021017074585
1.0436530113220215,0.9350000619888306,1.3289419412612915
1.0509036779403687,0.9300000667572021,1.7463420629501343
1.0287142992019653,0.9650000333786011,1.1389720439910889
1.0268950462341309,0.9650000333786011,1.2280019521713257
1.0369948148727417,0.9200000762939453,1.889341950416565
1.0383896827697754,0.940000057220459,1.348572015762329
1.0269733667373657,0.9700000286102295,1.122372031211853
1.0288136005401611,0.9650000333786011,1.2106319665908813
1.0467793941497803,0.9500000476837158,1.1948521137237549
1.024999976158142,0.9750000238418579,1.1445019245147705
1.027871012687683,0.9650000333786011,1.2029520273208618
1.024999976158142,0.9750000238418579,1.2373719215393066
1.0428792238235474,0.9200000762939453,2.0192220211029053
1.05812668800354,0.8750001192092896,2.537842273712158
1.024999976158142,0.9750000238418579,1.1225519180297852
1.0385432243347168,0.9500000476837158,1.2443119287490845
1.024999976158142,0.9750000238418579,1.1425620317459106
1.024999976158142,0.9750000238418579,1.0616720914840698
1.0385671854019165,0.9550000429153442,1.3148120641708374
1.03242027759552,0.9600000381469727,1.4130820035934448
1.024999976158142,0.9750000238418579,1.081961989402771
1.024999976158142,0.9750000238418579,1.0415819883346558
1.0444068908691406,0.9500000476837158,1.3660919666290283
1.042387843132019,0.9550000429153442,1.2162818908691406
1.024999976158142,0.9750000238418579,1.0706321001052856
1.029237151145935,0.9600000381469727,1.2268719673156738
1.043873906135559,0.940000057220459,1.2604320049285889
1.024999976158142,0.9750000238418579,1.0449419021606445
1.0460814237594604,0.9200000762939453,1.2862720489501953
1.0439813137054443,0.9350000619888306,1.2596219778060913
1.0531128644943237,0.9150000810623169,1.30023193359375
1.0534108877182007,0.8900001049041748,2.1653120517730713
1.041717290878296,0.9500000476837158,1.1535719633102417
1.0423932075500488,0.9000000357627869,2.614652156829834
1.0537859201431274,0.8700001239776611,2.7311720848083496
1.06902015209198,0.8750001192092896,2.829092025756836
1.0372604131698608,0.9550000429153442,1.2571420669555664
1.0335367918014526,0.9450000524520874,1.6675519943237305
1.0281959772109985,0.9650000333786011,1.233362078666687
1.0295226573944092,0.9700000286102295,1.0627620220184326
1.0315064191818237,0.9500000476837158,1.3944920301437378
1.040845513343811,0.940000057220459,1.2769819498062134
1.029350996017456,0.9600000381469727,1.1439920663833618
1.0288516283035278,0.9650000333786011,1.1595619916915894
1.0365827083587646,0.9450000524520874,1.4712721109390259
1.0681744813919067,0.9200000762939453,1.3167719841003418
1.0685884952545166,0.9200000762939453,1.3167719841003418
1.024999976158142,0.9750000238418579,1.0678318738937378
1.0359495878219604,0.9500000476837158,1.6263020038604736
1.0416204929351807,0.9200000762939453,1.544901967048645
1.0520912408828735,0.9050000309944153,1.554561972618103
1.0328783988952637,0.9600000381469727,1.243891954421997
1.0760024785995483,0.8550000190734863,1.880642056465149
1.045253038406372,0.9250000715255737,1.618831992149353
1.0258005857467651,0.9700000286102295,1.2451319694519043
1.059453010559082,0.9200000762939453,2.3225319385528564
1.064271330833435,0.9100000858306885,2.4033918380737305
1.024999976158142,0.9750000238418579,1.1265419721603394
1.0297077894210815,0.9600000381469727,1.1673619747161865
1.0504467487335205,0.9200000762939453,1.9318220615386963
1.0445622205734253,0.9300000667572021,1.9605220556259155
1.0765081644058228,0.8500000834465027,2.2827320098876953
1.0390037298202515,0.9350000619888306,1.237311840057373
1.040381908416748,0.9350000619888306,1.5699520111083984
1.064156174659729,0.8800000548362732,2.223181962966919
1.032462239265442,0.9550000429153442,1.4268221855163574
1.0472666025161743,0.9150000810623169,1.8247120380401611
1.0727884769439697,0.9250000715255737,1.2839820384979248
1.073422908782959,0.9250000715255737,1.2839820384979248
1.024999976158142,0.9750000238418579,1.117562174797058
1.0308470726013184,0.9500000476837158,1.6782119274139404
1.0286659002304077,0.9650000333786011,1.1877319812774658
1.0545696020126343,0.9100000858306885,1.5481020212173462
1.0369926691055298,0.9300000667572021,2.1454920768737793
1.0361909866333008,0.9350000619888306,1.9967719316482544
1.0302069187164307,0.9650000333786011,1.1268819570541382
1.0390682220458984,0.9100000858306885,1.9127920866012573
1.0272444486618042,0.9650000333786011,1.399232029914856
1.0423879623413086,0.9500000476837158,1.331581950187683
1.0293630361557007,0.9550000429153442,2.1315219402313232
1.024999976158142,0.9750000238418579,1.0745419263839722
1.024999976158142,0.9750000238418579,1.1889920234680176
1.0449016094207764,0.9350000619888306,1.6009219884872437
1.0309635400772095,0.9600000381469727,1.411412000656128
1.0331008434295654,0.9650000333786011,1.1654419898986816
1.0261309146881104,0.9700000286102295,1.1926419734954834
1.0501147508621216,0.9300000667572021,1.513532042503357
1.0521023273468018,0.9250000715255737,1.4680418968200684
1.0686109066009521,0.9100000858306885,1.5925819873809814
1.0695668458938599,0.8950001001358032,1.8174620866775513
1.0532400608062744,0.9250000715255737,1.39411199092865
1.0459001064300537,0.940000057220459,1.3894819021224976
1.042771577835083,0.940000057220459,1.484961986541748
1.0642948150634766,0.8950001001358032,1.7970219850540161
1.0649707317352295,0.9050000309944153,2.1345319747924805
1.065505862236023,0.9000000953674316,1.959641933441162
1.0322569608688354,0.9500000476837158,1.3452820777893066
1.0494509935379028,0.9150000810623169,1.8782520294189453
1.0273786783218384,0.9650000333786011,1.2490520477294922
1.024999976158142,0.9750000238418579,1.0997120141983032
1.0266697406768799,0.9700000286102295,1.2211419343948364
1.0298489332199097,0.9650000333786011,1.1753920316696167
1.031793475151062,0.9600000381469727,1.2762420177459717
1.052848219871521,0.9100000858306885,1.3880419731140137
1.0387989282608032,0.9450000524520874,1.293782114982605
1.058899164199829,0.9150000810623169,1.3163819313049316
1.0683293342590332,0.9000000953674316,1.3441619873046875
1.024999976158142,0.9750000238418579,1.05964195728302
1.0346505641937256,0.9500000476837158,1.7831621170043945
1.024999976158142,0.9750000238418579,1.0542320013046265
1.0288724899291992,0.9600000381469727,1.3635220527648926
1.0359936952590942,0.9450000524520874,1.3600720167160034
1.0407353639602661,0.940000057220459,1.6633421182632446
1.0434210300445557,0.9150000810623169,1.8202821016311646
1.036287784576416,0.9550000429153442,1.311721920967102
1.0309044122695923,0.9600000381469727,1.5963119268417358
1.0440914630889893,0.9300000667572021,1.3336119651794434
1.0477190017700195,0.9150000810623169,1.9298421144485474
1.025870442390442,0.9650000333786011,1.2667019367218018
1.0610474348068237,0.8750000596046448,2.623461961746216
1.0288760662078857,0.9650000333786011,1.2857619524002075
1.0493710041046143,0.8950001001358032,2.4206619262695312
1.0270150899887085,0.9700000286102295,1.2342818975448608
1.024999976158142,0.9750000238418579,1.1061819791793823
1.0605798959732056,0.8899999856948853,2.564592123031616
1.0317363739013672,0.9600000381469727,1.2065619230270386
1.0583996772766113,0.9300000667572021,1.5250619649887085
1.0595353841781616,0.9250000715255737,1.5252619981765747
1.0535311698913574,0.9300000667572021,1.5732721090316772
1.0412975549697876,0.9200000762939453,1.5146520137786865
1.0545331239700317,0.9000000953674316,1.8753820657730103
1.0647037029266357,0.8850001096725464,1.8579720258712769
1.032742977142334,0.9550000429153442,1.2115620374679565
1.0272271633148193,0.9700000286102295,1.2397019863128662
1.029183030128479,0.9600000381469727,1.4862818717956543
1.0264633893966675,0.9700000286102295,1.0921220779418945
1.024999976158142,0.9750000238418579,1.0526020526885986
1.0791274309158325,0.8600000739097595,3.349842071533203
1.0572174787521362,0.9250000715255737,2.4528021812438965
1.0296224355697632,0.9650000333786011,1.1242420673370361
1.0515280961990356,0.9200000762939453,1.5307319164276123
1.0382148027420044,0.9500000476837158,1.15391206741333
1.031561255455017,0.9550000429153442,1.5462521314620972
1.0771687030792236,0.8550000190734863,1.7305519580841064
1.0315743684768677,0.9550000429153442,1.5277019739151
1.0309561491012573,0.9550000429153442,1.293612003326416
1.0461647510528564,0.9150000810623169,1.5774520635604858
1.0284191370010376,0.9650000333786011,1.5577019453048706
1.0330336093902588,0.9500000476837158,1.7378718852996826
1.0303975343704224,0.9600000381469727,1.3629519939422607
1.0370899438858032,0.9550000429153442,1.1680920124053955
1.0405397415161133,0.9350000619888306,1.638841986656189
1.0551767349243164,0.9000000953674316,1.973802089691162
1.038344383239746,0.9450000524520874,1.2471120357513428
1.0369398593902588,0.9350000619888306,1.6553421020507812
1.0302261114120483,0.9650000333786011,1.1101819276809692
1.0340393781661987,0.9500000476837158,1.138192057609558
1.0401746034622192,0.9300000667572021,1.3811819553375244
1.0326155424118042,0.9500000476837158,1.5167618989944458
1.024999976158142,0.9750000238418579,1.087272047996521
1.0509073734283447,0.9300000667572021,1.5990118980407715
1.047960638999939,0.9300000667572021,1.518541932106018
1.0431278944015503,0.940000057220459,1.6156219244003296
1.03683602809906,0.940000057220459,1.5578420162200928
1.0459011793136597,0.9100000858306885,2.7957820892333984
1.0295417308807373,0.9650000333786011,1.1264621019363403
1.0384336709976196,0.9450000524520874,1.2930420637130737
1.0492157936096191,0.9200000762939453,1.5290619134902954
1.0440185070037842,0.9350000619888306,1.8550320863723755
1.0330599546432495,0.9550000429153442,1.3144420385360718
1.0312793254852295,0.9600000381469727,1.3829020261764526
1.0326387882232666,0.9600000381469727,1.52265202999115
1.0304977893829346,0.9650000333786011,1.1691820621490479
1.0264002084732056,0.9700000286102295,1.091291904449463
1.050199031829834,0.9300000667572021,1.496772050857544
1.057024598121643,0.9000000953674316,1.6617019176483154
1.040602207183838,0.940000057220459,1.1945719718933105
1.038613200187683,0.9450000524520874,1.3489919900894165
1.028685212135315,0.9550000429153442,1.212001919746399
1.0349329710006714,0.9550000429153442,1.0915518999099731
1.0585037469863892,0.8700000643730164,2.538961887359619
1.0316191911697388,0.9600000381469727,1.2158119678497314
1.0431350469589233,0.9300000667572021,1.2248820066452026
1.041247844696045,0.940000057220459,1.4935219287872314
1.0412541627883911,0.925000011920929,2.03853178024292
1.0466563701629639,0.9500000476837158,1.1748919486999512
1.0521494150161743,0.9200000762939453,1.4423819780349731
1.026653528213501,0.9700000286102295,1.0965020656585693
1.0431147813796997,0.9350000619888306,1.488402009010315
1.0332469940185547,0.9550000429153442,1.298361897468567
1.024999976158142,0.9750000238418579,1.2148921489715576
1.0494831800460815,0.9300000667572021,1.6969419717788696
1.0424901247024536,0.9200000762939453,1.740041971206665
1.0423716306686401,0.9550000429153442,1.2895420789718628
1.0287688970565796,0.9700000286102295,1.093291997909546
1.029881238937378,0.9650000333786011,1.1227920055389404
1.024999976158142,0.9750000238418579,1.1058520078659058
1.0443058013916016,0.940000057220459,1.192531943321228
1.0290807485580444,0.9600000381469727,1.4721320867538452
1.0547422170639038,0.9050000309944153,2.091992139816284
1.037892460823059,0.9500000476837158,1.1898019313812256
1.066451072692871,0.8449999690055847,2.5675220489501953
1.0320464372634888,0.9600000381469727,1.1510319709777832
1.024999976158142,0.9750000238418579,1.038182020187378
1.0271350145339966,0.9700000286102295,1.1614419221878052
1.0287741422653198,0.9650000333786011,1.1168321371078491
1.0391771793365479,0.9150000810623169,2.1702721118927
1.0706567764282227,0.8400000333786011,2.6756021976470947
1.027097463607788,0.9650000333786011,1.4304920434951782
1.0273807048797607,0.9650000333786011,1.314892053604126
1.0299499034881592,0.9600000381469727,1.289452075958252
1.0621527433395386,0.8950001001358032,1.5694019794464111
1.0491793155670166,0.9350000619888306,1.5530320405960083
1.024999976158142,0.9750000238418579,1.1336419582366943
1.024999976158142,0.9750000238418579,1.0912820100784302
1.0612355470657349,0.8700000643730164,1.756492018699646
1.0305861234664917,0.9550000429153442,1.1996021270751953
1.0333646535873413,0.9500000476837158,1.4347320795059204
1.0439074039459229,0.9300000071525574,1.7469819784164429
1.0548182725906372,0.9200000762939453,2.3110620975494385
1.0616931915283203,0.9000000953674316,2.1601722240448
1.0656988620758057,0.8800000548362732,2.608492136001587
1.0264291763305664,0.9700000286102295,1.1173020601272583
1.0370527505874634,0.9450000524520874,1.4078119993209839
1.0281180143356323,0.9550000429153442,1.6175520420074463
1.026969313621521,0.9650000333786011,1.1796319484710693
1.0419654846191406,0.9350000619888306,2.0185320377349854
1.0751218795776367,0.8349999189376831,3.22957181930542
1.061648964881897,0.9000000953674316,1.843582034111023
1.0544019937515259,0.8950001001358032,2.0109219551086426
1.0273569822311401,0.9700000286102295,1.3230820894241333
1.0385838747024536,0.9500000476837158,1.3439019918441772
1.044680118560791,0.9300000667572021,1.9504120349884033
1.0328505039215088,0.9600000381469727,1.2488720417022705
1.044463872909546,0.9300000667572021,1.6082820892333984
1.0340996980667114,0.9450000524520874,1.4894919395446777
1.0594412088394165,0.9000000953674316,2.005902051925659
1.0427138805389404,0.940000057220459,1.4398720264434814
1.0499420166015625,0.9250000715255737,1.6328719854354858
1.0503818988800049,0.9150000810623169,1.6769020557403564
1.0545954704284668,0.8900001049041748,1.9891620874404907
1.043733835220337,0.9350000619888306,1.5843521356582642
1.038009524345398,0.9500000476837158,1.2795720100402832
1.0456733703613281,0.9300000667572021,2.3693020343780518
1.024999976158142,0.9750000238418579,1.0845520496368408
1.0555901527404785,0.9000000357627869,2.6216719150543213
1.038027286529541,0.9500000476837158,1.5159019231796265
1.0276352167129517,0.9700000286102295,1.0741320848464966
1.0435868501663208,0.940000057220459,1.6338518857955933
1.0308672189712524,0.9550000429153442,1.6782519817352295
1.0343523025512695,0.9600000381469727,1.1849719285964966
1.0331506729125977,0.940000057220459,1.6181421279907227
1.034716010093689,0.9500000476837158,1.2954819202423096
1.0285416841506958,0.9650000333786011,1.4221220016479492
1.0303572416305542,0.9600000381469727,1.2544620037078857
1.0348422527313232,0.940000057220459,1.9765419960021973
1.0299253463745117,0.9650000333786011,1.2364521026611328
1.0475326776504517,0.9450000524520874,1.181831955909729
1.024999976158142,0.9750000238418579,1.0500218868255615
1.024999976158142,0.9750000238418579,1.1330420970916748
1.0283234119415283,0.9650000333786011,1.1334819793701172
1.072480320930481,0.9250000715255737,1.2839820384979248
1.0282732248306274,0.9700000286102295,1.068511962890625
1.0263335704803467,0.9700000286102295,1.5254820585250854
1.0282732248306274,0.9700000286102295,1.171152114868164
1.0443191528320312,0.925000011920929,2.0396621227264404
1.024999976158142,0.9750000238418579,1.0665119886398315
1.0265971422195435,0.9700000286102295,1.1690020561218262
1.027503252029419,0.9700000286102295,1.3218621015548706
1.024999976158142,0.9750000238418579,1.0364419221878052
1.0281903743743896,0.9650000333786011,1.2623720169067383
1.0392228364944458,0.9500000476837158,1.328171968460083
1.024999976158142,0.9750000238418579,1.1769819259643555
1.0308711528778076,0.9600000381469727,1.2953619956970215
1.036925196647644,0.940000057220459,1.6265820264816284
1.0379136800765991,0.940000057220459,1.4397220611572266
1.0480458736419678,0.9100000858306885,1.7184020280838013
1.0443371534347534,0.9350000619888306,1.2795220613479614
1.0287539958953857,0.9650000333786011,1.1600520610809326
1.0341461896896362,0.9450000524520874,1.7689720392227173
1.0472311973571777,0.9300000667572021,1.5489320755004883
1.0406222343444824,0.940000057220459,1.4110219478607178
1.024999976158142,0.9750000238418579,1.0765920877456665
1.0331497192382812,0.9650000333786011,1.1475920677185059
1.024999976158142,0.9750000238418579,1.0537419319152832
1.063901662826538,0.8800000548362732,2.316241979598999
1.0273209810256958,0.9700000286102295,1.1024919748306274
1.0347760915756226,0.940000057220459,1.2170919179916382
1.038825511932373,0.940000057220459,1.2175418138504028
1.03809654712677,0.9500000476837158,1.1239320039749146
1.024999976158142,0.9750000238418579,1.0684118270874023
1.027161955833435,0.9650000333786011,1.12391197681427
1.0506776571273804,0.9100000858306885,2.8059322834014893
1.024999976158142,0.9750000238418579,1.0521320104599
1.024999976158142,0.9750000238418579,1.0527719259262085
1.0629059076309204,0.8900001049041748,2.5903420448303223
1.0493234395980835,0.9500000476837158,1.2359920740127563
1.0493234395980835,0.9500000476837158,1.2359920740127563
1.0496593713760376,0.9150000810623169,1.5040820837020874
1.0411138534545898,0.9450000524520874,1.1619819402694702
1.032111406326294,0.9600000381469727,1.1584421396255493
1.0325841903686523,0.9550000429153442,1.2479619979858398
1.0401825904846191,0.9200000762939453,1.6615018844604492
1.0378769636154175,0.9550000429153442,1.3235219717025757
1.024999976158142,0.9750000238418579,1.0570321083068848
1.0438072681427002,0.940000057220459,1.5200719833374023
1.0259761810302734,0.9700000286102295,1.1872119903564453
1.0446497201919556,0.9350000619888306,1.657871961593628
1.0403296947479248,0.9450000524520874,1.1645818948745728
1.0463637113571167,0.9250000715255737,1.3885719776153564
1.0292742252349854,0.9600000381469727,1.341521978378296
1.024999976158142,0.9750000238418579,1.21818208694458
1.0364845991134644,0.9450000524520874,2.1170220375061035
1.0371874570846558,0.940000057220459,1.3370319604873657
1.0269951820373535,0.9700000286102295,1.5335220098495483
1.0537277460098267,0.9150000810623169,2.6094021797180176
1.0433008670806885,0.9100000858306885,2.213482141494751
1.0366634130477905,0.940000057220459,1.4364619255065918
1.0413768291473389,0.9450000524520874,1.184221863746643
1.039945125579834,0.9450000524520874,1.449571967124939
1.0609675645828247,0.9000000357627869,2.0077919960021973
1.0362721681594849,0.9450000524520874,1.6976120471954346
1.024999976158142,0.9750000238418579,1.0592020750045776
1.0284367799758911,0.9650000333786011,1.1556320190429688
1.031495213508606,0.9600000381469727,1.1221719980239868
1.0423716306686401,0.9550000429153442,1.2918519973754883
1.0331552028656006,0.9500000476837158,1.50189208984375
1.036973237991333,0.940000057220459,1.3104020357131958
1.0425077676773071,0.9350000619888306,1.3745521306991577
1.024999976158142,0.9750000238418579,1.2149620056152344
1.0292675495147705,0.9650000333786011,1.3445520401000977
1.024999976158142,0.9750000238418579,1.131842017173767
1.0264906883239746,0.9700000286102295,1.165571928024292
1.024999976158142,0.9750000238418579,1.050981879234314
1.0355453491210938,0.9600000381469727,1.2320820093154907
1.052634596824646,0.9250000715255737,1.5406320095062256
1.0330897569656372,0.9600000381469727,1.0780420303344727
1.024999976158142,0.9750000238418579,1.038901925086975
1.0263456106185913,0.9700000286102295,1.2756420373916626
1.0386898517608643,0.940000057220459,1.356481909751892
1.024999976158142,0.9750000238418579,1.135532021522522
1.0411423444747925,0.9450000524520874,1.464061975479126
1.0308042764663696,0.9600000381469727,1.2398619651794434
1.024999976158142,0.9750000238418579,1.0625019073486328
1.0618258714675903,0.9250000715255737,1.303022027015686
1.024999976158142,0.9750000238418579,1.0641520023345947
1.0291162729263306,0.9650000333786011,1.1197519302368164
1.0467793941497803,0.9500000476837158,1.1948521137237549
1.0315165519714355,0.9600000381469727,1.1572519540786743
1.024999976158142,0.9750000238418579,1.238711953163147
1.0408507585525513,0.9450000524520874,1.3350319862365723
1.0296642780303955,0.9650000333786011,1.0924519300460815
1.027860403060913,0.9700000286102295,1.0715219974517822
1.0364964008331299,0.9500000476837158,1.2295421361923218
1.041797399520874,0.9500000476837158,1.3210721015930176
1.0543594360351562,0.9100000858306885,1.8867318630218506
1.024999976158142,0.9750000238418579,1.0363818407058716
1.0334086418151855,0.9500000476837158,1.401502013206482
1.0369278192520142,0.9550000429153442,1.40926194190979
1.033613681793213,0.9450000524520874,1.259261965751648
1.0363513231277466,0.9500000476837158,1.4544920921325684
1.0442041158676147,0.9450000524520874,1.376141905784607
1.0465396642684937,0.9200000166893005,1.980452060699463
1.037945032119751,0.940000057220459,1.9840821027755737
1.0469651222229004,0.925000011920929,2.3649020195007324
1.0364688634872437,0.9450000524520874,1.1336820125579834
1.0341784954071045,0.9600000381469727,1.0415019989013672
1.0449138879776,0.9350000619888306,1.95661199092865
1.040013313293457,0.9500000476837158,1.3610320091247559
1.029333472251892,0.9650000333786011,1.1609618663787842
1.027267336845398,0.9600000381469727,1.3028221130371094
1.024999976158142,0.9750000238418579,1.0623120069503784
1.024999976158142,0.9750000238418579,1.0838919878005981
1.0314439535140991,0.9650000333786011,1.127281904220581
1.036227822303772,0.9500000476837158,1.2780020236968994
1.0272786617279053,0.9700000286102295,1.117422103881836
1.0307151079177856,0.9650000333786011,1.188102126121521
1.030407190322876,0.9600000381469727,1.2923518419265747
1.0415102243423462,0.940000057220459,1.6315120458602905
1.0524564981460571,0.9250000715255737,1.5765719413757324
1.0339314937591553,0.9500000476837158,1.3706220388412476
1.024999976158142,0.9750000238418579,1.0704519748687744
1.045114278793335,0.9350000619888306,1.2285020351409912
1.0262563228607178,0.9700000286102295,1.1056420803070068
1.0426890850067139,0.9450000524520874,1.2009919881820679
1.0465431213378906,0.9450000524520874,1.181831955909729
1.024999976158142,0.9750000238418579,1.0859019756317139
1.042976975440979,0.9450000524520874,1.1378520727157593
1.0461742877960205,0.940000057220459,1.2659320831298828
1.04219388961792,0.940000057220459,1.564702033996582
1.0292929410934448,0.9550000429153442,1.1964319944381714
1.0380712747573853,0.9550000429153442,1.2193620204925537
1.027796745300293,0.9650000333786011,1.1470519304275513
1.0292385816574097,0.9600000381469727,1.1394819021224976
1.028100848197937,0.9700000286102295,1.1568419933319092
1.0283540487289429,0.9700000286102295,1.0883119106292725
1.0268195867538452,0.9650000333786011,1.1551319360733032
1.038493275642395,0.940000057220459,1.3865220546722412
1.0285354852676392,0.9700000286102295,1.0657219886779785
1.0466563701629639,0.9500000476837158,1.1748919486999512
1.0428361892700195,0.9350000619888306,1.5556620359420776
1.0309314727783203,0.9600000381469727,1.2158221006393433
1.02984619140625,0.9650000333786011,1.1975520849227905
1.0345207452774048,0.9500000476837158,1.3345718383789062
1.024999976158142,0.9750000238418579,1.093261957168579
1.0353773832321167,0.9550000429153442,1.3913019895553589
1.0269542932510376,0.9700000286102295,1.1173219680786133
1.024999976158142,0.9750000238418579,1.104241967201233
1.0416895151138306,0.9450000524520874,1.170901894569397
1.0422533750534058,0.9500000476837158,1.0974019765853882
1.024999976158142,0.9750000238418579,1.0281020402908325
1.0422533750534058,0.9500000476837158,1.0974019765853882
1.0408037900924683,0.940000057220459,1.2916120290756226
1.0378578901290894,0.940000057220459,1.733691930770874
1.024999976158142,0.9750000238418579,1.1120319366455078
1.027112364768982,0.9650000333786011,1.2867319583892822
1.0453020334243774,0.940000057220459,1.3737419843673706
1.0327959060668945,0.9650000333786011,1.0491021871566772
1.0271437168121338,0.9700000286102295,1.0302619934082031
1.0285578966140747,0.9650000333786011,1.1464020013809204
1.024999976158142,0.9750000238418579,1.0728819370269775
1.024999976158142,0.9750000238418579,1.1514519453048706
1.024999976158142,0.9750000238418579,1.0539920330047607
1.024999976158142,0.9750000238418579,1.0383219718933105
1.0524215698242188,0.9350000619888306,1.2531819343566895
1.0285909175872803,0.9700000286102295,1.0663321018218994
1.0325120687484741,0.9550000429153442,1.290742039680481
1.0368400812149048,0.9550000429153442,1.1018520593643188
