306
555
226
823
998
1034
423
48
129
655
687
966
218
120
575
19
33
419
40
461
177
912
390
814
238
196
822
493
666
332
245
939
548
74
573
694
565
763
247
572
511
578
179
592
881
816
222
405
342
880
327
642
58
950
359
538
52
621
819
14
1036
715
795
1005
902
41
268
453
437
645
520
208
778
885
552
463
617
26
834
293
1004
531
603
963
901
188
266
825
706
1056
984
833
175
785
298
522
512
110
893
353
112
27
403
228
315
385
62
80
420
128
947
931
639
1031
170
126
934
527
867
334
455
737
1017
742
518
76
296
1072
828
287
668
664
749
809
765
589
551
102
277
347
600
703
731
336
404
499
943
1073
309
265
597
550
241
383
838
156
95
644
227
224
519
44
877
916
414
225
1045
234
97
210
161
876
710
1050
168
815
954
701
549
818
89
333
413
291
1070
673
236
1053
618
341
915
746
775
951
607
558
158
808
96
246
894
295
1063
920
484
980
301
108
1046
791
658
260
593
933
500
259
195
284
609
154
190
308
171
94
458
436
913
824
636
157
406
435
802
75
340
709
290
401
780
788
767
675
506
418
54
611
1030
105
670
787
1051
417
18
863
539
744
542
604
669
1024
665
672
891
459
202
696
189
1019
489
851
373
972
85
206
233
647
311
663
1003
424
697
415
475
490
563
272
837
262
362
37
734
566
911
215
31
1002
935
232
144
949
1059
330
457
729
504
869
1023
595
946
941
917
827
528
165
361
516
754
900
153
235
17
321
474
764
530
846
543
194
305
1006
541
438
862
445
229
884
82
302
994
159
1000
713
676
845
124
840
16
187
553
878
428
409
123
502
440
131
252
147
739
1055
615
619
724
292
583
622
708
570
431
104
273
214
585
61
132
842
919
908
90
999
714
705
412
243
905
752
1077
460
679
244
510
743
137
387
23
1021
213
396
1022
646
923
448
537
411
429
57
657
985
643
521
140
948
492
856
130
121
452
973
447
602
964
217
937
918
700
81
991
608
462
653
149
1041
843
68
98
582
798
529
164
854
191
866
211
680
526
804
861
800
792
114
24
389
581
92
1010
263
922
146
962
1032
547
4
957
109
5
591
297
107
982
145
852
155
1028
625
176
64
875
106
944
859
782
533
1054
1009
1008
254
766
200
271
567
478
590
580
606
43
288
198
394
253
174
1015
691
601
559
723
865
873
717
784
967
830
63
454
930
695
627
181
251
907
376
735
67
8
11
350
6
776
1065
882
178
844
924
59
534
628
777
307
975
812
38
60
1040
380
781
377
83
39
807
207
634
783
449
379
275
707
444
216
598
471
803
817
193
279
329
605
682
365
545
138
727
71
116
561
886
631
992
652
494
564
667
314
285
909
853
250
870
433
968
432
163
540
712
745
289
141
768
480
397
1025
51
587
173
932
1014
349
34
70
2
760
693
370
532
524
395
317
879
925
981
892
240
1012
1039
441
180
660
239
374
610
860
831
274
162
888
620
199
22
955
503
21
685
1066
451
13
626
501
319
979
167
612
758
929
921
536
839
686
87
25
613
756
381
28
282
1001
730
339
751
698
635
689
733
651
443
446
166
1052
899
805
630
671
119
367
790
623
378
586
535
1061
303
276
952
718
172
407
358
375
557
472
674
810
286
571
508
990
398
993
355
344
185
360
958
848
29
796
343
209
661
648
755
1076
485
384
7
324
509
270
134
10
1011
546
871
497
801
938
402
261
479
688
354
469
997
786
410
961
1047
910
66
205
242
753
368
221
125
969
789
953
747
574
568
280
393
554
1038
46
496
956
47
73
629
544
212
498
382
562
1018
400
978
1
430
513
750
1020
135
366
69
42
55
762
118
995
86
357
757
264
806
740
649
835
127
386
716
1016
656
684
936
79
1064
256
889
