77
96
177
150
267
213
139
348
489
305
378
162
375
352
98
253
159
172
231
113
69
387
36
216
49
205
278
245
261
264
270
419
187
194
323
411
228
265
452
410
140
189
353
129
20
79
143
499
24
166
217
336
54
105
266
263
209
293
399
241
78
376
424
204
43
269
215
456
495
394
366
373
276
268
199
37
30
42
119
81
152
406
97
331
103
232
451
39
329
196
325
124
342
475
137
112
350
17
9
230
233
188
65
473
31
309
175
401
487
132
156
347
160
360
310
409
68
307
72
1
206
211
466
273
434
380
12
178
384
383
326
82
163
84
8
0
370
55
32
239
412
210
439
314
190
421
254
33
377
327
169
107
88
480
170
47
111
131
359
288
66
138
486
390
185
235
427
173
60
219
258
41
274
197
460
146
4
260
294
58
315
144
429
109
414
243
405
117
73
496
171
345
35
321
283
449
52
490
63
458
338
371
418
295
332
364
297
122
80
3
281
244
251
104
304
457
13
95
339
407
165
284
92
191
389
306
21
141
45
164
207
256
222
337
151
335
432
408
61
301
22
290
108
220
71
29
59
2
498
272
