456
315
119
473
327
161
452
17
354
331
314
455
254
106
460
226
229
7
297
412
198
203
162
474
316
293
202
362
469
53
200
120
335
224
144
24
338
205
496
153
441
84
301
414
127
351
214
194
330
143
77
154
321
207
86
259
121
230
9
263
31
261
289
179
222
219
418
285
155
2
124
55
361
366
385
197
431
396
49
400
273
271
344
305
180
497
108
423
57
22
176
499
432
428
199
115
478
98
355
295
150
369
216
52
388
129
256
107
249
282
104
242
141
382
437
371
296
345
270
186
395
133
346
416
101
116
40
47
234
276
480
326
485
264
170
136
105
348
113
406
389
381
231
367
248
281
461
284
145
375
238
151
377
488
300
67
42
130
95
257
339
193
10
356
217
184
333
486
221
78
415
68
171
26
156
350
347
358
387
365
99
269
303
444
310
308
181
424
29
287
272
434
313
45
16
408
409
336
304
158
109
51
363
425
210
146
94
465
237
39
470
236
87
233
91
227
20
139
280
74
390
317
278
494
391
201
90
378
195
102
403
475
188
426
255
349
73
481
174
413
30
225
165
267
54
244
147
419
140
142
265
178
3
262
286
204
401
332
352
89
32
436
368
164
28
18
62
97
325
111
235
397
311
492
208
359
173
215
160
81
27
292
450
172
420
394
443
495
189
324
489
487
138
329
312
80
484
250
23
168
46
14
123
190
63
260
245
307
76
466
343
498
35
4
341
177
96
379
328
472
491
211
360
69
37
446
206
253
477
398
218
266
372
247
476
417
457
468
232
92
185
12
59
79
192
70
19
137
342
72
449
21
370
483
163
1
167
427
15
239
290
0
66
451
43
340
364
458
88
306
38
274
435
64
75
