602
944
421
331
1022
21
410
1008
509
469
538
88
1040
454
175
1009
157
490
474
574
56
268
227
989
453
541
352
161
8
256
117
38
582
308
929
1071
1026
939
252
725
636
204
176
1055
617
735
862
752
925
932
30
948
930
178
790
493
1060
816
429
619
266
209
185
110
82
649
800
984
686
521
685
296
1011
242
661
221
736
1070
90
734
808
616
964
1046
409
706
783
2
662
567
889
710
340
443
145
628
317
434
384
78
333
47
362
999
835
7
821
11
1059
688
19
121
979
641
746
874
402
959
1021
188
248
887
282
815
875
802
849
777
769
767
980
357
776
794
608
1052
757
1002
1017
550
466
525
801
756
576
203
920
328
860
813
634
480
14
166
417
1067
63
765
810
488
941
