96
306
193
271
341
374
207
105
468
408
437
97
425
482
456
191
273
364
162
312
489
481
166
298
238
285
21
197
70
92
210
237
131
195
276
171
32
399
310
189
264
244
417
429
283
199
279
108
416
182
63
134
47
420
272
458
304
377
222
185
129
263
151
393
59
10
445
155
65
403
112
89
249
450
258
365
81
424
260
353
48
318
443
82
499
322
447
309
106
316
454
0
495
31
413
439
58
53
358
471
25
84
476
409
103
314
236
124
313
267
366
448
76
5
164
235
384
345
242
200
498
351
221
335
204
334
146
215
442
228
292
349
344
342
115
9
250
483
46
203
75
401
288
227
212
14
150
143
330
51
347
305
180
23
332
311
158
231
494
123
147
462
467
140
132
20
49
390
496
373
293
451
122
360
434
487
71
282
149
91
257
371
397
253
240
26
109
392
411
127
36
245
391
34
453
266
368
208
464
133
145
336
214
192
317
128
90
4
99
291
394
104
419
307
41
299
116
485
427
308
85
363
232
486
269
7
388
154
287
211
216
355
102
35
126
181
432
415
67
22
480
492
473
327
139
44
428
98
414
121
