1482
1419
8460
10032
10222
5610
3442
4013
5746
7679
5086
2985
5222
662
8406
9551
4962
10331
4832
5081
8902
8079
498
7259
3093
5397
10498
2914
2631
7396
5001
3914
275
7247
9368
2718
3888
8640
7209
1995
1658
3790
4666
4110
4805
6440
7860
4648
3813
2456
324
8938
6987
8912
2452
8698
5351
2440
4039
9307
9801
4314
7483
2377
4588
5411
6890
2894
7664
5995
9403
10095
7884
7746
8703
204
456
9421
988
1148
3835
8775
4493
5181
6402
1218
10044
2411
10047
7898
8137
5022
3595
9531
7926
3332
2618
4724
8757
7333
1037
10474
5174
8773
1898
337
4382
9028
3066
8532
2668
4662
4254
8269
8726
6720
2497
10099
6185
4726
1993
7360
1394
4310
4834
5237
3164
6260
2528
6927
3231
4770
10158
9043
5910
10384
6370
9581
4999
6400
7864
3566
4823
5842
626
5895
396
8061
2390
2283
8648
2011
3799
8509
9865
10618
6775
9665
6448
9499
4375
10136
3741
2905
6569
7080
3374
1743
7567
8860
8048
3404
6172
2131
3400
3288
10148
3223
4293
1243
1953
7931
810
9347
9615
9086
7613
3563
5
4385
9947
2907
8380
8189
1696
446
4889
2224
10555
1880
757
7183
6730
7525
2868
7678
9290
9644
6596
1564
1533
750
7796
8538
1343
9132
3636
1427
8426
9741
7971
3807
1969
5945
9400
3165
779
7859
10326
8384
3005
7177
545
5884
10127
760
8848
1479
3777
7810
6798
6128
2702
5327
9207
1758
3041
3275
5225
7641
4422
170
1538
1110
6518
40
7597
7180
5741
1097
9260
8560
1848
5735
10623
7909
1712
8704
2193
5111
1812
10192
811
5201
8925
8468
8677
7677
2666
4895
5541
3781
566
2648
10374
2845
10072
3191
2988
6893
6696
1137
9504
5288
10227
4224
3523
10324
6561
1127
30
1146
3125
9342
847
8878
8335
7518
1017
1819
9642
5026
974
9365
10170
7576
2134
3098
3245
187
3137
1321
3083
10426
6488
1698
5612
8171
4413
2016
8045
5434
4642
7475
9698
5453
4576
1835
479
8821
3834
6146
5094
2248
7836
5532
10018
6413
9939
8105
8144
8768
6254
1450
5780
8951
2135
10208
303
5609
9889
4229
1724
2915
10191
9393
1330
9915
9493
4146
7550
8834
955
1019
7807
6302
6664
4441
4602
8136
132
6632
4335
1486
17
9473
638
3102
5373
2294
6737
5578
3743
6588
6816
5857
6349
3512
1034
8054
9579
4206
1236
7337
10388
4407
3985
615
8160
1399
9693
8411
4654
5710
8163
3347
6403
6993
10243
2808
10554
1180
9673
729
2427
3765
7111
9139
5848
9562
8761
3729
2481
7886
46
2454
3475
9059
171
9294
9989
6174
8763
7304
3026
2848
1894
452
4239
6934
7260
4506
1838
1072
2837
3837
3014
8691
482
6313
9619
1952
3289
9382
104
6468
6729
1718
9077
1777
1624
3800
5653
5350
8567
73
570
2959
4043
870
10069
9709
2940
4556
6214
898
4683
2295
6041
3132
1382
10280
707
5429
5781
9423
8799
5897
6481
391
3695
3216
605
4087
6300
9243
6633
3759
3610
5401
9027
7205
7303
682
5488
6996
5216
10307
9753
297
4819
7594
6799
10434
7515
3055
4525
762
4179
4266
7172
359
31
10478
329
4014
1649
4163
9848
7517
4614
3259
3791
7459
4291
8224
7487
5517
7122
7037
6334
668
7928
150
1933
10338
1600
2376
2210
1158
6353
266
1172
980
10322
4577
7588
5946
856
6287
57
1704
7759
9758
602
293
5608
7849
5359
517
496
6573
5356
2466
967
9205
4321
7187
4863
5420
8662
2584
3198
9123
1129
3956
4845
7949
203
5967
599
8231
2501
10096
6286
3420
4833
7957
8815
3167
1587
1196
1635
4971
7894
8382
8740
8008
3080
9434
9275
8321
8021
9967
660
4150
8472
3681
7300
6180
345
4449
8363
10320
1136
8168
4983
2809
6027
5602
7891
3662
973
8615
6017
3556
2774
1490
7651
10122
4584
9984
7264
9624
7706
8595
5047
8070
7650
9109
9468
8974
1772
4771
6622
8476
8617
4151
10083
2054
8395
8059
8427
2505
4032
9765
754
4453
4947
55
10154
1897
10197
8864
7498
1501
5334
3868
4063
6381
6248
7983
1465
3366
3268
110
7361
1610
5257
4158
1592
4720
9069
219
4394
5937
9923
5508
5114
5105
1299
1857
3730
2388
8305
7257
2539
8467
7469
10056
7440
2952
10366
2547
4813
10133
10411
9032
1967
4617
6656
8899
2332
4055
7875
9470
10482
8898
9601
4317
3412
1935
3040
4006
557
6299
2619
3591
5251
4539
7941
4679
7826
9567
8995
4985
9172
4894
7422
402
5305
2462
10570
8099
644
10071
6515
9070
3210
10395
9775
3597
5659
3932
5711
3034
10506
7536
7436
10129
9820
7959
6560
6009
8022
3509
3157
2126
1821
292
5276
10607
7230
8939
4549
7666
10156
2890
6031
6975
1500
3168
2085
2263
2608
3758
10209
3726
4408
1254
1548
7762
3051
8236
4185
8600
8219
4702
7703
8069
10221
125
2625
5705
9451
3484
4416
2244
2560
2847
1350
3979
7732
9478
4844
4383
7605
5290
885
7068
3814
2154
7321
10420
7320
2641
1736
8101
313
9011
5496
7135
6574
9900
4673
3445
5934
4950
4796
8946
9269
2304
718
47
6164
6310
9788
8331
8280
5511
7835
2197
7351
8033
4750
121
4843
2373
5277
8408
426
6748
9500
888
8357
7282
9757
7041
1547
8286
7094
7630
7454
8531
2309
286
1025
276
6918
6822
7159
8785
8303
1627
1013
2910
4620
6340
7225
1525
9917
7494
3242
7815
9518
397
2068
6295
521
54
2078
6655
7442
7343
5635
9353
404
4312
5917
375
5267
5000
4555
8918
1051
3940
3324
4078
740
2911
7354
902
5693
4248
7696
709
4572
1656
6452
3375
7238
6150
10369
4135
94
7572
8232
2494
10023
9844
348
8625
9033
379
8590
9225
7671
284
1333
4025
1195
2335
597
6911
6388
2866
5828
2893
871
3944
2315
2749
4482
9220
2770
4898
10375
3009
3716
9772
7857
8961
2352
10410
5799
9341
6717
7164
6059
4118
1067
7879
714
7301
945
3903
741
10142
1636
8434
3109
7448
9196
10444
523
1232
6393
2096
4218
2249
2592
2699
7834
9718
1497
10241
9752
5543
6852
3515
6674
2300
51
4749
9112
1793
62
9589
2031
9653
4436
7939
6055
9901
5776
5825
10270
971
2469
2127
2888
8289
3808
7586
6296
5241
4107
7540
8149
3079
4145
9979
84
5695
3300
1445
6897
3099
642
9230
507
9374
9674
3115
3930
9375
6603
6453
419
3920
7711
1811
10293
4913
3703
6721
9025
2255
9664
4496
4454
7656
3193
3721
911
2903
4928
2491
4451
4794
502
2764
9680
8602
8730
6407
10252
7102
6325
9842
3661
5376
3974
4579
8039
6093
1263
5657
759
7527
5396
3631
8900
10137
5844
9255
193
6269
6384
4966
8979
7423
6551
9903
7522
3651
4367
8005
4251
946
8934
4922
126
5681
8247
9095
4492
1739
9304
8987
3628
9057
5660
2247
6232
1387
7618
8118
7371
6065
8741
3964
7382
5977
2306
8342
8561
3977
10563
1944
1866
7745
10030
2428
225
8606
10218
4862
4120
3143
1681
1414
5108
1609
9855
882
4608
6819
4372
9660
9879
8594
2261
528
9935
9289
6968
6604
13
8767
7174
131
497
5600
394
747
7881
9607
6238
6192
10409
3243
8907
9042
9273
1973
2604
8855
976
6926
9815
9782
9822
6548
6593
7773
8302
7058
6733
1183
8794
5129
8399
3301
8057
514
8063
5236
1839
2298
3049
8978
2036
679
8112
1892
6303
50
8184
2558
5703
7065
3112
8685
9540
2099
987
7710
777
2962
454
2024
4418
968
2172
8060
4951
1950
8638
1655
3142
9541
5200
5382
3958
7582
8632
6846
2490
2762
6120
1408
4194
6149
9685
1163
6540
5118
2810
1359
6358
5272
5993
5860
7573
3630
706
68
766
8498
8169
3766
2443
4735
7055
6594
1147
3194
8613
483
1328
784
9166
8311
9371
10166
1728
4599
6387
5492
1992
2885
8889
722
389
2280
4543
7504
1870
6947
9544
7717
9733
10288
6062
1410
9705
7974
10518
3472
3909
5872
7137
2215
5134
783
7093
6294
2069
5870
4212
2887
3431
9394
5683
6258
1327
9097
10511
6363
5855
8771
8423
3894
10118
2314
8986
6159
3312
8733
2107
3428
1530
4717
2667
9784
10446
4917
8592
5925
6158
8731
6589
5684
1749
3285
1142
10202
6524
9760
4896
5941
872
8187
6587
3934
8905
8379
6220
5667
5959
3605
9983
792
2487
10431
5783
5227
163
4159
10164
5953
970
9117
8882
3980
9821
9148
1966
3931
6648
639
6709
1672
9280
9684
6889
10461
6373
2282
4340
9472
8037
5059
1443
6741
6282
6405
8556
10117
6697
1266
4128
10558
5620
9074
4734
7316
4144
2277
1665
255
9380
4423
6479
7599
3613
5495
8344
1002
6868
8463
8372
1397
7715
113
3372
3406
9545
7216
1149
2434
1603
4062
1841
3658
5300
9897
7124
6095
5818
913
2138
5832
60
2190
9831
4166
2715
8849
9851
5349
1423
8574
6530
2930
8142
7365
4740
7253
8809
2234
8176
9958
2691
5346
1331
7470
3749
6951
6344
2305
7947
2259
10103
10425
6230
5919
4685
9107
6692
5480
6892
290
6130
7486
753
7398
2150
5887
18
8758
4857
9538
43
9603
3755
8948
6654
4848
4994
8515
5005
4772
4542
7088
3574
1856
752
268
5853
8626
6395
2420
5561
10185
2034
8066
9650
9277
9262
10343
2265
1092
7367
267
10573
4255
1231
4589
1494
9104
9198
5057
3240
4504
6288
702
6807
6129
4393
330
10279
4968
8861
8250
4235
6685
1123
667
10120
9140
4624
2801
4975
1985
10584
7120
10292
8403
409
2358
2357
4973
4132
9399
1815
6736
5796
8486
9997
283
4514
5363
9636
9036
6812
8245
257
5018
8501
854
2763
2302
9783
8922
691
6465
8786
5399
6472
4741
1903
9212
5503
4308
1929
4780
7922
5936
10401
2121
6781
8128
6415
8156
5972
4855
4736
5425
8679
5966
9030
1453
2926
2204
6662
5539
6231
9146
9386
7015
9203
9754
5956
2092
9620
530
8906
489
7861
6759
3388
5017
10586
7143
7324
5587
1244
4623
2570
6735
3446
8499
6318
10159
2061
6176
8394
9743
1473
9339
5605
3731
6411
9649
5611
9994
7631
1026
646
8125
10231
4868
408
1705
115
1885
37
6547
8570
2128
5054
5357
4086
8147
6523
2351
5385
4557
7526
5661
5830
3370
8405
4491
1987
4306
144
5077
6764
6808
1071
10080
6454
1305
3751
10605
1440
8117
8530
5575
533
2996
8956
2649
455
3303
1170
3586
1687
7559
8461
1404
4688
9804
5084
9872
4456
3138
4729
5771
1754
5467
7600
3485
405
8347
4825
4300
3127
3202
3162
7635
905
5524
9193
7806
2475
2288
10415
7012
2812
2897
7976
756
1024
299
8416
486
7353
8258
4257
1256
2933
7030
3933
904
8550
7144
7511
8352
2045
3608
1759
2043
710
7258
9101
9596
9376
9781
1476
3081
3623
4081
2601
6189
5547
300
2435
8817
4927
364
3901
674
1385
7568
1532
5788
4100
3447
5719
9249
8827
5323
2976
380
8894
8723
7839
7800
2476
4911
1667
7520
9847
7681
485
5764
2348
2818
4354
6354
27
2464
9150
6665
8926
8873
8002
1150
4604
6145
5196
9956
5893
1177
2536
2000
173
8229
2529
1742
9681
1306
2408
3803
3007
5140
2656
10501
9896
544
680
7680
7463
7729
4355
362
2958
1109
9389
7308
5379
3389
5724
8650
7738
2707
2430
4944
3033
9906
9694
4515
9898
2339
4409
4497
10359
6441
5418
5694
6039
9932
4800
6460
3922
649
654
9152
7386
7138
7079
3039
8072
8605
1798
6470
4104
2137
5634
2181
5717
8901
9713
1200
4609
10082
5494
2324
5601
3496
6030
8253
5033
896
8989
3100
8788
7543
4399
6536
9759
2356
1715
2513
8458
9247
3067
10484
7892
9177
4707
5035
2607
2417
9125
2525
7276
4447
8727
6168
5110
2129
4522
1355
194
7071
124
7118
8793
2929
6806
3533
9816
5655
5115
3261
4859
2703
6064
169
5254
6015
9250
8832
9974
4613
2033
5147
8338
9034
4341
2149
1360
9627
2393
1596
7774
8984
4634
8459
4670
9398
9492
985
6734
6421
214
705
5265
7769
3394
3564
6945
3780
1124
5136
9943
5130
2065
2026
4996
979
3498
473
590
5833
2775
8012
1093
917
10414
3322
5542
7669
2047
4871
8772
10423
7828
806
2166
10381
6703
8391
7334
10114
4721
8151
3514
7066
4545
5012
6389
1852
10608
1808
4322
5843
6532
5413
1041
8450
9263
7837
4171
6138
363
9092
2620
142
1785
0
6820
4635
332
3228
7375
4471
1044
3305
6894
8398
9167
10233
4430
3565
3624
7985
7399
6188
413
118
3304
5815
9716
5814
7619
10116
875
433
3823
6978
3298
7516
10131
9534
10100
6364
3054
1363
1166
540
5666
1514
6038
3961
7548
3028
9259
5881
984
3697
3576
5340
2523
9763
5692
9611
5811
7413
3362
9334
5770
240
3052
582
2136
9740
7235
10050
3913
4930
8027
1906
10285
4440
4250
254
4761
8993
8340
4105
1287
3554
8512
4330
1797
4380
9391
6183
5577
5680
6838
5729
3018
4188
7246
822
9305
6170
1683
7237
6291
3739
10271
6580
8562
9874
4052
2199
8816
7480
641
7009
10317
7674
4237
4828
10162
2550
5229
3097
3464
8693
2375
9345
10549
9274
109
390
6670
907
5675
9252
3923
1755
2257
7456
3361
10551
2073
3292
5886
1706
7873
696
6913
10094
10226
5291
10130
703
1893
3602
2471
7342
1164
2816
9927
1094
3886
5263
8259
4646
2415
8268
9276
4173
1347
6961
7419
10421
6712
2081
23
2854
9933
1261
3020
4403
7948
2326
3505
8291
7563
8249
5128
1612
6135
8011
398
6473
6111
6783
4942
2498
8917
3705
10306
4982
10315
10361
5797
7220
9717
10041
6788
10272
1279
6959
172
4390
8930
4536
6789
6404
4267
385
10529
6385
4949
4115
6267
10278
14
3793
4710
7266
1996
9237
5514
5208
501
3952
1377
1522
340
2646
6844
3845
10026
10022
4563
7263
1685
7010
5337
6072
3387
6704
6079
10010
818
8734
5664
4208
3672
9060
3938
7129
2606
10512
206
2066
1307
4313
5454
4485
4946
2400
6660
2573
3710
8825
5248
6546
3271
5626
8263
10488
8577
10460
5877
4435
8491
6609
8928
4017
8216
9155
1650
6365
7688
5091
3145
3126
9520
9990
3609
2755
1057
6673
6867
937
5789
1678
3511
10
6708
4574
2767
906
9952
5121
8422
2372
5947
10589
4461
10167
9183
9580
2414
5162
6249
19
8936
8992
6368
6243
8351
4203
8896
4376
9108
8523
6658
7327
4705
5421
3592
4271
7877
3257
10521
5533
3350
4621
9992
4502
367
3772
7814
4190
2922
745
2508
6860
77
780
2232
7114
1241
6583
8500
1407
9602
2659
8410
5098
4897
4400
8255
6399
2401
1734
730
1422
5803
9866
749
6003
7381
6338
5974
6218
3122
1246
1869
4378
561
8456
998
4282
1572
6205
1757
8536
2827
7152
5293
3812
8042
7533
7191
5505
3457
6591
7724
10059
10412
9695
8435
4053
7189
6681
7412
6553
3459
8293
10626
2272
9937
2913
3746
7754
2214
1689
8866
4507
1388
2027
3852
5409
8237
2750
3995
450
2010
6904
7817
7280
10075
5458
3825
6678
6181
10553
6244
2895
9557
5761
5053
4774
6001
2089
8954
6521
4141
6025
1223
9332
7025
2826
32
2548
7157
3519
2289
9703
10447
3864
1918
3713
205
8921
5217
2338
7865
10335
7484
8199
8393
2622
7714
4495
5271
3199
9873
2125
2917
6217
5845
2693
5036
8207
8183
5992
78
9438
9173
5219
9037
6745
8088
2461
21
1660
2236
1883
8620
2583
6840
5395
4092
10604
4228
9826
9190
4517
1720
7394
2533
3352
3649
8075
9575
9796
5204
1362
8736
5687
2156
3706
10577
1052
2680
7513
2114
3429
9485
7069
9930
10171
1875
2051
3095
4513
3698
8067
879
9585
6139
2141
3244
4885
7252
9764
1591
4926
9790
829
5260
5787
3966
1556
5317
1039
9
6307
277
8781
4210
8610
3884
9459
3690
1901
3912
10141
3601
3452
8226
1657
8597
8240
8700
154
3839
2673
8977
10392
3578
1726
8645
2345
6752
7764
6917
6714
1806
2143
10055
9061
3149
8121
6641
4478
5282
6516
3279
223
7244
7059
9431
4028
2317
2113
1374
4867
8619
10128
5198
3847
9891
2021
10177
4238
7695
8846
3984
3200
6184
6504
6023
5579
4860
6817
6653
5639
7147
6315
813
9570
5311
3891
8349
10560
7087
8175
6577
5159
862
8041
2052
1504
2179
548
1242
5813
2790
1559
3970
306
7432
7741
9352
3618
7167
1773
3383
9597
10102
1840
6718
1096
3947
4487
6969
1553
6110
7261
4977
5412
6103
1451
2712
1917
1713
5658
4639
6668
10594
9366
1654
295
9216
5513
8096
3939
7765
6126
4452
4909
2983
3237
271
4547
89
10450
9458
2904
10183
5668
1169
7476
4263
7702
160
5444
6013
3819
2250
4221
5640
1058
5883
10378
10064
9730
5154
246
7004
7374
8019
7444
2973
7086
4566
7292
7028
5460
7042
7915
1781
5923
3176
7615
584
7313
9604
5083
5232
3545
6489
1902
10452
5393
2672
7734
3000
8490
2012
9852
10104
6525
4095
6899
8722
8684
4288
4091
5663
2379
1756
633
1511
1673
1931
4147
8178
9890
476
10043
5795
6744
5318
8513
2392
3479
8831
8318
3999
4943
2202
1555
350
3943
8502
7446
2445
3606
8373
5537
3960
1392
8438
9467
2182
1234
416
5563
2168
1384
7545
5138
7595
6428
5123
5866
7403
8158
3150
8228
8064
5117
6651
1265
7109
1159
2110
2972
9949
6691
1807
5744
429
1179
8720
10347
1395
1763
9479
7977
2934
6142
8503
8489
6450
7311
6984
2714
48
8813
5052
151
3031
3659
10224
9322
4829
5090
4961
9256
1578
7637
1334
5509
1006
7924
3
6617
7104
522
1009
5865
4428
351
728
2794
518
9053
7389
7161
9002
3951
9701
2431
5942
5981
4231
10089
9241
7460
8000
5303
218
10496
10330
6328
1082
5415
8774
4795
7913
9527
7165
7987
2474
10475
7100
10143
6953
424
1405
1352
2087
6695
3887
7833
1589
9351
10603
9853
8833
1694
1357
8148
6437
6527
10289
5786
2704
9622
7930
3399
6301
3615
676
9515
10437
1055
1202
9537
6177
1318
943
7850
9737
2683
1339
3110
2142
6002
3760
4787
2030
6797
2097
8601
5173
1576
768
8537
4627
5321
9749
1316
8230
5531
3108
1814
8797
2444
34
1401
3757
10490
2437
1716
7993
6140
5905
4691
10244
431
9020
4713
1790
1237
7713
7185
7497
122
8261
5320
7197
624
6683
5152
9954
9843
8950
940
9999
4258
2323
10013
186
6127
8078
609
835
9706
10413
9476
10138
9996
4953
7199
3694
10132
3141
2090
9035
8451
6843
5928
3076
1874
7416
3029
10006
2820
2876
7265
10418
791
7019
5943
7950
10489
5864
2838
3991
4131
4826
7840
2546
7275
7882
4606
7829
7355
5189
6686
10579
6
6083
87
8655
1272
7234
5353
10627
1644
9871
4784
8068
8097
7098
6343
7227
1598
8737
8535
772
3507
7953
8295
3915
10175
8507
5718
9402
4386
6044
7441
6765
717
5497
3435
6045
8576
6880
6483
8032
9223
2690
1278
4338
7659
2394
3642
2519
