1.0910000801086426,0.9910001158714294,3.0000052452087402
1.1890000104904175,0.9910001158714294,2.9999923706054688
2.0360000133514404,0.9769999980926514,2.9999914169311523
1.253999948501587,0.9930000901222229,3.0000016689300537
1.215000033378601,0.9920001029968262,2.999995231628418
1.187999963760376,0.9900000095367432,3.0000057220458984
1.1489999294281006,0.9900000691413879,3.0000016689300537
1.1489999294281006,0.9920000433921814,3.0000057220458984
1.2359999418258667,0.9900000095367432,3.0000057220458984
1.2660000324249268,0.9860000610351562,3.0000033378601074
1.1139999628067017,0.9879999756813049,3.0000059604644775
1.2130000591278076,0.9900001287460327,3.0000011920928955
1.3749998807907104,0.9900001287460327,3.0000040531158447
1.2680000066757202,0.984000027179718,3.0000061988830566
1.3029999732971191,0.984000027179718,2.9999969005584717
4.732000350952148,0.9340000152587891,3.000002861022949
1.3709999322891235,0.9910000562667847,3.000002145767212
1.0760000944137573,0.9940000772476196,3.0000064373016357
1.2649999856948853,0.9880000352859497,2.999997138977051
1.055999994277954,0.9950000643730164,3.0000057220458984
1.0820000171661377,0.9950000643730164,3.0000057220458984
1.0950000286102295,0.9950000643730164,3.0000057220458984
1.1449999809265137,0.9930000901222229,3.0000014305114746
1.2280000448226929,0.9950000643730164,2.999997138977051
1.0809998512268066,0.9940000772476196,3.0000054836273193
2.766000270843506,0.9679999351501465,3.00000262260437
1.2280000448226929,0.987000048160553,3.000002384185791
1.2350000143051147,0.987000048160553,3.0000014305114746
1.3170000314712524,0.9910000562667847,2.9999964237213135
1.468000054359436,0.9839999675750732,3.0000014305114746
1.0770000219345093,0.9930000901222229,3.0000052452087402
1.5240000486373901,0.9900000691413879,2.9999983310699463
1.49399995803833,0.9850000739097595,2.9999969005584717
3.1010000705718994,0.9649999737739563,2.9999940395355225
1.6169999837875366,0.9859999418258667,2.999990701675415
1.942000150680542,0.9809999465942383,3.0
2.6110000610351562,0.9709999561309814,2.9999985694885254
1.189000129699707,0.9900001287460327,3.0000057220458984
1.2340000867843628,0.9900001287460327,3.0000014305114746
2.115000009536743,0.965999960899353,2.9999988079071045
2.068000078201294,0.9729999303817749,2.9999911785125732
1.2029999494552612,0.9890000224113464,3.0000014305114746
2.1540000438690186,0.9760000109672546,2.999995231628418
1.2150001525878906,0.9900000095367432,3.0000014305114746
1.2309999465942383,0.9890000820159912,2.9999969005584717
4.247999668121338,0.9420000314712524,3.0000030994415283
1.1770000457763672,0.9900001287460327,3.0000057220458984
1.1859999895095825,0.9930000901222229,3.0000057220458984
1.222999930381775,0.9920001029968262,2.999988317489624
1.2890000343322754,0.9829999804496765,2.9999966621398926
1.095000147819519,0.9950000643730164,3.0000059604644775
1.061000108718872,0.9930000305175781,3.0000061988830566
1.9609999656677246,0.968999981880188,3.000002861022949
1.2300000190734863,0.9869999885559082,3.0000057220458984
1.3209999799728394,0.9860000610351562,2.9999966621398926
1.3500001430511475,0.987000048160553,3.0000040531158447
1.184999942779541,0.9920000433921814,3.000005006790161
1.0850000381469727,0.9940000772476196,3.0000059604644775
1.320000171661377,0.9880000352859497,3.0000040531158447
1.028999924659729,0.9950000643730164,3.000004768371582
1.3100000619888306,0.9850000143051147,3.0000011920928955
1.694000005722046,0.9850000143051147,2.9999966621398926
1.308000087738037,0.987000048160553,2.9999964237213135
1.2580000162124634,0.9930000901222229,3.000004291534424
1.3119999170303345,0.9839999675750732,3.0000054836273193
1.1979999542236328,0.9940000772476196,2.999992847442627
1.1430000066757202,0.9940000772476196,3.0000014305114746
1.912000060081482,0.9850000143051147,2.9999966621398926
1.3389999866485596,0.9900000095367432,2.9999969005584717
1.0879998207092285,0.9950000643730164,3.0000061988830566
1.0529999732971191,0.9950000643730164,3.0000052452087402
1.191999912261963,0.9950000643730164,2.999990701675415
1.218000054359436,0.9869999885559082,3.0000059604644775
1.2380000352859497,0.9860000610351562,3.0000011920928955
1.1829999685287476,0.9930000305175781,3.00000262260437
1.2380000352859497,0.9930000901222229,2.999988079071045
1.6959999799728394,0.984000027179718,2.9999990463256836
1.1389999389648438,0.9880000352859497,2.9999969005584717
1.0839999914169312,0.9940000772476196,2.9999966621398926
1.2850000858306885,0.9930000305175781,2.9999992847442627
1.3320001363754272,0.9900001287460327,2.999997138977051
1.1630001068115234,0.9950000643730164,3.000005006790161
1.1349999904632568,0.9930000901222229,3.0000059604644775
1.1999999284744263,0.9950000643730164,2.999995231628418
1.3029999732971191,0.9839999675750732,3.0000011920928955
2.0310001373291016,0.9750000238418579,2.999990940093994
1.090000033378601,0.9950000643730164,3.0000059604644775
1.335999846458435,0.9900000095367432,3.0000009536743164
1.1730000972747803,0.9950000643730164,3.0000038146972656
1.0929999351501465,0.9950000643730164,3.0000057220458984
1.2640000581741333,0.9910000562667847,3.0000040531158447
1.1409999132156372,0.9920000433921814,3.0000064373016357
1.0910000801086426,0.9950000643730164,3.0000059604644775
1.030999779701233,0.9950000643730164,3.0000052452087402
1.2969999313354492,0.9900000691413879,2.999997138977051
1.2259999513626099,0.9910001158714294,2.999992847442627
1.1089999675750732,0.9950000643730164,3.0000052452087402
1.1430000066757202,0.9920000433921814,3.0000059604644775
1.190999984741211,0.9880000352859497,3.0000061988830566
1.0509999990463257,0.9950000643730164,3.0000057220458984
1.2110000848770142,0.9839999675750732,3.0000057220458984
1.2070000171661377,0.9869999885559082,3.0000059604644775
1.2980000972747803,0.9829999208450317,3.0000014305114746
1.5419999361038208,0.9779999852180481,2.999992609024048
1.1379998922348022,0.9900001287460327,3.0000057220458984
1.4789999723434448,0.9799999594688416,2.999992847442627
3.950000286102295,0.9740000367164612,2.9999966621398926
1.7310000658035278,0.9750000238418579,3.0000016689300537
1.1380000114440918,0.9910001158714294,3.0000054836273193
1.3259999752044678,0.9890000224113464,2.999999761581421
1.2630001306533813,0.9930000901222229,3.000001907348633
1.0700000524520874,0.9940000772476196,3.0000016689300537
1.2150001525878906,0.9900000095367432,3.0000014305114746
1.246999979019165,0.9880000352859497,2.999999523162842
1.1129999160766602,0.9920001029968262,3.0000059604644775
1.1449999809265137,0.9930000901222229,3.0000059604644775
1.1970000267028809,0.9890000820159912,3.000004291534424
1.5490000247955322,0.9839999079704285,2.999997138977051
1.570000171661377,0.9839999079704285,2.9999969005584717
1.0950000286102295,0.9950000643730164,3.0000054836273193
1.3530000448226929,0.9900000691413879,2.9999992847442627
1.2870001792907715,0.9840000867843628,2.999995470046997
1.475000023841858,0.9810000658035278,2.999999761581421
1.1200001239776611,0.9920001029968262,3.000004768371582
1.8919999599456787,0.9709999561309814,2.9999921321868896
1.3559999465942383,0.9850000143051147,3.0000052452087402
1.3670002222061157,0.9940000772476196,2.999994993209839
2.259000062942505,0.9839999079704285,2.9999969005584717
2.2750000953674316,0.981999933719635,2.999990701675415
1.1349999904632568,0.9950000643730164,2.9999969005584717
1.1399999856948853,0.9920001029968262,3.0000014305114746
1.5440001487731934,0.984000027179718,2.9999964237213135
1.6680001020431519,0.9860000014305115,2.9999935626983643
2.491000175476074,0.9700000286102295,2.999987840652466
1.2410000562667847,0.9869999885559082,2.9999966621398926
1.1950000524520874,0.987000048160553,3.0000057220458984
1.5920000076293945,0.9760000109672546,3.0000057220458984
1.2710000276565552,0.9910000562667847,2.999992847442627
1.3079999685287476,0.9829999804496765,3.0000014305114746
1.3230000734329224,0.9849998950958252,3.0000014305114746
1.343999981880188,0.9849998950958252,3.0000011920928955
1.184000015258789,0.9950000643730164,3.0000057220458984
1.374000072479248,0.9900000095367432,2.9999964237213135
1.472000002861023,0.9930000901222229,2.9999985694885254
1.3819999694824219,0.9820000529289246,3.00000262260437
1.4790000915527344,0.9859999418258667,3.000004768371582
1.3100000619888306,0.987000048160553,3.0000054836273193
1.068000078201294,0.9930000901222229,3.0000054836273193
1.553999900817871,0.9819999933242798,2.9999959468841553
1.1359997987747192,0.9930000901222229,3.0000057220458984
1.2630000114440918,0.9900000691413879,3.0000040531158447
1.2730001211166382,0.9910001158714294,3.000004291534424
1.1129999160766602,0.9950000643730164,3.0000052452087402
1.311000108718872,0.9950000643730164,2.999988555908203
1.3469998836517334,0.987000048160553,3.0000061988830566
1.1349999904632568,0.9920000433921814,3.0000057220458984
1.1039999723434448,0.9930000901222229,3.0000057220458984
1.1329998970031738,0.9940000772476196,3.000005006790161
1.2139999866485596,0.9860000014305115,3.0000009536743164
1.2080000638961792,0.9850000143051147,3.0000057220458984
1.3619999885559082,0.981999933719635,3.0000014305114746
1.5350000858306885,0.9790000319480896,2.999999523162842
1.272999882698059,0.9850000143051147,2.9999966621398926
1.1800000667572021,0.9880000948905945,2.999997138977051
1.1459999084472656,0.9880000352859497,3.0000054836273193
1.4639999866485596,0.9789999723434448,3.0000016689300537
1.5479999780654907,0.9809999465942383,3.00000262260437
1.3840001821517944,0.9799999594688416,3.0000011920928955
1.3539999723434448,0.9900000691413879,2.999992847442627
1.3530001640319824,0.9829999804496765,2.999992609024048
1.1000001430511475,0.9930000305175781,3.0000059604644775
1.0720000267028809,0.9950000643730164,3.0000054836273193
1.1449999809265137,0.9940000772476196,2.999997615814209
1.1629999876022339,0.9930000901222229,3.0000059604644775
1.1430001258850098,0.9920001029968262,3.0000061988830566
1.4110000133514404,0.9819999933242798,3.0
1.2690000534057617,0.9890000224113464,3.0000040531158447
1.2179999351501465,0.9829999804496765,3.0000061988830566
1.3009999990463257,0.9799999594688416,3.0000061988830566
1.0889999866485596,0.9950000643730164,3.0000061988830566
1.440999984741211,0.9900000691413879,2.999998092651367
1.065999984741211,0.9950000643730164,3.0000054836273193
1.0609999895095825,0.9920001029968262,3.0000054836273193
1.1469999551773071,0.9890000224113464,3.0000007152557373
1.2020000219345093,0.9880000352859497,3.0000007152557373
1.718000054359436,0.9829999804496765,3.00000262260437
1.0820001363754272,0.9909999966621399,3.0000052452087402
1.1589999198913574,0.9920001029968262,3.0000057220458984
1.2080000638961792,0.9860000014305115,3.0000059604644775
1.4670000076293945,0.9830000400543213,3.0000011920928955
1.2030000686645508,0.9930000305175781,3.0000009536743164
1.9280000925064087,0.9749999642372131,3.0000040531158447
1.1150001287460327,0.9930000901222229,3.0000057220458984
1.6019999980926514,0.9790000319480896,2.999988317489624
1.1440000534057617,0.9940000772476196,3.000001907348633
1.128999948501587,0.9950000643730164,2.9999966621398926
1.628999948501587,0.9779999256134033,3.00000262260437
1.1080000400543213,0.9920001029968262,3.0000054836273193
1.5460001230239868,0.9859999418258667,3.0000038146972656
1.6770000457763672,0.9849998950958252,3.000004291534424
1.8260000944137573,0.9859999418258667,3.000000238418579
1.2040001153945923,0.984000027179718,3.0000061988830566
1.4530001878738403,0.9799999594688416,3.00000262260437
1.4010000228881836,0.9769999980926514,3.0000052452087402
1.0889999866485596,0.9910000562667847,3.0000057220458984
1.2730000019073486,0.9940000772476196,2.9999921321868896
1.1640000343322754,0.9920000433921814,3.0000061988830566
1.0579999685287476,0.9940000772476196,3.000005006790161
1.0619999170303345,0.9950000643730164,3.0000054836273193
2.8030002117156982,0.972000002861023,2.999994993209839
2.2860002517700195,0.9849998950958252,2.9999992847442627
1.1060000658035278,0.9930000901222229,2.9999966621398926
1.305999994277954,0.9839999675750732,3.0000054836273193
1.1009999513626099,0.9900001287460327,3.0000057220458984
1.1699999570846558,0.9910000562667847,3.0000057220458984
1.4889999628067017,0.9709999561309814,3.0000057220458984
1.1330000162124634,0.9910000562667847,3.0000057220458984
1.3100000619888306,0.9910000562667847,2.999992609024048
1.3319998979568481,0.9829999804496765,2.999988079071045
1.3600001335144043,0.9930000901222229,2.9999964237213135
1.1900001764297485,0.9900000691413879,3.0000057220458984
1.1700000762939453,0.9920000433921814,3.0000059604644775
1.1120001077651978,0.9910001158714294,3.0000057220458984
1.3300000429153442,0.9869999885559082,2.9999969005584717
1.4269999265670776,0.9799999594688416,2.9999921321868896
1.1780002117156982,0.9890000224113464,3.0000052452087402
1.1750000715255737,0.9870001077651978,3.0000061988830566
1.1480000019073486,0.9930000901222229,3.0000057220458984
1.128000020980835,0.9900000095367432,3.0000054836273193
1.2110000848770142,0.9860000014305115,3.000001907348633
1.1700000762939453,0.9900000691413879,2.9999966621398926
1.0950000286102295,0.9950000643730164,3.0000057220458984
1.2289999723434448,0.9860000610351562,3.0000057220458984
1.2609999179840088,0.9859999418258667,3.0000054836273193
1.5429999828338623,0.9879999756813049,2.999997138977051
1.3279999494552612,0.9880000352859497,2.9999988079071045
2.0960001945495605,0.9819999933242798,3.0
1.0989999771118164,0.9930000901222229,3.0000057220458984
1.0950000286102295,0.9890000820159912,3.0000061988830566
1.1970000267028809,0.9839999079704285,3.0000014305114746
1.4529999494552612,0.9869999885559082,3.00000262260437
1.4250000715255737,0.9910001158714294,2.9999985694885254
1.3279998302459717,0.9920001029968262,2.9999938011169434
1.0850000381469727,0.9920001029968262,3.0000054836273193
1.0730000734329224,0.9930000305175781,3.0000057220458984
1.0489999055862427,0.9940000772476196,3.000005006790161
1.15500009059906,0.9860000014305115,3.000005006790161
1.4550000429153442,0.9800000190734863,3.0000011920928955
1.0809999704360962,0.9880000352859497,3.000004768371582
1.180999994277954,0.9890000224113464,3.0000064373016357
1.0810000896453857,0.9909999966621399,3.0000054836273193
1.1070001125335693,0.9910000562667847,3.0000057220458984
1.4530000686645508,0.9739999771118164,3.0000007152557373
1.097000002861023,0.9920001029968262,3.0000059604644775
1.2570000886917114,0.9860000014305115,2.9999969005584717
1.3160001039505005,0.9880000948905945,2.999997138977051
1.3559999465942383,0.9850000739097595,2.9999959468841553
1.1950000524520874,0.9900001287460327,2.999997138977051
1.1629999876022339,0.9839999675750732,3.0000052452087402
1.0899999141693115,0.9940000772476196,3.0000016689300537
1.13100004196167,0.9870001077651978,3.000005006790161
1.0959999561309814,0.9910000562667847,3.0000059604644775
1.2330000400543213,0.9950000643730164,2.9999992847442627
1.4950001239776611,0.9860000014305115,2.9999990463256836
1.3270000219345093,0.9840000867843628,2.999998092651367
1.224000096321106,0.9910001158714294,2.999992609024048
1.0910000801086426,0.9940000772476196,3.0000059604644775
1.1030001640319824,0.9930000901222229,3.0000057220458984
1.097000002861023,0.9950000643730164,2.9999988079071045
1.2320001125335693,0.9880000352859497,3.0000057220458984
1.2670000791549683,0.9920000433921814,2.999999761581421
1.4070000648498535,0.9810000061988831,3.0000016689300537
1.1729999780654907,0.9900000095367432,3.0000061988830566
1.959999918937683,0.968999981880188,3.0
1.1200000047683716,0.9920000433921814,3.0000061988830566
1.0410000085830688,0.9950000643730164,3.0000059604644775
1.1260000467300415,0.9940000772476196,3.0000059604644775
1.1100000143051147,0.9930000305175781,3.0000057220458984
1.3909999132156372,0.9829999804496765,3.000002145767212
2.184000015258789,0.9679999947547913,2.9999988079071045
1.334999918937683,0.9930000901222229,3.0000040531158447
1.1769999265670776,0.9930000901222229,3.0000035762786865
1.1710000038146973,0.9920001029968262,3.0000059604644775
1.5800000429153442,0.9789999723434448,2.9999940395355225
1.3230000734329224,0.9869999885559082,3.000004291534424
1.1129999160766602,0.9950000643730164,3.0000016689300537
1.0969998836517334,0.9950000643730164,3.0000059604644775
1.5730000734329224,0.9739999771118164,3.0000052452087402
1.1719999313354492,0.9909999966621399,3.0000054836273193
1.2549999952316284,0.9900000691413879,3.0000011920928955
1.2480000257492065,0.9860000014305115,3.0000064373016357
1.4610000848770142,0.984000027179718,2.999999761581421
1.3570001125335693,0.9800000786781311,2.99999737739563
1.5280001163482666,0.9759999513626099,3.0000057220458984
1.0780000686645508,0.9940000772476196,3.0000054836273193
1.1750000715255737,0.9890000224113464,3.0000011920928955
1.0759999752044678,0.9910001158714294,3.0000052452087402
1.122999906539917,0.9930000901222229,2.99999737739563
1.4209998846054077,0.9869999289512634,2.9999945163726807
1.946000099182129,0.966999888420105,2.9999964237213135
1.6090000867843628,0.9799999594688416,2.999999523162842
1.3510000705718994,0.9789999723434448,2.9999969005584717
1.2720000743865967,0.9940000772476196,2.999999761581421
1.2059999704360962,0.9900000691413879,3.0000054836273193
1.2420001029968262,0.9860000610351562,2.999997615814209
1.1649999618530273,0.9920001029968262,3.0000009536743164
1.2209999561309814,0.9859999418258667,3.0000057220458984
1.2619998455047607,0.9890000224113464,2.999995708465576
1.3819998502731323,0.9800000190734863,3.000002861022949
1.3200000524520874,0.9880000352859497,3.0000054836273193
1.3339999914169312,0.9850000143051147,2.999992847442627
1.3780001401901245,0.9829999208450317,2.9999969005584717
1.537000060081482,0.9780000448226929,3.0000035762786865
1.249000072479248,0.9869999885559082,2.999992609024048
1.277999997138977,0.9900000095367432,3.0000014305114746
1.4230000972747803,0.9860000014305115,2.9999940395355225
1.0460001230239868,0.9950000643730164,3.0000057220458984
1.369999885559082,0.9799999594688416,2.999992609024048
1.133000135421753,0.9900000691413879,3.0000057220458984
1.093999981880188,0.9940000772476196,3.0000016689300537
1.3910000324249268,0.9880000352859497,3.0000011920928955
1.248000144958496,0.9910000562667847,2.999988079071045
1.1119999885559082,0.9920001029968262,3.0000054836273193
1.246999979019165,0.9880000352859497,3.0000054836273193
1.091999888420105,0.9900000691413879,3.0000054836273193
1.1369999647140503,0.9930000901222229,3.0000061988830566
1.1640000343322754,0.9920001029968262,3.0000059604644775
1.2290000915527344,0.9880000352859497,3.000005006790161
1.1250001192092896,0.9930000901222229,3.0000057220458984
1.3929998874664307,0.9890000820159912,3.0000016689300537
1.0720001459121704,0.9950000643730164,3.0000011920928955
1.093999981880188,0.9950000643730164,3.0000057220458984
1.1340000629425049,0.9930000901222229,3.0000054836273193
1.277999997138977,0.9849998950958252,3.0000057220458984
1.0790001153945923,0.9940000772476196,3.0000059604644775
1.2390000820159912,0.9940000772476196,2.999987840652466
1.1710001230239868,0.9940000772476196,3.0000011920928955
1.2200000286102295,0.9850000143051147,3.0000057220458984
1.0579999685287476,0.9950000643730164,3.0000054836273193
1.1100000143051147,0.9940000772476196,2.9999992847442627
1.1260000467300415,0.9940000772476196,2.9999966621398926
1.0749999284744263,0.9950000643730164,3.0000059604644775
1.066999912261963,0.9930000305175781,3.000004529953003
1.4850000143051147,0.9900000691413879,2.999999523162842
1.3070001602172852,0.9950000643730164,2.999995708465576
1.1010000705718994,0.9920000433921814,3.0000059604644775
1.159000039100647,0.9880000352859497,3.0000061988830566
1.305999994277954,0.9880000352859497,2.999999761581421
1.6089999675750732,0.9820000529289246,2.999998092651367
1.1989998817443848,0.9869999885559082,3.000001907348633
1.1170001029968262,0.9930000901222229,3.0000059604644775
1.3590000867843628,0.9890000224113464,2.9999938011169434
1.3369998931884766,0.9860000014305115,3.0000054836273193
1.3140000104904175,0.9880000352859497,3.0000038146972656
1.066999912261963,0.9950000643730164,3.0000054836273193
1.100000023841858,0.9930000901222229,2.99999737739563
1.0489999055862427,0.9950000643730164,3.0000052452087402
1.3819999694824219,0.9759999513626099,2.999992609024048
1.058000087738037,0.9940000772476196,3.0000059604644775
1.1110000610351562,0.9880000352859497,3.000005006790161
1.0840001106262207,0.9880000352859497,3.000005006790161
1.0789999961853027,0.9900000095367432,3.0000059604644775
1.1069999933242798,0.9950000643730164,3.0000014305114746
1.1019999980926514,0.9930000305175781,2.999997138977051
1.626999855041504,0.9820000529289246,2.999992609024048
1.0590001344680786,0.9950000643730164,3.0000061988830566
1.058000087738037,0.9950000643730164,3.0000054836273193
1.9210001230239868,0.9780000448226929,2.9999940395355225
1.3350000381469727,0.9900001287460327,2.999999761581421
1.3410000801086426,0.9900001287460327,2.999999523162842
1.2740000486373901,0.9830000400543213,3.0000059604644775
1.1150000095367432,0.9890000820159912,3.0000054836273193
1.062999963760376,0.9920001029968262,3.000005006790161
1.1449999809265137,0.9910000562667847,3.0000016689300537
1.2590000629425049,0.9839999675750732,3.0000059604644775
1.2820000648498535,0.9910001158714294,2.9999990463256836
1.0530000925064087,0.9950000643730164,3.000005006790161
1.2280000448226929,0.9880000352859497,2.9999966621398926
1.087999939918518,0.9940000772476196,2.99999737739563
1.539000153541565,0.9869999885559082,3.00000262260437
1.125,0.9890000224113464,3.0000054836273193
1.2009999752044678,0.9850000143051147,3.0000011920928955
1.0740000009536743,0.9920001029968262,3.000004768371582
1.149999976158142,0.9950000643730164,2.9999969005584717
1.3270000219345093,0.9890000224113464,2.9999938011169434
1.1330000162124634,0.9880000352859497,3.0000009536743164
1.084999918937683,0.9940000772476196,3.0000054836273193
1.8560000658035278,0.9829999804496765,3.00000262260437
1.4299999475479126,0.9819999933242798,3.0000009536743164
1.2630001306533813,0.9880000352859497,2.9999923706054688
1.1090000867843628,0.9890000224113464,3.0000057220458984
1.1340000629425049,0.9890000224113464,3.0000059604644775
1.2760000228881836,0.9799999594688416,3.000001907348633
1.1790000200271606,0.9890000224113464,3.0000016689300537
1.069000005722046,0.9950000643730164,3.0000064373016357
1.0519999265670776,0.9930000901222229,3.0000054836273193
1.1009999513626099,0.9920001029968262,3.0000061988830566
1.1750000715255737,0.9910001158714294,2.999997138977051
1.159999966621399,0.9900000691413879,2.999988555908203
1.193000078201294,0.9880000948905945,2.99999737739563
1.1160000562667847,0.9869999289512634,3.0000054836273193
1.246000051498413,0.9950000643730164,3.000002861022949
1.1169999837875366,0.9930000305175781,3.0000054836273193
1.1209999322891235,0.9950000643730164,3.0000057220458984
1.097000002861023,0.9940000772476196,2.9999966621398926
1.0320000648498535,0.9950000643730164,3.000005006790161
1.121999979019165,0.9920001029968262,3.000005006790161
1.1320000886917114,0.98499995470047,3.0000059604644775
1.0830000638961792,0.9920001029968262,3.0000009536743164
1.0379998683929443,0.9950000643730164,3.000005006790161
1.1130000352859497,0.9940000772476196,3.0000057220458984
1.1759999990463257,0.9879999756813049,3.0000052452087402
1.1380000114440918,0.9950000643730164,2.9999966621398926
1.1350001096725464,0.9890000224113464,3.0000054836273193
1.149999976158142,0.9920001029968262,2.99999737739563
1.0740001201629639,0.9950000643730164,3.0000052452087402
1.3279999494552612,0.9849998950958252,2.9999966621398926
1.0819998979568481,0.9950000643730164,3.0000057220458984
1.0469999313354492,0.9930000901222229,3.0000052452087402
1.191999912261963,0.9900001287460327,3.0000054836273193
1.1290000677108765,0.9920000433921814,3.0000054836273193
1.2009999752044678,0.9950000643730164,2.999997854232788
1.1230000257492065,0.9890000820159912,2.999997138977051
1.149999976158142,0.9930000901222229,2.999995470046997
1.055999994277954,0.9940000772476196,3.0000054836273193
1.1159999370574951,0.9900000691413879,3.0000057220458984
1.184999942779541,0.9900001287460327,3.0000014305114746
1.4060001373291016,0.9819999933242798,2.999997854232788
1.0499999523162842,0.9950000643730164,3.000005006790161
1.1679998636245728,0.9900000095367432,2.999995470046997
1.1940001249313354,0.9910001158714294,3.0000009536743164
1.1349998712539673,0.9890000224113464,3.0000057220458984
1.1740000247955322,0.9900000691413879,2.99999737739563
1.130000114440918,0.9890000820159912,2.999997138977051
1.25600004196167,0.9840000867843628,2.9999969005584717
1.316999912261963,0.9880000352859497,2.999998092651367
1.1699999570846558,0.9850000739097595,3.000005006790161
1.097000002861023,0.9890000224113464,3.0000054836273193
1.087999939918518,0.9920001029968262,3.0000064373016357
1.1740000247955322,0.9869999885559082,3.0000052452087402
1.2139999866485596,0.9900000691413879,3.0000057220458984
1.0820000171661377,0.9930000901222229,3.0000061988830566
1.1399999856948853,0.9920000433921814,2.9999964237213135
1.1230000257492065,0.9950000643730164,3.0000040531158447
1.0969998836517334,0.9950000643730164,3.0000016689300537
1.0840001106262207,0.9930000901222229,3.0000054836273193
1.090999960899353,0.9900000691413879,3.0000057220458984
1.0470000505447388,0.9940000772476196,3.000004768371582
1.1160000562667847,0.9930000901222229,2.999997138977051
1.0989999771118164,0.9920001029968262,3.0000059604644775
1.2179999351501465,0.9879999756813049,2.9999923706054688
1.2699999809265137,0.9850000739097595,2.9999992847442627
1.1140000820159912,0.9900000691413879,2.9999966621398926
1.0549999475479126,0.9950000643730164,3.0000057220458984
1.1510000228881836,0.987000048160553,2.999997138977051
1.1059999465942383,0.9940000772476196,3.0000059604644775
1.1319999694824219,0.9890000820159912,3.0000057220458984
1.3160001039505005,0.9890000820159912,3.0000033378601074
1.0640000104904175,0.9950000643730164,3.000004529953003
1.0899999141693115,0.9889999628067017,3.0000052452087402
1.1399998664855957,0.9880000352859497,3.0000059604644775
1.153999924659729,0.9879999756813049,3.0000057220458984
1.1019999980926514,0.9910000562667847,3.0000057220458984
1.0810000896453857,0.9910001158714294,3.0000059604644775
1.0649999380111694,0.9930000901222229,3.0000057220458984
1.08899986743927,0.9920000433921814,3.0000064373016357
1.1060000658035278,0.9940000772476196,3.0000057220458984
1.0449999570846558,0.9940000772476196,3.0000054836273193
1.0839998722076416,0.9930000901222229,3.000005006790161
1.1920000314712524,0.9880000352859497,3.0000059604644775
1.0469999313354492,0.9940000772476196,3.000005006790161
1.1750000715255737,0.9900001287460327,2.9999969005584717
1.1779999732971191,0.987000048160553,2.9999966621398926
1.084999918937683,0.9920000433921814,3.000005006790161
1.0769999027252197,0.9930000901222229,3.0000011920928955
1.1080000400543213,0.9900000691413879,3.0000054836273193
1.0889999866485596,0.9950000643730164,2.999999761581421
1.1130000352859497,0.9910000562667847,3.0000054836273193
1.0809999704360962,0.9940000772476196,3.0000059604644775
1.0589998960494995,0.9950000643730164,3.0000054836273193
1.0729999542236328,0.9890000820159912,3.0000052452087402
1.100000023841858,0.9900001287460327,3.0000054836273193
1.0500000715255737,0.9950000643730164,3.0000011920928955
1.0759999752044678,0.9900001287460327,3.000004768371582
1.090000033378601,0.9880000352859497,3.0000052452087402
1.1449999809265137,0.9880000352859497,3.0000052452087402
1.0649999380111694,0.9950000643730164,3.000005006790161
1.1379998922348022,0.9930000901222229,3.0000057220458984
1.097999930381775,0.9880000352859497,3.0000057220458984
1.061000108718872,0.9930000901222229,3.0000054836273193
1.0269999504089355,0.9940000772476196,3.0000052452087402
1.0839999914169312,0.9930000901222229,3.0000054836273193
1.0700000524520874,0.9950000643730164,3.000004768371582
1.1979999542236328,0.9950000643730164,3.000000238418579
1.034999966621399,0.9950000643730164,3.0000057220458984
1.0320000648498535,0.9950000643730164,3.000004768371582
1.1209999322891235,0.9869999885559082,3.0000059604644775
1.0529999732971191,0.9940000772476196,3.000005006790161
1.0709999799728394,0.9910001158714294,3.000005006790161
1.0380001068115234,0.9909999966621399,3.000004768371582
