38
1003
539
149
465
1051
1025
938
1030
642
791
1008
159
1021
291
1027
542
997
939
379
166
708
934
693
287
26
136
368
865
707
869
260
462
139
435
803
951
759
0
347
848
1058
678
932
553
123
839
891
983
71
100
329
613
27
200
326
950
249
503
146
545
355
890
133
178
338
986
300
275
787
336
69
73
316
608
449
65
252
724
450
882
446
273
798
85
677
570
557
718
810
870
834
461
268
279
168
47
746
177
358
1029
862
463
82
88
1048
675
737
534
835
749
351
372
629
903
599
234
1042
90
906
284
1059
651
29
928
515
910
120
666
1016
567
1072
476
444
650
401
5
1055
655
369
164
638
285
581
799
378
760
898
211
858
35
201
485
63
79
817
990
1062
768
591
439
216
51
583
880
511
263
551
743
170
659
74
855
617
585
411
722
59
960
17
232
357
874
481
477
914
501
1017
740
584
473
905
302
800
400
774
942
48
509
30
730
46
197
565
739
174
967
40
576
793
554
766
241
935
694
668
783
532
886
601
229
199
475
425
478
558
824
811
1049
360
390
842
109
194
893
1013
526
314
745
849
399
296
335
349
805
812
18
574
371
1000
105
943
593
394
517
974
859
592
776
999
288
169
643
864
219
915
841
714
261
119
142
620
341
20
748
408
612
490
1022
660
180
705
516
1071
1057
470
989
753
665
327
961
386
754
117
765
289
406
158
467
418
395
921
991
954
1028
825
303
715
253
881
251
931
727
736
635
888
108
840
552
1076
878
227
510
