394
357
343
719
827
314
643
338
417
449
894
929
119
0
213
536
356
471
1037
551
737
362
485
661
686
30
247
610
398
6
654
280
13
431
593
981
722
1072
905
698
761
657
209
1007
421
296
224
405
731
1060
846
486
396
131
904
74
100
629
541
162
911
573
1054
863
873
307
201
12
512
197
429
779
518
447
481
741
175
1032
1019
430
123
166
401
554
363
186
912
557
550
922
353
617
515
264
461
769
964
688
867
360
27
566
457
226
443
437
212
234
871
525
262
140
90
855
579
766
358
630
509
232
351
255
1039
914
532
1073
317
624
45
1018
64
708
352
691
313
487
366
880
239
747
897
810
188
806
306
714
480
205
713
33
612
876
933
925
973
407
419
577
539
167
598
563
181
553
597
445
945
951
895
11
70
965
545
637
999
4
602
1047
400
271
1044
476
513
293
807
104
585
611
460
586
220
446
450
1057
702
185
504
578
860
372
456
416
649
533
667
150
535
886
426
672
974
616
883
770
489
165
822
388
868
14
380
5
772
663
418
793
942
51
767
526
671
730
1036
669
294
470
496
373
992
463
695
1017
91
982
228
1034
727
125
913
742
631
77
35
385
890
483
331
716
227
53
169
128
710
521
1011
774
928
594
202
760
528
977
208
182
650
782
215
281
195
938
858
55
347
648
562
302
508
39
721
191
333
120
580
837
804
316
395
927
492
283
108
383
382
734
184
971
390
482
406
1030
154
547
295
746
967
799
204
192
843
469
367
636
1071
334
370
320
1006
116
1035
825
626
324
404
948
510
809
288
814
23
570
1027
861
534
121
126
652
571
755
472
583
949
622
26
94
180
706
393
79
668
34
342
86
835
350
765
749
475
723
440
517
328
172
221
384
735
555
1004
701
696
919
40
453
402
178
780
856
812
115
459
75
690
572
900
142
987
990
442
962
452
468
811
412
561
289
576
621
225
66
1069
304
18
582
832
252
1070
961
433
1001
478
319
80
132
834
850
692
436
174
61
240
944
85
455
1058
153
502
124
32
778
242
136
920
326
1010
164
146
19
454
110
408
970
1066
1061
644
160
503
265
112
591
44
823
1076
885
9
680
68
284
495
216
151
287
1056
1049
851
275
1014
574
773
932
736
909
979
248
606
996
529
111
558
1048
798
97
484
345
415
84
957
2
717
546
103
689
217
959
448
422
788
540
634
322
47
762
257
263
674
1053
274
792
1046
937
122
705
321
260
499
845
277
254
477
253
465
918
92
1023
751
335
488
907
658
361
427
