1.0430306196212769,0.9450000524520874,1.1198457479476929
1.0270800590515137,0.9700000286102295,1.0773457288742065
1.024999976158142,0.9750000238418579,1.1532833576202393
1.0363308191299438,0.9550000429153442,1.0742207765579224
1.024999976158142,0.9750000238418579,1.0314081907272339
1.024999976158142,0.9750000238418579,1.044533371925354
1.024999976158142,0.9750000238418579,1.0331268310546875
1.0375635623931885,0.9550000429153442,1.225470781326294
1.041567325592041,0.9350000619888306,1.746564507484436
1.0199999809265137,0.9800000190734863,1.0687519311904907
1.0456477403640747,0.9450000524520874,1.5534394979476929
1.0424572229385376,0.9500000476837158,1.6285957098007202
1.0323158502578735,0.9550000429153442,1.3787519931793213
1.024999976158142,0.9750000238418579,1.0489082336425781
1.024999976158142,0.9750000238418579,1.043283224105835
1.0422639846801758,0.9500000476837158,1.2250019311904907
1.024999976158142,0.9750000238418579,1.0240644216537476
1.024999976158142,0.9750000238418579,1.0359395742416382
1.024999976158142,0.9750000238418579,1.0575019121170044
1.024999976158142,0.9750000238418579,1.0400018692016602
1.024999976158142,0.9750000238418579,1.0331268310546875
1.0221220254898071,0.9750000238418579,1.0570331811904907
1.024999976158142,0.9750000238418579,1.0235956907272339
1.0199999809265137,0.9800000190734863,1.0476582050323486
1.0354321002960205,0.9550000429153442,1.1654707193374634
1.024999976158142,0.9750000238418579,1.0256270170211792
1.035908579826355,0.9550000429153442,1.0698457956314087
1.024999976158142,0.9750000238418579,1.0300021171569824
1.024999976158142,0.9750000238418579,1.0271893739700317
1.0363308191299438,0.9550000429153442,1.0714082717895508
1.024999976158142,0.9750000238418579,1.0425019264221191
1.0199999809265137,0.9800000190734863,1.011095643043518
