1.0430306196212769,0.9450000524520874,1.0803145170211792
1.0270800590515137,0.9700000286102295,1.0781270265579224
1.024999976158142,0.9750000238418579,1.156720757484436
1.0363308191299438,0.9550000429153442,1.0739082098007202
1.024999976158142,0.9750000238418579,1.031720757484436
1.024999976158142,0.9750000238418579,1.0450021028518677
1.024999976158142,0.9750000238418579,1.032814383506775
1.0375635623931885,0.9550000429153442,1.2281270027160645
1.041567325592041,0.9350000619888306,1.7873456478118896
1.024999976158142,0.9750000238418579,1.0717207193374634
1.038329839706421,0.9550000429153442,1.6090644598007202
1.0424572229385376,0.9500000476837158,1.6339081525802612
1.0337507724761963,0.9500000476837158,1.387033224105835
1.024999976158142,0.9750000238418579,1.047345757484436
1.024999976158142,0.9750000238418579,1.0439082384109497
1.0422639846801758,0.9500000476837158,1.2250019311904907
1.0199999809265137,0.9800000190734863,1.0242207050323486
1.024999976158142,0.9750000238418579,1.0360957384109497
1.0199999809265137,0.9800000190734863,1.0520331859588623
1.0199999809265137,0.9800000190734863,1.0365644693374634
1.024999976158142,0.9750000238418579,1.0346893072128296
1.024999976158142,0.9750000238418579,1.1015644073486328
1.024999976158142,0.9750000238418579,1.0232832431793213
1.024999976158142,0.9750000238418579,1.0457831621170044
1.0354321002960205,0.9550000429153442,1.1650018692016602
1.024999976158142,0.9750000238418579,1.0254708528518677
1.0409085750579834,0.9500000476837158,1.0803145170211792
1.024999976158142,0.9750000238418579,1.0295332670211792
1.024999976158142,0.9750000238418579,1.0276581048965454
1.0363308191299438,0.9550000429153442,1.0710957050323486
1.024999976158142,0.9750000238418579,1.0431269407272339
1.024999976158142,0.9750000238418579,1.0153144598007202
