1.0354737043380737,0.9550000429153442,1.1188019514083862
1.0354737043380737,0.9550000429153442,1.1209720373153687
1.0503064393997192,0.8849999904632568,3.219642162322998
1.0320017337799072,0.9650000333786011,1.2621619701385498
1.0306593179702759,0.9600000381469727,1.5652320384979248
1.035317063331604,0.9500000476837158,1.1898620128631592
1.036550760269165,0.9500000476837158,1.1864420175552368
1.0303244590759277,0.9600000381469727,1.6194820404052734
1.0368731021881104,0.9500000476837158,1.2166019678115845
1.0441577434539795,0.9300000667572021,1.4018720388412476
1.0463407039642334,0.940000057220459,1.1554020643234253
1.0414174795150757,0.9500000476837158,1.3440719842910767
1.0414174795150757,0.9500000476837158,1.3440719842910767
1.0497020483016968,0.9200000762939453,2.0129120349884033
1.0494310855865479,0.9200000762939453,2.205522060394287
1.1329052448272705,0.6700000166893005,4.338972091674805
1.0310157537460327,0.9550000429153442,1.5963319540023804
1.0279462337493896,0.9700000286102295,1.1025519371032715
1.0336443185806274,0.940000057220459,1.5649820566177368
1.024999976158142,0.9750000238418579,1.0492619276046753
1.024999976158142,0.9750000238418579,1.0761820077896118
1.024999976158142,0.9750000238418579,1.097762107849121
1.0294445753097534,0.9650000333786011,1.176042079925537
1.024999976158142,0.9750000238418579,1.1517819166183472
1.0262531042099,0.9700000286102295,1.2171519994735718
1.052918791770935,0.8399999737739563,2.440171957015991
1.0468658208847046,0.9350000619888306,1.598162055015564
1.042969822883606,0.9350000619888306,1.6637420654296875
1.0297423601150513,0.9550000429153442,2.1135120391845703
1.0501389503479004,0.9200000762939453,1.7759020328521729
1.0282044410705566,0.9650000333786011,1.167341947555542
1.035685420036316,0.9500000476837158,1.4367220401763916
1.0463759899139404,0.9250000715255737,2.034262180328369
1.0934172868728638,0.824999988079071,3.0491721630096436
1.046970248222351,0.9300000667572021,1.588062047958374
1.0534107685089111,0.9050000309944153,1.7007920742034912
1.0701109170913696,0.8550000190734863,2.4782519340515137
1.0468878746032715,0.9500000476837158,1.2334320545196533
1.0468878746032715,0.9500000476837158,1.2334320545196533
1.0618849992752075,0.8299999833106995,2.7349517345428467
1.0522089004516602,0.8650000095367432,2.6366021633148193
1.0338116884231567,0.9450000524520874,1.4942420721054077
1.050662875175476,0.8800000548362732,3.5923120975494385
1.0340237617492676,0.9500000476837158,2.045992136001587
1.043963074684143,0.9450000524520874,1.183892011642456
1.1228876113891602,0.7099999785423279,4.0943121910095215
1.0419660806655884,0.9500000476837158,1.2294820547103882
1.0310440063476562,0.9650000333786011,1.074761986732483
1.0292633771896362,0.9600000381469727,1.2361820936203003
1.047765851020813,0.9150000810623169,1.73717200756073
1.024999976158142,0.9750000238418579,1.1306920051574707
1.0278098583221436,0.9650000333786011,1.2613921165466309
1.06583833694458,0.8450000286102295,2.512442111968994
1.0447278022766113,0.9350000619888306,1.830881953239441
1.044801115989685,0.9300000667572021,1.8679019212722778
1.0403999090194702,0.9350000619888306,1.4524520635604858
1.0292145013809204,0.9600000381469727,1.1431119441986084
1.0267120599746704,0.9700000286102295,1.1326420307159424
1.0396654605865479,0.940000057220459,1.5698919296264648
1.024999976158142,0.9750000238418579,1.0306419134140015
1.0450061559677124,0.9250000715255737,1.8806320428848267
1.0479555130004883,0.9250000715255737,1.7859519720077515
1.0477840900421143,0.9350000619888306,1.2744919061660767
1.029881477355957,0.9650000333786011,1.2417020797729492
1.0497461557388306,0.9200000762939453,1.8722621202468872
1.0267326831817627,0.9700000286102295,1.1567519903182983
1.0258257389068604,0.9700000286102295,1.1428320407867432
1.0413891077041626,0.9250000715255737,2.2200019359588623
1.0319157838821411,0.9500000476837158,1.4702820777893066
1.024999976158142,0.9750000238418579,1.0767120122909546
1.024999976158142,0.9750000238418579,1.0356419086456299
1.024999976158142,0.9750000238418579,1.1310020685195923
1.0432311296463013,0.9350000619888306,1.3628519773483276
1.0520384311676025,0.9300000667572021,1.740592122077942
1.0300159454345703,0.9650000333786011,1.1526919603347778
1.0268950462341309,0.9650000333786011,1.224471926689148
1.037650465965271,0.9200000762939453,1.916301965713501
1.0383049249649048,0.940000057220459,1.3487820625305176
1.0269733667373657,0.9700000286102295,1.1230920553207397
1.0288136005401611,0.9650000333786011,1.2189719676971436
1.0464085340499878,0.9500000476837158,1.1948421001434326
1.024999976158142,0.9750000238418579,1.1440119743347168
1.027871012687683,0.9650000333786011,1.2030620574951172
1.024999976158142,0.9750000238418579,1.2361619472503662
1.0446659326553345,0.9200000762939453,2.012442111968994
1.057559847831726,0.8750001192092896,2.533862352371216
1.024999976158142,0.9750000238418579,1.121951937675476
1.0385432243347168,0.9500000476837158,1.2445719242095947
1.024999976158142,0.9750000238418579,1.141502022743225
1.024999976158142,0.9750000238418579,1.0638220310211182
1.0378450155258179,0.9550000429153442,1.3113620281219482
1.03242027759552,0.9600000381469727,1.4127720594406128
1.024999976158142,0.9750000238418579,1.0820419788360596
1.024999976158142,0.9750000238418579,1.0424619913101196
1.0435736179351807,0.9500000476837158,1.3670819997787476
1.041554570198059,0.9550000429153442,1.2172719240188599
1.024999976158142,0.9750000238418579,1.0720820426940918
1.02886962890625,0.9600000381469727,1.2371020317077637
1.0443272590637207,0.940000057220459,1.2794620990753174
1.024999976158142,0.9750000238418579,1.0448319911956787
1.045674443244934,0.9200000762939453,1.2914620637893677
1.044127106666565,0.9350000619888306,1.266021966934204
1.053160309791565,0.9150000810623169,1.3275418281555176
1.0532077550888062,0.8900001049041748,2.1969621181488037
1.0420087575912476,0.9500000476837158,1.1540719270706177
1.0429022312164307,0.9000000357627869,2.5895721912384033
1.053963303565979,0.8700001239776611,2.745432138442993
1.0723639726638794,0.8750001192092896,3.0174219608306885
1.0364232063293457,0.9550000429153442,1.2585721015930176
1.0346394777297974,0.9450000524520874,1.7753920555114746
1.028175711631775,0.9650000333786011,1.2290620803833008
1.0295226573944092,0.9700000286102295,1.0624619722366333
1.0315849781036377,0.9500000476837158,1.4047019481658936
1.0403552055358887,0.940000057220459,1.2864220142364502
1.029350996017456,0.9600000381469727,1.1465619802474976
1.028959035873413,0.9650000333786011,1.167132019996643
1.0373191833496094,0.9450000524520874,1.4704720973968506
1.069901704788208,0.9200000762939453,1.3442219495773315
1.069169521331787,0.9200000762939453,1.3442219495773315
1.024999976158142,0.9750000238418579,1.069511890411377
1.0367497205734253,0.9500000476837158,1.6690219640731812
1.043060541152954,0.9200000762939453,1.5417920351028442
1.0525250434875488,0.9050000309944153,1.5558520555496216
1.0335174798965454,0.9600000381469727,1.2409119606018066
1.0763921737670898,0.8550000190734863,1.9079620838165283
1.0452606678009033,0.9250000715255737,1.626531958580017
1.0258005857467651,0.9700000286102295,1.24412202835083
1.060608983039856,0.9200000762939453,2.395871877670288
1.0653603076934814,0.9100000858306885,2.476731777191162
1.024999976158142,0.9750000238418579,1.125931978225708
1.029667854309082,0.9600000381469727,1.1756919622421265
1.0504467487335205,0.9200000762939453,1.9232120513916016
1.0445622205734253,0.9300000667572021,1.9581621885299683
1.0777848958969116,0.8500000834465027,2.291271924972534
1.0393681526184082,0.9350000619888306,1.2480418682098389
1.040381908416748,0.9350000619888306,1.5684919357299805
1.0660898685455322,0.8800000548362732,2.251771926879883
1.0325541496276855,0.9550000429153442,1.4796421527862549
1.0466375350952148,0.9150000810623169,1.897312045097351
1.0725557804107666,0.9250000715255737,1.2848020792007446
1.0729575157165527,0.9250000715255737,1.2848020792007446
1.024999976158142,0.9750000238418579,1.1189721822738647
1.0308470726013184,0.9500000476837158,1.6758818626403809
1.0283012390136719,0.9650000333786011,1.1912620067596436
1.0545696020126343,0.9100000858306885,1.5482720136642456
1.0375046730041504,0.9300000667572021,2.1830620765686035
1.0365350246429443,0.9350000619888306,2.012781858444214
1.0301241874694824,0.9650000333786011,1.124701976776123
1.039003610610962,0.9100000858306885,1.9094921350479126
1.0274399518966675,0.9650000333786011,1.415701985359192
1.04166579246521,0.9500000476837158,1.328131914138794
1.0294320583343506,0.9550000429153442,2.123392105102539
1.024999976158142,0.9750000238418579,1.0754718780517578
1.024999976158142,0.9750000238418579,1.1889820098876953
1.0449016094207764,0.9350000619888306,1.606842041015625
1.0309773683547974,0.9600000381469727,1.4128520488739014
1.03339684009552,0.9650000333786011,1.1647719144821167
1.0261309146881104,0.9700000286102295,1.198691964149475
1.0501147508621216,0.9300000667572021,1.513282060623169
1.0521023273468018,0.9250000715255737,1.4656519889831543
1.0692496299743652,0.9100000858306885,1.587641954421997
1.0687710046768188,0.8950001001358032,1.8146320581436157
1.0540714263916016,0.9250000715255737,1.3954119682312012
1.0441323518753052,0.940000057220459,1.3904719352722168
1.0433822870254517,0.940000057220459,1.4797919988632202
1.0662562847137451,0.8950001001358032,1.790511965751648
1.0651450157165527,0.9050000309944153,2.1279921531677246
1.0666090250015259,0.9000000953674316,1.9537420272827148
1.0321065187454224,0.9500000476837158,1.3901519775390625
1.049729347229004,0.9150000810623169,1.9452320337295532
1.0273786783218384,0.9650000333786011,1.2487820386886597
1.024999976158142,0.9750000238418579,1.0975520610809326
1.0266697406768799,0.9700000286102295,1.220412015914917
1.0298489332199097,0.9650000333786011,1.1745320558547974
1.031793475151062,0.9600000381469727,1.2744721174240112
1.052401065826416,0.9100000858306885,1.3882919549942017
1.0387989282608032,0.9450000524520874,1.2956020832061768
1.0600510835647583,0.9150000810623169,1.3141419887542725
1.0685622692108154,0.9000000953674316,1.3422319889068604
1.024999976158142,0.9750000238418579,1.0600420236587524
1.0346505641937256,0.9500000476837158,1.7826120853424072
1.024999976158142,0.9750000238418579,1.0539920330047607
1.0292103290557861,0.9600000381469727,1.3737820386886597
1.0359936952590942,0.9450000524520874,1.3593720197677612
1.0412473678588867,0.940000057220459,1.660032033920288
1.043691635131836,0.9150000810623169,1.816512107849121
1.036287784576416,0.9550000429153442,1.311121940612793
1.0309044122695923,0.9600000381469727,1.5963820219039917
1.0439066886901855,0.9300000667572021,1.33856201171875
1.0477328300476074,0.9150000810623169,1.9271620512008667
1.026530146598816,0.9650000333786011,1.3587019443511963
1.06166672706604,0.8750000596046448,2.599191904067993
1.0288760662078857,0.9650000333786011,1.2899219989776611
1.049670934677124,0.8950001001358032,2.4017419815063477
1.0270150899887085,0.9700000286102295,1.236631989479065
1.024999976158142,0.9750000238418579,1.1050819158554077
1.0581437349319458,0.8899999856948853,2.559282064437866
1.031973123550415,0.9600000381469727,1.222161889076233
1.0587267875671387,0.9300000667572021,1.524001955986023
1.060238242149353,0.9250000715255737,1.530542016029358
1.0535311698913574,0.9300000667572021,1.5730820894241333
1.041429042816162,0.9200000762939453,1.509861946105957
1.05488920211792,0.9000000953674316,1.8566621541976929
1.0657875537872314,0.8850001096725464,1.8429319858551025
1.032742977142334,0.9550000429153442,1.2151119709014893
1.0272271633148193,0.9700000286102295,1.236311912536621
1.029183030128479,0.9600000381469727,1.4849618673324585
1.0264633893966675,0.9700000286102295,1.0920720100402832
1.024999976158142,0.9750000238418579,1.0573320388793945
1.081547737121582,0.8600000739097595,3.3158321380615234
1.0573623180389404,0.9250000715255737,2.4392621517181396
1.0296224355697632,0.9650000333786011,1.1233919858932495
1.0521221160888672,0.9200000762939453,1.5268919467926025
1.0393667221069336,0.9500000476837158,1.15529203414917
1.031561255455017,0.9550000429153442,1.5416522026062012
1.0781354904174805,0.8550000190734863,1.7272319793701172
1.0315743684768677,0.9550000429153442,1.5265519618988037
1.0319273471832275,0.9550000429153442,1.3036320209503174
1.0461647510528564,0.9150000810623169,1.575492024421692
1.0284191370010376,0.9650000333786011,1.5571320056915283
1.0331554412841797,0.9500000476837158,1.7326619625091553
1.0305653810501099,0.9600000381469727,1.402042031288147
1.0370899438858032,0.9550000429153442,1.1677919626235962
1.0410468578338623,0.9350000619888306,1.6274919509887695
1.0554448366165161,0.9000000953674316,1.9569320678710938
1.039228081703186,0.9450000524520874,1.25599205493927
1.0374518632888794,0.9350000619888306,1.6508920192718506
1.0302261114120483,0.9650000333786011,1.1107919216156006
1.0351536273956299,0.9500000476837158,1.149772047996521
1.0411244630813599,0.9300000667572021,1.4431120157241821
1.0326155424118042,0.9500000476837158,1.5175719261169434
1.024999976158142,0.9750000238418579,1.088461995124817
1.0509073734283447,0.9300000667572021,1.5959519147872925
1.0474556684494019,0.9300000667572021,1.5158919095993042
1.0433694124221802,0.940000057220459,1.6158720254898071
1.0371477603912354,0.940000057220459,1.5624719858169556
1.0462011098861694,0.9100000858306885,2.8137221336364746
1.0323268175125122,0.9650000333786011,1.1385120153427124
1.0387275218963623,0.9450000524520874,1.2995920181274414
1.0487372875213623,0.9200000762939453,1.5165719985961914
1.0442994832992554,0.9350000619888306,1.856972098350525
1.0326128005981445,0.9550000429153442,1.3139320611953735
1.0311923027038574,0.9600000381469727,1.380761981010437
1.0329090356826782,0.9600000381469727,1.5196720361709595
1.0304977893829346,0.9650000333786011,1.16988205909729
1.0267009735107422,0.9700000286102295,1.0989619493484497
1.050199031829834,0.9300000667572021,1.4959920644760132
1.0576186180114746,0.9000000953674316,1.6578619480133057
1.0411231517791748,0.940000057220459,1.2007719278335571
1.038671612739563,0.9450000524520874,1.358031988143921
1.0289236307144165,0.9550000429153442,1.2104419469833374
1.0349329710006714,0.9550000429153442,1.09266197681427
1.0589923858642578,0.8700000643730164,2.52826189994812
1.0329359769821167,0.9600000381469727,1.2153719663619995
1.0443174839019775,0.9300000667572021,1.2251919507980347
1.0415486097335815,0.940000057220459,1.4909719228744507
1.041978359222412,0.925000011920929,2.036271810531616
1.0470542907714844,0.9500000476837158,1.1855419874191284
1.0528777837753296,0.9200000762939453,1.4390619993209839
1.0266770124435425,0.9700000286102295,1.1099120378494263
1.0433903932571411,0.9350000619888306,1.4864319562911987
1.0332469940185547,0.9550000429153442,1.2995119094848633
1.024999976158142,0.9750000238418579,1.2135521173477173
1.0494831800460815,0.9300000667572021,1.6968719959259033
1.043905258178711,0.9200000762939453,1.7501519918441772
1.0433968305587769,0.9550000429153442,1.2822620868682861
1.0287688970565796,0.9700000286102295,1.0929219722747803
1.029881238937378,0.9650000333786011,1.121641993522644
1.024999976158142,0.9750000238418579,1.108512043952942
1.044334053993225,0.940000057220459,1.1949119567871094
1.0294406414031982,0.9600000381469727,1.4812520742416382
1.0547395944595337,0.9050000309944153,2.093332052230835
1.037892460823059,0.9500000476837158,1.1902319192886353
1.0664745569229126,0.8449999690055847,2.5559120178222656
1.0320464372634888,0.9600000381469727,1.1508320569992065
1.024999976158142,0.9750000238418579,1.0381419658660889
1.0271350145339966,0.9700000286102295,1.1628220081329346
1.0293623208999634,0.9650000333786011,1.1497421264648438
1.0391771793365479,0.9150000810623169,2.1692819595336914
1.070647120475769,0.8400000333786011,2.6672520637512207
1.027097463607788,0.9650000333786011,1.4330620765686035
1.0273807048797607,0.9650000333786011,1.3152520656585693
1.0297385454177856,0.9600000381469727,1.2891219854354858
1.06161367893219,0.8950001001358032,1.5749019384384155
1.05076265335083,0.9350000619888306,1.5724519491195679
1.024999976158142,0.9750000238418579,1.1330019235610962
1.024999976158142,0.9750000238418579,1.0922019481658936
1.0625568628311157,0.8700000643730164,1.757972002029419
1.0311899185180664,0.9550000429153442,1.207922101020813
1.0332701206207275,0.9500000476837158,1.5152519941329956
1.044488549232483,0.9300000071525574,1.7410520315170288
1.0546150207519531,0.9200000762939453,2.306342124938965
1.061818242073059,0.9000000953674316,2.1493120193481445
1.0655864477157593,0.8800000548362732,2.628632068634033
1.0264291763305664,0.9700000286102295,1.1174319982528687
1.037021279335022,0.9450000524520874,1.4073020219802856
1.0280503034591675,0.9550000429153442,1.638782024383545
1.0275534391403198,0.9650000333786011,1.1829220056533813
1.0419654846191406,0.9350000619888306,2.018442153930664
1.0764014720916748,0.8349999189376831,3.2394819259643555
1.0617488622665405,0.9000000953674316,1.8349720239639282
1.054095983505249,0.8950001001358032,2.006622076034546
1.0273569822311401,0.9700000286102295,1.3222620487213135
1.038729190826416,0.9500000476837158,1.352862000465393
1.044680118560791,0.9300000667572021,1.9503021240234375
1.0328505039215088,0.9600000381469727,1.2478220462799072
1.0444179773330688,0.9300000667572021,1.617832064628601
1.0343636274337769,0.9450000524520874,1.4969419240951538
1.0602807998657227,0.9000000953674316,2.0021822452545166
1.0432895421981812,0.940000057220459,1.4503320455551147
1.0510128736495972,0.9250000715255737,1.6377720832824707
1.0509185791015625,0.9150000810623169,1.6732220649719238
1.0547571182250977,0.8900001049041748,1.986462116241455
1.0447198152542114,0.9350000619888306,1.5814920663833618
1.0385429859161377,0.9500000476837158,1.292222023010254
1.0459883213043213,0.9300000667572021,2.3613219261169434
1.024999976158142,0.9750000238418579,1.0817420482635498
1.05549156665802,0.9000000357627869,2.6151320934295654
1.0385043621063232,0.9500000476837158,1.524411916732788
1.028061866760254,0.9700000286102295,1.075302004814148
1.0424509048461914,0.940000057220459,1.6311719417572021
1.0308672189712524,0.9550000429153442,1.6773320436477661
1.0343523025512695,0.9600000381469727,1.1845219135284424
1.033308744430542,0.940000057220459,1.6136521100997925
1.0349657535552979,0.9500000476837158,1.3110719919204712
1.0285416841506958,0.9650000333786011,1.4196319580078125
1.0303572416305542,0.9600000381469727,1.2511420249938965
1.0346912145614624,0.940000057220459,1.9751720428466797
1.0299253463745117,0.9650000333786011,1.2360620498657227
1.0484050512313843,0.9450000524520874,1.183161973953247
1.024999976158142,0.9750000238418579,1.0493519306182861
1.024999976158142,0.9750000238418579,1.1327420473098755
1.0283234119415283,0.9650000333786011,1.1389720439910889
1.0722476243972778,0.9250000715255737,1.2848020792007446
1.0291943550109863,0.9700000286102295,1.0803219079971313
1.0263335704803467,0.9700000286102295,1.522192120552063
1.0291943550109863,0.9700000286102295,1.178002119064331
1.045989751815796,0.925000011920929,2.0377321243286133
1.024999976158142,0.9750000238418579,1.067762017250061
1.0265971422195435,0.9700000286102295,1.1688920259475708
1.027503252029419,0.9700000286102295,1.3213920593261719
1.024999976158142,0.9750000238418579,1.038301944732666
1.0281903743743896,0.9650000333786011,1.2623920440673828
1.0407521724700928,0.9500000476837158,1.3510619401931763
1.024999976158142,0.9750000238418579,1.179371953010559
1.0308711528778076,0.9600000381469727,1.2980520725250244
1.0367698669433594,0.940000057220459,1.6274720430374146
1.0381625890731812,0.940000057220459,1.4635220766067505
1.048123836517334,0.9100000858306885,1.730322003364563
1.0433648824691772,0.9350000619888306,1.29134202003479
1.0294982194900513,0.9650000333786011,1.1665019989013672
1.0341461896896362,0.9450000524520874,1.7695419788360596
1.0475225448608398,0.9300000667572021,1.5509320497512817
1.0415654182434082,0.940000057220459,1.4126019477844238
1.024999976158142,0.9750000238418579,1.076672077178955
1.0331497192382812,0.9650000333786011,1.1475319862365723
1.024999976158142,0.9750000238418579,1.0555419921875
1.0657767057418823,0.8800000548362732,2.3383917808532715
1.0274455547332764,0.9700000286102295,1.1146819591522217
1.0363603830337524,0.940000057220459,1.2383819818496704
1.039757251739502,0.940000057220459,1.2205618619918823
1.037929892539978,0.9500000476837158,1.1248520612716675
1.024999976158142,0.9750000238418579,1.0709319114685059
1.0278748273849487,0.9650000333786011,1.1563520431518555
1.049921989440918,0.9100000858306885,2.848602056503296
1.024999976158142,0.9750000238418579,1.0522520542144775
1.024999976158142,0.9750000238418579,1.0552619695663452
1.0654830932617188,0.8900001049041748,2.76259183883667
1.049509882926941,0.9500000476837158,1.2413920164108276
1.049509882926941,0.9500000476837158,1.2413920164108276
1.0496593713760376,0.9150000810623169,1.5036420822143555
1.0411847829818726,0.9450000524520874,1.164821982383728
1.032111406326294,0.9600000381469727,1.1571720838546753
1.0326347351074219,0.9550000429153442,1.2543519735336304
1.0415159463882446,0.9200000762939453,1.6641218662261963
1.039327621459961,0.9550000429153442,1.3458219766616821
1.024999976158142,0.9750000238418579,1.0565921068191528
1.0437442064285278,0.940000057220459,1.5194419622421265
1.0259761810302734,0.9700000286102295,1.1871219873428345
1.0448176860809326,0.9350000619888306,1.6566920280456543
1.0404006242752075,0.9450000524520874,1.1635819673538208
1.0480436086654663,0.9250000715255737,1.4074320793151855
1.0292742252349854,0.9600000381469727,1.3392219543457031
1.024999976158142,0.9750000238418579,1.215772032737732
1.03858482837677,0.9450000524520874,2.0963120460510254
1.03780996799469,0.940000057220459,1.3463119268417358
1.0269951820373535,0.9700000286102295,1.5332120656967163
1.0542157888412476,0.9150000810623169,2.5919220447540283
1.0433095693588257,0.9100000858306885,2.200632095336914
1.0366852283477783,0.940000057220459,1.5029919147491455
1.0419913530349731,0.9450000524520874,1.191551923751831
1.039945125579834,0.9450000524520874,1.4442919492721558
1.0616480112075806,0.9000000357627869,1.999951958656311
1.0365427732467651,0.9450000524520874,1.6893019676208496
1.024999976158142,0.9750000238418579,1.0602920055389404
1.0286914110183716,0.9650000333786011,1.1633720397949219
1.0315109491348267,0.9600000381469727,1.1250720024108887
1.0433968305587769,0.9550000429153442,1.2845720052719116
1.0326502323150635,0.9500000476837158,1.501642107963562
1.040176272392273,0.940000057220459,1.3453620672225952
1.0425077676773071,0.9350000619888306,1.3741720914840698
1.024999976158142,0.9750000238418579,1.2236720323562622
1.0292675495147705,0.9650000333786011,1.3445320129394531
1.024999976158142,0.9750000238418579,1.1296420097351074
1.0264906883239746,0.9700000286102295,1.1694018840789795
1.024999976158142,0.9750000238418579,1.0510518550872803
1.0355453491210938,0.9600000381469727,1.2298719882965088
1.053945779800415,0.9250000715255737,1.535841941833496
1.0331804752349854,0.9600000381469727,1.0852320194244385
1.024999976158142,0.9750000238418579,1.0392619371414185
1.0263456106185913,0.9700000286102295,1.2747920751571655
1.0386186838150024,0.940000057220459,1.359481930732727
1.024999976158142,0.9750000238418579,1.1370620727539062
1.0417234897613525,0.9450000524520874,1.4599720239639282
1.0308042764663696,0.9600000381469727,1.239441990852356
1.024999976158142,0.9750000238418579,1.0658318996429443
1.0620142221450806,0.9250000715255737,1.3161119222640991
1.024999976158142,0.9750000238418579,1.0647720098495483
1.0292375087738037,0.9650000333786011,1.1197220087051392
1.0464085340499878,0.9500000476837158,1.1948421001434326
1.0311528444290161,0.9600000381469727,1.166011929512024
1.024999976158142,0.9750000238418579,1.2360819578170776
1.0402902364730835,0.9450000524520874,1.3341619968414307
1.0296021699905396,0.9650000333786011,1.0971919298171997
1.027860403060913,0.9700000286102295,1.0730520486831665
1.0370557308197021,0.9500000476837158,1.2445120811462402
1.0420887470245361,0.9500000476837158,1.3229920864105225
1.0543594360351562,0.9100000858306885,1.8855719566345215
1.024999976158142,0.9750000238418579,1.03728187084198
1.0338499546051025,0.9500000476837158,1.405102014541626
1.0369278192520142,0.9550000429153442,1.4048519134521484
1.0331294536590576,0.9450000524520874,1.2769620418548584
1.0369508266448975,0.9500000476837158,1.4548920392990112
1.0424363613128662,0.9450000524520874,1.3771319389343262
1.0476980209350586,0.9200000166893005,2.020751953125
1.0380226373672485,0.940000057220459,1.9750620126724243
1.0476042032241821,0.925000011920929,2.359802007675171
1.0365238189697266,0.9450000524520874,1.1378519535064697
1.0341784954071045,0.9600000381469727,1.041491985321045
1.045989751815796,0.9350000619888306,1.9567819833755493
1.0400854349136353,0.9500000476837158,1.3755320310592651
1.029374122619629,0.9650000333786011,1.1879019737243652
1.027267336845398,0.9600000381469727,1.3022420406341553
1.024999976158142,0.9750000238418579,1.0637919902801514
1.024999976158142,0.9750000238418579,1.0823919773101807
1.0314439535140991,0.9650000333786011,1.1322219371795654
1.0366616249084473,0.9500000476837158,1.2763919830322266
1.0272786617279053,0.9700000286102295,1.1161320209503174
1.0307151079177856,0.9650000333786011,1.187722086906433
1.031347632408142,0.9600000381469727,1.2909018993377686
1.0415581464767456,0.940000057220459,1.625312089920044
1.0540531873703003,0.9250000715255737,1.5753220319747925
1.0339314937591553,0.9500000476837158,1.3683719635009766
1.024999976158142,0.9750000238418579,1.0715019702911377
1.045114278793335,0.9350000619888306,1.2281620502471924
1.0262563228607178,0.9700000286102295,1.1059420108795166
1.0427173376083374,0.9450000524520874,1.2033720016479492
1.0484912395477295,0.9450000524520874,1.183161973953247
1.024999976158142,0.9750000238418579,1.0853819847106934
1.042976975440979,0.9450000524520874,1.1378021240234375
1.0478931665420532,0.940000057220459,1.2635620832443237
1.0423790216445923,0.940000057220459,1.557662010192871
1.0299155712127686,0.9550000429153442,1.2111520767211914
1.0380712747573853,0.9550000429153442,1.2144420146942139
1.0282379388809204,0.9650000333786011,1.1750019788742065
1.0297060012817383,0.9600000381469727,1.154141902923584
1.0283968448638916,0.9700000286102295,1.1563119888305664
1.0283540487289429,0.9700000286102295,1.0939719676971436
1.0274032354354858,0.9650000333786011,1.1652319431304932
1.0382643938064575,0.940000057220459,1.3935821056365967
1.0285354852676392,0.9700000286102295,1.0660320520401
1.0470542907714844,0.9500000476837158,1.1855419874191284
1.0435850620269775,0.9350000619888306,1.552291989326477
1.0309314727783203,0.9600000381469727,1.2152321338653564
1.02984619140625,0.9650000333786011,1.197402000427246
1.0358375310897827,0.9500000476837158,1.3342318534851074
1.024999976158142,0.9750000238418579,1.0925319194793701
1.0353773832321167,0.9550000429153442,1.390341877937317
1.0269542932510376,0.9700000286102295,1.1175119876861572
1.024999976158142,0.9750000238418579,1.1040918827056885
1.0416895151138306,0.9450000524520874,1.1709119081497192
1.0420771837234497,0.9500000476837158,1.0973418951034546
1.024999976158142,0.9750000238418579,1.0280920267105103
1.0420771837234497,0.9500000476837158,1.0973418951034546
1.0404467582702637,0.940000057220459,1.311892032623291
1.0377532243728638,0.940000057220459,1.7257119417190552
1.024999976158142,0.9750000238418579,1.1120718717575073
1.0271490812301636,0.9650000333786011,1.2838820219039917
1.0451821088790894,0.940000057220459,1.3660019636154175
1.032584547996521,0.9650000333786011,1.0521920919418335
1.0271437168121338,0.9700000286102295,1.030142068862915
1.028860330581665,0.9650000333786011,1.150521993637085
1.024999976158142,0.9750000238418579,1.0730819702148438
1.024999976158142,0.9750000238418579,1.1499919891357422
1.024999976158142,0.9750000238418579,1.055172085762024
1.024999976158142,0.9750000238418579,1.0368520021438599
1.0525470972061157,0.9350000619888306,1.2525520324707031
1.0277950763702393,0.9700000286102295,1.0713419914245605
1.0325019359588623,0.9550000429153442,1.2907720804214478
1.0369668006896973,0.9550000429153442,1.1027721166610718
