10215
6471
5423
6835
5944
9332
1209
8529
8461
1320
4580
5821
9894
3797
7359
6502
1281
9829
593
9895
7308
98
4845
9028
4344
4447
6375
6242
1665
6128
8272
3934
5606
9640
751
7946
9232
9333
3258
7482
7629
1510
10257
10496
8668
2973
5998
9502
3012
9413
9801
3864
5709
7670
9483
9107
3395
7218
6002
4096
333
10495
7902
4087
8345
8125
2248
3018
945
8481
3062
872
1138
9150
428
3620
3634
6093
8977
5892
9221
4543
6226
9991
6942
4485
6824
2592
8752
970
8526
3741
8300
1556
4761
5570
1479
7223
3265
5530
3764
4073
6252
10361
3814
9001
6274
6969
7140
8632
2036
3975
8127
6143
3473
6553
7357
7058
6771
8916
8684
3303
2445
3533
6150
144
4415
193
9927
134
7317
2580
3603
8379
2169
680
6434
6417
9982
5068
4566
6051
9139
168
7568
4633
280
7536
2900
9176
4442
7434
5832
9923
2369
268
4627
6842
344
2067
9600
1114
2524
9732
4967
6974
9366
9365
3959
7409
6851
6468
7891
5408
9798
9258
579
6564
7286
10595
5325
7937
7775
6587
8873
4156
3708
5245
4628
8191
8638
3573
1097
7104
626
301
8990
10112
2112
4045
2835
2450
1356
9083
493
956
9647
2840
5021
6288
6317
10425
3805
6950
9372
4740
9776
4273
9712
7543
2383
6794
3641
5053
5283
195
4396
9558
9965
2460
9618
6103
1817
3451
987
10329
7914
4573
7978
2986
7857
4409
4685
2007
2687
10369
126
5081
9536
1196
5525
3095
7417
5721
1491
6888
2838
8156
7635
10108
8246
7546
2872
4488
7845
4909
7727
288
4660
8332
9222
3827
4928
6599
3414
6266
10372
1833
2699
6859
7890
1165
10135
5885
2437
3594
9089
1381
4069
9449
137
4434
521
10120
4119
1074
4947
3569
8812
10052
1481
7852
1609
4067
1417
5621
6447
2778
1746
2133
9844
3964
5230
3650
1420
3742
2891
7252
8614
5232
1635
3595
2427
7600
4497
1793
1955
4895
3197
3766
6165
3082
322
9687
4708
944
9305
8161
9902
4509
871
6415
5842
6736
3103
5668
7166
9778
1176
132
3482
2603
6
5968
2054
4304
910
7591
5757
6060
4106
4883
6539
389
5537
5316
6909
8853
6672
2400
9257
4998
10045
681
6027
9932
3613
8451
8107
5965
3591
10500
9915
3073
1653
3020
5095
10455
5087
8003
6282
2049
6172
7410
900
7692
7128
7770
7948
6124
367
3037
3066
1782
5935
58
10181
1340
10560
3413
10379
4677
10289
4007
4478
8952
6980
5837
6312
8198
111
7480
6062
5733
6678
9061
2465
9971
3525
7232
19
9068
9933
10216
9880
2315
3434
2074
4241
10561
5358
3487
7225
5335
6308
5637
1294
204
7397
3746
4480
807
6157
8605
9708
8540
27
1593
10049
7346
2396
4383
5655
1084
9899
1700
1575
5790
1690
4997
4316
4643
6823
6038
8662
7522
1177
10224
7149
6030
9179
3393
5986
1342
4757
756
4641
9842
7961
7924
1980
5495
9339
9670
8627
6238
10227
8507
9891
6269
7288
7132
9606
2351
2182
656
3164
9110
2668
8811
930
1950
9605
8083
1304
10360
8520
9334
7724
993
1675
8396
8619
6687
8893
2503
10160
5190
7241
783
373
5366
7741
4824
537
8173
1273
2335
4389
5540
1874
8834
2536
5303
2904
6291
5034
6339
1656
541
2911
5619
4052
9351
65
2158
1605
7566
2556
1295
762
5522
6960
5398
2617
8838
2725
513
793
1128
368
867
5805
4918
9686
8620
7029
4617
2864
351
296
10346
1951
2078
4312
2238
1053
8256
7929
6873
979
8773
2239
4163
1215
9499
497
7801
10041
4212
6619
8015
4924
8719
9529
6037
2552
863
5791
2032
10523
10221
4197
1969
2658
8574
436
5910
2965
128
8713
6590
6087
990
7656
6755
1819
5166
7119
3233
3116
3209
4155
3972
6675
6709
37
7215
2545
3229
5306
8760
8134
7419
9119
8315
7675
6130
8470
9269
6918
1179
9326
924
7523
8904
138
10607
3457
1542
1761
8121
5244
7694
919
2664
1076
9797
9602
1879
787
8446
8204
10014
3373
3904
2706
9434
6916
1332
2611
9521
3830
3355
1191
2091
7911
9655
5628
550
4500
6586
8547
558
8128
1749
270
8357
7674
5354
8749
149
3108
1374
7864
2277
8528
10411
96
6195
8645
995
7020
5454
9490
3825
5528
7334
4468
5851
688
4076
10273
2092
7172
4923
3550
3609
3316
10078
2790
3661
4453
6742
533
9128
8016
3924
3963
10341
2316
22
3202
8647
6746
6405
10487
8269
2009
9289
8062
8403
6897
1229
7949
1885
9586
10231
1948
2304
561
4297
10199
6425
9969
6290
4968
10327
3004
7987
4432
4222
2202
6292
4253
9451
2372
3397
1881
6740
8593
500
10323
2168
737
3114
2541
4128
7792
1059
10033
8012
7251
1735
5206
6148
1971
9090
6870
9067
3311
6270
9749
4055
7244
7453
5252
5270
9861
2910
8146
4267
1648
1007
2374
3252
6600
696
9054
7737
5286
8905
3943
1888
2089
7041
6485
6998
8217
9791
2724
10081
8398
1155
9346
4444
8823
5263
1098
2456
5769
3818
8088
9406
1054
5849
10477
72
7115
9513
5066
9044
1089
3336
2418
6523
7062
5294
2897
4663
4327
5140
3090
24
9070
7605
7551
2966
8558
848
5554
3876
10105
2183
7535
3153
859
6915
8030
9271
9134
8243
3848
1960
7367
6463
2671
9896
4809
4974
8271
1828
10097
3917
9101
4606
9475
5118
9025
9622
6492
3035
5827
5172
527
7245
2553
2109
5441
661
7032
7212
1827
9878
1115
6345
5169
10344
7044
2106
2952
5789
6867
258
4256
3400
2511
8019
914
1573
5351
5904
10613
6480
3442
3896
6403
4213
5243
9364
1780
904
6101
9252
8458
7943
10246
3824
3880
5500
10241
5217
8625
2409
2249
304
1476
5856
2058
8004
3551
8836
162
4765
7784
4611
4637
7157
4541
2676
3058
4916
2523
4050
5013
2333
8021
7161
2481
766
582
8276
1965
940
5584
7655
1039
4413
9310
7080
1282
1236
3726
5083
2037
5728
1095
2700
2051
4000
2916
8409
3670
9963
10061
4672
5925
5152
1680
9549
5876
6005
4552
9532
4417
7194
3589
2837
5049
10582
6778
3405
4988
6653
1109
205
3050
1869
10262
3208
9766
3890
2229
7603
4728
1629
9306
2732
5173
1203
9019
3819
3816
4157
3785
2180
10312
8501
2040
1572
7854
755
649
9171
4647
9515
2888
7666
3043
1964
2755
2627
508
2404
4548
543
2985
7235
3291
5064
3566
5070
9182
7176
2653
3365
4934
9591
1810
8928
4016
8931
7193
5229
4501
9906
1373
8005
8661
1642
4813
2357
2757
2329
7447
9425
6271
1669
2591
7451
8178
6772
10234
2894
1920
2716
10025
3854
3089
3456
6097
8231
9408
7514
21
5153
899
3723
2599
4910
6701
10124
7309
7026
1299
9323
5566
1195
10131
5647
553
4518
1319
7736
1217
1460
7756
9016
5617
54
9075
2282
6703
3873
7331
749
3672
10196
4033
520
2325
5871
376
3596
10119
2424
6617
8253
8263
327
1494
1859
9421
514
4746
10465
2924
3673
6348
4356
6497
5218
839
7501
9162
10037
5002
1416
125
4107
3005
6620
4993
4065
1731
3013
6520
5421
5410
5946
2850
3324
9699
5264
1009
8474
371
1545
10293
3522
727
1046
5778
3237
4264
2930
3474
7135
8878
1497
9755
9509
408
3363
1243
1334
6076
2669
4742
4336
303
8468
298
1275
9027
4321
4274
50
5101
3207
10173
8640
201
7751
7153
213
1348
3516
6607
5130
402
3894
6710
7328
1108
2563
895
6964
6328
4441
7669
843
7847
1466
5333
4402
4136
600
5373
6205
3199
6092
3846
2982
181
3601
7749
7421
8867
279
10458
6559
10412
1043
6697
378
492
659
2350
6892
8220
5603
468
170
5198
4990
8141
1372
4254
6751
3514
8583
10214
7373
516
5643
1501
10468
5957
388
6676
4459
5687
5161
9684
4957
4319
8219
8841
5591
1121
8686
6286
6558
2281
9086
9375
4822
8143
7165
8876
6509
7525
4295
1581
728
8906
9722
8309
10558
6809
3970
10553
8564
5486
4608
8543
686
3875
10180
2566
9307
509
1524
5765
7236
5384
10457
9149
7889
8966
3118
3112
8703
9550
4005
2340
3639
3838
8406
1729
1563
7760
9873
9316
10547
4996
8407
175
7100
8148
9903
7871
8933
4787
5960
7950
7817
8418
4818
2869
6781
4086
2972
1
7685
934
1547
6729
8067
1375
5284
10398
1380
2390
8751
5167
5990
6669
4408
4659
5660
84
3743
3918
7442
4517
5321
1027
1959
9496
8150
7767
52
2102
1830
6319
10563
1866
5015
6591
9905
7121
4578
3470
6100
10191
3775
3905
7296
8336
7973
5783
6371
4977
7216
4166
7548
1974
3812
3298
5422
5346
8170
7573
4808
2161
7625
5777
7164
5758
5732
3320
3428
1313
114
6221
6186
7431
9237
4464
6574
7763
7287
3257
8584
1308
8631
9342
8479
1405
1622
8042
9918
410
6621
9130
8065
9543
9662
2615
4852
5419
9108
4448
1434
5225
5117
6802
4154
4333
3154
1704
2310
6223
3652
6196
6320
4133
5347
1261
928
1329
6705
894
9716
8781
6537
3727
10270
2693
4692
9793
1305
1270
8900
5235
4430
9789
5723
9882
7332
7102
4162
23
3576
9048
566
8597
4179
4738
7347
7956
1454
6247
6032
4853
1689
10102
647
8044
8530
2537
5062
8236
9175
472
8248
3317
4817
3151
1441
2290
4513
2549
7456
1122
5442
8245
313
2388
2269
9293
2787
2881
1647
855
654
1083
5439
1852
9667
7057
9685
7383
4986
546
958
2618
6055
3732
5926
292
8066
3685
9619
1259
7757
9430
2151
9371
7831
3826
3737
4085
3998
6278
2833
4361
622
6412
6400
6467
1949
3740
6636
4363
25
4068
7061
466
7920
1463
2247
9633
4545
6684
6563
6445
4311
3402
10555
6814
5260
1901
45
8339
6326
6673
1564
7927
6257
3270
3507
4058
4275
4104
9441
2539
9731
6249
5179
4810
10604
1579
6034
8312
5902
1506
5527
2362
4391
10622
6298
7155
4135
6884
5148
3111
4115
5784
6414
6070
1029
9491
5993
9287
9949
8145
510
8058
7138
6197
4292
260
10096
8897
4576
8374
3956
95
4291
3171
8250
3248
7230
5894
6934
196
4380
6110
4571
8038
307
375
10357
7932
5058
2336
10022
1786
9216
2971
4737
2598
461
4218
4301
8326
9114
5253
966
6957
3995
6061
8234
10417
5322
9281
4780
1862
1037
4308
2814
2284
3497
6714
580
710
8192
1670
6938
9855
6605
7900
834
8804
7416
6168
6785
5929
2246
1297
4057
1153
180
7502
8747
4946
4618
629
2077
5488
1617
1571
1623
8965
8940
4707
2381
147
1851
9298
5702
413
9294
8439
3343
5874
9043
5782
6582
2314
2573
2449
5756
4040
3240
2110
2341
10162
3210
969
8704
2505
7954
2159
1421
1469
169
3586
8958
6477
2312
3886
6898
1448
6138
6682
2185
6758
7085
5807
7840
6932
3165
6154
7832
358
5586
557
1148
3792
7651
6874
9349
5714
3184
9335
5670
2698
7008
4773
1921
7272
2209
8833
3015
10426
1543
2832
9474
1803
700
2433
6155
6955
3032
2759
3643
6627
2137
8208
1997
1924
8359
8879
9467
6899
2620
8400
2472
6095
454
7352
4896
1505
4874
4021
312
9665
7034
4867
4345
7627
9063
5654
7237
5740
5658
7684
9455
7120
10518
5149
2557
3128
8024
9672
2879
1228
5288
7771
9663
6911
4955
4999
3024
4023
4390
796
4302
10300
2129
2917
6363
5279
673
9201
3664
1216
2198
1446
2548
197
7088
6059
7510
9138
4251
7883
9674
4775
8922
952
9297
4525
3579
1493
1300
2612
8207
6350
4400
889
2535
601
10079
7827
2903
6495
3438
5605
6352
1152
1895
9324
9597
9003
1100
10145
3571
559
6347
347
10575
10207
4357
10137
10370
779
7358
865
7091
8594
4917
7553
487
9214
1822
1979
234
2654
10264
4562
6841
9224
6836
4404
4878
802
2154
8102
2939
5102
5850
6422
4384
6624
8445
1353
4969
8736
5656
7967
7880
171
4778
1428
6533
6973
4048
7830
1189
4976
3719
3203
6346
2737
7162
942
1040
3541
5886
3563
7962
3485
1580
2895
7031
8711
1781
7465
5430
5959
239
4173
2867
2048
851
2063
10255
3067
6396
4635
3676
392
3185
4366
9469
5664
1208
4499
8553
7704
9910
8196
9480
6010
5685
5048
4146
291
9015
9062
7072
9357
7709
2841
5750
7043
2233
9317
3986
1931
4762
9689
2663
4508
8767
8327
2
431
1323
2517
10540
4616
9398
2364
6111
3104
3606
9843
9041
4184
2492
2957
5700
2594
1671
4247
5933
9284
464
7571
5775
6489
5178
1977
1158
206
2494
7769
562
5255
6900
9510
3026
2649
2770
8241
7612
8998
5453
9814
3735
8478
7820
1251
9476
2866
4419
5323
10002
2430
9450
7645
9609
730
348
4572
4769
6965
7549
6135
5583
7103
3382
4880
5985
7475
8796
6185
2302
3926
1602
1322
2597
10192
6557
7248
4680
7541
4693
9185
10383
738
5123
6790
2061
7819
3006
6775
455
10576
8154
611
5220
5531
120
10019
503
7048
9184
7150
3222
5983
1486
2002
915
2849
9758
8505
1917
7092
5207
1272
10171
8113
8023
3307
2332
758
7046
8184
8136
6638
9370
5209
10498
8979
4668
697
4034
4
7700
2138
9384
6613
10325
6692
2604
9188
1450
3459
6036
3040
4753
1419
9488
5359
4286
113
4653
7918
6240
7527
7320
5271
278
5937
4189
5044
8907
10013
1655
4229
5502
6106
5137
5262
3725
9014
9231
3793
663
1347
7106
5181
3023
4844
6927
8744
7596
5780
560
1626
4083
3648
7919
1049
2831
5631
9303
3695
4547
4014
9020
2847
8725
4046
1598
9167
380
3981
3882
3213
10036
5973
10263
8561
5535
4132
5174
5818
4414
8279
2226
6801
9675
2308
7307
7051
7904
3115
6494
882
1278
10618
6020
7487
1596
4941
9034
6527
2098
6250
7903
8046
1358
1608
817
8945
3227
10554
7336
3700
2498
8068
1707
3135
3769
8341
10366
8185
3711
6490
5320
4661
9658
4313
186
9347
4285
4428
8975
6694
3354
2622
8917
4145
4814
2752
3526
1070
515
5716
5923
6368
5906
9178
1640
9677
4805
3139
7965
616
9144
3034
4219
5467
1722
5158
2564
1774
2987
9074
2066
4649
4936
4741
5575
1106
1548
5292
2245
3761
274
5545
4504
7305
5711
9616
2293
6882
254
2711
5395
10261
10138
1684
1242
7291
7365
8420
3155
3600
5594
937
262
3715
112
6305
2473
7294
9329
7659
3532
2572
214
7105
5909
4950
6491
8472
1248
9736
7209
8167
2026
8606
7133
4180
432
4102
4059
7075
5499
9482
7382
3087
2720
10163
8974
8726
8671
8401
8821
3123
341
4942
10239
6532
4152
3109
117
2538
439
1526
2799
7224
6519
3871
8393
2559
4678
9084
3429
4873
5473
2753
9170
8132
1688
2028
8554
780
7073
8565
5557
5082
10351
1876
9417
7002
440
9889
3716
2075
7207
6191
6912
1632
6234
5661
3503
4666
8609
10151
7504
8294
2359
5195
10588
3536
6472
4056
1726
9857
5391
3388
1464
202
46
875
7647
9764
7036
6354
3967
172
1549
3704
9817
8800
8202
6593
7010
2922
4051
2156
7863
2276
7610
3626
10473
6133
847
5269
3930
1516
1595
9520
3344
2875
801
774
3705
2730
13
7096
8792
3776
7909
4557
8465
8166
10522
528
10557
9771
3170
5712
3274
3225
10175
3379
9786
5579
8869
2438
4236
9992
1975
2262
8708
8716
6792
4181
3721
6243
4074
6039
6734
4804
2820
495
1804
4731
6573
3649
502
3175
1937
8858
9092
9392
8035
1861
1897
3796
739
5964
4467
4370
4421
2475
2794
7430
3519
908
9610
7038
1061
4492
6920
7045
6839
6152
302
8799
2906
4158
1489
2065
3120
9646
3234
5407
3045
7998
6868
5706
7868
8948
6321
9691
3150
8265
2254
765
6366
2868
5710
1840
9407
3690
10463
5007
6861
8531
6608
5920
7169
8696
4472
135
5449
2515
5979
6072
3689
1339
7982
8372
1754
698
4216
5705
8368
10469
3544
8267
9263
10443
10511
8011
3713
1151
2177
6654
699
5555
1385
1234
407
5547
9825
8268
2252
5251
7586
7321
1277
10265
6356
8081
3441
4654
9051
6068
5945
10236
7739
5435
7158
3212
1286
6113
4776
5864
3465
7658
2650
4839
3125
7878
2243
6773
4237
9009
2581
547
8344
8114
10519
2006
75
5678
2824
485
8816
3597
3870
3214
1386
7716
5565
10056
2892
5097
9484
3500
7848
1878
10057
9498
975
5613
10310
9981
6029
788
4877
3556
8201
2918
1717
5051
2212
2265
9535
2761
6906
8126
7764
7619
6817
7394
3011
1738
1284
4759
2393
6596
2723
7343
7175
3834
1198
10375
7024
4777
2756
4071
2501
5448
412
7511
7327
5585
7275
2270
8387
1928
9506
674
4466
7735
5715
1619
2116
4639
625
3919
1517
1559
8489
9410
400
6174
927
5098
4134
8997
5526
2516
1065
7488
482
10352
6939
1554
8281
1737
5597
6695
2665
2241
630
7774
10324
285
4657
2726
8653
9165
9286
6465
8919
2829
3977
2452
5063
3443
675
4514
3794
7183
10556
7170
9036
1538
5720
2736
5897
8329
8611
9308
1071
5730
8847
5126
2685
9250
5567
8430
7814
7593
2085
3486
1771
3502
12
4214
2765
382
6044
5444
8855
8092
4982
7065
68
1004
7256
6962
983
1835
5131
7124
7139
7401
9874
1719
10267
1986
4670
9573
8133
3054
9355
2292
5977
3755
3477
5676
4231
812
7337
923
6159
8782
2135
708
10027
6167
3183
713
4004
6353
7370
1197
724
3980
9511
7893
7485
5075
2327
8203
4859
4011
7614
8639
2729
266
3022
434
6126
2540
9050
2339
5402
2034
2773
8078
7210
10335
3390
1925
10587
6767
2812
8988
7829
7604
1490
8514
3974
2527
10483
8378
2715
3612
8926
3289
8402
7974
4053
4416
4436
10340
3281
5770
499
2735
7013
3703
3562
6499
6284
1435
2073
8165
4767
2420
1391
2072
886
3192
6049
10233
4394
6972
3121
893
3421
4225
480
6546
8351
6488
5349
6604
1535
8983
3479
1756
9389
8317
6140
3990
1055
2046
7201
10611
8753
5254
3667
3481
4462
10243
6875
5867
3513
620
571
8452
3798
8755
4938
9914
1438
207
1727
7533
7089
7063
10000
4092
4452
9790
1425
7348
3002
7281
5917
7618
1477
8375
4758
3582
3850
6667
3996
2714
8883
5626
6812
3333
2079
6845
7404
10141
2733
953
583
9403
2179
9291
2392
797
6890
6380
4966
7697
5012
5290
2785
943
7966
8408
6948
3602
3469
5076
4347
2771
9886
7744
8522
2775
4939
1900
3156
7661
3180
5517
977
1503
8471
9660
4725
9821
1218
4843
4870
2522
3483
10109
4244
7990
6688
8235
8193
3398
10297
10546
5065
8061
5226
8488
1103
2455
2120
7812
359
2124
1447
5578
5112
6947
1403
9069
9713
6848
8692
4209
1839
1606
6951
10337
4620
3675
2823
7783
8527
3138
564
5052
3628
10533
2968
8689
2023
1904
5105
4820
124
1162
6724
8664
631
4676
5431
9701
861
6079
7838
7145
9820
10058
10193
7386
5274
8111
2758
8788
2907
3916
8515
786
5992
5420
5428
9707
2352
5638
10353
6215
8159
7977
544
5546
4610
795
2512
1017
666
3958
8495
2010
6777
9367
7678
10147
6766
1674
2632
8886
1694
776
4451
4289
6793
9189
10460
2263
9545
2638
6410
6928
9238
5642
8872
6881
10266
1533
1449
10226
9942
57
9892
6937
8854
2546
926
10488
4863
5273
5356
4648
9734
6889
2624
5375
2386
9936
4879
8169
9087
1186
7752
1783
1078
6033
1073
2178
9872
9846
4431
10499
335
4103
4838
300
1056
745
7860
6988
2804
3072
7620
9947
1867
2977
7526
836
7789
3931
2244
3691
8342
3029
10026
1607
5293
3561
3098
2853
4331
191
3701
215
411
3392
8925
297
2680
2614
10107
7970
8162
5680
8995
236
10552
1249
2347
4066
2811
2531
6256
10280
9854
4290
2532
6325
4613
5552
9409
10144
1957
6342
7796
6567
7810
8484
2041
1389
9613
3614
7227
1028
7686
507
1811
1887
9748
9752
1047
9245
4695
750
3829
457
6307
5724
1664
7841
8580
549
9405
8116
8221
8667
4130
269
6989
9967
7087
1370
6336
9008
604
7648
8449
9585
8660
2722
1679
3570
8280
1312
4150
2919
821
9215
1898
9807
1645
3759
9212
10195
2255
9774
3420
334
7524
9270
6047
8882
4091
5313
6007
6944
9024
7508
10573
8892
5186
9145
8459
9527
4335
8654
3961
888
155
2407
8685
5692
4945
1721
3352
3254
974
9202
2704
2444
8508
10328
4387
3314
3440
8352
157
10333
6071
6021
131
9956
10380
8963
6304
6287
5853
8153
140
8806
3752
9659
5982
4375
5551
3779
10456
2561
2201
4592
3842
8856
637
10178
6853
8189
4807
5793
9796
5353
8239
2862
4486
972
8497
4602
4484
2454
10386
8002
8518
1335
4927
6262
1801
5648
227
1894
7205
8989
4764
9761
8082
9315
7899
3149
1883
7844
7366
3148
3622
2827
2656
3472
8794
4422
4713
1298
164
2141
3885
6427
6211
9571
9190
5086
3278
3036
1399
2579
7788
5120
10330
1254
3028
3520
4794
6580
1023
8232
3636
6402
10040
9321
3412
4755
6659
8278
5610
10230
7531
10388
5085
3099
2819
2855
6245
9429
10299
10167
496
9964
3060
2217
9414
8394
5816
8158
1141
8381
71
4006
6008
5623
4901
1113
9035
2489
9577
2018
9524
10436
8694
1981
3763
4288
4309
225
8182
7425
1995
7107
8050
5726
3991
7555
6665
8048
7069
7529
8080
3910
3249
3495
1939
764
3038
10464
6322
3321
3245
4169
978
6511
8861
2436
9743
5496
1287
2887
3057
4437
8699
377
2451
679
5698
4140
199
2487
2271
9267
954
357
5361
2309
4113
4991
3380
6545
9458
8817
2688
5521
3637
10491
8947
8172
3999
9440
32
2470
1453
1795
3134
4009
10433
243
3075
5127
1945
7800
8124
4587
5984
3231
3462
7325
9350
2176
3161
2677
9522
5508
5848
184
6760
6178
6764
189
5091
8761
5899
3375
10238
7047
9115
7673
9032
9428
7306
9775
7303
330
5160
4260
7790
7705
2482
1392
6109
10269
1715
813
9204
4782
2111
1230
9313
6832
4238
9754
6921
8902
7136
8589
1171
7738
6788
3897
5425
119
782
3506
1561
198
2358
2052
8750
9637
9361
4651
7836
7884
450
7816
4174
2747
3071
10248
9808
9489
3560
7368
5781
3617
775
9751
6129
7985
10203
10378
4721
511
7873
6276
417
6723
1992
7495
4283
10445
4101
9787
501
2662
3936
1328
5194
3378
9495
7221
1566
366
3371
7490
7976
1663
5485
3350
8320
5650
7550
1933
5348
3722
8110
8106
6458
1604
2478
2038
10570
8742
9570
5380
4203
3166
2495
9970
1558
7414
8827
2189
3933
7433
4095
1902
1247
10536
4952
9220
5445
5553
5921
6544
7413
874
8607
6123
6877
9937
3621
1167
950
2127
2415
5061
7567
5630
9847
7005
9380
3295
5480
3804
6803
2301
6045
5427
9993
2889
7516
726
7926
2744
7234
903
6642
6048
1382
4252
6310
458
7999
284
9955
1961
1387
9785
4830
6831
5258
1668
1015
3132
3219
7042
8777
7695
9360
353
1436
8909
5588
4276
7137
7353
1190
5138
2306
10245
5446
2377
3983
7462
7616
5806
6756
7564
1314
6294
1014
10024
6132
7460
4246
6872
5817
2873
10414
8433
9141
6953
7054
539
2948
8464
842
3460
7481
8487
2107
1223
264
4585
7313
6486
10396
1713
1458
9976
5569
8776
3574
5412
2429
2500
2860
5558
4198
6784
3969
5924
5593
9274
2119
10349
1627
3739
9695
570
5030
4956
3801
3869
9940
1631
7316
6090
2197
7185
1351
7869
9197
1519
4362
5858
4546
6679
6741
4937
4529
4588
982
6658
820
5387
6560
5971
5014
275
1134
5828
608
9479
8147
1507
26
9566
911
7071
10294
6096
9693
2035
1588
3777
2788
7392
9583
555
1686
5215
9676
3674
293
1280
9116
5205
8651
240
777
6067
10577
9157
3076
8798
9528
9711
4176
10076
7507
2431
9431
3086
7292
5834
1111
424
2361
4745
9683
5433
7377
10593
5143
3698
319
1154
1355
7653
9471
3666
10086
2981
1005
2974
4195
1306
6236
6776
4281
1808
5958
101
5151
554
6050
1773
320
7476
2956
1993
3383
6164
2360
4378
2050
7644
9387
9901
2874
4981
7463
7393
8032
6053
531
2080
2899
8648
9203
6840
4194
3403
7834
3745
1539
7691
4584
6479
8986
4398
8026
1001
10608
991
9341
2485
242
6399
42
9013
10189
1520
3542
1185
10626
5524
3733
5201
10249
8349
2366
9007
3061
9738
3647
3455
2039
1528
8444
4770
8563
7064
1182
1676
314
10225
5175
4983
2764
858
299
8176
6522
360
5057
7171
9300
9938
9206
5966
9700
8311
2818
4351
5096
3504
1932
1886
8373
5629
5377
5872
7597
4482
4028
403
2858
6024
7772
2232
7486
6432
6926
8233
4330
5343
9461
3142
4884
5684
9254
6862
5256
752
9943
1139
7182
3133
6469
1422
9584
9079
9002
9207
2810
753
4691
211
9929
897
3836
10198
8521
8516
5562
349
10068
372
2142
4837
6721
2843
4607
5611
4261
2609
1660
840
4270
3369
9840
7917
7229
10292
1150
1998
9598
6512
5227
3539
5568
10091
9865
123
8397
10148
4234
6241
7835
646
5233
8687
1832
4435
8621
3217
100
7776
6313
4298
4177
248
4960
3408
4449
9648
8293
5505
8573
9113
5870
5694
8857
3847
4329
346
9594
2588
3907
7559
5523
8307
7806
10220
4049
1498
9868
5863
2958
7111
8517
230
7098
10505
10447
467
2356
8222
8171
2636
10092
8070
5379
1461
315
4406
918
5649
4790
9159
5312
968
10277
9124
8822
2337
2928
963
7632
7587
1685
1612
437
6042
3439
9433
9241
4720
9735
1831
8629
5024
7795
2422
1850
5073
4987
2994
5326
6207
1265
9650
2530
6233
2648
971
4268
8275
8249
3461
2155
4655
1695
5037
6626
10211
399
7621
10165
4141
66
4496
210
7350
9657
7056
9109
8920
8591
5424
2980
6754
10272
3436
4815
9885
687
3129
5139
5969
3585
6462
7912
4249
5762
9525
3891
8033
10258
6193
4125
329
5754
1952
7969
3731
3583
2709
7269
9538
6975
4463
9917
7580
5695
6204
1570
2713
3994
7708
878
6894
2633
3543
8144
5773
7271
6421
1527
6199
746
7478
5241
9692
9105
6442
849
1892
5812
6139
425
10539
3124
2955
484
685
7713
9806
9052
9011
2378
6978
2062
3865
7589
4243
4287
2030
4675
7333
6871
10136
4796
3367
1934
3786
10084
1475
1120
3230
2272
7123
9320
6726
9737
3200
8771
7590
9724
447
8377
2287
9837
5459
8791
5282
2628
7192
8190
1362
885
1910
5893
7876
3176
6834
5988
2152
7941
7901
5604
2279
9508
5401
8079
887
4890
8415
3968
451
3106
1324
5939
9924
1618
7892
1848
8578
2144
2585
8297
3027
8017
879
2069
4369
9888
8039
4609
10497
9029
2139
1183
4506
10424
7633
648
9564
6552
7729
3979
5614
7116
3760
4932
2047
6419
8029
4903
7935
9557
3857
2809
5580
10218
5536
4914
10075
9546
129
3242
5869
5463
5261
1733
4410
1263
7022
4385
8419
6513
5046
4736
8783
7243
2555
7986
4079
10621
8595
9730
3989
1361
9834
4105
8880
6864
153
2328
3682
8615
7141
1235
3232
2686
325
4392
5862
7113
4963
2803
4827
3815
3881
7134
522
9983
6999
4868
5036
4227
9581
6016
7211
2570
10016
3053
10202
1585
9042
3010
6253
4138
636
10244
5337
6578
7503
7084
9645
5250
7787
3140
6244
94
1226
3068
6632
9912
9639
10585
6907
9256
965
69
6272
10494
7441
7257
2844
5147
3580
4665
5511
6923
10474
251
5742
3813
1865
5094
1836
9173
741
3800
6575
5203
2313
33
1696
9661
3993
4931
7178
6225
9569
7754
8577
2166
3575
1077
6828
731
9272
1000
5747
9740
2859
5556
5999
8951
1132
5365
881
7846
4456
772
10363
7053
6711
824
3712
5510
2234
2496
4080
5683
8545
9826
1935
1889
7897
5686
4605
4255
9168
8848
6372
9897
1912
6393
1541
9228
2748
6668
4564
7730
7585
9397
4688
671
10503
653
2830
2807
8582
3366
421
4469
10256
1740
9757
9383
8084
10385
5276
2932
4701
7226
2909
8255
8894
7813
8441
6446
6987
3535
2601
2216
1199
5843
2132
8257
6581
6281
5475
9039
9058
3359
8657
8717
7208
9729
5743
1736
6959
6589
3534
6476
3632
8103
3922
3953
3920
5677
2697
2483
5208
7642
5210
619
4446
8213
4802
6852
7129
3224
960
3331
4899
10029
1860
1625
3337
4277
9715
10454
3627
8334
7006
4823
1864
10481
3407
9742
10342
336
2750
3642
4090
1352
9864
1844
3130
10210
4849
2619
3221
2652
7315
1170
161
2490
4109
3147
4929
3158
8149
1923
5916
4768
6448
8525
2448
10466
8722
5592
1492
1843
4698
8746
8727
5011
3084
10549
4569
5039
1019
10121
5106
627
2000
1525
535
2192
6078
7766
7049
7274
7638
6634
6194
9780
1423
1651
7534
7067
5673
6985
8343
48
7345
1036
8670
5468
10524
398
4841
2702
391
9595
2268
10268
4726
4597
8929
1785
5669
10448
4015
7578
585
657
40
1550
2149
10301
7125
1846
1010
5146
7282
10302
1231
754
9548
5635
4598
1224
4994
9935
6231
10471
5047
8603
3501
10274
6023
7808
10395
10526
5696
3858
3330
1433
2221
4800
6084
99
5797
2938
8360
2389
9123
677
6940
6337
7375
10430
5394
7101
6518
3272
7922
5163
9164
6549
1465
6285
8635
6895
4487
7459
2510
385
401
4920
9615
8043
6227
10354
8010
3078
6611
10069
3852
4922
5877
1377
4490
1082
7662
9973
4589
5032
933
70
6789
7016
3416
8729
9396
5180
4186
854
1021
5248
2363
2772
8421
8367
64
1473
3077
3251
8524
10060
9770
1789
10420
2224
9444
143
9419
7515
3781
3680
2763
3839
4070
5038
3189
10271
5860
10308
7283
2240
6478
4401
3376
1658
200
226
223
2042
10579
4581
8831
818
5734
5771
1042
8548
7206
6706
7637
6554
4223
4723
4183
4531
10358
393
9626
3750
905
2126
3097
2805
2286
7319
1107
7380
2800
4282
6571
4621
9260
1546
2762
2172
9227
3757
7518
10204
2926
2084
6708
10376
7520
6367
7423
9590
6085
7242
3277
7474
862
3747
1809
4425
8957
6015
7712
39
1457
5318
5088
9448
10254
1569
3683
452
7219
7747
1821
3795
1418
133
9295
8195
10251
8389
9563
5896
980
4671
8049
8426
8462
59
9376
2417
9922
6398
4730
2631
7489
9195
4455
1411
9588
7109
642
8556
10615
5371
4748
4885
6391
1240
7664
10451
4476
1080
9082
1953
5548
7598
7214
3537
6018
1045
1621
1649
4008
356
9537
4310
9377
3391
6816
6765
6293
7293
695
3572
7607
4995
5838
3686
10156
3962
10095
7825
2953
5751
2878
5443
9561
530
592
7335
8509
3499
5185
6805
1173
1091
3282
6189
506
8139
4536
5310
3900
1509
5514
5108
245
3592
804
2105
2121
2551
1188
8356
10601
6360
6355
1591
9158
4816
8018
9325
2457
9401
10110
8119
8244
9093
1905
10392
9386
2104
2707
3463
7074
3911
10313
2949
6548
1687
7959
350
1518
9183
8163
4926
949
10209
6902
2871
2983
8181
10074
7537
5399
6277
10334
3126
295
4951
261
1911
846
5005
3107
3069
4567
8884
489
1092
832
5582
1143
8210
106
38
8774
702
7379
8675
3049
6213
4032
10537
9443
10516
60
2021
5060
6081
4625
235
552
2962
9928
6131
3190
2608
5197
3141
10072
1431
4110
4640
4339
8122
6200
4667
6192
1584
5539
3172
8700
7862
692
1285
2660
10530
10298
10206
9988
7418
4153
6762
7349
2318
8306
4126
6945
8264
10021
1962
4149
4230
9512
3702
3898
9832
6639
4443
5455
4854
8735
9436
10410
828
5239
9726
8544
9601
4360
4454
7435
740
3709
5171
5187
6121
5571
177
5228
9318
6424
672
5249
5340
8135
10296
6411
3932
10087
5976
5392
5974
7278
3821
8734
9040
4348
5009
6887
3555
5515
3909
3489
9706
3928
10213
8739
4232
8028
7263
9192
1899
4681
5381
7455
5975
1716
445
9830
1484
8885
8180
6052
6660
6014
10046
6359
2822
4954
7066
7791
1511
5615
8956
9995
704
8604
8077
6865
6515
9578
5672
10384
10064
3508
3887
10589
2227
2877
10104
1146
8690
4673
10190
7726
2582
6914
9717
7782
9628
2223
5247
4507
3567
1601
1283
9788
7731
920
9795
10042
6844
6202
4470
3256
4042
8908
2963
1164
3299
9278
8053
3809
6206
10252
5436
6273
5369
1816
8422
7921
4205
9974
6850
3949
6306
31
6501
595
1395
5882
3908
5846
3527
10009
1067
1250
2589
8706
10039
3312
9473
1412
5543
2095
2164
5947
5493
3241
1401
8533
6535
9442
9454
4477
2410
2323
10093
5370
10525
8829
6444
9481
8395
9131
10492
8262
665
2134
7867
7623
4921
6933
9211
2821
4003
409
5168
481
3119
6119
6397
9812
2640
9504
340
2547
2003
9127
3476
9010
2613
364
9312
6452
1723
10179
1854
678
2055
9191
6649
1408
5564
7859
8105
8968
5001
602
8214
6017
8060
643
7470
8091
4919
5364
6438
10367
505
5016
6791
3758
2583
1880
2997
5622
5779
2519
3879
1909
6137
4418
6083
7509
9867
5602
5866
5434
7672
3007
4646
14
7939
253
9388
6125
9077
3433
4771
7720
6576
1222
8797
6364
1701
2996
3808
512
1044
8680
6265
5135
652
1863
8054
7181
10205
7588
3055
1126
6263
6493
7259
2053
7238
3851
6704
6968
9126
10486
1252
9866
9612
8610
705
6289
8626
9288
5590
1367
7408
2285
3297
10242
2655
3426
8287
10405
6019
3599
5616
7146
1414
7277
5458
4352
1652
256
8793
2954
4440
3195
997
7163
9816
7273
3950
6153
10128
6302
7576
7280
6854
7052
9283
6770
880
2331
2701
809
7363
8842
6001
6171
7777
9273
8801
7426
9851
6725
2666
9478
6091
9744
7628
2394
1237
9047
1915
6565
6009
1006
4001
5308
82
5339
5967
9876
7429
8868
6720
2934
2691
985
4700
1858
8851
3247
370
989
5798
1667
1530
9352
8740
10088
8937
9102
3810
8815
1875
536
2961
10584
8889
6428
7258
188
6390
5688
7594
7268
7799
10152
9094
10082
717
6908
2368
632
5311
2558
7680
3738
6184
2626
4193
473
4374
748
4393
1583
154
6808
1857
7513
1654
2013
10065
10356
3122
7540
4891
7530
79
1872
6004
1778
2474
5417
2533
5074
7779
4201
2416
8914
1763
10282
8175
1337
10387
5518
3841
1058
6481
390
265
7302
9916
3717
5114
9572
8063
1211
9958
1020
10423
1142
8960
2136
9200
590
4862
9301
2165
5110
7249
3410
4985
273
3863
10365
7968
8741
420
7079
2469
2543
2320
8840
4359
6383
2792
8763
281
2646
10011
4170
8512
9129
9345
10368
1724
5154
2789
844
3493
2275
8723
9354
8321
1692
4338
9945
10597
1496
5216
4850
6786
1748
6169
6275
9468
2274
8881
9580
5736
5219
9046
6224
8642
1432
5764
5857
8770
8157
8903
1940
6040
7682
2442
5898
3430
8324
1610
8340
282
5278
8649
3415
1118
8168
6022
714
4603
4855
5542
6917
3546
2970
581
2401
8090
2086
7933
7640
5164
5938
6541
1908
3262
103
5400
5413
7173
7895
1791
8310
6505
4861
2163
1661
1552
4930
7886
3828
2005
5662
3660
3260
8701
483
8993
29
3279
623
3409
10482
3425
306
6699
4527
3033
3978
7000
1999
8616
1544
1712
10476
2195
2673
7665
2931
7660
6983
88
2349
6025
2419
3361
4533
1970
10186
650
2391
8480
912
5304
7622
9135
10459
9432
463
9759
5078
3791
10055
8535
1943
7885
4662
8807
1725
1739
6981
6674
9681
4403
7177
8289
6115
9652
6681
2342
10291
9358
3782
7505
573
1777
8229
5212
9551
2675
10406
1410
5940
5374
6255
5895
7330
1266
1345
5265
7851
9769
324
3724
5257
7076
7122
10129
10508
529
5334
9668
3085
1574
5884
9085
2432
8866
4002
3000
2607
1350
150
4027
2019
8014
9898
805
9741
5472
2253
10431
2307
6538
6170
10247
8274
4350
6296
4801
3772
1907
3914
1587
2321
1760
1474
6929
9142
2093
4550
4570
286
6343
3387
6810
4925
7452
3215
4539
2884
9596
5026
4020
5963
4898
3511
10515
4424
7284
907
10389
3266
9831
10276
6551
1929
6011
116
4961
2933
6457
2004
4013
8457
6341
4187
10544
8658
9251
107
8888
1016
10237
427
9091
6930
10172
1057
3308
10623
7615
2642
7910
3768
7780
3640
7011
10444
8624
7479
3064
770
7112
9950
3656
6686
8237
9852
6239
7299
8887
3275
7255
4159
10506
7975
10114
1988
10228
9247
9073
6470
3309
8598
4324
10562
6815
722
173
2395
6583
4940
9779
9560
1784
7746
1079
61
3823
1718
4682
8532
5741
10133
8555
8819
9280
5875
5559
442
639
7748
8369
6144
4522
1397
9709
6217
9161
7341
139
8228
3385
9690
6806
9296
1384
6134
7180
2993
5404
8112
10404
10031
8001
4341
6069
4061
8764
4783
1799
309
6718
1916
10581
7923
2728
8895
1936
10066
4747
3577
3322
1066
6441
4683
9236
1586
9948
6013
7721
6454
4097
7035
5196
614
3707
4907
8830
640
9477
4532
1813
8592
4851
7270
5824
6508
5632
5663
4495
841
1884
6160
8709
5927
5822
2995
8330
1051
6190
5776
4458
2338
2150
6883
10101
86
2162
8780
4540
4644
2678
5357
6958
1599
6804
721
9989
5134
6437
470
6757
8069
78
6542
4129
8710
8803
7021
6416
3374
36
1730
3867
9968
2181
8985
8666
8436
9031
5035
9374
1678
10416
7809
8644
690
7654
2802
8266
2727
10219
8731
651
5823
6666
8845
7438
8808
1407
1768
3419
7467
5774
5159
7940
2635
6855
7117
628
3938
1628
5795
6114
3300
7496
1906
10007
10004
5596
1788
4516
363
4717
4826
2836
3016
3835
5182
10311
4427
3965
2385
8151
4565
10603
9813
5426
10044
9841
5287
3079
6031
8476
20
2976
9941
7826
4601
10050
3843
9544
6579
6738
8108
4475
7542
5315
3437
7406
310
2813
4638
9960
935
4303
10309
10441
8984
7440
3145
7445
1168
8874
10437
8721
232
3945
10307
6230
1767
5302
1426
5440
5237
8388
4980
4248
8724
9146
7457
1521
10212
7483
51
4600
1693
4669
7802
8936
9457
2504
6555
9805
9103
18
6216
2097
2208
8346
1376
1868
2353
1807
1008
1371
5665
6631
8622
5461
7378
63
3925
1075
8567
6460
605
10217
9869
9877
4872
6878
3127
2623
1316
2096
10130
2311
4656
8177
1603
7768
1048
8656
8765
4364
2786
1011
10438
6662
6645
6954
9362
7195
8572
8612
2780
1938
8209
6531
3540
8051
9599
2586
1644
8197
8813
2476
3496
2882
6254
1762
55
5483
4038
1357
7687
8650
1922
624
1336
9045
2426
5183
2493
1841
9299
9673
9464
3559
7033
9523
9037
3471
8319
10117
4296
9978
8628
2670
4528
4208
6540
17
10377
6657
10331
5541
1093
4586
8682
1160
9653
3773
2817
3954
9447
1615
7009
7711
4438
5719
10063
2989
5936
7706
4847
2679
10070
9338
5907
2200
10591
845
15
2816
1400
2856
5707
1963
6995
5534
7667
2769
6956
8924
1565
1220
7934
9870
9827
2782
8098
7471
6811
5240
2371
3047
2806
2011
7196
1102
1081
5833
8073
9404
3607
8364
9453
3334
9095
9229
5674
3889
2083
8999
890
4696
3655
6413
6595
3182
3327
4461
3751
7403
8913
1764
8463
725
1941
3009
3844
3025
1187
2071
4834
7159
7262
1870
7015
6107
9985
8251
8849
2828
9541
5184
6098
9746
5589
7023
6597
7574
5641
7436
1467
4075
2969
9728
9804
1062
1307
7385
9631
3915
9733
866
1913
465
1184
9422
9614
1396
6800
1094
8101
7213
7558
4971
9022
4892
3608
6943
5903
10003
4044
9136
1041
2280
4175
2056
2020
9359
568
9723
3884
121
9120
1620
10295
2936
7188
6976
8318
4912
6641
6080
165
9081
10132
8915
3888
208
4821
7246
4714
5550
916
5342
9264
4207
283
986
9174
7468
5416
1683
7415
9671
4630
8953
3051
7506
1532
6905
8759
159
4626
3921
2170
4031
9900
669
7500
3386
396
1555
10371
2964
8365
2513
4722
10453
6847
8789
5027
74
308
3718
7989
474
9500
4022
8500
3651
4328
2397
4405
5634
4337
8946
6610
689
5432
3671
4530
10343
5943
10094
8810
4118
2059
9055
565
1650
1258
9099
8921
4904
4349
5601
5735
3982
3144
2526
4727
6316
2283
4121
6525
1123
7915
9745
1720
8299
8045
8283
7095
4905
8852
8325
1031
9930
3762
10182
9782
9702
9634
2459
551
1346
1471
7887
1855
6214
4137
1086
2346
1012
1268
1087
8552
5587
4093
7398
4535
8055
3644
10281
2637
3611
8504
8511
7323
1825
9177
662
7907
8549
5796
3929
5991
7217
3422
7679
4433
2893
9944
1379
7099
7855
9137
2988
4944
6117
4943
1271
3273
10534
6158
10391
1341
4039
56
7570
6141
10502
441
9057
7017
6388
5314
5836
2672
7298
6506
7012
10038
163
10485
883
8041
4217
8104
6369
1462
1288
6487
4190
1310
10118
6177
10235
2348
5785
6896
1302
10470
9721
3315
8331
6799
1703
7634
1330
2398
3001
4992
4772
1440
5675
1536
6829
10381
5466
5753
5317
2443
3030
9815
5800
3253
5761
6849
2250
10568
6935
1488
5900
5275
7865
6474
8652
462
3105
2324
10284
10089
1289
0
7289
4893
3389
2630
6585
5997
10520
6730
603
5913
4962
1743
3394
8412
5193
1147
7222
8273
3657
8366
4479
3494
10355
1072
504
5019
7458
5189
3044
998
2101
2576
1500
5574
7718
3228
6689
8247
3944
8482
1504
7265
6145
8384
1413
9972
2259
2593
1853
7187
3780
1478
2081
2440
4465
4752
6228
1311
7575
7003
449
1553
8238
6461
9530
3587
803
4848
999
830
5788
4842
4857
414
757
8938
898
2211
10139
1227
10531
9466
8292
8637
3677
10421
6180
7676
517
4864
3635
3102
1954
3328
1415
5840
7448
3803
5955
9493
794
9253
967
9104
1758
9292
5820
5639
9240
10188
1105
1706
5809
5595
6795
1592
5214
743
2261
5873
1710
7001
1776
9154
7396
7677
3630
4781
1225
596
2682
2710
6351
5345
4632
6041
3167
271
8404
8385
3292
2777
9997
1568
947
3080
9208
7599
4481
6707
667
6961
8502
9547
4257
7285
9151
996
7963
6683
2322
10336
6376
3454
7595
10123
5142
3464
8536
4279
5352
5889
8363
81
7538
9290
6409
423
7050
10605
4973
709
5363
294
6712
2228
9072
5388
7870
4300
768
4012
8431
8964
4615
814
4718
9353
6035
10059
6569
4388
2025
5689
8743
3564
6136
5482
10409
3065
5409
2793
1702
5289
8586
8663
8678
3467
1790
404
9911
10279
7643
2146
10018
4699
8064
4412
2959
2851
6941
10023
7839
723
6179
7861
8386
6820
430
7984
9773
3912
6099
6826
2345
2022
9249
8305
3160
10514
4114
6340
2236
1255
9879
9255
9883
8832
5844
9379
1765
6147
7828
10571
3381
5372
8705
9768
2115
2920
9534
4191
5396
6229
8588
1210
2521
4591
104
3339
7778
7174
5908
8362
9198
2343
1750
9006
6562
2296
1213
83
4716
8258
4959
10490
1445
10614
305
8875
3744
5879
9884
10223
3424
3143
9828
1829
4131
2791
6394
1589
763
2222
6693
2187
10222
4577
4645
4652
4799
2766
1050
790
4505
6183
5008
9996
5961
1293
5484
10278
9147
5962
1030
3014
8646
5330
10090
9552
7240
10538
7014
10413
9261
5760
1856
3498
10449
3590
1264
5911
8252
3446
8288
1291
418
9021
5942
4094
2094
6358
3453
5133
5652
8187
2784
6237
10550
10322
203
1276
9518
3756
8200
7944
5881
7608
8778
3529
10250
6588
8296
633
167
4139
5491
1893
433
1368
921
8000
3625
1537
5471
8844
5681
9265
7702
2108
2088
384
1600
8943
3223
984
7059
8303
5905
1437
10080
835
2251
10306
8006
9642
9582
108
6142
1769
7958
3547
7491
7329
5041
8423
7464
9893
6295
1069
1714
3714
7233
10229
4471
73
7450
4623
5338
1557
2674
5847
5636
6612
1130
3017
4144
1508
6647
9337
6248
8602
7039
988
1124
5717
8790
1747
4299
6702
9053
2114
4906
1309
3349
2463
8443
4624
10159
8697
8860
429
7152
90
8392
9987
8636
5022
7972
591
2857
9390
62
1221
6949
1110
10393
7797
6685
10542
3452
6389
10315
9507
8338
7197
4099
9939
9921
1639
5367
5901
6504
2696
7355
1590
5915
5017
5383
323
2625
2921
7750
3358
1643
10134
816
9459
10232
9849
35
6901
3524
8056
8085
4908
7947
6212
2863
1930
1429
1614
7060
476
7314
7114
567
2300
9205
5050
10304
941
6057
2171
3736
10620
2528
8581
610
973
683
676
3325
5618
9186
5199
3774
4372
3491
10259
8972
9078
4684
4047
3157
8901
233
219
4622
4712
8034
1973
4250
361
5644
212
3662
1033
4819
1327
6335
3558
4614
8411
4112
606
5600
2937
10155
11
4054
1708
827
8142
8361
5786
2848
2467
6175
6629
1616
7742
8328
6012
7147
8550
9402
3169
4483
976
8698
6769
2774
1534
2507
10062
2743
1026
2861
355
7804
4411
3
733
2554
3765
8672
3259
10142
1487
9516
9279
2943
2303
3110
9838
7579
2205
4705
6264
6466
8768
2514
3623
8429
460
548
4749
3046
3399
7719
4832
1972
7077
5516
9781
2525
6338
1991
3985
7381
5981
684
8453
8630
6609
1514
6357
1797
7290
9625
4784
2384
1485
9148
2562
2070
10012
5713
9378
2905
9445
1842
9946
7995
5360
8486
7866
9794
641
8730
8757
2466
7466
2992
4355
6744
10507
4575
2651
5745
2299
10283
3557
9106
1145
8846
9951
10612
10400
8585
2266
1560
435
6963
5103
7297
4881
8007
3629
381
8493
2148
10125
4803
5951
1987
3362
1390
939
4215
3353
3552
2912
5465
8438
1805
332
8186
6536
3096
2896
2739
6747
6952
3584
9340
2147
1090
2367
4368
1871
5682
7881
8115
6058
9226
8766
4017
7517
2886
10176
9277
5549
1698
2880
732
8551
8370
8099
3754
5519
3059
9209
1034
8702
9533
4524
9098
8762
575
2207
4272
7905
10047
6456
10532
2264
5693
2477
4317
9012
10174
9863
2230
9373
8473
5868
6088
2600
2885
2016
4399
2376
3811
438
9268
8194
4989
6526
7295
7276
744
706
5191
5507
2298
8623
9904
5609
10099
5300
5950
1180
7979
2068
6904
4116
7312
192
6430
3728
7028
2215
1246
10332
2842
8059
4235
7070
6967
1133
6690
10362
7081
6449
7108
3665
3696
2783
151
7583
2087
5170
2998
2214
936
5450
4636
7202
10150
7144
6267
8969
2749
8754
4975
8286
8089
5125
9810
4381
10166
5281
8442
4709
2621
4710
8967
6749
5100
2435
2574
7402
10364
3449
8693
9412
9881
5040
8775
7856
477
7930
7545
8820
354
4551
8382
3878
5625
1032
9217
5739
10051
1232
10545
3957
7025
6727
9539
1705
1753
2242
257
1495
1166
4498
8096
7019
1459
7126
4694
2434
5072
9725
1404
2927
7477
4596
1766
8618
5497
4733
1594
4835
4354
3056
8120
1003
2634
6827
9630
5887
2560
4293
10020
6443
3588
9169
453
4082
3404
10288
6318
7811
6418
9465
5934
3238
8691
1149
6992
277
3146
9636
7127
7339
4204
8460
6146
5859
7602
9565
6517
4233
475
2734
3488
491
2082
9908
4519
3654
6362
3478
5332
9400
5029
7803
3971
4168
981
6680
913
7094
160
4658
7942
10501
7657
9314
9223
2024
4314
7220
7391
3198
4491
3288
10529
3518
9066
1269
6297
6056
3866
2596
4240
3396
7992
9427
2160
10305
4574
4750
5397
1175
8683
9486
3368
9462
6763
1204
4806
8466
182
759
10071
2012
811
3246
9555
6798
2153
5919
1794
2578
8226
10461
8353
8865
5456
6745
2944
9233
2319
10548
2703
5222
7338
9607
9887
9784
7872
3178
10401
715
9656
784
1672
9934
5234
3255
7908
7582
808
7842
7853
1673
4358
89
3862
2718
3860
8322
9760
3901
490
4612
9275
5104
5132
1326
9678
6719
4553
1452
2406
7906
8022
729
9194
9309
8571
10197
962
3313
609
3837
4278
4473
7894
9088
6652
1344
5890
2461
6700
5573
1052
5598
246
