64
73
505
219
234
329
308
193
281
133
354
351
371
160
493
77
488
394
467
369
435
302
168
249
43
316
526
231
157
194
383
479
350
137
257
433
80
233
278
431
209
18
71
364
113
34
456
458
325
309
149
72
374
81
48
487
512
305
114
271
338
107
525
420
21
145
84
391
33
245
385
510
174
109
480
65
425
26
70
290
407
319
317
267
253
100
402
200
91
277
437
179
265
438
264
287
188
192
184
56
263
506
301
411
2
204
236
279
40
378
22
477
139
144
289
230
187
474
266
4
259
390
401
386
229
462
3
90
32
196
42
182
527
220
150
66
460
326
400
497
396
412
426
393
155
19
98
136
54
502
153
36
103
78
441
35
171
101
189
442
340
469
353
346
300
516
151
45
362
269
146
239
17
68
303
311
44
199
384
177
344
115
274
453
158
310
119
108
254
96
283
261
359
120
481
76
172
294
125
328
29
404
397
37
223
122
494
495
225
258
424
97
491
89
202
132
414
148
452
365
141
418
208
62
51
235
7
159
224
288
358
53
31
296
482
232
170
11
118
39
409
25
299
152
343
392
484
61
408
476
102
471
147
363
195
116
509
345
69
186
421
213
228
306
461
216
513
324
356
327
50
419
255
466
47
111
342
349
447
381
14
272
240
131
410
24
508
95
190
211
423
106
416
475
449
422
341
379
275
455
176
20
377
226
227
83
485
490
30
63
129
315
403
336
135
1
380
395
250
222
348
347
515
518
307
178
432
276
246
110
162
313
464
444
511
285
79
93
368
339
252
387
59
173
286
6
507
312
524
75
201
361
244
10
49
360
127
92
88
367
373
496
304
446
514
314
459
428
154
46
52
156
489
180
175
247
500
13
104
105
57
128
197
473
376
375
0
218
221
472
357
450
468
260
337
207
