3186
5249
7776
7077
2637
711
7489
161
625
3503
9794
7562
3079
4394
2899
3482
6311
4002
6098
1404
10582
4593
6445
464
9095
6789
4554
4746
8947
8190
1727
2749
3028
2746
6857
5101
165
753
7363
7456
7602
5433
10055
8040
5965
1289
8439
8610
8777
1128
10381
3076
3115
2443
3823
2566
5303
1040
3852
1172
7610
10551
8823
3817
2203
1845
1697
9989
5500
4019
3000
8484
4838
6458
4530
5491
5754
10200
1392
2159
6706
1626
5387
10431
9051
2156
10183
284
6626
8042
6790
7572
790
3569
105
4755
8382
2336
2020
1425
3806
2376
4429
3314
5773
707
9315
2547
7667
214
8045
10610
8250
4428
2598
422
1582
4656
1930
7978
568
4407
2052
3047
7225
1134
10341
3407
5918
8366
6550
9626
5661
4564
1817
1234
2288
4860
9943
4750
2202
6434
7453
7723
205
657
947
5908
4451
9188
9810
6897
4483
5809
3246
4602
5689
1361
10178
5081
1617
9641
3501
9920
1208
6106
6948
4954
2554
7251
2365
3475
3031
10228
4798
1711
1787
9473
7832
10478
9148
1350
8609
5727
750
4497
8053
1009
10501
788
9976
9695
1477
6351
7370
1763
2686
2386
7805
7327
5264
3987
7788
8066
3672
3039
6001
1731
3529
9540
2480
2289
2548
6525
8649
1263
381
1490
7722
1689
9295
7389
6408
9486
4894
9377
10207
2066
328
693
3729
8690
1041
512
9322
9790
2458
10443
957
5621
8015
3428
602
7285
3110
7820
2904
6095
430
9528
3464
6824
8854
9376
2170
7414
8270
10608
109
6404
4243
7098
9930
4537
4420
135
890
10515
7368
4141
4331
5704
5370
6772
10374
8158
5049
5296
47
4630
4443
5847
2544
2335
9132
3680
8532
2451
5425
875
1624
6365
16
1247
3648
10166
9864
7939
2510
10385
3571
6628
1516
3577
336
8607
8003
5169
5186
9401
3649
5738
8677
6118
1548
593
5642
6907
7779
7625
9928
2440
3397
2688
5461
3375
7641
1623
9653
6368
792
6489
6096
6082
397
7175
1745
219
2835
6257
1691
4529
3938
535
6740
3467
7169
1906
9885
8437
5166
668
514
4745
207
9755
3457
3370
10249
2814
7634
4944
5546
7037
9630
7482
7994
4326
7573
8749
333
5994
5060
9140
6466
7182
8641
8006
1977
2785
7989
6852
1903
2135
4836
6833
9455
7694
4558
4403
6075
6405
8700
5944
3452
1825
5337
7440
1992
8895
2004
6803
3874
9407
167
6150
9549
7019
2465
3814
2937
896
8755
1435
663
6569
3378
7215
8839
584
2475
9448
3201
7391
7438
6267
9178
7117
437
3771
8704
3906
5974
4280
7569
8135
1863
2724
6369
7992
5179
4737
6916
1081
9664
5723
5840
7485
1150
5640
8935
10214
1501
7200
8085
3259
7281
1631
3634
8625
858
4504
5430
8232
7226
8877
1367
5144
696
8511
7631
1212
8899
9210
3836
6601
687
10270
1293
1013
7031
10594
6199
5483
4218
2614
7450
9438
5
4580
6220
4845
1442
234
6420
7036
8099
5998
7746
5600
1515
5040
8067
4363
6716
5609
3233
530
4134
1
8336
4347
4886
309
6781
538
2771
3330
6926
2306
1654
8982
3451
10081
5410
821
1539
349
1061
10333
9160
9180
8100
5138
7587
3240
6713
4631
3476
4824
800
1121
5745
7364
6557
3666
5209
5548
7124
1760
7879
6084
10026
3303
8132
6232
10589
9861
4309
1815
9031
3037
7749
6963
2715
4244
6194
1156
4881
9342
5130
9691
10410
5167
4024
10368
6602
6506
7348
5923
433
9120
9736
9735
5123
10370
10077
7965
6103
4941
10132
8995
3783
3183
10564
2861
4188
10513
8322
9212
10204
8631
2051
7307
7887
1671
10068
7643
521
1971
3386
3964
9219
157
3876
9955
3107
111
1489
9693
8224
4140
8501
1399
7430
1163
3807
4252
10293
8781
1603
4000
3861
4808
6105
1646
1517
8814
511
8784
2949
9351
1206
1543
4498
1570
7938
4532
7896
7092
2428
507
7059
4368
3900
5262
1487
4637
7151
7123
4533
7155
8589
4754
6360
950
8754
489
9197
9313
401
7427
6887
1764
8535
1978
10430
6029
7794
6659
6964
2685
9496
3950
5839
7219
8004
1554
6327
2975
2630
10532
6612
5979
8780
2697
10172
3985
5836
8507
1558
6791
2712
2416
9923
2122
811
8185
2757
2518
196
1137
1027
5215
7991
6843
919
10053
5859
1728
9446
3565
6581
3838
5694
5225
3161
6040
139
9529
1194
4585
1604
6438
9282
794
8134
6054
6783
5485
9638
5822
978
7419
3885
5767
1732
2029
4269
4759
6412
1089
9441
834
4999
5501
3410
6561
374
8409
4738
5759
6004
9634
1829
4951
5339
3492
8911
2433
8605
7309
6000
2283
10620
9538
6498
7954
2275
7223
1305
6055
8981
7735
8475
6218
7648
6109
360
729
4633
9002
3094
7342
623
8905
140
2711
7336
4713
5109
9560
5879
5203
5057
5354
1197
6555
4353
308
6090
3928
499
7013
4479
564
1268
5623
3679
2230
8523
2720
10269
2226
899
1862
10616
4259
7042
9122
1880
472
9687
420
5183
6336
846
4093
7494
6624
6787
6020
10542
2961
4710
2064
1588
8155
6543
3772
751
3790
2936
7830
10009
78
4986
10569
1551
6568
10586
2769
8775
10024
7970
7180
1557
4513
164
4281
5666
4210
1044
783
5626
10273
6970
4467
6192
3940
7181
2221
10397
4620
1106
2357
10133
5448
10454
1947
7416
5024
3225
9085
6596
8924
2198
8796
7571
8959
9746
9618
5602
7607
484
3279
2237
2084
9519
2330
2258
6921
3760
10215
6512
36
4344
9417
6319
515
1874
1628
9252
10320
2093
5283
113
6865
1771
9
471
2432
2481
6062
10130
3923
8822
4600
8943
287
6341
3737
7885
5964
7337
6886
4787
7533
10415
7906
8915
5943
762
10089
586
5261
4813
9024
10486
9743
3291
9329
469
9767
2788
9522
6719
8941
8961
4007
4475
10591
7435
8843
4702
10046
9166
3546
2834
8694
5158
7255
2382
4209
3171
8871
2412
6812
9361
5400
3487
3332
948
6049
7982
9766
9643
3552
2897
10093
6869
10401
4023
4486
10495
2717
4173
5654
7528
9348
6023
7556
9660
7324
8305
4133
23
2606
6247
6912
10369
9175
2287
1895
7415
4899
9669
3810
10462
3824
4462
5744
3058
10292
8870
4112
8043
7148
7068
9415
9853
536
8678
1584
6460
2419
2823
7090
8710
1605
7874
4823
8644
9121
8300
3997
8358
4912
1879
4036
4588
6762
9443
9635
5810
1823
5382
8901
480
5641
7705
7018
444
10071
2308
912
2965
7853
4940
10058
3459
4248
642
7328
1099
8335
534
3580
10129
3133
8978
5983
3683
6542
4758
5871
2741
4676
1279
5957
10067
1892
3942
4586
2966
4721
3351
4701
3136
8353
9950
5519
9428
9300
1431
2348
10256
8844
9369
9670
2611
3265
7168
3264
6453
4589
4962
5498
4826
7876
9542
7134
7139
1302
2759
1814
6651
9523
6447
3534
2895
5003
7024
8425
3300
4203
9092
9386
6532
3958
264
3441
546
2140
1524
7993
5170
5048
8740
8817
5953
9759
10290
1043
5813
5582
9870
4032
10250
4502
5821
6234
10275
6299
10128
7737
2528
4066
2058
9873
3583
3401
2439
8969
7861
7891
10601
10625
6516
4692
488
150
4953
840
389
6690
6288
1870
6984
8284
3757
798
1951
7997
1082
8319
10525
4727
4682
910
898
6874
5639
3
9101
2015
5391
8160
6375
2790
7305
9118
8058
5697
4892
6493
552
7392
273
7827
1131
3932
2393
10277
3108
1369
2410
4035
2990
8101
8706
2778
7770
8260
9034
7017
6632
1999
3404
9267
10402
7711
5443
7192
338
4516
8756
8500
3125
5851
394
10465
4227
7523
6262
1341
2727
7475
870
6610
339
4959
2014
4277
1170
188
7621
4869
3541
3797
8971
226
3345
3747
9525
10526
10527
6374
7956
5888
4231
321
7858
1819
745
1630
6366
8620
6507
4563
1078
2698
7875
2310
2541
7454
7862
1133
5328
2082
4534
838
8940
5176
5764
8448
57
6065
626
2389
1661
2857
3528
1275
3446
2840
1348
2383
8540
8614
8310
1266
8023
3277
7750
2399
7823
1126
9829
7236
2242
9564
5072
4357
2700
4818
3200
9414
3021
2620
7028
4143
4515
6818
9292
4247
7306
4300
6266
8357
983
5783
892
10361
5467
8457
6334
650
130
7116
435
5737
8488
5521
9979
5010
9778
3532
2133
10095
10393
10474
186
9753
6947
8308
1313
8460
5243
3341
147
6051
1336
4672
6662
1344
9321
10004
7194
1084
4046
3322
1785
7384
4108
769
2047
9591
2664
1447
7513
4378
6677
2003
5090
8080
4783
5403
6483
6559
4909
4329
5359
6013
10036
6548
5793
710
5899
2073
10139
285
2489
4074
10429
2055
8401
8570
2161
550
2883
6771
6092
5047
701
2704
6619
9593
3165
1192
8383
6268
3820
2326
6306
4049
2423
2350
3912
7675
6523
356
1926
9951
295
10284
6658
9708
9714
5897
1415
2037
1111
6463
4719
5627
10562
3888
9489
8088
5688
5973
1368
7254
6600
9437
2267
9221
10524
4120
2675
9582
8528
6635
7748
1488
9257
5872
721
8655
9728
6068
10405
10094
354
4178
8994
3398
10012
5362
3344
10062
7408
8447
10188
3283
5227
1317
4617
8210
7335
1908
8458
2270
1674
6529
5712
9012
8172
8312
1080
3959
866
6003
2716
814
7250
9512
5514
8522
10326
4094
8120
10151
1506
9742
5045
2327
4716
10396
2847
6704
2643
408
9656
1180
4233
8731
5705
3202
10356
4487
4261
9973
3483
3871
4471
10231
8153
3616
8876
2910
7839
1166
2587
3284
5598
2677
6006
7101
1898
2830
442
3696
2537
4183
7579
259
8590
6464
1834
8411
5948
7921
6693
7022
8142
7284
10144
2557
497
4148
8419
6819
6609
3748
10438
7948
10523
882
4382
6058
8421
3500
2963
4399
8980
2734
2641
1428
7356
225
10390
7202
3215
156
5097
876
1755
7649
7703
9458
5360
7738
1828
7209
10197
10134
6806
8803
10296
9606
3992
151
3210
8334
8611
10471
6699
5963
3347
4573
4488
8061
9226
7410
3228
9966
8759
1890
256
6767
9935
572
1088
9599
963
4715
8200
844
2962
5349
991
2059
665
5438
6126
1283
4675
929
1437
229
8770
2426
7510
3092
6270
8350
3421
4565
4437
7847
1572
1454
5611
567
7437
1566
6766
9779
10088
6032
5655
1025
4634
4570
679
4520
8560
8124
6914
6858
5509
4799
6171
10155
6184
2982
9819
2048
6920
7665
3139
5692
849
8271
10148
1836
1024
8608
6894
3239
3490
4496
3835
3803
347
7045
2533
886
6452
10585
10195
6804
2126
5365
7810
9404
3442
1142
8925
9485
2660
873
9904
8386
611
3426
2027
7835
9681
7522
1103
2818
5239
7118
691
5490
1858
9671
2316
573
8834
5059
7904
6645
7008
10017
9299
1725
1295
4064
10359
4667
10352
7872
9278
5106
3766
9838
4801
5853
5883
5050
1923
4412
6495
763
9649
4009
5319
9341
10083
34
1826
9100
7986
8193
9081
7512
6880
5098
4691
5545
6273
9255
4310
10566
95
4766
9344
881
0
6673
8865
2954
242
2913
8976
8503
75
1376
8840
10177
3197
2311
6524
2233
8937
5901
4285
10559
7227
6370
9036
8525
3116
2600
5922
8619
7362
1939
7164
4372
3587
5684
9383
6535
4028
9453
4404
3112
310
8317
4926
8955
7558
8482
1805
6321
7550
3091
9822
8626
2204
2241
6424
523
1741
2934
10192
6784
6186
6606
2154
5804
7242
9270
7677
6002
3473
7080
7188
2525
3357
7502
4581
8498
579
5351
5320
2141
4294
8929
8406
5690
3103
1022
3996
8632
9410
9176
10599
9283
7333
8479
5787
3793
9751
6611
1378
976
2820
8268
2705
6355
916
7325
8970
7730
8863
1236
9998
2726
10131
1325
5532
5518
371
4555
517
3449
5023
3307
6253
2343
9692
4359
547
9142
9167
9077
3489
6296
9011
5027
1612
2529
10517
10018
5114
9805
97
10343
4461
8599
8651
5652
518
3924
1026
8603
4266
8464
3849
8606
6837
6407
7449
3297
8491
3054
7922
3252
6520
6
4101
1719
2791
2144
3904
4095
8204
4172
4698
2088
6782
6809
10538
2068
8996
7256
5711
4956
7617
2374
3097
3278
7361
7821
624
4724
10185
5116
6705
9268
3540
10623
4136
1536
1353
4088
3953
1514
5575
7401
4789
740
9869
8243
3645
7136
9882
9856
1790
9349
3917
9106
652
8470
7402
1355
10015
3082
7235
7630
10287
2946
2411
2190
2958
10436
9589
10117
8686
6114
122
1267
9274
10364
7814
2285
2633
8304
5100
1049
2171
9665
1380
7010
5927
4550
9333
8259
9228
7928
1102
1281
2616
9849
8278
869
3150
5289
2153
7583
9983
2293
3053
10030
2413
3896
6373
782
996
1216
2853
3855
10286
2197
934
632
10628
8997
7147
9799
4666
5305
7451
3973
3509
5858
9619
10597
10157
2914
1505
4307
5940
1559
8930
3599
145
3811
7867
3123
10535
7854
993
8572
9514
5082
5803
7300
5034
98
7715
6169
2579
2453
10473
10490
9788
4893
322
8671
9672
8341
3496
4006
2273
6570
6280
7676
8395
8547
6016
3891
9666
1970
8016
5143
10575
3199
5832
2436
262
3084
9097
9576
1092
681
3911
6823
9162
6888
2668
7266
9795
400
4849
6130
1138
2367
2162
8766
2979
7096
8253
6913
4957
4545
8953
5117
1882
1619
3585
6511
3361
8354
2744
3502
8999
1478
9633
9739
7981
7293
9685
4290
300
2842
9312
6981
3651
10323
7947
9900
4896
7893
1077
7905
5080
8182
5436
6731
4531
6455
268
4668
5699
8859
8431
7969
8129
7627
8405
4948
7547
3523
7695
8052
4379
7012
8293
10426
10604
8885
10219
1227
6249
8715
8068
746
5478
1607
702
6639
6108
4939
4457
9796
447
3909
2254
8071
4662
9427
7484
276
220
647
2157
4251
8520
7446
4213
9464
9066
2137
7595
10614
9520
8624
9768
5197
3306
3172
8291
1789
6201
7444
831
4526
10307
4973
3895
9084
10169
7984
6905
3559
5470
4835
8635
1123
5988
5062
6469
10337
3623
5596
677
10105
9163
4618
2449
4091
4387
4650
2333
2793
3903
9625
3036
2959
10057
8627
3222
1100
6499
10434
7958
3780
6188
4542
1788
7590
7871
6146
10145
3828
6831
5887
6777
1594
4400
3707
2989
613
10253
4386
7679
6185
10152
8544
5807
3998
5286
1343
9926
6910
571
8637
1130
6264
8222
406
4026
4389
10279
1943
985
1651
2147
8381
639
10349
5909
6057
1591
3166
6468
2255
5111
1003
2994
5441
20
1677
5669
8669
1036
10216
598
5358
8831
4690
1064
1145
7545
8805
8387
5089
6849
6241
10576
120
1717
125
6825
3086
331
3176
2987
7656
9561
1838
7706
9884
2875
1286
1905
9988
1255
5680
7304
6350
2091
964
4890
10212
3245
10230
3180
1857
1831
2610
2244
148
3952
486
6696
5343
6540
8423
2183
2388
9491
8476
6387
557
1840
5078
8396
6564
7811
8519
1481
9237
4464
7259
6041
4816
236
6432
3576
9786
2030
3056
2733
2315
2743
2403
7057
2924
7213
9457
10571
4880
4888
465
8455
7566
1982
7033
8295
7189
1713
10029
2526
10366
6347
1356
10241
1090
10142
4680
2900
8992
2131
6078
6753
806
8128
3724
1173
1940
7600
10
6209
725
9073
3653
1264
1155
6060
1239
4763
7772
641
8461
5247
4659
8055
1848
2033
6340
4348
7201
6231
7668
1949
9015
8657
6802
3454
4460
5333
4423
9623
9497
2692
71
961
1578
4166
5352
31
3131
1057
4014
2168
429
6941
10221
1562
6967
4272
9647
119
2559
10329
5541
8344
9781
4876
5670
4942
1473
5774
9845
10605
8035
524
6252
4996
6302
3193
8618
6993
4775
7075
1622
3598
1002
3955
9725
4187
2837
2690
9013
10407
4528
1694
3676
3777
3564
4782
4525
5347
5336
7375
7973
1037
574
4051
9668
4995
1855
7048
6936
6701
7047
5473
7463
10073
967
9598
7334
2422
3083
5585
3839
4873
4474
2773
6909
5291
513
4262
9128
8521
5524
4042
3789
8639
9694
1955
6168
1175
4354
3610
5564
9557
8653
7411
3089
9897
2390
7199
9284
5656
7632
10508
9698
10596
1894
1675
6997
4315
7793
7135
7040
9948
5474
2709
1616
2043
6151
6536
222
6709
9071
7316
5733
343
5041
195
3726
9047
6776
3362
2387
1179
6845
7699
8138
8983
5366
10080
3325
5212
9521
4757
6527
5340
2472
1460
9067
4181
801
7534
1709
2148
4452
2505
4700
6722
3573
7560
3705
5085
191
604
240
5105
4679
6928
2354
6838
2314
1251
8642
4821
2984
9319
6665
6957
4505
8463
8096
390
4788
9859
1413
1342
6176
2850
2722
6654
1006
2334
107
6567
10301
8373
10414
4115
3533
3889
8862
2107
10378
7472
318
9516
2483
10534
6195
7660
9168
1767
8909
9046
7792
10313
2640
5476
1883
8165
6820
1535
6115
4273
1071
1427
1185
10218
8095
7245
8181
2776
5512
2114
9384
4842
5013
7326
1262
7478
2414
5157
2801
7588
9356
3779
5790
4253
708
506
5156
4731
3071
9483
1494
9303
5297
4790
5150
10262
5647
9756
7131
2018
8137
6451
3733
248
8050
5535
824
1385
9675
8623
9408
8721
5566
7803
3544
8648
4609
2964
6217
1657
1290
10116
8346
1649
4955
1004
116
4848
10413
3925
9476
1332
7741
5610
7106
8746
616
5107
3302
6938
2305
8856
4605
5587
7055
1079
2516
1690
726
6399
8436
6124
8502
7742
5910
1198
2002
6400
3740
6539
8851
2322
8233
5145
1249
3784
3999
2666
4927
10303
666
9301
631
9405
1221
4613
10023
658
908
4040
8612
2089
10289
9452
7468
3017
142
1573
9985
3586
2527
6551
496
2623
378
5288
1340
4184
8906
8399
3206
6885
6942
7639
1087
5713
1219
2152
7942
4847
8298
1766
4946
9676
8069
6860
5411
7358
9337
6071
2564
4638
1335
590
737
9700
3164
10112
173
8617
2345
2045
2304
4072
4
1223
7739
3702
9236
2673
8833
1159
9317
4017
5591
4468
10453
6882
1974
9291
5390
9131
9621
3982
1250
4020
8001
3781
1641
3893
6504
1097
9952
2956
2210
8654
10379
2401
8223
9456
7721
5755
2028
6067
4062
3593
4031
8240
1715
7439
2819
7951
10288
2884
5122
1117
7319
3694
7551
1886
1777
9285
7112
9816
3774
1119
2351
3619
2807
7071
9947
9273
6855
1031
7712
3105
1282
6478
3431
10500
8499
5395
5032
8985
1316
4079
7911
8351
6676
8355
8883
7503
9524
1086
10464
843
1730
2812
4900
8183
3535
1749
1563
6063
9192
5530
9748
10485
361
9157
3877
5151
6191
1414
827
8255
10358
3383
6282
10330
5594
261
8245
3847
2922
9590
3664
3506
4523
193
715
6123
4769
9080
8791
4059
10593
1484
9392
8010
600
8974
2859
6592
5412
2462
6994
9684
9055
8384
2228
9256
688
2878
4161
6582
3519
3684
3231
410
1931
1076
7120
4739
8602
4118
8802
10324
2117
80
7205
5458
9965
3491
8692
3639
1294
8707
5560
6863
3479
925
2552
391
2911
5423
1614
10335
2679
5986
8289
884
2295
9703
714
7190
4544
1914
4590
4567
7672
2482
6411
672
848
1209
7176
9435
5371
9426
1256
6714
6147
4796
2344
3015
6629
1937
4916
9967
10384
1405
3113
1205
10514
3159
7470
6014
407
10031
5180
2945
5725
6571
10467
6226
3350
6491
1439
6104
2097
1324
860
1448
752
3062
3484
9628
9261
1621
9028
3508
9260
10087
9563
5735
4427
1218
8133
4321
10235
9227
6816
358
3667
64
6630
10350
5527
2657
1531
10147
1965
9454
313
9035
1323
3630
3230
2292
2
1742
2695
10412
466
6283
2120
5482
3241
6285
9232
243
223
9145
6475
3699
6589
10563
4991
1577
5327
9541
8548
1449
9962
754
2474
9090
1583
9502
2460
8494
477
8002
2236
10518
416
1144
5376
4255
1627
3555
6428
505
9818
7559
5148
9429
10006
1708
7593
10120
2377
5929
10466
8333
5865
8326
9134
9547
4332
5628
2903
5951
6243
9045
6430
9918
2923
5372
1269
2655
3890
2845
9650
8056
1124
7172
6381
4950
1601
7927
10345
9772
1292
8763
5044
5287
8286
4090
8848
4779
1878
2656
3329
8391
2603
384
3192
1127
6421
3864
4945
2868
4177
7001
4381
9194
2929
6437
9975
9271
7140
7046
6228
906
1436
6973
655
5201
6574
1571
4628
1592
10028
8709
9442
10092
1176
943
3927
1408
8471
1850
4572
4463
4392
5593
5068
7662
4174
9831
3381
4077
9911
14
2882
6986
5445
5708
5137
3743
3734
1308
7972
5878
10386
5316
4182
3735
7615
8208
8714
1797
5315
5924
6284
8882
7473
7371
1222
8413
2809
4426
4819
7346
1774
6854
10317
5607
1534
272
6269
7815
4898
1056
812
6841
2406
9230
7474
842
940
9135
9617
1274
7529
9129
1512
8320
4904
1665
6144
265
5330
4748
2307
2828
1910
3989
9289
3213
199
7824
9000
9704
19
7914
5324
3858
9644
3460
7104
7908
3808
1193
6502
5802
1068
1132
10458
6416
9814
6607
3493
4055
3309
7422
9677
3949
5357
3456
7781
9390
316
803
3629
6304
7606
1008
7184
6943
8769
3016
6287
8149
3785
1136
7272
7682
3080
724
954
4645
1242
883
4611
9468
6836
5968
7666
1226
5677
134
2920
7837
5237
1469
6682
10070
9057
2364
5496
5649
7417
8186
8018
9436
2515
3775
2926
3481
2318
7507
6322
6746
8750
6640
7638
700
2218
3463
4029
5634
9001
8340
9398
4624
10561
1120
7702
9648
4707
8244
184
2740
5775
7886
9503
3142
7755
4879
2328
4438
7330
4402
9422
4982
2186
712
1114
5127
2555
4299
1555
3547
9592
1421
3114
2777
3948
6167
5932
2332
3954
6980
2461
733
2811
823
6954
17
1995
713
6853
10163
1748
4704
722
2864
9330
301
7240
2880
628
10371
2180
3364
2192
9010
1183
6378
977
4597
10061
8174
2032
2891
439
3994
6890
2601
10353
5544
4478
1896
3697
2762
1812
27
10285
10304
6291
2103
3195
4374
2742
6394
8552
6277
6694
8063
2447
6583
1579
4202
7095
1307
3439
3486
2699
9264
8795
3408
6323
90
3961
1969
2325
4566
6307
10168
10084
6214
6391
9324
3290
8318
6227
7091
395
4445
1560
3887
2223
6734
8238
9936
7514
6353
3061
8875
5685
10217
2125
654
7462
7157
5469
206
6174
5096
2471
1704
8247
7822
973
561
1682
3761
4215
5835
5043
2804
1574
9917
8276
1780
4989
4648
5588
1511
4907
1806
1843
3758
797
291
6290
10229
7424
7936
9741
1967
8167
6198
8452
227
7452
9980
5165
7153
7004
8076
382
6513
3395
8202
7728
9070
10418
9839
5420
8372
1023
7977
9165
10126
6660
10312
4510
1902
5636
735
5928
4977
8497
6481
9419
2160
4249
3570
1666
5393
8269
8466
3189
671
373
1653
7431
10069
2487
8227
3237
8954
6465
8105
2596
1975
6230
2211
9546
6129
4295
5505
491
6987
871
3327
10205
9657
10460
9115
2896
7873
4829
5565
9177
2300
7790
3596
2815
2466
9999
10043
2731
5795
5388
8302
1640
1167
6978
2681
2663
3513
6798
8469
1055
275
342
8044
7089
3718
4804
9059
1074
3004
5806
3539
7062
5811
6937
10118
1384
7203
9424
6100
4432
8254
5278
6901
2448
5896
9733
7351
8716
7000
8850
5536
45
4547
9934
1875
9037
9848
6661
4792
1135
10507
9783
8773
2398
9215
608
5601
7899
9895
4393
1735
8580
989
1602
9615
8403
2484
5864
9366
7889
5378
5848
4360
9338
2036
10202
5094
6538
9697
9662
8524
1743
5302
10101
5503
4742
6644
8196
9898
9411
5258
6135
9061
8262
4398
3609
527
1382
6025
5064
502
10627
1169
2713
7369
2339
1213
9306
5016
6835
8107
7651
7056
1113
5947
9846
8730
5416
10612
3631
4714
3311
8919
5389
5637
1962
809
5732
9259
970
8765
2279
5250
9573
4866
2916
4296
3981
3336
6272
2676
1001
1191
580
10047
5715
7198
4397
10002
9253
7038
10354
1358
7836
4228
3856
4980
9836
1479
9266
6750
4339
4874
7299
4807
8921
3536
6390
5740
4853
2646
8776
4795
10150
1644
10099
2927
8440
773
152
6349
1177
398
6930
9912
4914
6044
7774
4934
3018
1706
5355
4306
5468
9359
3574
5140
5921
7525
2298
7645
5949
10167
10191
3041
4139
3905
6657
1804
519
9281
8022
5829
9729
2723
3299
9558
2995
8553
7029
1298
7846
5558
1440
2065
500
4078
8558
10310
9533
332
7684
9840
5945
4001
1598
1280
2530
8144
7221
7288
1513
3024
612
10463
8408
7039
1576
8927
8241
3153
7688
9032
7909
3301
5226
2670
9802
6530
6840
1586
10469
376
9472
6670
2035
8283
5131
1703
4015
5572
7125
7103
4990
126
4119
5466
10611
7698
5826
2188
2836
7160
8368
1635
7086
2077
5789
3556
4312
8628
4988
5757
4511
10621
8676
629
1162
4584
807
302
9355
9705
2581
258
3850
6177
3845
4812
9637
4104
9023
9640
3625
9867
951
9899
8680
5782
6906
6339
1800
8046
1687
3258
6545
8089
6163
2810
1288
2459
252
817
1762
7949
235
6911
2338
8977
3830
8878
664
6656
9715
6337
4085
6180
533
8595
2825
8753
9378
9583
6459
1518
8743
8768
4797
6850
2542
2381
8551
9890
8483
9707
9336
4800
8432
7270
3804
5892
9202
4336
5987
8125
2604
2849
2205
9821
3499
8171
1695
5018
5070
9372
8858
3052
4833
392
6454
924
2627
8701
6754
4803
6152
10338
10075
1419
1186
4635
7094
2780
1365
2083
5042
3409
4993
5508
3595
5133
6030
8216
10497
1492
5542
5182
5406
8332
7689
8563
7492
589
1869
765
8299
4922
10135
7568
3088
9680
4330
3626
9146
6073
2370
121
9811
5828
10059
8047
6333
4856
9420
483
5681
8127
3960
5369
1387
1993
775
7968
6423
2803
3162
847
7354
543
7493
5724
3978
10480
2215
8390
7397
4205
1412
3360
4817
3070
6917
565
2696
10049
2580
6793
9211
7067
10007
8062
6376
10533
53
3692
2099
2605
5260
1956
2044
4964
4419
8616
7907
5031
2488
6692
9584
7917
7524
3848
5729
3413
6593
7953
7263
9114
7582
1824
4034
9399
5437
3353
3991
10072
10452
7271
10027
7292
5510
1072
7243
5513
9181
1245
5236
8725
10103
7079
5075
1184
981
7659
5555
3691
959
3716
6440
9515
3232
1220
7113
8367
329
3310
1116
3109
10336
8397
2827
6148
5743
3399
9663
6357
2632
7726
3038
3545
200
8143
744
6778
3567
7260
9185
4241
7759
138
7613
5895
4106
6235
2560
1065
2833
9346
6763
1231
7002
10114
4200
10629
755
7158
9500
7795
299
5930
7355
7777
5065
10064
5073
5805
3312
4992
9997
2259
1786
3713
8575
7563
3073
4254
1927
52
7663
2764
10119
8478
1589
8963
504
9044
7852
3032
473
37
5338
6959
4217
3549
6439
2751
9026
5274
363
5408
10311
915
9702
8957
2691
2577
10376
5522
5581
6842
9863
3865
351
2634
9379
8936
4395
7829
5769
6638
7591
9203
3417
6256
9009
1941
8325
4671
5792
7162
456
4728
6718
4718
9567
6094
2378
2457
3363
128
5889
3472
4171
6450
5991
2031
7704
2408
6744
28
3786
9371
1210
137
4729
6871
7229
3825
4314
4490
9107
3816
5679
1507
2748
2866
2217
3098
9924
218
8102
4416
8656
7509
7177
4536
7269
7831
221
4673
5223
9559
6728
2194
6048
9721
1352
7963
7007
3158
1362
6755
10252
10208
5152
6332
7210
4127
9716
7476
4596
4774
501
10372
8847
1934
3578
8564
10014
6834
3869
4749
9575
187
3141
891
10149
4625
1998
716
9580
8104
6608
8662
10113
9579
4861
1933
5844
3470
10493
5504
5446
6317
8121
8212
10584
2906
1244
4678
3349
1688
9509
7349
8180
10590
2191
3282
8083
4514
10448
10510
54
350
3030
4162
7429
10577
10175
4179
5457
210
10010
3340
6521
8487
5739
1541
1021
7365
4911
1948
1935
2997
5644
1849
4286
879
3321
4454
1672
4612
7099
1705
8309
3453
7085
5760
1277
2212
5210
2841
2583
9305
10140
3652
2124
6487
10186
3007
73
6121
10382
9929
3879
554
878
6515
9151
8228
779
4723
1596
595
3236
9585
8112
9824
7381
10247
8054
7686
4966
5318
10225
5198
3175
180
9056
481
3090
6497
6358
4039
9190
4984
3579
2394
9706
1246
5493
8988
2985
6125
5691
10461
60
10506
3425
9149
8809
2665
5200
1096
3035
9535
5185
5142
2512
9263
383
2576
1662
1793
1032
3343
9277
3188
5488
6362
7457
2246
2879
10509
6969
9785
577
2400
3782
5730
4706
2569
8705
6278
10492
4591
4622
4370
7971
6303
10265
9701
10351
2988
10399
9063
5211
1233
5999
7860
9431
5975
2582
6245
1856
2346
2280
5794
2337
8026
2498
1716
1655
683
7005
2008
5843
2638
6989
3207
7421
9938
4987
1390
1958
9018
3750
1129
2694
1659
8593
4163
7544
3732
2870
10019
7261
770
7574
7557
6613
7931
10065
1424
6429
3843
7084
4027
2404
2508
9937
2499
1411
7445
9909
6678
1257
1530
6618
6939
5904
3792
10579
3853
7549
10107
7286
8668
6923
2594
32
3725
4872
6605
2034
4236
10432
3627
4270
4268
8824
5419
969
4349
9526
5452
2813
9094
2129
7603
2798
9041
7069
856
3983
6996
2739
5698
46
2915
2435
3558
5592
1254
1718
305
2167
8506
8377
10184
3268
166
10042
1891
2468
7076
2674
1139
5762
3524
7447
8201
10264
4070
10615
816
4595
8263
35
8838
1445
2588
10182
4657
2998
9137
3809
1693
3756
4058
8785
7940
8039
7696
1529
10272
10085
2076
10041
9246
10176
556
3901
8857
9651
520
2503
1028
5153
774
10245
7206
4557
6715
10327
2546
3248
7170
4265
4641
4947
4196
5917
2629
7191
6775
4770
9764
862
9391
7828
3218
10074
7073
10547
365
3582
1833
9508
7006
4920
8005
68
6406
7110
8661
7511
7567
9505
1461
4768
3148
5022
4929
10332
3160
2010
8093
5280
8761
7352
7061
1143
11
22
1287
3617
4535
10451
4304
6275
1854
8007
1230
6119
5686
7990
7594
935
4851
3883
5925
5071
2420
3647
171
7458
3274
5915
599
1429
8587
2631
9960
6547
8017
1565
6747
4199
4936
5573
1509
5363
5285
163
6131
10076
1217
6844
8989
4366
3866
7423
9996
278
10624
8000
2200
7156
939
9064
5638
3614
4114
9886
1997
8530
9995
8932
10555
10468
5885
3518
10294
9752
6896
7373
8533
8338
1986
7308
551
2867
7247
8539
2775
3424
4935
6919
8674
2175
7966
9119
10420
8414
2136
216
9343
4546
103
6239
7554
5571
4446
7211
3613
9251
7290
525
2050
4065
4264
6774
7983
5934
7548
4320
3242
2087
6742
3373
1842
7504
1676
5479
3003
9945
5124
5616
2113
503
1980
209
1386
1932
409
10048
8191
10308
3751
3008
6164
1726
911
3851
1615
9510
8968
7404
3787
355
5172
2843
377
6255
3678
3608
5373
585
9801
6397
6847
2476
2009
8462
9852
10299
5812
6848
8118
2639
8211
9601
6949
1784
5284
290
9316
9365
1441
596
7946
7670
10340
2424
368
7301
6655
6207
8696
3944
2907
7870
6102
4827
9823
4109
9331
7713
7674
8898
6197
9892
5345
8950
7400
8951
1669
2851
10234
7856
6053
2352
10318
5960
9478
9749
7678
6927
10136
5615
204
4820
7105
5651
1984
4185
10220
4288
9126
2363
3065
9877
2753
1973
3356
8429
7707
6077
2312
10502
3462
6087
5418
2301
4343
7868
7053
7844
6159
10603
8422
7011
1754
1207
7065
972
6305
4802
2477
2848
6127
2802
8845
8288
3427
5770
326
644
7740
7093
542
4732
4905
576
3738
8205
1189
622
6093
7959
3538
5902
434
1960
5778
4010
8072
6425
1042
9769
6005
5459
648
5224
5502
787
10236
3220
9425
6471
8744
1395
8818
3956
4385
2294
8087
8652
9646
771
3126
5579
1723
532
9711
4176
4741
2977
2689
9189
269
2225
851
9720
8195
3711
6490
1046
8151
6383
4376
7819
2112
9709
7744
3548
8787
1463
3622
1422
2636
1252
5731
3335
974
168
5033
4263
1618
2908
2222
9910
4598
1547
3389
3507
4583
8106
5202
9304
8907
1721
4087
8123
5404
8139
5529
2463
3380
5650
6137
9223
7546
6752
6636
9370
8910
5620
91
7785
6899
