671
217
793
420
714
232
958
9
872
791
597
655
279
261
485
295
321
411
408
775
787
92
902
240
161
778
519
358
726
617
59
942
674
841
354
522
300
222
93
861
950
57
172
957
692
399
885
988
658
758
139
1041
756
693
315
703
169
77
761
206
3
210
355
117
415
747
1077
330
547
510
17
932
28
473
190
870
515
1058
659
968
80
552
191
924
541
23
682
863
596
436
343
919
94
949
481
678
312
684
921
736
961
780
599
4
250
1047
533
802
509
239
1037
1019
462
767
134
246
633
815
241
753
248
893
878
198
58
53
492
900
360
916
710
860
51
255
228
973
914
35
113
936
829
380
227
980
25
251
455
675
691
1012
907
960
329
733
60
377
105
959
911
391
624
521
353
106
67
280
262
1071
834
999
286
1010
502
512
110
657
441
673
923
378
445
143
272
1050
1024
493
49
135
428
555
620
868
608
752
530
809
1075
593
832
259
264
381
739
991
856
242
947
625
392
681
805
30
475
61
97
550
1059
395
754
148
768
156
412
939
12
738
189
63
361
1038
542
298
971
827
974
413
1003
348
594
889
578
1005
1044
216
910
203
1067
749
181
347
341
717
482
952
648
237
857
14
543
238
386
776
233
745
601
588
99
824
1061
62
603
118
56
1039
610
858
800
74
644
572
785
636
631
786
571
989
609
429
531
494
511
205
701
528
497
1008
943
637
1072
520
306
211
213
371
773
46
697
764
503
884
730
325
349
202
352
640
611
751
439
418
661
42
992
