466
594
158
436
213
766
1039
593
967
55
705
950
395
1047
383
133
615
365
120
1075
391
186
990
263
824
248
704
118
928
74
528
760
196
936
1068
850
380
525
616
486
657
105
610
959
321
373
1067
592
968
767
117
877
943
390
865
80
995
330
648
1060
72
725
801
529
1006
467
480
650
723
429
479
26
111
789
996
428
1026
511
256
489
600
441
626
415
412
532
109
713
226
232
48
347
921
372
578
717
1011
881
577
53
933
1077
589
548
88
86
159
227
527
785
1050
522
912
1022
628
686
1015
235
420
443
259
264
981
302
900
556
4
400
156
211
866
499
214
682
585
739
16
40
641
977
513
734
419
964
755
945
96
341
821
90
251
533
919
78
219
551
423
35
571
823
620
