1.0336472988128662,0.9600000381469727,1.0740644931793213
1.0220800638198853,0.9750000238418579,1.0679707527160645
1.024999976158142,0.9750000238418579,1.1595332622528076
1.0313308238983154,0.9600000381469727,1.0735957622528076
1.0199999809265137,0.9800000190734863,1.0323456525802612
1.024999976158142,0.9750000238418579,1.0395333766937256
1.0199999809265137,0.9800000190734863,1.0309393405914307
1.03256356716156,0.9600000381469727,1.2404707670211792
1.0392494201660156,0.940000057220459,1.820783257484436
1.0199999809265137,0.9800000190734863,1.0687519311904907
1.038329839706421,0.9550000429153442,1.6550019979476929
1.0424572229385376,0.9500000476837158,1.6403144598007202
1.0323158502578735,0.9550000429153442,1.4079707860946655
1.0199999809265137,0.9800000190734863,1.0440644025802612
1.0199999809265137,0.9800000190734863,1.0320332050323486
1.0372639894485474,0.9550000429153442,1.2257832288742065
1.0199999809265137,0.9800000190734863,1.0242207050323486
1.0199999809265137,0.9800000190734863,1.0292208194732666
1.0199999809265137,0.9800000190734863,1.0520331859588623
1.0199999809265137,0.9800000190734863,1.0365644693374634
1.0199999809265137,0.9800000190734863,1.0350018739700317
1.0221220254898071,0.9750000238418579,1.0420331954956055
1.0199999809265137,0.9800000190734863,1.0265644788742065
1.0199999809265137,0.9800000190734863,1.0476582050323486
1.030432105064392,0.9600000381469727,1.1675019264221191
1.0199999809265137,0.9800000190734863,1.0259395837783813
1.0386472940444946,0.9550000429153442,1.0693769454956055
1.024999976158142,0.9750000238418579,1.0306270122528076
1.0199999809265137,0.9800000190734863,1.029064416885376
1.0313308238983154,0.9600000381469727,1.0735957622528076
1.024999976158142,0.9750000238418579,1.0423457622528076
1.0199999809265137,0.9800000190734863,1.011095643043518
