196
289
296
482
475
384
258
273
241
397
74
322
156
78
324
215
419
30
245
320
313
143
311
9
239
34
49
64
417
317
493
177
213
176
435
266
17
183
240
193
233
412
138
287
221
61
380
335
346
323
102
191
173
284
217
400
54
24
393
91
110
216
248
108
16
454
231
280
360
479
423
292
363
118
32
402
93
147
428
6
449
275
264
160
77
328
86
244
185
271
219
333
207
295
73
69
307
351
120
126
246
481
383
270
303
448
298
59
204
76
129
367
144
343
98
259
302
89
257
163
294
286
488
45
135
306
109
256
71
309
494
1
345
230
132
122
90
113
43
498
31
447
81
127
391
67
341
66
293
477
425
491
396
13
80
281
439
75
249
469
150
436
111
137
139
446
262
10
22
460
476
35
223
484
97
106
169
51
198
371
225
377
354
386
209
197
456
157
199
40
37
314
180
330
355
47
407
279
194
375
478
426
492
124
406
44
342
154
236
444
385
459
331
337
104
499
490
433
167
117
301
220
332
146
92
235
48
338
99
28
250
26
350
72
365
265
418
101
56
452
153
50
450
7
87
152
382
440
430
340
224
168
429
105
471
401
353
408
218
229
372
356
243
33
394
487
374
421
349
361
188
300
189
38
496
211
463
347
174
140
100
65
379
362
288
472
277
123
325
461
410
18
269
251
405
70
310
0
206
192
164
415
5
226
184
142
175
68
195
62
432
214
413
227
276
112
252
395
171
46
495
57
158
451
203
103
473
55
315
261
82
267
497
170
462
11
228
263
85
234
369
486
464
327
148
83
392
483
8
39
387
222
316
12
319
390
378
455
79
84
212
21
151
186
94
60
373
399
453
465
162
88
172
149
434
