6348
735
1272
7245
8028
5613
1193
10142
6426
10516
6678
8003
9542
6519
921
9552
10538
7818
2593
7559
1799
7242
9773
5894
3869
4001
6846
8889
2424
2752
6201
2957
2983
1930
4274
3245
3219
4404
6802
4316
8320
2309
8316
5984
2862
7728
5459
5325
662
1178
1808
8665
7580
1678
8152
1481
9791
1382
3424
5397
8048
7850
10093
1740
3595
5375
1527
8405
10355
7267
7021
6305
8985
3411
56
7298
6034
1992
5182
1781
9561
6156
5692
6770
1677
4657
4638
6491
4327
3781
2208
10055
2530
3167
4611
2818
4014
2754
5105
8991
6255
2012
2802
9585
5247
7217
312
1713
1215
5343
6982
4401
7275
9451
6082
5161
10439
3264
2110
4653
7716
1773
5290
7736
1705
790
6799
5307
10250
469
3045
9868
8418
6308
3069
7175
3748
1688
2817
3020
3739
4485
1008
895
1728
341
8980
2590
31
2931
5811
7479
2411
7621
6364
5154
5191
7009
10421
1898
7984
958
8764
3655
1931
7523
10461
1316
5439
6346
6369
10490
3983
8292
10327
1451
6965
8883
7154
8099
6601
4251
3489
258
9071
1252
3724
2398
3409
4679
7153
3671
2480
593
6167
3515
3326
6166
6976
8342
6652
1701
2643
2688
5849
10147
7815
10173
7765
6203
3094
1161
2364
3787
2789
9981
3323
3474
7430
9851
9757
3843
10328
660
1767
10422
2935
10245
5962
3943
758
7268
4380
4002
9415
1593
4413
7363
9534
3545
4618
8429
9813
5245
806
6796
4308
9476
3916
6092
4615
5754
9153
5364
1745
5062
10084
254
9044
2039
1847
5656
2064
5427
1515
8953
10573
9887
2111
5943
5792
9444
5160
5271
6488
8364
9529
2081
6638
1122
3525
3471
6566
2849
6549
624
4530
1258
8722
930
1577
10408
5760
8219
2763
8997
1176
1406
10480
4827
8542
3794
2738
4569
2292
9839
2080
1495
6878
8788
676
4126
8481
10038
2720
1243
5436
7494
3921
672
3081
4641
8402
9540
7796
3605
5366
1846
897
5734
5055
9838
9412
5401
4067
5433
9435
9075
91
9119
1468
5822
4176
6657
3743
4597
416
2452
2059
9469
322
2644
8013
6384
2690
9181
10525
2531
2934
155
8193
5955
6685
9463
694
1248
4636
5829
3610
10325
6456
8282
5045
1954
3924
8397
711
109
2577
2212
10087
9131
5361
8899
9195
9060
6455
8154
9037
588
6400
7150
5239
7610
10114
6497
7293
5775
7373
1815
746
7084
5090
890
4863
2833
4376
8989
7680
9568
8583
5087
9589
713
1265
4077
7429
2679
4610
7405
7402
3650
7935
8374
5024
9256
4986
811
4202
1419
8914
8671
2310
409
6235
3687
456
7589
6272
3313
3960
1733
9984
1868
1958
4556
7489
1949
6158
1119
398
1870
813
4603
7642
3414
5276
8366
5008
6138
1484
8695
9966
4712
10561
3009
8735
141
6578
8573
3399
7074
9101
5203
6781
9680
1300
2539
1073
4956
9278
583
8501
601
9931
1741
9941
7063
8750
4337
4909
6450
2176
721
9762
5319
7652
8090
4020
10619
7808
1315
627
8925
9704
10441
10301
5639
6863
5295
9271
9723
1848
9411
3365
8856
2694
9318
4149
749
2695
6441
2119
3433
7076
46
1802
10598
8069
2604
8840
2888
6800
7080
8514
1732
4010
3510
2813
392
7460
6932
7924
1890
2576
5014
10156
458
10220
905
4731
57
10544
1918
6377
2445
4639
3481
10608
2912
10265
5757
2932
690
2524
3828
8751
1854
4212
5791
9861
6966
9614
3839
5992
9169
3186
6521
6284
7986
3250
6851
3353
1399
8944
4069
9817
3169
5164
2645
1828
8910
4588
2848
6639
5474
299
7729
2336
9794
2579
7629
4268
10351
5389
9804
925
4899
9732
513
9239
6597
7608
3572
2619
7958
1726
592
9270
4277
1863
9501
5488
511
8147
2161
9473
7107
9212
9122
476
1956
3611
1579
2982
7181
9315
6805
3903
2883
3406
9142
5285
4694
1525
4276
862
349
6398
3598
2538
5873
9061
7251
6762
810
128
2331
10002
8479
4774
1148
4486
9255
4048
7449
5060
4270
10601
3603
9675
5571
1164
5819
7042
712
842
6630
7715
5278
1045
1881
6001
522
8826
66
2178
3070
4744
4183
3664
7277
8376
1347
3190
7473
7137
3388
1154
4211
1136
8849
9369
1322
8565
9025
2136
9155
10458
5330
5527
9314
8835
9134
8077
1652
1430
214
7907
10237
6280
6012
7418
7840
412
4971
7581
5410
4473
8961
3567
1209
9565
10243
7857
3165
4410
5963
5542
3213
2737
9551
293
2853
3083
4421
426
5497
2858
1550
1517
3713
3289
8191
2686
7427
6759
2825
4749
8755
1022
7790
5128
605
441
3348
2899
3493
9055
1861
3130
8946
7019
1219
6984
4121
8162
6530
3954
5158
2105
5402
9789
8416
10128
9067
7894
8163
618
9265
10287
41
4272
9626
8106
5306
4817
3973
3668
8276
848
45
7672
5282
8596
9488
2895
2543
8310
4201
7995
415
6997
6147
873
6834
2863
7708
1821
5667
3712
10568
3144
1900
7596
3910
9002
3872
9274
6541
99
9619
7775
3575
108
5555
9719
1711
874
7392
4250
6088
4047
8866
3621
103
209
8758
9130
9407
1338
7495
2691
9555
7558
3945
5949
1274
6275
7585
4737
9143
1499
7830
8971
5715
8523
470
3357
5097
6423
4026
3304
730
8443
2422
6969
8006
7419
3628
5180
5297
291
10534
10390
2814
4964
5746
6033
2225
4950
9925
1373
3444
2340
10356
5420
5599
260
10365
3778
9809
3477
6080
6183
9361
5843
8022
27
6446
4772
1944
3149
742
8378
447
5163
5897
480
10118
10395
10030
6332
1727
575
4760
9956
3051
5968
795
467
3555
9183
1206
2805
3324
10248
8241
10190
10207
914
3107
670
5932
3689
9690
1503
8174
7039
3049
1573
6613
3478
7561
4725
7055
1633
855
6987
10464
4869
2049
3147
8467
6972
7917
5809
2938
2233
9291
309
6543
4328
7573
3103
1035
2397
3454
5842
2163
10588
3679
2514
2634
3062
1251
9441
7273
3819
2108
3420
5173
6028
1838
7200
3959
4643
4314
4162
9472
239
950
8209
4633
1494
1505
8958
966
5377
4640
4312
4927
72
6784
10099
8373
3905
1687
8916
2412
6817
5428
8333
8202
1920
2047
5423
10072
9290
10152
2736
2455
1436
9079
3873
7582
5589
4625
4514
3762
2786
3442
4319
4208
4505
1928
4481
10586
4995
7976
6195
266
2936
10134
3844
6411
1145
1203
2973
3643
1531
740
10239
10042
3942
6144
8819
1408
4311
6003
8792
8114
5251
8102
8319
7631
427
9279
6884
2642
7949
887
1389
6074
5444
7804
4912
4140
6700
5478
2290
3185
5930
3369
8709
4564
2671
3391
4460
325
9657
4989
5798
2741
4483
9672
2951
13
738
9994
365
7534
4904
1682
4835
2417
4099
981
1156
9860
10329
8820
10436
808
1878
6071
10289
9516
3273
7371
8994
8924
4829
10361
2885
5588
3015
6711
3705
1794
9310
5491
2562
3898
3437
5712
5267
772
6623
1640
1552
1647
5399
8165
5969
4078
9253
3799
1843
4703
4634
10034
7254
6278
10489
4990
5614
8508
10543
9808
1439
10425
509
3000
5765
517
177
2735
10323
5503
1331
1813
3720
3917
5145
7351
4972
9010
6655
1311
4809
6616
7699
3640
9995
3098
7597
8721
2072
5677
10550
3518
5103
4323
8393
4825
9715
9583
2434
1046
5631
6617
5293
220
2526
6767
1303
3018
1540
5150
2495
8629
6366
1653
10308
4677
7562
2157
6022
8151
1313
4027
2635
752
2898
865
6327
1291
6670
4832
3475
6436
9707
2232
10026
84
9986
10448
951
1059
9223
4081
2246
6483
4173
8281
2312
3299
6057
10048
5188
4609
9168
3716
6258
8014
4602
8338
9115
4532
1940
8173
5864
7095
7029
7922
5500
4621
9536
3428
1496
8821
7343
8824
1857
3072
6924
2343
4455
4879
8978
7317
4780
1833
3927
3221
8499
9586
7666
10486
6465
8216
877
10140
6996
10518
3607
5533
3711
2626
5735
7367
6257
2585
9594
4365
5633
1598
1190
8703
10612
6210
2861
3742
4865
2299
1722
6207
10094
2371
4987
5177
6514
6922
9240
490
5676
2790
124
6708
4734
9653
6
2730
10368
9301
3751
579
10536
7206
1613
2653
5718
960
1784
8574
8742
1151
1541
9726
4003
3834
1385
5574
6309
6113
4324
6879
4816
7218
8600
7809
2810
1972
1295
4375
7415
1230
5291
1444
2943
826
1937
3657
1417
1091
1191
6064
687
9248
1023
7040
1010
5688
3849
5416
893
1686
9401
5314
1423
9990
9135
5010
5289
10151
1715
10559
8227
2776
1514
9978
1646
4568
3838
7687
5494
18
9320
10618
4821
5920
2560
8431
7816
335
4988
253
3801
3364
2745
8768
4313
3840
5567
1087
3325
2180
4043
7493
7929
1641
3195
3925
7454
3038
6068
9176
3904
2104
2967
306
3340
9781
6425
5149
7618
6333
5568
4993
49
8774
1976
4075
10557
6683
8972
287
6675
3670
3506
919
3432
1507
10412
2483
4262
1368
8370
5748
9099
9724
7870
3046
7128
211
1038
9612
4068
3026
540
8248
3866
6873
1967
9304
1463
3065
510
9139
5137
7798
1390
4170
9570
2554
1522
6816
4411
78
10096
4823
2448
1181
8122
3137
5112
2133
1959
6736
5324
4254
2131
8519
1586
9420
9864
8457
8597
9848
8329
7760
3356
2282
10261
3438
4389
9350
9611
6440
115
1232
10457
5388
8084
7811
8587
5747
8098
3990
4143
4561
6315
417
661
7141
4153
8294
1361
4414
4870
621
10253
7932
459
2677
7199
7442
3468
3390
8427
9368
1735
2050
1328
6619
397
10268
5828
3236
7391
9712
9422
4115
9725
7769
796
7535
2344
3499
4837
1314
7451
9806
1714
6186
3159
2295
2139
5171
3784
9893
5431
6339
7914
9917
3772
4309
2960
4142
2972
3392
2674
7774
10297
2891
8550
6911
5170
9939
3497
2156
9750
8027
10233
7625
6121
773
9514
6337
10069
3129
1321
5668
4826
3262
1605
9623
4687
10411
10349
2904
1774
5018
5813
7399
4424
7035
10295
4558
1491
6649
2394
413
2069
5713
5486
5143
4377
2622
4497
6254
6145
3417
9972
6190
8654
3309
756
9992
8335
4363
2316
1155
3580
10199
3383
5265
6279
8957
2846
2559
8494
6533
8045
6917
10290
3658
6795
77
9874
9475
472
138
2296
4122
2496
2893
9870
9241
939
7923
223
10203
7174
5551
10549
1869
4742
9497
9481
3969
770
9359
1353
7338
7281
311
6777
7735
3118
7654
126
10459
3232
1597
3709
8738
153
9499
7015
7833
9319
2304
4861
4848
2532
4937
6482
2733
7082
8474
10482
8810
8249
82
743
1698
5981
8723
1769
6724
6130
10283
3328
2581
8546
9954
6496
798
3057
576
5013
9219
6056
9191
2172
551
4155
338
7347
8425
5624
366
4297
6643
5367
654
222
9482
8186
302
9268
10511
3327
9765
10375
4685
4133
5003
3571
6281
2969
8956
4604
7669
3701
4853
7719
7355
6898
1400
5683
3885
5875
246
8353
4060
1746
10141
10107
7797
10627
7505
8804
10092
6351
4399
9452
6427
6819
4663
5860
6206
273
6952
9108
80
1393
10394
4957
2968
8278
34
3249
443
10339
1658
578
8586
3980
2175
6803
6162
4339
7189
7518
9281
5502
6347
10015
1934
8132
10192
5424
7470
265
4252
10418
526
5736
1989
2541
4888
1634
6907
7552
3073
10596
2613
8360
3105
7152
2227
8963
7067
9009
3200
5664
122
8581
8136
4559
8701
7880
6880
9859
5741
5214
9833
10381
2453
1660
8485
2648
2186
1910
7514
2126
4581
9307
6940
4893
9953
2400
2680
1895
3171
595
4573
8029
3592
1700
8648
3342
3661
983
10597
9251
4702
2796
1518
1336
7119
7767
7207
3703
201
871
2777
6682
2549
8720
9951
1090
6515
10449
1760
5253
4442
7648
305
5391
1581
1120
6935
2618
4335
1052
8115
5970
9549
3850
9453
7164
7115
10004
7166
7884
10382
1620
460
7266
1057
6672
8667
815
1094
2240
2657
5913
3771
9776
3076
9210
5445
7787
6415
5395
2416
5915
9348
8297
8545
5243
9988
6995
5597
5303
1834
5681
6881
6761
5506
8552
1365
9872
5165
8736
8949
8862
6986
8185
10284
9746
7038
4661
10126
4801
5346
3486
7959
2054
7414
7447
4758
10546
8257
6045
1114
10064
95
5764
805
1824
6810
5758
7919
5485
3300
8270
9371
6508
5213
2009
5217
2488
6323
1330
6343
2878
3865
1873
9354
388
7801
10357
8618
2624
1104
8229
1301
9082
7230
1757
8623
1341
386
6238
2693
5573
9650
2816
3922
8306
10185
8182
1866
7659
1851
3048
1716
4436
942
3666
8166
1280
6591
5052
5272
6772
147
1289
6832
7239
1025
2963
5025
4395
9211
9116
5518
8450
58
8717
3551
3783
2004
9325
3293
7359
2167
4577
1520
2278
4492
259
8019
8246
8141
2202
2760
3178
6420
5557
1302
6132
9011
6042
5868
2540
3841
6212
1486
2099
965
6196
4409
7982
3699
4405
8224
3372
10076
5223
7111
1102
8037
3303
9654
2874
6442
1696
9908
9962
8674
9027
2458
9798
1572
4064
2523
440
3315
7753
9631
8864
7022
3829
167
6748
47
5595
5661
3706
10322
2516
2605
8942
1054
7297
10440
8012
6778
6419
4342
6720
1305
2114
7584
9018
9531
1770
4259
10469
5858
2247
4828
4074
1157
5581
3217
1730
7279
886
9023
7101
7151
9031
1346
10148
2365
1411
2840
7910
5745
3554
9786
3719
4301
9324
3516
9840
10465
2620
1465
3600
9097
1570
8950
7066
30
2002
2672
6585
3227
2791
3139
7858
2542
4117
2033
4924
8797
3830
6925
4784
718
8183
484
664
3288
6658
2527
8404
5088
6877
3707
6904
10478
4360
7236
6680
4678
4165
5063
2368
8181
3804
5099
4800
8582
1718
7147
5017
8330
7664
943
10018
9419
2199
6611
8646
10548
2676
4044
9710
2976
7258
6740
7310
10476
3449
5650
6727
2701
2338
1724
10291
9019
1974
5655
4807
8403
257
10552
2285
2860
3565
5492
8817
9855
2197
7487
8300
10556
1146
894
9567
8476
7628
7795
10259
2747
7426
6968
8959
6077
8468
9207
4496
6709
8865
1304
9970
8447
9399
4184
10169
768
10255
4359
10009
2954
2347
3972
8049
3350
2515
984
8557
9735
1667
7158
4793
5114
4667
7713
8580
4886
5156
6725
6899
1426
7336
2599
4646
8726
3097
6303
3349
9493
936
5998
3644
1526
7288
6076
7407
6550
4522
9844
9606
4728
1595
2351
5408
5617
9763
1199
6614
10519
10376
9013
9470
8067
2649
4582
5065
452
5222
4917
6733
10533
6052
9928
2473
1332
2324
6060
6556
1208
5814
4945
159
4768
3862
1891
10363
9692
9163
8549
8203
5287
5235
7950
6168
9000
11
7723
683
5320
6714
1416
3231
8683
8401
4357
1568
2719
2594
344
603
9866
3539
5042
8752
3333
8496
8142
5905
1184
9464
4419
1127
1489
6607
9409
10010
6885
7048
777
9826
5127
9578
8918
2415
9671
9720
4884
6299
315
3451
493
4933
2512
5578
5315
8020
5015
613
6859
5562
1539
158
1582
9730
7888
10044
3132
6051
4803
7094
10227
5874
329
8687
1039
4386
6414
8146
10580
7443
1630
3749
2948
505
3320
784
2519
6374
3209
5403
2979
5326
1831
10115
6202
4857
2801
5448
7194
8035
5266
2465
4443
2586
5301
2584
9454
2469
2421
7404
1019
6128
1324
7224
3446
1428
5685
9209
7704
5463
5228
2987
6474
5786
3031
7955
9489
1070
9173
7085
1288
3853
10101
2999
1233
7324
8026
1012
5051
10059
6151
5857
4340
4441
7332
1766
8676
8440
2758
6081
5512
8194
6230
7658
1950
4860
6463
9064
7219
10032
9598
4844
745
3817
3266
4724
5108
3728
6962
4998
187
9778
8930
323
9745
8513
403
9094
6731
6150
2709
438
6030
4549
10014
3756
2206
7579
3935
4052
5885
4509
6494
6719
6177
4862
8358
9643
5530
10397
7177
8214
4948
2471
7855
6860
6942
6634
8943
10592
6664
3913
8201
599
1830
10306
10273
6882
8981
7551
7521
3953
5249
3314
10591
10170
5776
4041
755
237
4175
9380
869
6328
4901
190
6943
3322
8395
10366
2236
6905
7844
5030
6527
6038
2769
3975
6667
4284
554
5387
5708
7087
3272
8771
10079
9047
7259
9014
8702
1583
643
3286
2103
6557
6443
9225
2638
9194
5455
8369
10454
6353
6428
8239
9022
5288
7361
10380
8905
9946
5321
4593
2647
7116
8948
7136
4975
3811
9434
2493
238
5906
4959
10097
8042
7374
4748
7540
2650
8974
10377
10028
4943
3058
7903
2014
1681
1126
2894
4815
1415
9775
10522
3291
7996
976
1410
9349
10505
8033
7900
6152
3226
7291
8828
8044
2739
9544
3584
5622
4911
6173
10595
9642
5117
10246
6596
5174
8484
692
1914
5793
5094
9906
5529
1132
949
4898
2346
7322
1099
7252
263
1264
8198
4125
876
5089
507
4546
9373
9681
9381
4491
10336
419
1497
2553
7135
4087
4651
6466
1095
6848
8923
1325
4229
2265
10460
1500
3690
9665
4527
5273
548
8291
6744
4063
3759
2614
6345
997
2910
7721
496
1807
8652
9652
581
9876
804
8137
5157
10111
1128
8432
7695
2306
42
9056
3066
8486
3248
3808
6268
2122
6930
7989
9635
4019
7186
10021
7057
10208
3758
9051
1160
8538
1911
908
8437
5101
5125
5687
9550
1144
6179
7285
5737
5592
10167
7867
359
3837
9952
10189
9457
9282
6540
7339
6765
8452
977
2700
5812
6492
8613
4358
6246
1591
3233
1220
4537
837
8999
1171
1560
8517
8487
9054
1189
1158
2268
2414
697
6035
6926
7316
6276
6687
5566
8704
594
3642
3576
9943
1659
891
10479
2609
8453
7105
867
7696
10196
979
8934
3338
975
8424
9007
7650
7053
1666
6776
5777
3060
8066
4084
9062
610
7069
7446
1565
7825
6824
2061
328
4934
3952
3199
3270
6807
1277
9267
10075
3856
4267
10342
860
2788
3714
2917
780
6815
7803
354
10217
5805
2536
2992
8215
5830
534
4887
4516
4584
8406
1337
52
9224
5305
6818
4420
3312
6069
6676
7504
771
1179
2189
1894
5961
7249
8815
6809
7457
10535
8763
6197
5300
3101
5660
6750
5162
8694
3133
8663
5076
5601
8802
1516
6990
9749
10078
6050
3741
3737
2432
255
9177
9167
5327
300
454
2552
6637
8852
2
4032
9293
4233
6310
9402
1754
3306
8170
7611
4134
3746
9667
675
2258
1904
8247
10575
4238
7227
9503
9137
3950
4279
7220
10532
5782
10184
2900
970
10187
5510
3788
7372
6250
5072
9474
2399
4833
2798
7862
1167
5937
9559
7751
4714
1055
8998
2377
10501
2980
5461
5124
4146
2211
4447
5473
4132
2418
677
1224
8275
1278
6153
6862
5861
7058
10340
3134
7784
1521
3538
10560
1043
3230
6983
9159
10229
1452
3131
6282
701
1479
8507
9684
9355
2557
146
1244
3672
1344
8461
1663
5250
9302
931
8975
9596
2337
2793
7911
9442
6782
7832
8568
2994
2373
1669
1865
850
3121
106
6188
9461
7516
5151
7387
6404
6771
1414
7344
8547
3984
10569
7140
998
1545
7349
6433
8814
4777
2829
5371
9125
8341
488
8124
2210
2334
4706
9107
10300
7946
8340
8878
10379
8834
171
6133
9303
6814
7588
1606
5700
1996
6836
145
4083
2797
5749
5241
5752
9050
5924
10275
2427
10031
9633
2989
5644
10117
5996
1418
9043
9172
5936
5028
3698
1168
6749
10442
9587
7876
5717
3234
6079
6184
6535
7627
10319
9837
8063
6362
3912
757
3785
8548
9878
7706
7059
3465
9140
2845
7469
7519
114
5093
8728
3317
10057
1013
7634
7180
6536
6688
3079
4432
2879
2525
4147
2446
6324
2244
4838
2727
906
10209
3206
1567
5331
5047
6312
1109
213
698
3088
6097
6467
2592
6112
7766
1327
6306
2252
7126
1798
9083
4913
3633
1859
8655
2339
723
6629
544
4757
5081
7698
2082
3332
10279
8016
8807
8890
3104
5575
7191
7197
8688
4403
6758
4902
5432
166
6320
6806
3848
4631
5832
9406
9356
5771
3520
10262
5116
3995
8096
720
9535
4204
6401
3143
2582
4028
3833
915
119
3125
3868
1783
9959
4727
383
6544
3041
6233
6774
9294
646
2961
691
7305
1650
6548
5495
8362
9128
9862
2326
7120
5559
3517
5586
5068
5279
6447
8054
1201
3540
693
1083
4266
3016
10049
7028
8121
7905
1818
8786
9796
8157
2479
9522
7725
3184
6193
8445
2564
8470
9200
4467
275
4851
5398
5482
1712
6953
7215
1603
4539
3214
530
3541
10585
3521
4984
5620
4461
7685
5658
10006
9423
4397
10506
9911
3684
4810
7692
6091
7134
5952
5454
4819
7942
4741
9110
904
1797
6864
2454
6689
1978
1933
7195
5519
5602
2013
7793
7100
5815
10398
9257
9046
94
5767
4771
5781
883
8935
6537
612
8896
8301
8438
649
802
10404
7173
1131
5085
3786
7712
8645
1792
4840
589
9854
289
2234
5900
6525
8529
3068
1092
6886
3694
7025
6628
7127
2956
2520
5155
9949
1636
3202
6016
1777
6633
1027
2854
4161
5784
10564
4894
7962
448
10551
4914
527
7056
2946
4061
6861
4206
7565
7678
2823
10197
4752
1625
2383
2196
3624
8490
10282
1805
3795
3287
10529
3459
10520
7945
7604
1639
8609
5412
7364
3733
2386
1024
2660
2630
9289
4515
616
5991
10372
9478
4854
928
3375
9527
10545
10605
4535
5522
303
375
3979
899
1441
10056
10086
4303
814
2580
10082
5827
9849
9199
6424
2631
7904
2662
5304
9914
4805
2423
346
1623
5071
2121
6119
8691
7159
4325
971
1060
6691
3906
1673
7276
3677
6236
7092
2486
2981
1476
6157
3498
3645
5122
737
10566
5225
2303
4942
199
1782
6371
9220
6479
9397
10033
5616
9112
4287
6957
1268
2035
4925
1213
3252
2140
5435
4214
8068
21
7321
6631
4895
8577
3546
9841
7895
10311
8145
10623
1674
9480
4669
566
8164
9339
4740
7587
1692
4033
7023
1899
884
9825
8465
3407
7283
9979
9117
2109
7337
2372
2617
8233
5928
1508
4755
2216
2997
8880
8756
4094
1065
9077
3934
6570
4932
10110
5521
7077
3685
8727
10150
38
7228
6325
3251
5212
4519
9400
4563
6669
6302
9989
3484
101
6822
9622
4652
1684
8196
528
1363
2964
6769
2852
5520
916
6237
659
3109
1858
5558
163
1683
6304
7247
5663
2159
3547
8190
7700
9201
703
5422
9686
8634
4551
5472
2067
6481
3929
903
5648
3238
3874
7882
9213
7823
137
3037
7396
2152
4367
2250
7770
8200
6194
8179
6576
1558
10510
9965
8324
7384
8451
6849
4193
9379
4369
6127
1165
8829
5886
10080
8531
7614
5866
3228
1395
105
3876
9447
6047
3035
8148
4038
545
4237
1912
9722
6598
6381
140
4482
2571
3981
7983
6359
9440
9744
7464
7216
3524
1446
9321
8372
6835
5672
10406
7117
6417
10240
2437
206
9595
4434
8977
9930
10304
8794
1044
3040
6065
5181
6702
7977
0
7529
7213
127
6468
9801
8544
3823
8311
2147
4830
2141
9186
2041
7146
4383
3421
2838
2361
3939
9145
8204
8212
5418
1062
673
7326
4735
763
8870
4533
2712
5689
9537
6938
9491
2926
1592
8662
3673
6062
6013
4007
139
1751
2370
6718
7709
4456
726
5779
10162
3054
1074
3991
631
10218
3568
896
468
4209
10119
4110
5899
736
10495
8251
5275
1892
6021
5185
9664
2682
5973
6620
9189
791
1447
845
9250
6650
5385
2872
4470
1445
1362
3336
3816
6621
4494
10320
4218
1571
8872
7554
3295
550
6031
2953
2266
1037
4104
5400
7422
699
3394
5855
3928
9215
10073
10003
3310
9629
81
10264
4398
3755
5988
7260
8500
9001
4600
286
3647
3071
10488
5264
10053
4521
7108
1068
5652
6696
1648
6503
5675
10417
5206
6538
4406
4275
9733
7328
630
4135
4261
4480
3157
5847
7980
6111
8983
9021
3542
5623
3569
1889
3519
7682
6704
3710
1675
6326
4354
9467
6000
728
9922
6344
6901
215
1922
5369
1323
2366
4890
4129
5462
2057
4217
7139
644
4733
5318
8095
5100
638
2474
8563
7979
1359
5283
6205
5384
151
6912
10513
10337
10025
6457
2381
5711
7138
6444
7987
4451
4814
4466
5414
6738
352
2771
6009
9305
5790
8939
5965
402
3358
9708
3077
7683
10159
8782
6618
8088
9431
2628
6906
3877
6269
3702
8906
10437
6283
1384
2748
204
3722
10487
1442
9823
1188
9700
3470
8390
4240
7376
9410
9332
6018
515
6693
2996
87
4348
9831
5983
9084
7805
7536
8686
8398
2687
7078
9858
1820
6208
8993
2128
2772
2185
2658
4361
5818
5679
10584
809
3987
7525
9607
8347
1645
5750
9572
5951
10400
8456
2389
8326
5579
466
2683
1138
9616
9136
7032
9747
9398
9630
9487
4695
272
229
918
8345
5569
8386
5006
3602
6583
6131
3766
2665
5496
8207
4938
1107
1239
5011
4726
3017
4190
7557
5407
2977
650
9785
3254
2100
6289
3933
4093
5438
1621
2101
1192
6928
8954
6002
1366
2190
6285
4333
9515
7890
7641
2955
1185
4786
6486
4471
8325
10622
8394
3977
7938
2765
8887
2052
10224
6403
8315
10350
5355
5479
7488
6489
8264
9184
212
8206
8332
2034
10334
5768
1893
8375
2457
7705
4236
8555
1149
5363
833
4813
1051
1594
1354
8356
988
7503
947
9362
9857
4507
4382
948
3351
8509
3558
4880
10409
3440
6084
7851
3176
7703
5729
2517
28
3152
6909
9059
4016
9644
923
10039
3
164
7248
2706
4102
5945
518
8973
1927
9329
3201
1689
8053
10153
9090
9466
10060
2433
4811
6244
7837
4440
2601
9590
3033
9165
1434
764
9771
6134
4954
6358
7578
5457
10299
681
4642
10247
8643
1853
5770
9170
9821
7482
3586
369
8385
7722
2348
7510
3089
3096
3721
1530
4628
3800
5909
10374
2354
4745
8031
4686
10353
486
10537
7476
73
580
9795
6856
2504
7360
7272
2321
3452
5169
2359
4446
3612
3119
6439
2001
6903
831
2911
100
6322
4666
3127
3120
10269
1604
2847
3976
2578
1779
7400
8680
4263
6947
788
9898
9074
5788
8421
2325
2228
8848
9347
1240
2071
4186
4498
3940
3172
8635
7478
5914
2803
5091
10423
961
6430
7595
2857
8653
4390
4791
7244
2413
8616
2045
4630
1987
731
611
8184
8909
1440
3154
8078
5707
7620
10198
4285
2492
2681
5230
2702
8775
8861
7155
4320
4982
5002
5299
1632
1990
474
6014
4591
8058
4322
1350
1587
4391
104
5080
10463
6432
5892
10444
3006
9192
7033
5554
8015
2781
376
567
10058
4806
549
973
3439
1943
8951
6941
8261
9413
5646
5079
705
5704
2508
8576
6059
7165
7892
6712
2040
10195
10193
6365
1638
9575
7421
1383
3170
1117
425
4103
9602
10166
7214
1537
6874
9042
1216
6270
5186
9877
9888
4023
8869
5317
5246
283
1005
3798
1616
6897
3734
7190
6171
8767
5627
10278
6102
8599
6661
6103
4137
10358
836
102
8836
8783
9072
4713
2378
7455
6485
6507
3267
1841
4580
4552
2020
8731
9450
8962
3047
3861
4701
4872
9547
1195
8787
6963
3099
9247
50
183
6974
9245
22
10277
6923
2666
8996
2794
4765
4923
9438
1030
348
7665
1916
5220
9372
7444
9902
7241
7304
2522
3397
8640
90
4247
4298
2066
9231
3297
5242
3173
7167
6868
6200
10324
6336
4915
1791
1478
9032
9365
6452
7501
1935
5640
10419
10572
4614
7663
9674
7319
4037
6944
7188
8352
4418
9160
7271
7156
3030
7686
898
2877
150
9188
2927
9562
5931
759
9777
8161
7720
6760
5487
2120
9904
2923
9999
2388
3156
6871
2506
9504
6100
3402
9780
6673
9797
5643
7012
4696
8265
8612
10613
3809
1737
9273
9477
7953
6959
6421
6449
1433
1643
7749
17
4373
10310
7694
5386
9741
4543
4248
1284
10466
3578
6175
8773
10426
5774
1140
9920
4885
500
6506
4799
1637
2806
4692
7232
1721
8705
739
924
235
800
10523
363
7861
5594
6671
8471
6717
6137
8263
3111
1513
4106
5130
7390
4304
7879
110
8620
8772
2273
6794
5794
1856
10228
7432
909
5733
2600
3708
5353
9867
2058
3793
4427
1105
6146
716
2809
4114
7667
9610
5912
1994
2098
6372
7030
10401
4180
8355
4408
8642
3182
7434
6695
6735
2124
9919
107
1903
7118
8091
6985
8743
9394
2170
8504
3889
5839
9767
2704
2728
3994
824
3429
3562
9869
1627
8272
6061
247
2868
2259
8238
1840
8530
6438
5563
7874
9388
8226
1601
7822
3831
7966
1163
9793
3346
2203
192
2070
3803
429
8739
9437
5925
1221
226
5172
4719
4922
5869
5759
4231
4858
6204
7920
10083
1407
8706
225
1450
963
1011
4120
2612
10281
10214
10604
5333
10367
8684
10017
8458
857
1113
2395
5659
7352
3764
68
10068
6248
9344
8822
5046
4739
4783
6946
704
8685
4281
5110
6228
3482
1720
3911
381
7408
251
3992
8506
92
3003
4659
829
6500
2998
7145
6124
3726
5394
9041
428
4256
2405
2451
3280
7201
7817
8850
2637
503
9896
1260
7357
9524
7754
9699
4941
2945
6920
9639
6355
9035
9468
6225
7878
10065
3010
508
10027
635
3242
7102
7691
8105
8964
7103
2588
6448
3818
689
391
1524
9847
2068
4977
361
9148
4085
4874
9073
8644
3570
4371
8318
4918
8784
3387
4080
2835
5856
491
688
2602
9759
5726
8339
1872
9375
4965
6662
5732
5836
5714
9317
4787
2130
709
8606
6775
3626
9517
6493
7854
7575
9161
9769
1936
7417
4756
9945
3085
7964
5504
4722
7873
3218
4871
3970
8785
4245
5695
5261
4797
3401
1880
620
4296
1619
707
5421
10272
8357
3061
7756
8610
9393
2256
9330
816
7506
9685
2705
9731
5129
2407
7437
7657
964
8269
7893
8104
641
2010
4332
8064
10429
8430
8913
6154
5539
655
4785
8617
188
7431
6142
4029
2501
6265
3279
2201
5891
4579
4613
5426
1563
6641
1459
7481
4224
1801
6929
4762
3376
753
10183
8558
760
10497
165
1962
10413
9180
8473
9912
9008
7001
4662
4215
9308
2841
3614
8798
6253
2864
4341
8172
3191
5546
3892
5031
4688
6529
3334
7570
2597
5365
7157
722
2263
9702
6980
8988
9977
9114
2502
4967
6572
2768
3909
5634
1750
8389
1624
2328
708
6989
5908
3867
9006
4980
3405
1066
6900
277
4295
1611
9311
8823
6053
1405
6459
6476
7710
8059
7099
9923
3842
1318
8287
5706
2086
1811
4468
1685
5043
3789
7129
9830
8153
2173
2264
7064
4818
7049
10540
10388
974
9947
10175
3652
7468
4900
4100
7263
5505
2587
9395
8984
2143
9333
9264
6936
9377
7184
2916
5923
6218
1786
3556
4992
5879
8967
2892
10527
568
9576
2134
2915
4802
7223
8562
1018
1205
4072
8636
6376
3900
5082
4973
8245
4796
2570
8111
5645
4717
1183
4207
6163
10139
4846
6105
1121
5958
7921
6395
6501
9811
7545
6473
6577
10090
8666
10123
3269
8267
2820
479
3339
9233
9800
6970
498
9955
3615
1796
3404
2075
3180
9
62
7550
3102
450
5938
5954
10494
6243
4607
2755
2646
148
9098
3526
485
6684
920
6234
367
2184
7132
3618
2192
10046
10226
5834
2367
3027
4107
2286
7689
7162
6054
7934
8966
2729
1017
4929
9433
6373
7377
1225
3225
9460
7045
6524
3023
4798
7225
7411
7852
3504
3208
10298
3812
6490
9651
7041
36
9298
7532
8589
7915
8907
1454
2855
7836
2127
8050
6107
1607
8497
10386
10399
8927
9687
284
4812
1615
8838
6229
2077
750
546
633
4453
8083
2281
8423
2468
10313
8135
3274
8047
7290
4997
5039
9698
3590
1758
1125
9235
7491
5618
8651
4968
8307
9574
8968
8708
2640
4574
9190
2958
198
1553
2435
3164
3769
5653
9760
8116
5877
8537
1599
1467
8779
8664
2675
5859
9683
8284
9933
2222
4015
5927
6830
6478
4294
4013
8236
5134
880
489
1939
6104
9673
1600
2088
4454
3608
5450
8271
10346
5102
1261
9563
3594
3240
8891
8628
5340
6692
3447
1088
4136
1588
3761
10331
2095
4293
1297
3897
7416
9641
7887
1543
8089
4897
9850
4024
9871
9661
8491
8139
4260
9668
1945
8922
502
9613
5358
6389
3623
1343
5944
3256
10416
3396
5175
6078
3631
5976
1194
8446
995
9391
9569
1819
2984
10360
5053
3768
5229
4936
10125
10396
3630
9175
8670
120
7908
9932
9351
1364
1020
8524
8448
663
9266
4566
563
9816
2830
2171
10317
8400
9761
6422
9701
2116
4946
6627
1743
5451
7738
1551
5769
10571
10385
952
6612
10163
4586
3275
7782
9820
6174
10180
3826
478
4903
144
2188
6067
2113
3467
203
6513
7178
295
4585
7340
3301
934
6663
8839
9129
10562
1207
1200
320
8056
4700
10603
4156
533
355
6087
67
378
9227
6301
10558
3616
10172
2300
227
5152
7017
7576
2627
10611
8317
8724
3915
6329
1761
1909
8845
6837
6992
700
2655
6089
8159
2084
7607
4892
406
6487
9593
2924
63
807
7981
4512
3790
6382
1739
878
3436
4235
7994
5419
7333
1294
4306
4889
6939
4018
2843
5941
1326
4877
5802
4396
6632
3999
5851
2456
431
4698
6199
1693
7381
2341
9490
1844
2022
5997
6757
5446
1887
8841
5825
7957
10471
1367
531
7948
10330
769
6739
168
7222
7212
1335
9384
2717
1548
6211
5121
543
9937
4178
10606
5113
6192
433
7997
7006
5727
6114
7480
6854
1528
7930
525
10451
10154
1082
6298
6460
4538
1725
9408
9327
4578
149
10216
8493
8117
4953
5238
2851
1424
4511
9509
2724
7445
7393
6251
1269
9560
4049
2375
5515
3197
2812
4536
9810
3108
8283
7829
267
7
6378
4422
5910
5050
1317
2187
7792
3832
835
6172
4230
10359
3188
8277
7406
3189
4042
240
6826
3443
9197
176
7520
6653
538
1985
4624
3820
8222
1493
9058
2436
2913
2327
2406
76
6015
3791
1997
8571
6574
6242
10231
4385
6311
4378
609
3067
4723
7853
9976
3141
6786
2219
7697
8011
9164
2115
3810
4557
6993
8791
1469
5077
1506
7204
8383
2419
1793
310
5034
8240
4859
5808
3114
6553
5959
7623
9938
762
6267
4188
572
10023
7838
8812
5796
9292
2770
2097
60
7655
8259
5638
941
465
4469
793
1231
4534
7315
8915
7821
1938
5083
3854
1473
5509
8578
172
4635
2743
6534
10528
7511
2320
5056
3891
6429
4976
424
5200
5608
10481
5016
9824
8143
7086
6046
5260
6808
10085
2409
5678
3126
6593
4172
5642
2008
6973
418
1266
7185
1953
1703
10098
7970
1921
1952
4006
1546
6314
10177
5641
9358
3370
6896
4458
9634
2611
9157
224
6262
5994
4753
61
5989
2279
1867
2751
9942
1771
3318
385
1963
6029
8593
7752
4244
557
6484
3237
2094
10020
4008
2787
1941
174
2905
6219
1492
5621
1308
4782
6766
10160
2021
5131
3161
6867
827
6379
541
5662
9889
7544
1668
160
9985
4011
2568
2317
7601
5453
3512
8062
6773
3194
8987
3718
10131
9548
725
1198
2511
776
9338
4675
3886
7992
6462
2744
1768
10424
3896
6977
6135
5609
3890
10
7091
781
3473
6933
8230
5511
9092
1589
9895
4622
3536
5719
3235
4779
455
7439
8833
679
8567
157
8380
6086
9127
1355
2076
1388
10617
4123
48
6829
9577
1246
7318
3298
1776
6546
2556
4273
7149
9283
9040
9742
9272
4921
2941
4220
2950
7037
7568
7973
1275
9234
6858
8321
9104
5009
1656
3938
5850
553
5351
4191
2048
6307
5508
6588
3579
7847
2889
7530
555
4855
6701
10271
1908
6579
9676
8478
7394
6027
2990
8678
1177
298
6108
3638
10370
3441
794
4501
7800
2799
3427
6094
8976
3636
2711
6189
2510
2494
9151
5499
2993
5999
2869
2387
9882
96
3717
5582
10405
7918
2036
3566
10063
6565
7771
9918
3634
5742
9541
4292
9029
2749
2795
3589
10348
4225
10235
8730
8082
3025
5821
6915
10517
5956
4157
3696
2063
1590
4994
3374
4113
4919
6590
5255
10483
625
9770
9743
565
6260
6865
9085
10341
8005
953
5649
1042
10616
7208
1471
9662
7160
4831
5078
1917
2153
2410
6004
4682
2356
4711
8218
4158
2528
3675
5935
2096
368
6605
6730
4709
9421
10124
560
9608
9814
9428
7098
7261
5086
4058
6599
10415
10307
350
1825
1000
3529
6120
9331
858
7896
5033
2901
407
10213
202
6085
7097
4082
9533
5392
1348
7500
2725
118
3261
6025
5922
2298
4978
10343
7799
3378
9884
5341
8560
986
8422
3283
4910
5338
1826
6397
173
8460
5889
2865
4393
6370
3110
7848
9221
6226
1228
8511
2832
9316
4773
5596
9845
7856
2090
2269
3181
7474
767
7783
2722
4905
10326
9508
6143
9456
10164
4947
6551
9968
9728
6883
6647
8133
7375
3899
8223
3412
6888
9015
8682
4291
3543
3797
2342
9960
8391
4554
2529
5950
7130
10081
1370
4985
1562
8960
847
8903
8847
2498
6821
2144
4168
8594
7286
2509
7385
7740
6729
1923
10521
5705
3196
9935
4626
8313
6007
9295
10181
2272
3448
10338
2561
5292
5360
1742
9640
5986
6705
7121
3359
9259
3998
7255
4379
6360
5528
5198
7810
6292
7975
6259
6039
1849
6542
2182
8008
2241
5940
4282
8505
9521
6099
384
2785
7234
774
7050
8881
4738
10013
4665
3662
9147
8073
4715
169
1292
2137
3485
2205
9430
3423
9063
10614
4189
5524
7826
10389
10106
7660
4076
2217
2546
1056
9070
10445
501
4656
9996
1523
1147
1609
6602
3403
6573
7044
6721
10403
3601
959
8729
2174
2248
3715
3116
1229
892
5837
8893
7179
8809
5801
4691
8675
4417
2610
6518
3496
834
3373
3360
9364
2505
9659
2654
2200
8696
9103
1003
1984
420
2490
2393
3395
1534
7182
5280
5514
7742
7773
6580
10067
7148
1883
482
3462
9604
2261
9275
4960
7745
1029
6191
4525
4961
5425
2991
7649
9927
3080
9842
6181
4736
2078
10007
4484
135
7079
1031
5686
3204
5722
1472
2828
2461
1285
8873
5630
2332
5252
9792
4849
242
7684
1884
29
9363
9287
9403
7070
8426
7522
9448
2311
4930
6755
5525
10225
5232
6090
9066
3775
6568
134
10554
8553
1214
1379
9096
9886
2118
2513
6919
7497
4545
1357
1829
4089
5876
16
1404
3845
854
741
9926
4730
1377
1387
7383
1628
7643
5411
1717
3770
929
4300
985
1449
4097
4431
6788
4066
10135
1810
608
8813
3740
9632
3627
992
8454
632
8235
5413
2031
8130
3028
5606
1790
2867
5396
40
3263
5302
8189
8371
2135
2396
9703
8614
8455
8125
5476
7313
2138
2102
4265
4788
9471
9753
4952
7496
4949
4223
389
9973
7425
7912
8853
5352
5452
7388
5628
1403
8661
2710
8040
7583
10473
6510
2475
9580
2403
3946
422
10062
8075
4138
6679
4623
5537
6454
2322
1460
9581
390
9012
3557
7913
3361
3550
7814
4590
10515
10443
3455
5434
8638
6869
8331
6221
4548
210
669
1709
360
1356
8605
2319
7365
6313
6713
3400
4438
8795
2155
2315
853
2907
2214
4878
1756
8986
4562
8660
7401
5918
5701
3926
2699
4644
193
5696
2583
766
5883
6095
2223
10095
9262
5098
342
400
7730
5458
6264
347
10221
9740
10582
7475
7438
3893
1398
7499
9799
93
4059
866
5720
3002
5934
5269
9729
7014
6117
4429
9513
8305
5516
830
5895
2158
7369
2209
1048
3138
55
434
8097
5902
321
414
10288
8995
3457
1106
2596
7688
5751
3806
5221
2928
8337
2055
7693
2073
3294
4195
5852
3532
3124
8621
6418
4163
3205
7639
9929
7967
2288
2043
3649
3846
197
5763
714
1262
4542
7397
3472
5590
2985
1464
307
7776
7548
3210
8444
6005
79
8886
7231
7764
2842
3656
3063
2882
3495
8699
6842
4057
7591
6020
3659
9360
6902
7296
8495
152
2355
85
9162
1812
4127
221
5376
9969
9138
8131
8150
9621
989
7653
6747
5669
651
8716
5552
7739
6690
9496
4196
10602
3585
9328
3508
337
4655
7142
7781
1547
2685
8882
5406
3660
2827
5382
9226
1764
1542
9803
3509
248
330
4778
2533
8584
5440
8411
2639
7791
9479
747
10165
542
401
3604
8566
4435
8399
6286
9357
7560
6994
7812
5572
9193
9445
2942
1310
8252
7314
558
6390
2764
374
2606
8754
439
9628
83
261
5146
4387
4754
1896
8858
7586
7193
8777
8256
902
252
7161
506
10362
10174
6480
7542
5953
4565
6318
9392
3366
194
9588
3894
9579
1995
7941
4856
4030
457
9243
195
5517
9120
7346
4759
3857
9132
2723
9418
1123
852
6198
2940
9605
7563
4035
6948
4331
2651
2349
2659
5012
10312
243
3654
6754
1186
8806
7527
2866
4112
3875
10378
3881
8902
7541
6477
9187
1253
24
4150
358
765
10524
4221
1256
9512
1431
1116
7759
5430
10102
2903
3920
6523
1175
2425
8888
1665
4867
2160
547
3879
1227
1835
10472
1267
10286
9546
6954
1342
8036
4004
7071
1961
6017
7936
9910
6931
3686
7590
4031
3932
9326
3559
4356
9706
2229
7865
3695
2551
8540
8837
4474
4939
3827
8515
7093
6971
9566
8781
6910
8811
1089
1021
2873
7963
5878
3136
5626
7707
945
623
536
3344
9341
6209
189
10446
2902
5274
6405
1710
2859
9617
9244
5187
5810
6651
5194
3581
640
8516
1832
3964
4781
570
3042
9100
3123
9335
5092
4148
6797
5957
7433
2545
9835
6036
9846
3434
6502
10074
3005
5005
9950
6625
2721
2051
7331
582
4096
1396
5603
4881
9609
982
156
10314
4896
6820
111
2042
6646
8543
8672
1263
5593
1412
8633
1375
10503
4868
2595
4795
7885
9924
2024
9758
4570
2615
8488
8234
10129
3693
9983
9285
7606
5070
4673
9774
9998
5971
9436
6531
1169
8086
561
6165
10054
2598
803
1159
218
256
7638
2142
2164
4999
569
3203
10447
5104
3285
775
5846
8171
4541
4612
9218
6742
4632
10509
10428
8410
1080
1307
3688
8441
6408
6686
2909
4671
6256
9880
4571
1098
9178
5882
3384
336
8396
9705
9288
5142
4962
7498
10354
9697
1651
4654
5682
1951
5853
7362
4412
9443
10512
539
1320
1173
6368
7902
8195
327
8255
1578
9961
4479
5600
2466
2237
7424
4246
8414
9486
8309
7395
5393
9053
423
6575
9485
1033
6921
9276
2544
7624
8293
6461
5405
8268
7646
4305
9980
8627
5867
2669
6737
10157
9078
7144
1809
6176
6746
8585
4139
702
5904
9903
8459
8625
1259
2267
4101
3092
6334
7813
7571
5309
5348
2350
1485
1162
5144
5167
7131
1845
2441
7737
5489
3646
1004
8477
6317
4009
6870
6470
4219
1806
6294
4198
1584
1960
1421
10005
3093
1172
7198
2887
8843
1306
3216
617
6354
1420
10587
3029
4560
9905
1166
9113
7968
8857
8879
10625
10438
8894
4583
1946
7802
421
3918
1852
5189
7335
6406
9017
7733
4346
9964
1723
6043
6116
6222
994
9146
7410
231
4983
9323
3211
4131
8384
4928
10410
8778
191
3296
7462
10066
5549
7221
372
2921
2641
180
5523
2287
5350
6610
3907
4280
2289
4751
2015
3777
3822
8945
5136
1874
6383
571
4721
7944
121
8677
340
5311
5256
8911
9539
6231
7398
125
7891
4249
9396
8087
2920
1823
6024
4192
3382
657
9260
1461
4747
2330
5835
5744
7265
2834
10294
6847
2271
9818
9695
955
2698
4151
8725
4852
4362
4299
3177
990
9627
9214
9525
7237
4572
6011
10553
3802
8348
1196
4278
4729
851
5604
9492
744
797
6504
9205
2884
1691
9815
3961
9366
9819
5262
9048
4070
1981
9648
6564
2670
5095
6122
596
3319
5680
9736
2384
3277
6520
6453
1182
10251
1680
7616
4506
2329
7925
2914
9584
5464
3937
442
8900
9828
290
2439
5831
1333
7270
1612
2507
666
674
8969
8419
2162
4177
8412
8126
9601
7096
3824
3583
9600
5657
8409
318
8420
3859
2087
1286
8080
8940
5372
7662
4876
7240
10230
8982
6635
2459
9091
1814
1061
236
7998
5739
6434
2746
6402
185
8885
5118
6789
885
10236
3553
5560
4025
8103
3013
9424
7515
5471
1836
5224
10462
3732
2443
8979
1112
5544
5138
3078
2146
3243
5545
6528
9784
7877
1626
5216
3552
5218
8361
9216
8747
2844
1111
9263
9682
6451
2718
3413
10302
6792
1007
8719
5
379
4970
3354
10050
1948
607
4674
1210
5415
8793
5135
7036
671
9958
8863
5342
2177
7768
9638
7883
6073
6271
1271
2308
7549
10016
1511
3151
9236
647
3352
3505
281
10470
2591
9202
7229
9246
4926
6214
9299
8211
8351
8299
8827
9383
9343
1034
8632
3008
9852
4288
8009
2106
10500
5240
9150
8140
3858
1067
6416
6227
8921
9459
5281
7008
1800
4179
10526
1077
4850
10104
8658
10292
6592
1329
6075
4660
1708
5329
7112
7389
5119
2821
4598
7386
9182
2756
5550
4974
6988
9404
3956
7841
184
10168
2204
7828
6833
2714
234
5023
7486
3001
7330
8748
462
10089
5840
3355
8831
10146
4770
10260
7345
9171
9088
1748
628
2074
2487
3731
1498
7668
3115
5553
5493
4477
7779
1392
786
7990
380
7778
4690
7744
4021
9228
8343
9390
1763
5561
7526
5702
825
343
9573
4847
1759
5576
2294
6707
1947
112
5789
495
5881
585
591
9296
10244
8707
7943
2774
6850
6937
5040
2850
219
408
8094
4683
3596
9907
3563
8641
1736
7789
10530
6512
3090
4775
10303
1234
2750
8213
5429
6342
7350
186
8436
8631
2623
7647
7985
6274
2249
2678
1108
3882
7409
6063
8285
8749
8919
8936
1002
8851
5132
9714
8368
7210
7113
5803
7448
2151
9238
3162
1249
208
3533
7899
5888
7368
6109
5000
1133
5020
8570
6498
4648
7972
1197
4226
9300
9554
5929
326
8442
715
6894
1555
8160
3011
4366
1386
9034
4808
10011
5730
9829
5313
3821
8498
278
2804
5911
10391
637
6249
7257
4743
3426
10037
10600
910
6277
7403
5359
6554
3665
2065
44
8762
2003
131
10130
5684
1174
5470
5893
1351
1955
3986
8072
5716
1772
9484
69
10542
3500
411
5007
8892
8220
2555
3460
6335
3087
2019
9711
10137
4716
9166
10491
8093
6464
1137
4444
2132
3989
2707
7866
7531
4839
4789
7871
5762
4239
10344
3676
991
3648
4264
9455
2922
9376
1897
682
2037
7172
5126
8926
2150
2949
5207
8298
6571
4051
3019
2027
430
8057
4944
4329
792
2663
597
10024
8551
10581
7567
9921
5337
4873
3776
1237
532
5378
4090
1529
3410
5699
9156
8266
2029
3513
8572
9105
5296
5054
2335
7302
7109
1755
6756
838
4705
1
8434
8225
70
7632
232
648
8904
4931
4891
2773
6891
1925
5233
7467
9948
7289
2565
8718
4592
2369
8700
7927
8799
2018
3032
8874
2485
3183
4958
10574
1885
8119
280
4017
4118
8757
7961
3537
8464
6875
6290
9843
6361
7947
870
4128
6563
8346
3773
9766
7013
1966
5032
5783
264
8023
10539
2390
1482
2937
2567
3951
3535
6023
20
4606
1238
3855
872
7661
9737
818
10091
4553
2165
6049
3259
6215
5148
2238
907
1076
1816
7954
6979
8591
4517
10594
8334
10508
3284
9353
9507
436
5570
5611
9237
6845
4159
9106
5709
8766
3813
6674
10145
3884
1871
3368
6855
7026
3835
9502
9087
10384
1535
3117
937
7378
1965
9679
9538
5880
4836
6660
59
9505
5219
274
2379
2742
7089
3276
6793
3629
9734
2023
10133
2918
5192
2965
1394
9656
4428
9802
7734
6677
3931
8714
4213
6350
2193
4502
4629
8123
658
8113
6753
5919
2260
6472
6040
10112
1785
3651
10610
9974
2944
5577
7974
228
3531
4257
5845
6545
6785
7727
6180
667
9500
3187
8435
6019
5974
3135
5538
8929
10347
5349
5800
3588
7051
2430
2429
2231
4222
2277
2708
6732
10143
8469
1512
245
10431
1134
8041
4372
2713
8534
1532
4704
5975
5670
10364
685
10493
2117
132
7612
3257
5826
4647
2224
15
5437
6070
1502
2291
3435
7312
8314
5409
2089
2689
820
7458
475
7192
8608
3985
1041
1929
10149
3936
7555
9764
6567
8258
10127
4445
5526
2353
615
3949
3345
2179
395
9543
10434
5598
2467
3923
71
8188
492
626
2025
5947
9337
8669
9967
6654
9894
10204
6407
