1054
221
409
410
853
812
675
500
157
530
322
235
323
463
590
962
310
1069
538
545
426
383
839
917
276
177
78
571
929
732
763
105
796
1042
313
353
273
472
65
1029
895
240
790
636
74
857
544
681
159
555
716
125
712
927
956
579
620
455
939
718
1046
124
200
301
175
511
115
772
256
250
686
387
694
975
254
425
70
279
937
984
414
228
205
329
471
347
1027
362
106
885
572
204
842
441
407
274
890
946
38
79
639
596
9
43
724
976
400
1005
370
422
979
458
46
911
600
466
642
793
327
986
474
183
597
476
598
202
531
918
311
703
126
845
887
408
788
602
679
942
768
406
794
489
777
610
199
134
144
188
612
959
14
583
657
1012
872
735
220
494
743
384
289
187
88
672
626
627
111
560
396
224
520
1034
423
791
330
1035
731
226
831
1070
832
169
154
987
245
483
1067
1051
267
443
632
331
1077
524
725
374
711
940
778
704
759
47
343
390
401
1040
509
513
203
516
892
752
717
633
278
61
36
294
85
751
442
172
432
1011
757
475
136
428
528
564
363
674
720
334
381
48
308
317
652
300
13
239
328
871
335
76
252
333
781
982
908
1023
817
965
985
705
807
619
496
925
337
645
351
1052
517
1060
139
488
581
900
914
1072
53
231
190
120
385
739
293
696
196
988
248
1056
800
58
541
599
155
197
341
230
195
491
377
352
616
1016
286
535
206
1003
822
1018
34
82
665
904
1020
821
734
440
1022
118
916
969
766
866
72
689
185
936
650
