880
443
338
182
945
958
52
919
479
1020
281
117
451
19
596
859
809
981
882
46
212
128
650
219
1036
258
112
665
87
89
469
575
246
213
414
464
214
989
592
495
1076
446
512
527
820
742
1059
383
462
522
292
334
638
110
314
816
165
1037
37
311
327
623
574
604
654
124
825
277
418
801
845
594
189
301
6
747
126
524
252
533
215
706
692
328
393
482
410
545
861
289
759
772
686
486
130
1055
143
170
957
1034
895
104
68
432
1048
417
51
406
898
155
907
929
576
790
1035
204
887
829
286
425
1011
714
61
241
874
283
779
884
564
1046
942
460
444
652
387
374
620
715
681
262
593
138
783
653
984
871
723
588
43
222
864
47
830
570
561
831
193
266
756
164
1028
850
914
805
229
566
572
120
748
869
449
730
689
343
548
235
983
438
100
679
641
137
1051
27
358
347
535
675
510
38
999
103
249
815
427
712
721
396
571
933
716
808
599
167
966
669
757
132
682
849
671
939
873
41
718
915
595
553
434
749
567
530
291
437
878
181
294
909
442
319
836
532
484
563
551
954
528
717
240
632
23
938
700
133
886
619
173
781
897
98
490
1071
346
231
245
305
979
157
129
793
848
458
649
35
302
792
64
719
341
10
891
404
340
949
667
300
785
80
174
158
66
691
804
57
973
349
323
140
802
554
436
1061
552
780
39
738
639
870
141
259
1045
26
962
894
114
635
591
578
176
136
399
676
900
384
186
628
936
344
1006
487
225
821
363
475
395
531
123
735
254
423
12
201
447
918
947
131
394
952
1058
837
15
1038
239
617
944
526
209
255
703
381
353
755
537
465
34
400
971
737
672
647
833
993
519
893
84
365
688
673
53
932
515
1077
725
559
207
90
192
934
705
659
826
1066
251
1019
584
21
664
1014
726
937
296
81
463
637
1047
547
63
309
156
529
430
931
154
146
461
754
455
996
1040
963
205
768
14
888
499
274
609
49
585
775
892
278
256
351
187
316
134
583
634
55
946
643
925
324
502
750
290
178
453
961
357
733
264
397
421
708
770
113
71
1005
273
555
243
645
883
150
483
494
196
276
31
32
221
13
844
445
661
40
1041
108
800
927
285
409
889
70
199
644
101
36
424
729
94
1042
366
912
680
391
771
806
724
509
288
195
480
536
65
389
184
839
710
827
986
732
975
868
498
789
769
605
734
307
30
1000
115
608
577
501
448
25
415
858
982
697
693
88
994
441
390
702
392
271
303
257
242
505
1068
398
514
179
603
228
902
473
767
369
24
202
988
223
76
472
360
560
297
433
147
127
320
615
169
45
1064
119
885
935
456
707
978
1008
180
941
233
517
538
614
1054
405
1031
642
948
247
636
142
272
743
102
740
906
368
835
658
470
655
1073
238
185
741
99
1056
203
616
786
166
544
1015
704
677
270
832
17
378
722
457
152
633
287
1025
263
600
50
413
908
568
648
467
20
171
694
1044
198
763
543
72
96
477
539
791
540
943
828
803
990
698
388
916
610
29
54
1017
629
1016
930
795
746
429
744
863
106
224
784
1022
355
1039
1026
823
824
656
550
58
1007
362
220
513
534
474
690
145
260
379
980
1053
109
227
267
188
1032
4
144
685
67
194
674
489
766
275
1002
622
774
216
890
380
520
298
911
612
367
799
293
569
1069
1030
601
998
60
565
1023
541
1
817
813
335
191
431
855
217
928
361
860
794
0
162
581
200
149
1074
995
951
630
85
613
488
261
111
761
230
153
183
752
745
97
33
542
280
1057
968
1010
356
699
899
788
313
556
876
853
385
160
82
684
282
412
268
921
304
318
662
376
69
364
244
985
589
646
666
135
330
992
507
611
16
354
493
549
107
468
377
760
422
177
511
1072
523
1009
736
151
1024
506
606
