1.093000054359436,0.9910001158714294,3.000005006790161
1.1899999380111694,0.9910001158714294,2.9999923706054688
2.013000011444092,0.9769999980926514,2.999995470046997
1.250999927520752,0.9930000901222229,2.999997138977051
1.1710000038146973,0.9920001029968262,2.999997138977051
1.190999984741211,0.9900000095367432,3.0000057220458984
1.1449999809265137,0.9900000691413879,2.999997138977051
1.1389999389648438,0.9920000433921814,3.0000059604644775
1.2319999933242798,0.9900000095367432,3.0000057220458984
1.2590000629425049,0.9860000610351562,3.0000033378601074
1.1119999885559082,0.9879999756813049,3.0000059604644775
1.1820000410079956,0.9900001287460327,3.0000054836273193
1.347999930381775,0.9900001287460327,3.0000040531158447
1.2419999837875366,0.984000027179718,3.0000061988830566
1.284999966621399,0.984000027179718,2.9999969005584717
4.779000282287598,0.9340000152587891,3.000004768371582
1.3529999256134033,0.9910000562667847,3.000002384185791
1.0750000476837158,0.9940000772476196,3.0000064373016357
1.250999927520752,0.9880000352859497,2.999997138977051
1.0540000200271606,0.9950000643730164,3.0000059604644775
1.0789999961853027,0.9950000643730164,3.0000057220458984
1.0860000848770142,0.9950000643730164,3.0000054836273193
1.1150000095367432,0.9930000901222229,3.0000057220458984
1.2250001430511475,0.9950000643730164,2.99999737739563
1.0809998512268066,0.9940000772476196,3.0000054836273193
2.758000373840332,0.9679999351501465,3.000002861022949
1.225000023841858,0.987000048160553,3.00000262260437
1.2209999561309814,0.987000048160553,3.0000011920928955
1.3170000314712524,0.9910000562667847,2.9999961853027344
1.4559999704360962,0.9839999675750732,3.0000014305114746
1.069000005722046,0.9930000901222229,3.0000052452087402
1.5040000677108765,0.9900000691413879,2.9999983310699463
1.437000036239624,0.9850000739097595,2.9999969005584717
2.9739999771118164,0.9649999737739563,2.9999940395355225
1.600000023841858,0.9859999418258667,2.999990940093994
1.914000153541565,0.9809999465942383,2.99999737739563
2.517000198364258,0.9709999561309814,2.9999990463256836
1.186000108718872,0.9900001287460327,3.0000057220458984
1.2330000400543213,0.9900001287460327,3.0000014305114746
2.059000015258789,0.965999960899353,2.9999990463256836
2.0360000133514404,0.9729999303817749,2.9999911785125732
1.1969999074935913,0.9890000224113464,2.999997138977051
2.1419999599456787,0.9760000109672546,2.9999918937683105
1.2070001363754272,0.9900000095367432,3.0000057220458984
1.215999960899353,0.9890000820159912,2.9999969005584717
3.9609997272491455,0.9420000314712524,2.9999990463256836
1.165000081062317,0.9900001287460327,3.0000054836273193
1.153999924659729,0.9930000901222229,3.000004291534424
1.2069998979568481,0.9920001029968262,2.999988079071045
1.2480000257492065,0.9829999804496765,3.0000011920928955
1.092000126838684,0.9950000643730164,3.0000061988830566
1.061000108718872,0.9930000305175781,3.0000061988830566
1.9749999046325684,0.968999981880188,3.0000030994415283
1.2260000705718994,0.9869999885559082,3.0000054836273193
1.3229999542236328,0.9860000610351562,2.9999969005584717
1.3380000591278076,0.987000048160553,3.0000038146972656
1.1769999265670776,0.9920000433921814,3.0000052452087402
1.0820000171661377,0.9940000772476196,3.0000059604644775
1.3190001249313354,0.9880000352859497,3.000004291534424
1.025999903678894,0.9950000643730164,3.000005006790161
1.3050000667572021,0.9850000143051147,3.0000011920928955
1.6920000314712524,0.9850000143051147,2.9999966621398926
1.284000039100647,0.987000048160553,2.9999969005584717
1.2450000047683716,0.9930000901222229,3.0000040531158447
1.2969999313354492,0.9839999675750732,3.0000059604644775
1.1669999361038208,0.9940000772476196,2.999997138977051
1.1130000352859497,0.9940000772476196,3.0000057220458984
1.9110000133514404,0.9850000143051147,2.9999969005584717
1.3220000267028809,0.9900000095367432,3.0000014305114746
1.0839998722076416,0.9950000643730164,3.0000064373016357
1.0509999990463257,0.9950000643730164,3.0000052452087402
1.191999912261963,0.9950000643730164,2.999990940093994
1.217000126838684,0.9869999885559082,3.0000057220458984
1.2280000448226929,0.9860000610351562,3.0000009536743164
1.1739999055862427,0.9930000305175781,3.00000262260437
1.2359999418258667,0.9930000901222229,2.999988079071045
1.6639999151229858,0.984000027179718,2.9999988079071045
1.1319999694824219,0.9880000352859497,2.9999969005584717
1.0820000171661377,0.9940000772476196,2.9999966621398926
1.2350001335144043,0.9930000305175781,2.999999523162842
1.3310000896453857,0.9900001287460327,2.999992847442627
1.1630001068115234,0.9950000643730164,3.0000054836273193
1.1340000629425049,0.9930000901222229,3.0000059604644775
1.2009999752044678,0.9950000643730164,2.999992609024048
1.2969999313354492,0.9839999675750732,3.0000014305114746
1.9810001850128174,0.9750000238418579,2.9999911785125732
1.0889999866485596,0.9950000643730164,3.0000059604644775
1.3319998979568481,0.9900000095367432,3.0000009536743164
1.1700000762939453,0.9950000643730164,3.0000038146972656
1.0799999237060547,0.9950000643730164,3.0000057220458984
1.2030000686645508,0.9910000562667847,3.0000040531158447
1.1369999647140503,0.9920000433921814,3.000006675720215
1.0880000591278076,0.9950000643730164,3.0000059604644775
1.029999852180481,0.9950000643730164,3.0000054836273193
1.2979999780654907,0.9900000691413879,2.9999969005584717
1.2209999561309814,0.9910001158714294,2.999992609024048
1.0950000286102295,0.9950000643730164,3.0000052452087402
1.1390000581741333,0.9920000433921814,3.0000061988830566
1.1679999828338623,0.9880000352859497,3.0000057220458984
1.0479999780654907,0.9950000643730164,3.0000057220458984
1.2010000944137573,0.9839999675750732,3.0000054836273193
1.1980000734329224,0.9869999885559082,3.0000057220458984
1.3070000410079956,0.9829999208450317,2.999997138977051
1.5180000066757202,0.9779999852180481,2.999992609024048
1.1299998760223389,0.9900001287460327,3.0000054836273193
1.465000033378601,0.9799999594688416,2.999992609024048
3.829000234603882,0.9740000367164612,2.999993324279785
1.6570000648498535,0.9750000238418579,3.000001907348633
1.1319999694824219,0.9910001158714294,3.0000052452087402
1.2529999017715454,0.9890000224113464,3.0000016689300537
1.2680001258850098,0.9930000901222229,3.000002145767212
1.065999984741211,0.9940000772476196,3.0000016689300537
1.2140001058578491,0.9900000095367432,3.0000014305114746
1.2279999256134033,0.9880000352859497,2.9999992847442627
1.1119999885559082,0.9920001029968262,3.0000059604644775
1.1399999856948853,0.9930000901222229,3.0000057220458984
1.181999921798706,0.9890000820159912,3.0000038146972656
1.4940000772476196,0.9839999079704285,2.999997615814209
1.5460001230239868,0.9839999079704285,2.9999969005584717
1.0920000076293945,0.9950000643730164,3.0000054836273193
1.2890000343322754,0.9900000691413879,2.9999992847442627
1.2680001258850098,0.9840000867843628,2.999995708465576
1.4760000705718994,0.9810000658035278,2.999999523162842
1.1160000562667847,0.9920001029968262,3.0000052452087402
1.7960000038146973,0.9709999561309814,2.9999921321868896
1.3339999914169312,0.9850000143051147,3.0000052452087402
1.351000189781189,0.9940000772476196,2.9999938011169434
2.2170000076293945,0.9839999079704285,2.9999969005584717
2.2269999980926514,0.981999933719635,2.999990940093994
1.1329998970031738,0.9950000643730164,2.9999969005584717
1.1480000019073486,0.9920001029968262,3.0000009536743164
1.5410001277923584,0.984000027179718,2.9999966621398926
1.6460000276565552,0.9860000014305115,2.9999935626983643
2.2850000858306885,0.9700000286102295,2.9999899864196777
1.227000117301941,0.9869999885559082,2.9999969005584717
1.1910001039505005,0.987000048160553,3.0000057220458984
1.5699999332427979,0.9760000109672546,3.0000057220458984
1.2649999856948853,0.9910000562667847,2.999992847442627
1.2990000247955322,0.9829999804496765,3.0000014305114746
1.3230000734329224,0.9849998950958252,3.0000014305114746
1.3370000123977661,0.9849998950958252,3.0000011920928955
1.1740000247955322,0.9950000643730164,3.0000011920928955
1.3630001544952393,0.9900000095367432,3.0000007152557373
1.4100000858306885,0.9930000901222229,2.9999985694885254
1.378999948501587,0.9820000529289246,3.00000262260437
1.471000075340271,0.9859999418258667,3.000004529953003
1.308000087738037,0.987000048160553,3.0000054836273193
1.065000057220459,0.9930000901222229,3.0000054836273193
1.534999966621399,0.9819999933242798,2.9999959468841553
1.1219998598098755,0.9930000901222229,3.0000057220458984
1.1700000762939453,0.9900000691413879,3.0000016689300537
1.246000051498413,0.9910001158714294,3.0000054836273193
1.1089999675750732,0.9950000643730164,3.0000052452087402
1.3170000314712524,0.9950000643730164,2.999988555908203
1.341999888420105,0.987000048160553,3.0000061988830566
1.1319999694824219,0.9920000433921814,3.0000054836273193
1.0989999771118164,0.9930000901222229,3.0000059604644775
1.1329998970031738,0.9940000772476196,3.000005006790161
1.2120000123977661,0.9860000014305115,3.0000011920928955
1.2070001363754272,0.9850000143051147,3.0000059604644775
1.3519999980926514,0.981999933719635,3.0000014305114746
1.498000144958496,0.9790000319480896,2.9999992847442627
1.2459999322891235,0.9850000143051147,2.9999966621398926
1.1759999990463257,0.9880000948905945,2.999997138977051
1.1329998970031738,0.9880000352859497,3.0000052452087402
1.4190000295639038,0.9789999723434448,2.999999761581421
1.5160000324249268,0.9809999465942383,3.000004291534424
1.3670002222061157,0.9799999594688416,3.0000009536743164
1.3370000123977661,0.9900000691413879,2.999992609024048
1.3190001249313354,0.9829999804496765,2.9999923706054688
1.099000096321106,0.9930000305175781,3.0000061988830566
1.065999984741211,0.9950000643730164,3.0000052452087402
1.1409999132156372,0.9940000772476196,2.99999737739563
1.1480000019073486,0.9930000901222229,3.0000061988830566
1.1410001516342163,0.9920001029968262,3.0000059604644775
1.3970000743865967,0.9819999933242798,2.999999761581421
1.2620000839233398,0.9890000224113464,3.0000038146972656
1.218999981880188,0.9829999804496765,3.0000059604644775
1.2890000343322754,0.9799999594688416,3.0000059604644775
1.0820000171661377,0.9950000643730164,3.0000061988830566
1.437000036239624,0.9900000691413879,2.9999983310699463
1.0670000314712524,0.9950000643730164,3.0000054836273193
1.055999994277954,0.9920001029968262,3.0000054836273193
1.1430000066757202,0.9890000224113464,3.0000007152557373
1.1979999542236328,0.9880000352859497,3.000000476837158
1.6770000457763672,0.9829999804496765,3.00000262260437
1.0810000896453857,0.9909999966621399,3.0000052452087402
1.156999945640564,0.9920001029968262,3.0000059604644775
1.1800000667572021,0.9860000014305115,3.0000059604644775
1.4610000848770142,0.9830000400543213,3.0000054836273193
1.194000005722046,0.9930000305175781,3.0000014305114746
1.9030001163482666,0.9749999642372131,3.000004291534424
1.1160001754760742,0.9930000901222229,3.0000059604644775
1.5889999866485596,0.9790000319480896,2.9999923706054688
1.1399999856948853,0.9940000772476196,3.0000014305114746
1.13100004196167,0.9950000643730164,2.999997138977051
1.5479999780654907,0.9779999256134033,3.000004529953003
1.093000054359436,0.9920001029968262,3.0000057220458984
1.5440000295639038,0.9859999418258667,3.0000038146972656
1.6649999618530273,0.9849998950958252,3.000004529953003
1.8260000944137573,0.9859999418258667,3.000000238418579
1.1950000524520874,0.984000027179718,3.0000059604644775
1.4380000829696655,0.9799999594688416,2.999999761581421
1.3889999389648438,0.9769999980926514,3.0000052452087402
1.0850000381469727,0.9910000562667847,3.0000057220458984
1.2680000066757202,0.9940000772476196,2.999987840652466
1.152000069618225,0.9920000433921814,3.0000057220458984
1.059999942779541,0.9940000772476196,3.000005006790161
1.0589998960494995,0.9950000643730164,3.0000059604644775
2.7200000286102295,0.972000002861023,2.999995231628418
2.2110002040863037,0.9849998950958252,3.0000009536743164
1.1050000190734863,0.9930000901222229,2.9999966621398926
1.305999994277954,0.9839999675750732,3.0000054836273193
1.1009999513626099,0.9900001287460327,3.0000057220458984
1.1649999618530273,0.9910000562667847,3.0000057220458984
1.4809999465942383,0.9709999561309814,3.0000057220458984
1.130000114440918,0.9910000562667847,3.0000057220458984
1.283000111579895,0.9910000562667847,2.999992609024048
1.3289998769760132,0.9829999804496765,2.999988079071045
1.3390001058578491,0.9930000901222229,2.9999966621398926
1.1800001859664917,0.9900000691413879,3.0000057220458984
1.1560001373291016,0.9920000433921814,3.0000057220458984
1.1110001802444458,0.9910001158714294,3.0000057220458984
1.3070000410079956,0.9869999885559082,2.9999969005584717
1.4159998893737793,0.9799999594688416,2.9999921321868896
1.1770001649856567,0.9890000224113464,3.0000052452087402
1.1720000505447388,0.9870001077651978,3.0000059604644775
1.128000020980835,0.9930000901222229,3.0000057220458984
1.121000051498413,0.9900000095367432,3.0000054836273193
1.1570000648498535,0.9860000014305115,3.0000061988830566
1.164000153541565,0.9900000691413879,2.9999969005584717
1.0920000076293945,0.9950000643730164,3.0000057220458984
1.2289999723434448,0.9860000610351562,3.0000057220458984
1.2599998712539673,0.9859999418258667,3.0000054836273193
1.5390000343322754,0.9879999756813049,2.999997138977051
1.309999942779541,0.9880000352859497,3.0000030994415283
2.122000217437744,0.9819999933242798,2.999997138977051
1.0729999542236328,0.9930000901222229,3.000005006790161
1.0839999914169312,0.9890000820159912,3.0000061988830566
1.1970000267028809,0.9839999079704285,3.0000014305114746
1.4339998960494995,0.9869999885559082,3.000002861022949
1.412000060081482,0.9910001158714294,2.9999988079071045
1.3219997882843018,0.9920001029968262,2.9999938011169434
1.0729999542236328,0.9920001029968262,3.0000054836273193
1.0700000524520874,0.9930000305175781,3.0000057220458984
1.0459998846054077,0.9940000772476196,3.000005006790161
1.15500009059906,0.9860000014305115,3.000005006790161
1.4510000944137573,0.9800000190734863,3.0000011920928955
1.0819998979568481,0.9880000352859497,3.000004768371582
1.1640000343322754,0.9890000224113464,3.0000061988830566
1.0780000686645508,0.9909999966621399,3.0000054836273193
1.1100000143051147,0.9910000562667847,3.0000061988830566
1.4180001020431519,0.9739999771118164,3.0000009536743164
1.0940001010894775,0.9920001029968262,3.0000057220458984
1.2010000944137573,0.9860000014305115,2.999997138977051
1.2940001487731934,0.9880000948905945,2.9999969005584717
1.3489999771118164,0.9850000739097595,2.9999959468841553
1.1820001602172852,0.9900001287460327,2.9999969005584717
1.1549999713897705,0.9839999675750732,3.000005006790161
1.0699999332427979,0.9940000772476196,3.0000059604644775
1.1340000629425049,0.9870001077651978,3.000005006790161
1.0989998579025269,0.9910000562667847,3.0000057220458984
1.2259999513626099,0.9950000643730164,2.9999992847442627
1.4920001029968262,0.9860000014305115,2.9999990463256836
1.3240000009536743,0.9840000867843628,2.999998092651367
1.224000096321106,0.9910001158714294,2.999992609024048
1.0830000638961792,0.9940000772476196,3.0000061988830566
1.1000001430511475,0.9930000901222229,3.0000059604644775
1.0980000495910645,0.9950000643730164,2.9999988079071045
1.2400001287460327,0.9880000352859497,3.0000040531158447
1.2590000629425049,0.9920000433921814,3.0
1.378000020980835,0.9810000061988831,3.0000059604644775
1.1669999361038208,0.9900000095367432,3.0000061988830566
1.9529999494552612,0.968999981880188,2.999999761581421
1.1190000772476196,0.9920000433921814,3.0000061988830566
1.0410000085830688,0.9950000643730164,3.0000059604644775
1.1200000047683716,0.9940000772476196,3.0000061988830566
1.1069999933242798,0.9930000305175781,3.0000059604644775
1.3889999389648438,0.9829999804496765,3.000002384185791
2.193000078201294,0.9679999947547913,2.9999988079071045
1.3329999446868896,0.9930000901222229,3.0000038146972656
1.178999900817871,0.9930000901222229,3.0000035762786865
1.156000018119812,0.9920001029968262,3.0000061988830566
1.5640000104904175,0.9789999723434448,2.9999942779541016
1.1850000619888306,0.9869999885559082,3.0000059604644775
1.1089999675750732,0.9950000643730164,2.9999969005584717
1.092999815940857,0.9950000643730164,3.0000059604644775
1.5520000457763672,0.9739999771118164,3.0000052452087402
1.1480000019073486,0.9909999966621399,3.0000052452087402
1.194000005722046,0.9900000691413879,3.0000059604644775
1.24399995803833,0.9860000014305115,3.0000061988830566
1.4780000448226929,0.984000027179718,2.999999523162842
1.346000075340271,0.9800000786781311,2.999997138977051
1.5060001611709595,0.9759999513626099,3.0000057220458984
1.0760000944137573,0.9940000772476196,3.0000054836273193
1.1740000247955322,0.9890000224113464,3.0000009536743164
1.0740000009536743,0.9910001158714294,3.0000052452087402
1.1049998998641968,0.9930000901222229,3.000001907348633
1.4159998893737793,0.9869999289512634,2.9999945163726807
1.871000051498413,0.966999888420105,2.9999966621398926
1.5450000762939453,0.9799999594688416,3.0000030994415283
1.348000168800354,0.9789999723434448,2.9999969005584717
1.2420001029968262,0.9940000772476196,3.000002861022949
1.1970000267028809,0.9900000691413879,3.0000054836273193
1.2380000352859497,0.9860000610351562,2.999997138977051
1.147999882698059,0.9920001029968262,3.0000052452087402
1.2089999914169312,0.9859999418258667,3.0000057220458984
1.2589998245239258,0.9890000224113464,2.9999983310699463
1.376999855041504,0.9800000190734863,3.000002861022949
1.3109999895095825,0.9880000352859497,3.0000054836273193
1.3279999494552612,0.9850000143051147,2.999997138977051
1.371000051498413,0.9829999208450317,2.9999966621398926
1.5320000648498535,0.9780000448226929,2.9999990463256836
1.2330000400543213,0.9869999885559082,2.999992609024048
1.2450000047683716,0.9900000095367432,3.0000057220458984
1.3760000467300415,0.9860000014305115,2.9999942779541016
1.0450000762939453,0.9950000643730164,3.0000061988830566
1.3609998226165771,0.9799999594688416,2.999988079071045
1.1260000467300415,0.9900000691413879,3.0000059604644775
1.0809999704360962,0.9940000772476196,3.000001907348633
1.377000093460083,0.9880000352859497,3.0000011920928955
1.2360000610351562,0.9910000562667847,2.999988079071045
1.1109999418258667,0.9920001029968262,3.0000054836273193
1.2239999771118164,0.9880000352859497,3.0000054836273193
1.0839999914169312,0.9900000691413879,3.0000054836273193
1.1290000677108765,0.9930000901222229,3.0000064373016357
1.159000039100647,0.9920001029968262,3.0000057220458984
1.2140001058578491,0.9880000352859497,3.000005006790161
1.1200001239776611,0.9930000901222229,3.0000057220458984
1.3279999494552612,0.9890000820159912,3.0000040531158447
1.0690001249313354,0.9950000643730164,3.0000014305114746
1.0920000076293945,0.9950000643730164,3.0000057220458984
1.133000135421753,0.9930000901222229,3.0000059604644775
1.2769999504089355,0.9849998950958252,3.0000057220458984
1.0600000619888306,0.9940000772476196,3.0000054836273193
1.2350000143051147,0.9940000772476196,2.999988079071045
1.154000163078308,0.9940000772476196,3.0000011920928955
1.2160000801086426,0.9850000143051147,3.0000057220458984
1.0589998960494995,0.9950000643730164,3.0000054836273193
1.1069999933242798,0.9940000772476196,2.9999992847442627
1.1260000467300415,0.9940000772476196,2.9999969005584717
1.066999912261963,0.9950000643730164,3.0000057220458984
1.066999912261963,0.9930000305175781,3.000004529953003
1.4959999322891235,0.9900000691413879,2.999999761581421
1.3180001974105835,0.9950000643730164,2.9999966621398926
1.1010000705718994,0.9920000433921814,3.0000057220458984
1.159000039100647,0.9880000352859497,3.0000064373016357
1.2799999713897705,0.9880000352859497,2.999999761581421
1.528999924659729,0.9820000529289246,2.999998092651367
1.1909998655319214,0.9869999885559082,3.000001907348633
1.097000002861023,0.9930000901222229,3.0000057220458984
1.3350000381469727,0.9890000224113464,2.9999935626983643
1.33899986743927,0.9860000014305115,3.0000057220458984
1.2769999504089355,0.9880000352859497,3.0000057220458984
1.066999912261963,0.9950000643730164,3.0000054836273193
1.0980000495910645,0.9930000901222229,2.99999737739563
1.0409998893737793,0.9950000643730164,3.000005006790161
1.371999979019165,0.9759999513626099,2.9999923706054688
1.0550000667572021,0.9940000772476196,3.0000057220458984
1.1019999980926514,0.9880000352859497,3.0000052452087402
1.0810000896453857,0.9880000352859497,3.000005006790161
1.069000005722046,0.9900000095367432,3.0000061988830566
1.1089999675750732,0.9950000643730164,3.0000014305114746
1.0820000171661377,0.9930000305175781,2.9999969005584717
1.5659998655319214,0.9820000529289246,2.999995470046997
1.058000087738037,0.9950000643730164,3.0000061988830566
1.0540000200271606,0.9950000643730164,3.0000057220458984
1.7430000305175781,0.9780000448226929,2.9999938011169434
1.287000060081482,0.9900001287460327,2.999999761581421
1.2950000762939453,0.9900001287460327,2.999999523162842
1.2740000486373901,0.9830000400543213,3.0000061988830566
1.1100000143051147,0.9890000820159912,3.0000054836273193
1.062999963760376,0.9920001029968262,3.0000054836273193
1.1359999179840088,0.9910000562667847,3.0000011920928955
1.2320001125335693,0.9839999675750732,3.0000059604644775
1.3020000457763672,0.9910001158714294,2.9999988079071045
1.0510001182556152,0.9950000643730164,3.000005006790161
1.218999981880188,0.9880000352859497,2.9999966621398926
1.087999939918518,0.9940000772476196,3.000001907348633
1.5170001983642578,0.9869999885559082,3.0000011920928955
1.121999979019165,0.9890000224113464,3.0000054836273193
1.1829999685287476,0.9850000143051147,3.0000014305114746
1.0759999752044678,0.9920001029968262,3.000004768371582
1.1269999742507935,0.9950000643730164,3.0000014305114746
1.2829999923706055,0.9890000224113464,2.9999938011169434
1.1169999837875366,0.9880000352859497,3.0000009536743164
1.0869998931884766,0.9940000772476196,3.0000054836273193
1.8280000686645508,0.9829999804496765,3.00000262260437
1.406000018119812,0.9819999933242798,3.0000009536743164
1.2420001029968262,0.9880000352859497,2.999992609024048
1.096000075340271,0.9890000224113464,3.0000057220458984
1.1380000114440918,0.9890000224113464,3.0000059604644775
1.2599999904632568,0.9799999594688416,3.000001907348633
1.1699999570846558,0.9890000224113464,3.0000016689300537
1.0670000314712524,0.9950000643730164,3.0000064373016357
1.0459998846054077,0.9930000901222229,3.0000054836273193
1.0959999561309814,0.9920001029968262,3.0000059604644775
1.1750000715255737,0.9910001158714294,2.999997138977051
1.1619999408721924,0.9900000691413879,2.999992847442627
1.1510000228881836,0.9880000948905945,2.99999737739563
1.1160000562667847,0.9869999289512634,3.0000054836273193
1.2380000352859497,0.9950000643730164,3.00000262260437
1.1149998903274536,0.9930000305175781,3.0000052452087402
1.1209999322891235,0.9950000643730164,3.0000059604644775
1.0920000076293945,0.9940000772476196,2.9999964237213135
1.0329999923706055,0.9950000643730164,3.000004768371582
1.116999864578247,0.9920001029968262,3.000005006790161
1.133000135421753,0.98499995470047,3.0000059604644775
1.0720000267028809,0.9920001029968262,3.0000011920928955
1.0339999198913574,0.9950000643730164,3.000005006790161
1.1100000143051147,0.9940000772476196,3.0000052452087402
1.1690000295639038,0.9879999756813049,3.0000054836273193
1.1360000371932983,0.9950000643730164,2.9999966621398926
1.133000135421753,0.9890000224113464,3.0000052452087402
1.1480000019073486,0.9920001029968262,2.99999737739563
1.0660001039505005,0.9950000643730164,3.0000054836273193
1.2979999780654907,0.9849998950958252,2.9999969005584717
1.0799999237060547,0.9950000643730164,3.0000057220458984
1.0429998636245728,0.9930000901222229,3.0000052452087402
1.1899999380111694,0.9900001287460327,3.0000057220458984
1.121999979019165,0.9920000433921814,3.0000054836273193
1.1959999799728394,0.9950000643730164,2.999997854232788
1.1109999418258667,0.9890000820159912,2.99999737739563
1.121999979019165,0.9930000901222229,2.999995470046997
1.0490000247955322,0.9940000772476196,3.0000054836273193
1.0779999494552612,0.9900000691413879,3.0000054836273193
1.1839998960494995,0.9900001287460327,3.0000016689300537
1.4030001163482666,0.9819999933242798,2.999997854232788
1.0509999990463257,0.9950000643730164,3.0000052452087402
1.154999852180481,0.9900000095367432,2.999995470046997
1.187000036239624,0.9910001158714294,3.0000011920928955
1.1359999179840088,0.9890000224113464,3.0000059604644775
1.1670000553131104,0.9900000691413879,2.999997138977051
1.1290000677108765,0.9890000820159912,2.999997138977051
1.2330000400543213,0.9840000867843628,2.9999966621398926
1.3109999895095825,0.9880000352859497,2.999998092651367
1.1710000038146973,0.9850000739097595,3.000005006790161
1.0889999866485596,0.9890000224113464,3.0000054836273193
1.0889999866485596,0.9920001029968262,3.0000064373016357
1.153999924659729,0.9869999885559082,3.000005006790161
1.2039999961853027,0.9900000691413879,3.0000059604644775
1.062000036239624,0.9930000901222229,3.0000064373016357
1.1360000371932983,0.9920000433921814,2.9999966621398926
1.1269999742507935,0.9950000643730164,3.0000059604644775
1.0829999446868896,0.9950000643730164,3.0000016689300537
1.0810000896453857,0.9930000901222229,3.0000054836273193
1.0920000076293945,0.9900000691413879,3.0000057220458984
1.0490000247955322,0.9940000772476196,3.000004768371582
1.1080000400543213,0.9930000901222229,2.999997138977051
1.097000002861023,0.9920001029968262,3.0000057220458984
1.2149999141693115,0.9879999756813049,2.9999923706054688
1.2369999885559082,0.9850000739097595,3.000001907348633
1.1140000820159912,0.9900000691413879,2.9999966621398926
1.0529999732971191,0.9950000643730164,3.0000057220458984
1.149999976158142,0.987000048160553,2.999997138977051
1.0959999561309814,0.9940000772476196,3.0000059604644775
1.11899995803833,0.9890000820159912,3.0000052452087402
1.2510000467300415,0.9890000820159912,3.0000035762786865
1.0579999685287476,0.9950000643730164,3.000004529953003
1.0939998626708984,0.9889999628067017,3.000005006790161
1.120999813079834,0.9880000352859497,3.0000052452087402
1.1469999551773071,0.9879999756813049,3.0000057220458984
1.0839999914169312,0.9910000562667847,3.0000052452087402
1.0830000638961792,0.9910001158714294,3.0000057220458984
1.0689998865127563,0.9930000901222229,3.0000057220458984
1.084999918937683,0.9920000433921814,3.0000061988830566
1.1050000190734863,0.9940000772476196,3.0000057220458984
1.0410000085830688,0.9940000772476196,3.0000054836273193
1.0749999284744263,0.9930000901222229,3.000004768371582
1.1750000715255737,0.9880000352859497,3.0000059604644775
1.0439999103546143,0.9940000772476196,3.000005006790161
1.1570000648498535,0.9900001287460327,2.9999964237213135
1.1750000715255737,0.987000048160553,2.9999966621398926
1.0799999237060547,0.9920000433921814,3.0000052452087402
1.0719999074935913,0.9930000901222229,3.0000014305114746
1.1050001382827759,0.9900000691413879,3.0000057220458984
1.0889999866485596,0.9950000643730164,2.999999761581421
1.1059999465942383,0.9910000562667847,3.0000054836273193
1.0789999961853027,0.9940000772476196,3.0000059604644775
1.057999849319458,0.9950000643730164,3.0000057220458984
1.069000005722046,0.9890000820159912,3.0000052452087402
1.0929999351501465,0.9900001287460327,3.0000054836273193
1.0509999990463257,0.9950000643730164,3.0000011920928955
1.0789999961853027,0.9900001287460327,3.000004768371582
1.0859999656677246,0.9880000352859497,3.0000052452087402
1.1359999179840088,0.9880000352859497,3.000005006790161
1.0649999380111694,0.9950000643730164,3.0000052452087402
1.1219998598098755,0.9930000901222229,3.0000057220458984
1.093999981880188,0.9880000352859497,3.0000054836273193
1.0420000553131104,0.9930000901222229,3.0000054836273193
1.027999997138977,0.9940000772476196,3.0000052452087402
1.0810000896453857,0.9930000901222229,3.0000054836273193
1.0570000410079956,0.9950000643730164,3.0000054836273193
1.178999900817871,0.9950000643730164,2.999997138977051
1.031000018119812,0.9950000643730164,3.0000057220458984
1.0320000648498535,0.9950000643730164,3.000004768371582
1.1099998950958252,0.9869999885559082,3.0000059604644775
1.027999997138977,0.9940000772476196,3.0000052452087402
1.063999891281128,0.9910001158714294,3.000004768371582
1.0380001068115234,0.9909999966621399,3.000004529953003
