424
627
517
813
115
371
282
955
962
652
177
775
475
107
380
206
176
1059
713
311
408
39
908
847
760
866
744
1060
383
301
940
684
920
341
548
7
35
287
291
349
241
186
302
339
876
872
1023
824
1009
679
266
810
429
984
200
52
769
106
687
32
293
578
500
1033
1071
344
336
937
150
995
315
702
889
67
509
705
602
945
299
364
276
234
244
730
886
859
598
163
725
27
653
695
469
428
63
586
941
568
864
254
860
367
691
450
16
77
747
1062
728
498
589
489
1041
887
487
905
743
470
227
12
320
368
690
401
298
1032
223
59
951
373
528
795
651
1030
761
70
590
458
249
607
949
183
384
504
369
726
496
162
736
796
151
830
741
670
948
898
1067
815
198
331
92
566
520
105
835
552
1040
575
1008
317
809
82
289
388
37
932
181
988
165
44
1006
676
192
980
174
47
913
539
228
125
99
457
929
292
159
1024
307
928
952
643
974
404
285
563
570
837
273
839
72
294
295
829
842
1012
90
443
1055
685
240
1018
767
316
379
561
875
849
915
606
441
232
100
649
248
61
712
668
719
843
124
890
903
780
363
822
259
385
681
170
76
1050
654
804
338
264
26
447
613
976
927
452
667
1014
624
402
131
111
964
1037
89
190
933
537
386
621
456
231
345
288
826
772
1035
788
740
911
638
58
62
463
675
310
387
647
610
852
715
143
325
196
79
599
101
724
492
164
91
326
389
717
182
1001
510
156
499
550
565
71
518
87
870
983
521
608
207
698
635
123
626
648
659
118
646
390
247
934
506
950
525
474
786
453
113
360
224
178
335
612
359
916
1075
597
312
88
493
733
356
522
1038
581
19
361
490
753
108
833
907
707
716
629
793
279
953
828
1026
323
175
811
808
374
977
476
152
674
963
611
382
784
448
168
261
204
426
195
582
632
817
529
23
966
329
569
816
381
541
309
462
970
230
622
542
3
894
423
745
51
805
1056
1072
245
501
103
57
427
625
481
571
415
85
636
731
881
372
2
446
897
594
1066
110
526
437
918
60
737
478
69
904
251
700
1031
562
435
778
836
669
1069
850
396
502
781
283
692
661
350
8
844
739
185
376
205
497
751
197
305
763
650
742
584
22
425
121
1054
321
25
43
507
216
783
1011
6
411
885
403
906
253
777
514
306
296
946
142
420
546
942
191
5
812
771
237
375
419
961
75
486
979
137
439
718
782
791
442
398
239
255
15
819
395
270
981
488
580
313
64
978
1065
48
1034
184
641
406
697
