1.0354737043380737,0.9550000429153442,1.119312047958374
1.0354737043380737,0.9550000429153442,1.1214320659637451
1.044084906578064,0.8949999809265137,3.316092014312744
1.0320017337799072,0.9650000333786011,1.2636820077896118
1.0256593227386475,0.9650000333786011,1.571112036705017
1.031153678894043,0.9550000429153442,1.174962043762207
1.0315507650375366,0.9550000429153442,1.18887197971344
1.0303244590759277,0.9600000381469727,1.6289820671081543
1.0370763540267944,0.9500000476837158,1.220781922340393
1.0355197191238403,0.940000057220459,1.3909220695495605
1.0463407039642334,0.940000057220459,1.1555020809173584
1.0366454124450684,0.9550000429153442,1.3387420177459717
1.0371201038360596,0.9550000429153442,1.3264518976211548
1.0426266193389893,0.9300000667572021,1.7697319984436035
1.0451234579086304,0.9300000667572021,1.7629319429397583
1.1220539808273315,0.7149999737739563,4.195662021636963
1.026088833808899,0.9600000381469727,1.6084120273590088
1.0229462385177612,0.9750000238418579,1.1078219413757324
1.0274097919464111,0.9500000476837158,1.5693120956420898
1.0199999809265137,0.9800000190734863,1.037611961364746
1.0199999809265137,0.9800000190734863,1.0595120191574097
1.024999976158142,0.9750000238418579,1.0996720790863037
1.0294445753097534,0.9650000333786011,1.1814920902252197
1.024999976158142,0.9750000238418579,1.1539618968963623
1.0262531042099,0.9700000286102295,1.2167320251464844
1.0472235679626465,0.8499999642372131,2.587862014770508
1.0418658256530762,0.940000057220459,1.601722002029419
1.038164496421814,0.940000057220459,1.7260420322418213
1.0248699188232422,0.9600000381469727,2.1362521648406982
1.0500842332839966,0.9200000762939453,1.8111120462417603
1.0281412601470947,0.9650000333786011,1.048711895942688
1.0294674634933472,0.9600000381469727,1.4279320240020752
1.0382522344589233,0.9350000619888306,2.030872106552124
1.0902460813522339,0.8350000381469727,2.9008922576904297
1.0472300052642822,0.9300000667572021,1.6003620624542236
1.0509172677993774,0.9100000262260437,1.711422085762024
1.0619524717330933,0.8700000047683716,2.456411838531494
1.041887879371643,0.9550000429153442,1.245252013206482
1.0431379079818726,0.9550000429153442,1.238312005996704
1.0572694540023804,0.8550000190734863,2.8364217281341553
1.0502980947494507,0.8700000643730164,2.814422130584717
1.0277234315872192,0.9550000429153442,1.5220019817352295
1.042986273765564,0.8950000405311584,3.8143320083618164
1.0340237617492676,0.9500000476837158,2.052232027053833
1.0406800508499146,0.9500000476837158,1.1863120794296265
1.1158493757247925,0.7250000238418579,4.043732166290283
1.0419660806655884,0.9500000476837158,1.2147220373153687
1.0279821157455444,0.9700000286102295,1.0742719173431396
1.0279723405838013,0.9650000333786011,1.2470420598983765
1.0460107326507568,0.9250000715255737,1.6826519966125488
1.024999976158142,0.9750000238418579,1.1324419975280762
1.0278098583221436,0.9650000333786011,1.2630220651626587
1.064012050628662,0.8500000238418579,2.596411943435669
1.0447278022766113,0.9350000619888306,1.8369920253753662
1.044801115989685,0.9300000667572021,1.8711919784545898
1.0385128259658813,0.940000057220459,1.4632220268249512
1.0292145013809204,0.9600000381469727,1.1472820043563843
1.0267120599746704,0.9700000286102295,1.1279120445251465
1.0346654653549194,0.9450000524520874,1.5936620235443115
1.0199999809265137,0.9800000190734863,1.025771975517273
1.0388880968093872,0.9350000619888306,1.891052007675171
1.048183798789978,0.9250000715255737,1.79967200756073
1.046573281288147,0.940000057220459,1.2598719596862793
1.029881477355957,0.9650000333786011,1.243272066116333
1.0448426008224487,0.9250000715255737,1.8961321115493774
1.0217326879501343,0.9750000238418579,1.1652820110321045
1.0258257389068604,0.9700000286102295,1.1297920942306519
1.0353847742080688,0.9350000619888306,2.190861940383911
1.0310089588165283,0.9550000429153442,1.400602102279663
1.024999976158142,0.9750000238418579,1.0769020318984985
1.024999976158142,0.9750000238418579,1.0340518951416016
1.024999976158142,0.9750000238418579,1.132032036781311
1.0357999801635742,0.9500000476837158,1.2919520139694214
1.0427011251449585,0.940000057220459,1.7586820125579834
1.026986837387085,0.9700000286102295,1.1143419742584229
1.0218950510025024,0.9700000286102295,1.2305619716644287
1.0315971374511719,0.9350000619888306,1.9676519632339478
1.0382784605026245,0.940000057220459,1.3543320894241333
1.0219733715057373,0.9750000238418579,1.1185719966888428
1.0238136053085327,0.9700000286102295,1.2212820053100586
1.0367794036865234,0.9600000381469727,1.1974520683288574
1.024999976158142,0.9750000238418579,1.1460219621658325
1.0228710174560547,0.9700000286102295,1.2039719820022583
1.0199999809265137,0.9800000190734863,1.249541997909546
1.0394827127456665,0.9250000715255737,2.0774319171905518
1.0581976175308228,0.8750001192092896,2.6244523525238037
1.0199999809265137,0.9800000190734863,1.1276319026947021
1.0385432243347168,0.9500000476837158,1.2466219663619995
1.024999976158142,0.9750000238418579,1.1469520330429077
1.024999976158142,0.9750000238418579,1.0597920417785645
1.0388168096542358,0.9550000429153442,1.3188520669937134
1.03242027759552,0.9600000381469727,1.412142038345337
1.024999976158142,0.9750000238418579,1.083132028579712
1.024999976158142,0.9750000238418579,1.04078209400177
1.0394068956375122,0.9550000429153442,1.3690720796585083
1.042387843132019,0.9550000429153442,1.2181819677352905
1.024999976158142,0.9750000238418579,1.0680820941925049
1.029258370399475,0.9600000381469727,1.2099720239639282
1.0393272638320923,0.9450000524520874,1.2459321022033691
1.024999976158142,0.9750000238418579,1.0446720123291016
1.0392557382583618,0.9300000667572021,1.2939720153808594
1.0421968698501587,0.940000057220459,1.258862018585205
1.048047423362732,0.9300000667572021,1.2846318483352661
1.040961742401123,0.9150000810623169,2.17739200592041
1.038725733757019,0.9550000429153442,1.1574819087982178
1.0359493494033813,0.9150000214576721,2.669692277908325
1.044774055480957,0.8900001049041748,2.8639121055603027
1.0630391836166382,0.8900001049041748,2.596182107925415
1.0344215631484985,0.9600000381469727,1.2597520351409912
1.0323585271835327,0.9500000476837158,1.4646120071411133
1.0216363668441772,0.9750000238418579,1.249332070350647
1.0295226573944092,0.9700000286102295,1.063781976699829
1.0266894102096558,0.9550000429153442,1.3880020380020142
1.0333813428878784,0.9500000476837158,1.2620320320129395
1.029350996017456,0.9600000381469727,1.1456819772720337
1.0274745225906372,0.9700000286102295,1.1471619606018066
1.0315097570419312,0.9550000429153442,1.4954321384429932
1.0701020956039429,0.9200000762939453,1.306391954421997
1.0621503591537476,0.9300000667572021,1.3037519454956055
1.0199999809265137,0.9800000190734863,1.0654819011688232
1.028713583946228,0.9600000381469727,1.6508020162582397
1.0357533693313599,0.9350000619888306,1.6164320707321167
1.0474658012390137,0.9100000262260437,1.5579819679260254
1.0286283493041992,0.9650000333786011,1.2521519660949707
1.0688234567642212,0.8700000643730164,1.865312099456787
1.0405282974243164,0.9300000667572021,1.6396019458770752
1.0208005905151367,0.9750000238418579,1.255162000656128
1.0493202209472656,0.9350000619888306,2.274631977081299
1.0564024448394775,0.9200000762939453,2.350921869277954
1.024999976158142,0.9750000238418579,1.127102017402649
1.0225797891616821,0.9700000286102295,1.1674220561981201
1.045446753501892,0.9250000715255737,1.9449020624160767
1.0445622205734253,0.9300000667572021,1.9683420658111572
1.0762375593185425,0.8550000786781311,2.2987120151519775
1.0361690521240234,0.9450000524520874,1.2404118776321411
1.0353819131851196,0.940000057220459,1.5802019834518433
1.053829312324524,0.9050000905990601,2.2173221111297607
1.0266788005828857,0.9650000333786011,1.4355220794677734
1.0399177074432373,0.9300000667572021,1.7273119688034058
1.0677884817123413,0.9300000667572021,1.280892014503479
1.0634229183197021,0.9350000619888306,1.2810521125793457
1.024999976158142,0.9750000238418579,1.116272211074829
1.0308470726013184,0.9500000476837158,1.6904819011688232
1.0275819301605225,0.9700000286102295,1.1870620250701904
1.0528018474578857,0.9150000810623169,1.5541620254516602
1.0354000329971313,0.940000057220459,2.08459210395813
1.0310286283493042,0.9450000524520874,2.022331953048706
1.0314527750015259,0.9650000333786011,1.1263519525527954
1.0330147743225098,0.9200000762939453,2.0083720684051514
1.021451711654663,0.9750000238418579,1.3282920122146606
1.042637586593628,0.9500000476837158,1.335621953010559
1.0244320631027222,0.9600000381469727,2.179311990737915
1.0199999809265137,0.9800000190734863,1.0717219114303589
1.024999976158142,0.9750000238418579,1.193052053451538
1.039901614189148,0.940000057220459,1.630162000656128
1.026111125946045,0.9650000333786011,1.4177320003509521
1.0283968448638916,0.9700000286102295,1.1767818927764893
1.021130919456482,0.9750000238418579,1.1927319765090942
1.0501147508621216,0.9300000667572021,1.5138721466064453
1.0521023273468018,0.9250000715255737,1.468471884727478
1.060768485069275,0.9200000762939453,1.6242420673370361
1.0609759092330933,0.9050000905990601,1.8470920324325562
1.0488815307617188,0.9300000667572021,1.4354519844055176
1.0407990217208862,0.9450000524520874,1.3861418962478638
1.0385128259658813,0.9450000524520874,1.5149519443511963
1.0638411045074463,0.9000000953674316,1.8165019750595093
1.0609917640686035,0.9150000214576721,2.161072015762329
1.0541296005249023,0.9150000810623169,1.9746220111846924
1.0258123874664307,0.9600000381469727,1.315622091293335
1.0401471853256226,0.9350000619888306,1.7315720319747925
1.02237868309021,0.9700000286102295,1.2505520582199097
1.024999976158142,0.9750000238418579,1.0991320610046387
1.0266697406768799,0.9700000286102295,1.2213720083236694
1.0248489379882812,0.9700000286102295,1.1430820226669312
1.031793475151062,0.9600000381469727,1.2787621021270752
1.0529143810272217,0.9100000858306885,1.3964719772338867
1.0337989330291748,0.9500000476837158,1.3027620315551758
1.056777834892273,0.9200000762939453,1.3198820352554321
1.0619003772735596,0.9100000858306885,1.3541920185089111
1.024999976158142,0.9750000238418579,1.0599919557571411
1.0346505641937256,0.9500000476837158,1.7866121530532837
1.0199999809265137,0.9800000190734863,1.0545920133590698
1.0221091508865356,0.9700000286102295,1.3378920555114746
1.0309937000274658,0.9500000476837158,1.364601969718933
1.036198377609253,0.9450000524520874,1.6887720823287964
1.037937879562378,0.9250000715255737,1.8705320358276367
1.036287784576416,0.9550000429153442,1.3132818937301636
1.0309044122695923,0.9600000381469727,1.5964919328689575
1.0429192781448364,0.9350000619888306,1.3349419832229614
1.0404828786849976,0.9250000715255737,1.9478020668029785
1.024999976158142,0.9750000238418579,1.204211950302124
1.0548657178878784,0.8850000500679016,2.735001802444458
1.0288760662078857,0.9650000333786011,1.2824219465255737
1.041942834854126,0.9100000858306885,2.495882034301758
1.0270150899887085,0.9700000286102295,1.2344019412994385
1.0199999809265137,0.9800000190734863,1.112831950187683
1.0504337549209595,0.9049999713897705,2.6040821075439453
1.0299686193466187,0.9650000333786011,1.1876119375228882
1.0536470413208008,0.9350000619888306,1.5355520248413086
1.0567783117294312,0.9300000667572021,1.5279619693756104
1.0535311698913574,0.9300000667572021,1.573612093925476
1.032528042793274,0.940000057220459,1.5528420209884644
1.0502561330795288,0.9100000858306885,1.9051021337509155
1.0658859014511108,0.8850001096725464,1.8636419773101807
1.0277429819107056,0.9600000381469727,1.1953920125961304
1.022227168083191,0.9750000238418579,1.2417919635772705
1.029183030128479,0.9600000381469727,1.4887418746948242
1.021463394165039,0.9750000238418579,1.0947120189666748
1.024999976158142,0.9750000238418579,1.047782063484192
1.0695886611938477,0.8800000548362732,3.423502206802368
1.0531684160232544,0.9300000667572021,2.6159119606018066
1.0246224403381348,0.9700000286102295,1.1269420385360718
1.045485496520996,0.9300000667572021,1.5360219478607178
1.0343667268753052,0.9550000429153442,1.159332036972046
1.031561255455017,0.9550000429153442,1.549842119216919
1.0770914554595947,0.8600000143051147,1.7491719722747803
1.0265743732452393,0.9600000381469727,1.5299019813537598
1.0257887840270996,0.9650000333786011,1.3402819633483887
1.041164755821228,0.9200000762939453,1.5851320028305054
1.0284191370010376,0.9650000333786011,1.56085205078125
1.0262408256530762,0.9600000381469727,1.7663719654083252
1.022581934928894,0.9750000238418579,1.3204519748687744
1.0320899486541748,0.9600000381469727,1.1730719804763794
1.0325186252593994,0.9500000476837158,1.6563119888305664
1.0472580194473267,0.9150000810623169,1.9982620477676392
1.0341756343841553,0.9500000476837158,1.248702049255371
1.0311064720153809,0.9450000524520874,1.6719521284103394
1.02522611618042,0.9700000286102295,1.1148020029067993
1.0333137512207031,0.9550000429153442,1.111251950263977
1.0382617712020874,0.940000057220459,1.3166519403457642
1.0276155471801758,0.9550000429153442,1.522481918334961
1.024999976158142,0.9750000238418579,1.0862120389938354
1.0509073734283447,0.9300000667572021,1.599341869354248
1.0478198528289795,0.9300000667572021,1.5272918939590454
1.0401685237884521,0.9450000524520874,1.6324219703674316
1.0306061506271362,0.9500000476837158,1.570971965789795
1.041680097579956,0.9300000667572021,2.7994720935821533
1.028471827507019,0.9700000286102295,1.1345720291137695
1.0388896465301514,0.9450000524520874,1.3005520105361938
1.0418599843978882,0.9300000667572021,1.5574920177459717
1.0394434928894043,0.940000057220459,1.8662720918655396
1.0331261157989502,0.9550000429153442,1.3215720653533936
1.0297619104385376,0.9650000333786011,1.3887220621109009
1.0297340154647827,0.9650000333786011,1.5333820581436157
1.0304977893829346,0.9650000333786011,1.1695621013641357
1.024999976158142,0.9750000238418579,1.0611019134521484
1.0451990365982056,0.9350000619888306,1.499891996383667
1.057590126991272,0.9000000953674316,1.666991949081421
1.0326957702636719,0.9550000429153442,1.1874719858169556
1.032059907913208,0.9550000429153442,1.345281958580017
1.0279972553253174,0.9600000381469727,1.223051905632019
1.0349329710006714,0.9550000429153442,1.0897818803787231
1.059002161026001,0.8700000643730164,2.5763518810272217
1.0295391082763672,0.9650000333786011,1.2188419103622437
1.0332567691802979,0.9500000476837158,1.233731985092163
1.0398476123809814,0.9450000524520874,1.505162000656128
1.0368176698684692,0.9300000071525574,2.0603318214416504
1.0376087427139282,0.9600000381469727,1.1621220111846924
1.043752908706665,0.9300000667572021,1.4542219638824463
1.0266565084457397,0.9700000286102295,1.0909321308135986
1.0362821817398071,0.9450000524520874,1.5298420190811157
1.0282469987869263,0.9600000381469727,1.2969719171524048
1.024999976158142,0.9750000238418579,1.2189921140670776
1.0494831800460815,0.9300000667572021,1.6999520063400269
1.040711522102356,0.9300000667572021,1.758531928062439
1.0382732152938843,0.9600000381469727,1.299921989440918
1.0237689018249512,0.9750000238418579,1.0975520610809326
1.029881238937378,0.9650000333786011,1.124541997909546
1.0199999809265137,0.9800000190734863,1.1083821058273315
1.0393502712249756,0.9450000524520874,1.1781020164489746
1.024351716041565,0.9650000333786011,1.4548420906066895
1.0547806024551392,0.9050000309944153,2.093172073364258
1.037892460823059,0.9500000476837158,1.1896519660949707
1.0664540529251099,0.8449999690055847,2.5744919776916504
1.0320464372634888,0.9600000381469727,1.152001976966858
1.0199999809265137,0.9800000190734863,1.0390419960021973
1.0221350193023682,0.9750000238418579,1.15585196018219
1.0199999809265137,0.9800000190734863,1.0761021375656128
1.0341771841049194,0.9200000762939453,2.1776819229125977
1.0713181495666504,0.8400000333786011,2.734231948852539
1.0220974683761597,0.9700000286102295,1.430272102355957
1.0273807048797607,0.9650000333786011,1.314742088317871
1.0266766548156738,0.9650000333786011,1.3011020421981812
1.0583983659744263,0.9050000905990601,1.5948419570922852
1.0417063236236572,0.9450000524520874,1.5442919731140137
1.024999976158142,0.9750000238418579,1.1377419233322144
1.0199999809265137,0.9800000190734863,1.0884519815444946
1.0608372688293457,0.8750000596046448,1.7851920127868652
1.026262640953064,0.9600000381469727,1.21762216091156
1.0274159908294678,0.9600000381469727,1.2390220165252686
1.0447338819503784,0.9300000071525574,1.7529419660568237
1.0519423484802246,0.9250000715255737,2.3312721252441406
1.056707739830017,0.9050000905990601,2.1981821060180664
1.063235878944397,0.89000004529953,2.6525120735168457
1.0264291763305664,0.9700000286102295,1.117851972579956
1.03709876537323,0.9450000524520874,1.4207420349121094
1.022376298904419,0.9650000333786011,1.6890521049499512
1.023382544517517,0.9700000286102295,1.1624819040298462
1.0419654846191406,0.9350000619888306,2.0234720706939697
1.06894850730896,0.85999995470047,3.371081829071045
1.0536317825317383,0.9150000810623169,1.8999919891357422
1.0541679859161377,0.8950001001358032,2.083872079849243
1.0223569869995117,0.9750000238418579,1.3596720695495605
1.03777277469635,0.9550000429153442,1.3456419706344604
1.0396801233291626,0.9350000619888306,1.9569920301437378
1.0278505086898804,0.9650000333786011,1.2617219686508179
1.0358909368515015,0.940000057220459,1.621872067451477
1.0346866846084595,0.9450000524520874,1.4975318908691406
1.0552808046340942,0.9050000905990601,2.0125222206115723
1.0423684120178223,0.9450000524520874,1.4259320497512817
1.0510128736495972,0.9250000715255737,1.6391520500183105
1.0430785417556763,0.9300000667572021,1.714392066001892
1.0537735223770142,0.8950001001358032,2.007812023162842
1.0380874872207642,0.9450000524520874,1.625892162322998
1.0334669351577759,0.9550000429153442,1.2457720041275024
1.0413376092910767,0.9350000619888306,2.4110019207000732
1.0199999809265137,0.9800000190734863,1.0853420495986938
1.0543327331542969,0.9050000309944153,2.6445419788360596
1.038385272026062,0.9500000476837158,1.4950919151306152
1.0199999809265137,0.9800000190734863,1.0733520984649658
1.036070466041565,0.9500000476837158,1.6577318906784058
1.025867223739624,0.9600000381469727,1.6910319328308105
1.0293523073196411,0.9650000333786011,1.1865519285202026
1.0267589092254639,0.9550000429153442,1.6514520645141602
1.0243464708328247,0.9700000286102295,1.193471908569336
1.0235416889190674,0.9700000286102295,1.4523619413375854
1.0253572463989258,0.9650000333786011,1.2698520421981812
1.0284732580184937,0.9500000476837158,2.016822099685669
1.0249253511428833,0.9700000286102295,1.2514420747756958
1.038618564605713,0.9550000429153442,1.1860320568084717
1.024999976158142,0.9750000238418579,1.0496219396591187
1.024999976158142,0.9750000238418579,1.1332520246505737
1.0283234119415283,0.9650000333786011,1.132222056388855
1.0624803304672241,0.9350000619888306,1.2810521125793457
1.029536247253418,0.9700000286102295,1.0679619312286377
1.0263335704803467,0.9700000286102295,1.5253920555114746
1.029536247253418,0.9700000286102295,1.1709821224212646
1.0408909320831299,0.9300000071525574,2.044072151184082
1.0199999809265137,0.9800000190734863,1.0605919361114502
1.0265971422195435,0.9700000286102295,1.1691820621490479
1.0225032567977905,0.9750000238418579,1.3230520486831665
1.024999976158142,0.9750000238418579,1.0366020202636719
1.0281903743743896,0.9650000333786011,1.262671947479248
1.0358566045761108,0.9550000429153442,1.3017419576644897
1.0199999809265137,0.9800000190734863,1.175812005996704
1.0308711528778076,0.9600000381469727,1.2908120155334473
1.0302073955535889,0.9500000476837158,1.6606919765472412
1.0384721755981445,0.940000057220459,1.388882040977478
1.0434950590133667,0.9150000810623169,1.730571985244751
1.0400664806365967,0.940000057220459,1.2779920101165771
1.0247184038162231,0.9700000286102295,1.1391119956970215
1.0291461944580078,0.9500000476837158,1.790362000465393
1.04451584815979,0.9350000619888306,1.5586321353912354
1.0343708992004395,0.9500000476837158,1.4322919845581055
1.024999976158142,0.9750000238418579,1.0771020650863647
1.0331497192382812,0.9650000333786011,1.1479120254516602
1.0199999809265137,0.9800000190734863,1.0473819971084595
1.0635719299316406,0.8850000500679016,2.345021963119507
1.0273414850234985,0.9700000286102295,1.0902220010757446
1.0354740619659424,0.9450000524520874,1.1871819496154785
1.0349180698394775,0.9450000524520874,1.2189319133758545
1.030117154121399,0.9600000381469727,1.1155519485473633
1.0199999809265137,0.9800000190734863,1.0639618635177612
1.0199999809265137,0.9800000190734863,1.0542320013046265
1.0455461740493774,0.9200000762939453,3.0103821754455566
1.0199999809265137,0.9800000190734863,1.0518521070480347
1.024999976158142,0.9750000238418579,1.0536220073699951
1.0595648288726807,0.9000000953674316,2.4686717987060547
1.0498685836791992,0.9500000476837158,1.2131720781326294
1.0399999618530273,0.9600000381469727,1.2131720781326294
1.0446593761444092,0.9200000762939453,1.5085821151733398
1.0329188108444214,0.9550000429153442,1.1630619764328003
1.032111406326294,0.9600000381469727,1.1562020778656006
1.0300878286361694,0.9600000381469727,1.1969020366668701
1.0350233316421509,0.9300000667572021,1.7230218648910522
1.039327621459961,0.9550000429153442,1.319991946220398
1.0199999809265137,0.9800000190734863,1.0583220720291138
1.0360164642333984,0.9500000476837158,1.5507819652557373
1.0259761810302734,0.9700000286102295,1.1870019435882568
1.040380597114563,0.9450000524520874,1.6712019443511963
1.0356378555297852,0.9500000476837158,1.17769193649292
1.047286033630371,0.9300000667572021,1.3810420036315918
1.0292742252349854,0.9600000381469727,1.341912031173706
1.024999976158142,0.9750000238418579,1.2222720384597778
1.029384970664978,0.9600000381469727,2.1436121463775635
1.0280150175094604,0.9550000429153442,1.348181962966919
1.0269951820373535,0.9700000286102295,1.5334019660949707
1.050182819366455,0.9200000762939453,2.695052146911621
1.035599946975708,0.9300000667572021,2.272491931915283
1.0319724082946777,0.9450000524520874,1.3463419675827026
1.0418976545333862,0.9450000524520874,1.148711919784546
1.0349451303482056,0.9500000476837158,1.460211992263794
1.0538326501846313,0.9150000214576721,2.0349018573760986
1.031528353691101,0.9500000476837158,1.7687519788742065
1.024999976158142,0.9750000238418579,1.0585520267486572
1.0235073566436768,0.9700000286102295,1.0877621173858643
1.029593586921692,0.9650000333786011,1.1226520538330078
1.034999966621399,0.9650000333786011,1.2986819744110107
1.0330144166946411,0.9500000476837158,1.508742094039917
1.0396013259887695,0.9450000524520874,1.2805119752883911
1.0425077676773071,0.9350000619888306,1.375662088394165
1.024999976158142,0.9750000238418579,1.203652024269104
1.024267554283142,0.9700000286102295,1.3445719480514526
1.0199999809265137,0.9800000190734863,1.1345919370651245
1.0214906930923462,0.9750000238418579,1.160141944885254
1.0199999809265137,0.9800000190734863,1.050191879272461
1.0305453538894653,0.9650000333786011,1.2457020282745361
1.0513596534729004,0.9300000667572021,1.5538920164108276
1.033279299736023,0.9600000381469727,1.0650620460510254
1.0199999809265137,0.9800000190734863,1.0329519510269165
1.0263456106185913,0.9700000286102295,1.279121994972229
1.038987159729004,0.940000057220459,1.360592007637024
1.0199999809265137,0.9800000190734863,1.1460620164871216
1.0369688272476196,0.9500000476837158,1.4748320579528809
1.0308042764663696,0.9600000381469727,1.2426120042800903
1.024999976158142,0.9750000238418579,1.0608019828796387
1.061964750289917,0.9250000715255737,1.306391954421997
1.024999976158142,0.9750000238418579,1.0646820068359375
1.0229276418685913,0.9750000238418579,1.1236519813537598
1.0467793941497803,0.9500000476837158,1.1974520683288574
1.0268137454986572,0.9650000333786011,1.1236920356750488
1.0199999809265137,0.9800000190734863,1.243311882019043
1.038623571395874,0.9500000476837158,1.3369719982147217
1.0295164585113525,0.9650000333786011,1.083691954612732
1.0199999809265137,0.9800000190734863,1.0709619522094727
1.0343753099441528,0.9550000429153442,1.1720720529556274
1.034082055091858,0.9600000381469727,1.3400120735168457
1.0543594360351562,0.9100000858306885,1.887671947479248
1.0199999809265137,0.9800000190734863,1.0375418663024902
1.0279043912887573,0.9600000381469727,1.4671320915222168
1.0319278240203857,0.9600000381469727,1.4249719381332397
1.0218702554702759,0.9600000381469727,1.2323319911956787
1.0337104797363281,0.9550000429153442,1.4664820432662964
1.0424363613128662,0.9500000476837158,1.3751319646835327
1.0404913425445557,0.9300000071525574,1.949671983718872
1.0330151319503784,0.9450000524520874,2.0521819591522217
1.042715072631836,0.9300000071525574,2.3748819828033447
1.0356392860412598,0.9500000476837158,1.125972032546997
1.029178500175476,0.9650000333786011,1.041592001914978
1.0459625720977783,0.9350000619888306,1.958001971244812
1.0400793552398682,0.9500000476837158,1.305292010307312
1.0225000381469727,0.9750000238418579,1.063551902770996
1.0222673416137695,0.9650000333786011,1.3092421293258667
1.0199999809265137,0.9800000190734863,1.0626920461654663
1.0199999809265137,0.9800000190734863,1.068992018699646
1.0264439582824707,0.9700000286102295,1.1270519495010376
1.029561161994934,0.9600000381469727,1.2800819873809814
1.0222786664962769,0.9750000238418579,1.1176820993423462
1.0307151079177856,0.9650000333786011,1.1919920444488525
1.0291413068771362,0.9650000333786011,1.296251893043518
1.0412763357162476,0.9450000524520874,1.6478620767593384
1.0494635105133057,0.9350000619888306,1.594331979751587
1.0289314985275269,0.9550000429153442,1.3759620189666748
1.024999976158142,0.9750000238418579,1.0692219734191895
1.045114278793335,0.9350000619888306,1.2288919687271118
1.0262563228607178,0.9700000286102295,1.107192039489746
1.0387473106384277,0.9500000476837158,1.1934419870376587
1.0437320470809937,0.9500000476837158,1.1839519739151
1.024999976158142,0.9750000238418579,1.087291955947876
1.042976975440979,0.9450000524520874,1.1381820440292358
1.0393849611282349,0.9500000476837158,1.2751721143722534
1.0328081846237183,0.9550000429153442,1.6073620319366455
1.0249732732772827,0.9600000381469727,1.1971420049667358
1.0380712747573853,0.9550000429153442,1.2209420204162598
1.0284554958343506,0.9650000333786011,1.1463919878005981
1.028132438659668,0.9650000333786011,1.0994219779968262
1.024999976158142,0.9750000238418579,1.1587120294570923
1.0199999809265137,0.9800000190734863,1.0466818809509277
1.0223278999328613,0.9700000286102295,1.1358920335769653
1.0374555587768555,0.9450000524520874,1.3813520669937134
1.0235354900360107,0.9750000238418579,1.06728196144104
1.0426087379455566,0.9550000429153442,1.1619619131088257
1.0388994216918945,0.940000057220459,1.597222089767456
1.0309314727783203,0.9600000381469727,1.2175421714782715
1.0248461961746216,0.9700000286102295,1.2013620138168335
1.0324406623840332,0.9550000429153442,1.3363819122314453
1.0199999809265137,0.9800000190734863,1.0924919843673706
1.0303773880004883,0.9600000381469727,1.4010119438171387
1.0269542932510376,0.9700000286102295,1.117192029953003
1.024999976158142,0.9750000238418579,1.1077419519424438
1.0416895151138306,0.9450000524520874,1.172711968421936
1.0424124002456665,0.9500000476837158,1.0982619524002075
1.024999976158142,0.9750000238418579,1.0282320976257324
1.0424124002456665,0.9500000476837158,1.0982619524002075
1.0381382703781128,0.9450000524520874,1.2881720066070557
1.0320165157318115,0.9500000476837158,1.7603119611740112
1.0199999809265137,0.9800000190734863,1.1126818656921387
1.0272208452224731,0.9650000333786011,1.3121119737625122
1.040307641029358,0.9450000524520874,1.3816120624542236
1.0295226573944092,0.9700000286102295,1.0333921909332275
1.0221437215805054,0.9750000238418579,1.031332015991211
1.0273569822311401,0.9700000286102295,1.1531319618225098
1.0199999809265137,0.9800000190734863,1.0721518993377686
1.0199999809265137,0.9800000190734863,1.1645820140838623
1.0199999809265137,0.9800000190734863,1.05662202835083
1.024999976158142,0.9750000238418579,1.0371919870376587
1.0484440326690674,0.940000057220459,1.2648519277572632
1.0199999809265137,0.9800000190734863,1.0402820110321045
1.0324740409851074,0.9550000429153442,1.2994019985198975
1.0372250080108643,0.9550000429153442,1.0934720039367676
