1.0380306243896484,0.9500000476837158,1.0717207193374634
1.0270800590515137,0.9700000286102295,1.0759395360946655
1.024999976158142,0.9750000238418579,1.1557832956314087
1.0363308191299438,0.9550000429153442,1.0735957622528076
1.0199999809265137,0.9800000190734863,1.0323456525802612
1.0199999809265137,0.9800000190734863,1.0378146171569824
1.024999976158142,0.9750000238418579,1.0326581001281738
1.0375635623931885,0.9550000429153442,1.2290644645690918
1.0365673303604126,0.940000057220459,1.7851581573486328
1.0199999809265137,0.9800000190734863,1.0687519311904907
1.0456477403640747,0.9450000524520874,1.5664081573486328
1.0424572229385376,0.9500000476837158,1.6296894550323486
1.0337507724761963,0.9500000476837158,1.385627031326294
1.0199999809265137,0.9800000190734863,1.0440644025802612
1.024999976158142,0.9750000238418579,1.040626883506775
1.0422639846801758,0.9500000476837158,1.2250019311904907
1.024999976158142,0.9750000238418579,1.023751974105835
1.024999976158142,0.9750000238418579,1.035627007484436
1.024999976158142,0.9750000238418579,1.0568768978118896
1.0199999809265137,0.9800000190734863,1.0365644693374634
1.024999976158142,0.9750000238418579,1.032970666885376
1.024999976158142,0.9750000238418579,1.0881268978118896
1.0199999809265137,0.9800000190734863,1.0265644788742065
1.024999976158142,0.9750000238418579,1.0460957288742065
1.0354321002960205,0.9550000429153442,1.165626883506775
1.024999976158142,0.9750000238418579,1.0256270170211792
1.0386472940444946,0.9550000429153442,1.0814082622528076
1.0199999809265137,0.9800000190734863,1.034064531326294
1.0199999809265137,0.9800000190734863,1.029064416885376
1.0363308191299438,0.9550000429153442,1.0712519884109497
1.024999976158142,0.9750000238418579,1.0425019264221191
1.024999976158142,0.9750000238418579,1.0140644311904907
