504
117
485
448
445
91
407
355
52
286
326
214
432
479
471
434
341
525
414
366
207
258
412
260
141
205
310
44
523
344
250
72
284
142
3
155
230
36
425
74
45
115
21
470
232
96
379
223
217
409
384
261
359
97
398
510
280
484
267
294
161
335
370
76
292
140
125
303
352
244
23
16
172
234
507
164
133
18
465
323
154
168
225
235
8
123
89
527
474
59
130
324
198
374
216
351
467
88
522
57
190
317
300
203
404
426
201
73
219
495
462
329
177
381
187
482
227
13
186
388
79
176
39
282
90
24
518
38
491
108
454
500
349
368
459
188
291
358
212
490
400
446
477
378
170
194
399
339
64
321
293
382
336
517
102
338
43
264
