9937
7416
1150
777
391
6993
175
7412
2130
10261
1708
8962
199
8630
1938
7633
1823
1007
5465
10105
3679
1799
180
4286
1953
2594
6654
8679
8710
6981
2398
5552
6489
9781
3633
6771
4687
1943
5870
3279
286
9447
10091
4919
5535
7043
927
2168
6413
162
1735
9174
3218
4315
6991
7398
1261
4772
5033
4267
7583
6348
9446
1613
6282
10210
4810
10215
5397
6604
6018
7411
8623
8397
10056
3312
1162
10342
9956
2758
7209
6515
8196
4113
7295
2160
10073
56
4587
9689
6083
10514
9747
6279
2065
3863
6593
6667
3910
9889
1252
5866
6391
75
7284
6272
9877
2533
3943
581
1125
2627
9036
5015
6996
8124
6325
9517
9227
9550
1872
6884
2523
9756
9606
6607
1857
4955
1348
9117
10511
10266
5622
854
8022
2475
10009
10447
4126
4871
7372
3333
2091
1333
4268
4379
8704
3131
7571
8093
7874
4156
1410
143
6072
8508
3057
6179
7197
10076
7536
5803
3221
6322
9
203
3900
4860
2823
8244
2333
6864
7943
4742
9225
3010
6488
3624
870
3235
2458
7394
6669
5753
4652
833
1901
5558
1492
223
1167
6623
2136
1802
4069
928
6012
7439
2464
807
8067
1295
10243
6202
6814
307
9590
8926
4051
2884
4600
31
7088
8782
6657
5088
4755
102
602
2830
9190
889
3285
2263
5026
3518
8587
8918
4450
1165
8451
10474
10158
3118
8712
1377
961
9642
9056
2150
8312
2497
5654
6299
9316
5519
3247
5155
500
3991
5213
4349
1715
6443
4821
8251
4369
648
4130
4642
1763
1066
8614
1395
6828
1942
9618
4651
1215
7841
93
8742
6885
4179
1946
4601
10078
5595
680
5854
1123
5382
8563
7336
10306
4782
1354
3534
6295
10561
582
7711
10409
9662
9585
5925
3272
4285
6079
9803
6398
1690
3990
2452
8723
3196
8910
10598
2093
7661
6284
8296
3944
1452
10267
4457
6905
2539
8179
5982
6955
9253
1046
3059
52
7325
1546
49
3974
9532
4371
2871
1060
2613
5945
6199
2700
4961
3294
5825
8472
6377
10042
724
8603
8639
5289
8477
2238
1413
9195
6558
6004
9584
7763
897
3342
4758
7290
6397
4770
845
804
7795
9562
426
2868
6318
2528
10299
7165
6063
6020
5320
1428
2323
2485
1958
5562
4563
10525
296
4184
1214
8165
8609
653
3239
679
6527
694
9094
5571
5075
1424
464
1691
6899
3213
3021
9928
6359
1203
4748
8739
2135
8552
3730
9887
8841
4851
6227
7981
4088
8801
9588
7368
7229
5972
5424
7409
157
6434
2337
6160
6821
10355
554
10296
925
8933
9246
9458
4326
7971
8226
578
10352
8717
1941
5153
568
3941
294
4161
5420
9796
3777
3849
3802
2595
8592
6388
8313
9478
5250
9728
9350
2714
7786
2925
2223
7771
10098
10594
9159
367
1665
2984
7932
3403
4722
5430
9266
5889
8659
4021
6387
4498
3721
1634
10599
7432
7486
2071
2362
5744
7042
3435
1374
4310
8538
7646
2131
7428
1507
7112
2818
1643
5732
9440
9466
1621
3625
1434
1541
9888
6711
2666
9546
7854
7028
768
5317
8099
2172
1334
6334
5747
369
6456
9075
629
78
8873
3018
10394
9496
1917
383
2121
8437
4407
2618
8942
9866
5968
3853
838
66
4319
3290
9451
1236
2411
6793
6114
6984
8315
817
2557
9904
1208
3914
8415
4154
2685
9506
783
440
3550
2506
6241
7767
2132
2698
9363
4339
5441
3566
2461
9311
8502
8516
1389
6346
8097
4449
3820
4068
9744
6266
4713
137
6774
2427
1320
8414
1464
1970
6998
10369
9086
10386
956
3598
7951
6131
9849
9786
8348
4620
9716
8303
8616
7927
4081
1571
4514
8860
3564
6664
10421
7377
5203
3970
10621
4284
2886
7586
308
5116
5991
6812
7835
5593
215
6595
1189
8522
636
4912
9433
7222
9559
2126
5604
7379
2955
8920
6609
7617
236
9666
4211
3539
4385
4982
10031
588
1933
7259
4250
2443
4890
5614
8568
3752
10315
3792
3111
8913
6491
3937
2913
8259
4677
4939
6162
1644
1256
10099
2312
1506
712
2185
2298
658
1086
5704
132
10629
5476
9223
2522
3922
4745
9607
7622
8128
3459
3980
4568
10426
8273
5706
6340
1297
9115
1399
5781
2088
5255
4062
3799
1633
1562
7840
9741
4662
1107
9238
1740
3001
4612
2248
417
4312
3653
3519
3166
5748
2413
9098
2083
502
8129
7549
6983
977
2260
2273
8919
7294
5092
6333
7441
4064
10181
3303
8286
10494
9357
10378
9619
1585
9617
1832
6628
2404
10433
1321
204
5025
6848
2054
1589
5864
7358
7545
1385
685
1764
2890
6035
4624
7891
5346
6250
7019
6713
4293
1437
9219
4296
6740
9829
7221
4063
4323
6858
441
5074
1044
1935
1673
2587
2863
1184
265
7035
2767
8797
4406
1164
10376
9329
9948
762
9034
3964
8089
4893
8434
150
5784
4640
5367
3084
4843
6659
3882
9871
10233
2893
5865
1479
3573
2846
3512
1175
8426
4105
1895
5311
6948
5693
7340
586
8747
4855
8853
3375
10094
6944
10218
3306
9519
5214
4510
2250
10018
1025
3865
7335
1396
5572
4724
4365
6183
8240
6917
34
1588
1557
6053
4257
1654
4899
5121
1870
9284
1392
4864
5415
7261
5613
6895
9529
18
8902
8882
5053
10274
9575
6536
6979
6374
7469
8531
1317
1160
9385
558
2381
5575
10103
7131
1791
3069
1696
2170
2116
5132
8602
2179
3184
1637
2048
10248
10493
9180
2383
1002
1531
8092
8998
3070
1136
6870
2841
6863
3345
6549
3640
7581
9226
555
8253
7655
8815
3154
10488
457
6167
3176
4884
3950
9111
4765
2667
8020
9720
7119
6681
8794
8906
3670
2214
3153
6075
1466
6281
2176
10406
463
10143
1755
6003
1782
786
9845
10290
744
4509
9581
9767
10107
10441
7887
9592
1606
10374
4042
6236
2266
9917
9907
6065
8126
10467
5133
404
1093
9785
4451
4072
4398
68
3376
1656
10225
7960
6977
8139
2023
1899
2193
1828
5147
5393
1520
9268
7710
6811
9831
3353
9185
4813
306
7760
710
6044
3377
1830
6688
2058
5043
8023
7522
4311
3495
1027
10279
548
3245
663
858
4112
2012
406
8952
575
9697
9200
7900
7386
6768
10483
8157
7637
7802
7521
4475
2056
9261
688
7466
2189
9869
7563
2781
9260
8473
8736
6176
9830
2959
1788
913
507
5872
4327
6552
3163
488
5540
9921
58
5592
2175
8812
3037
2046
614
7750
10491
9811
1056
1805
698
10492
6862
7045
1563
5682
9879
3379
6967
3776
8151
10304
8700
5080
8383
8941
6906
5502
6851
8572
6572
3321
8982
8954
6529
1716
3617
5867
899
7846
1085
10201
8929
2449
6794
9092
5573
8529
8776
7362
1967
7203
4557
9289
2597
2943
6943
1848
2313
9067
4980
2355
2923
5287
5288
6588
7360
9762
1421
10096
1787
3931
273
2740
3393
10565
2403
3886
3514
7747
7161
9827
4786
9660
1908
5514
4061
6201
418
4847
8258
1962
50
5937
2520
1968
1402
1519
6246
4909
6273
2227
10622
7091
1015
3608
10288
6510
9418
2954
1569
9173
7234
6401
8236
10546
10399
1712
5447
8168
5345
10077
5880
3012
305
2495
9873
3978
8046
692
3628
5918
9328
10407
2171
2981
4577
498
6924
6148
9275
1543
3291
2221
5076
7317
4344
8333
9175
2284
1216
8746
2489
2779
3006
8917
3162
10534
7769
4027
6957
4122
9986
4446
10069
1721
84
8229
5022
6040
8328
6120
10431
4190
1404
4823
8444
8102
5247
1053
3696
7833
10283
9676
7015
8985
6878
4785
5481
1061
1876
3284
8167
2652
1478
10521
5171
8504
255
5343
7170
6376
10173
6146
4595
9864
326
5353
1620
9788
8680
6107
652
3952
4544
64
8972
4583
6
7585
447
6763
1124
1854
7249
1966
3701
1595
3719
2019
10350
9624
665
9179
5681
8870
5069
3252
7658
5740
5429
4527
3471
9679
9305
5324
5724
8966
7452
2359
5141
2122
7580
621
6759
3585
4495
869
435
7512
9468
1439
2939
3490
1896
6198
9428
4473
10192
5158
1223
8869
10532
8663
5523
3230
6777
8695
6722
630
10136
3168
6149
1593
2306
1612
1366
5610
2034
3236
2725
8874
1626
7862
6505
8429
9228
2931
1775
10223
8369
8796
1957
846
3254
4958
3782
638
5736
1204
5148
4432
997
3870
6880
5103
9992
5062
7425
7303
6209
10356
8308
1844
7914
2606
8758
1469
6575
6518
6721
4147
5690
8834
765
364
4015
10584
5935
1501
7355
5977
4219
10626
10628
3829
4313
2870
397
8423
8819
4580
3328
10028
795
6541
1179
8410
5014
7025
5534
349
9757
10227
7704
7759
3140
9950
4565
8289
6470
5411
3827
5751
3926
6097
3958
10259
5419
9411
9791
6365
8791
2253
5510
4693
9643
4368
5312
8934
7413
61
7773
3066
9890
2654
7127
4001
8175
340
7612
3699
4590
9454
3745
8279
5989
7206
7928
7448
9450
569
118
8222
1480
875
5477
3488
537
1414
6450
3139
8285
7987
6432
8536
483
6475
6496
7555
5765
1129
8927
4839
8304
8474
1390
7143
5414
7873
4993
3830
756
5029
8367
3762
717
9742
2042
3755
3108
7603
7013
6678
5007
1458
3200
6081
3201
325
40
7735
4947
5381
6938
3263
7936
6324
8861
9579
8856
5904
7440
5947
519
4994
8591
2617
2997
5554
7381
9439
5140
8131
7812
7973
2094
242
4566
5796
2402
711
436
8732
5259
6484
9333
3912
731
8223
9763
115
9271
3366
6809
5193
9804
2928
5894
7036
8550
207
3492
10205
1524
342
5179
10161
9719
6096
5856
8548
9622
5656
9983
6719
8924
9593
9298
6751
6797
921
9095
1455
4425
6355
1986
972
651
7671
5587
8702
2183
9351
5793
477
2661
4759
8622
3883
2445
1617
9257
5090
9278
2829
8291
2113
1029
3987
6147
5643
9591
2432
186
6479
8337
10175
2343
5163
3329
4743
9753
1963
4444
8198
1266
10609
1727
7839
868
7834
8773
760
11
1741
8995
2321
8213
5439
6087
1796
2311
9477
5807
3453
6702
3623
9552
3662
697
5344
7584
3756
8583
4804
8543
9604
4859
8105
7764
4985
8781
2821
2660
4554
5971
4962
9524
759
2892
5902
8780
7204
7715
7820
5537
1092
3
1950
4881
6089
2256
2616
5495
1639
2589
6562
1793
10284
10555
7996
3532
2373
4736
4352
4844
1016
689
3528
6950
2648
3319
6010
2728
6806
4476
7579
9114
5262
2902
1359
4073
7892
3293
4610
9421
3793
1905
1042
1398
3963
8949
4872
6927
1646
1523
667
5323
3786
1521
322
10036
7510
3167
5938
2099
8888
6718
3408
9274
2665
5338
2180
2018
2397
8669
2513
6132
5757
219
6823
6356
166
8805
7194
7063
934
2715
4337
5423
3603
8523
2300
6650
1260
6210
8513
3432
5933
2460
8650
9793
8621
6195
9145
730
6762
7138
7886
10476
1462
7271
7199
5742
1961
7559
1502
5568
4965
7718
76
4816
6545
8708
2314
2102
8514
1785
2290
4145
4168
6796
5954
6891
6105
2576
2289
3892
2843
8808
6285
7152
7079
7495
3864
9826
7094
9658
9794
5576
3273
8460
9085
2191
7122
3020
6371
2231
4960
1824
6694
1514
9473
6222
6791
2052
5459
3579
2380
4522
2542
6050
4370
3386
5094
3925
6177
4185
3451
8053
6852
9051
10120
44
5609
2861
4399
5440
1135
8807
9070
2282
4032
1688
7591
8498
9988
1572
1662
736
1080
3655
6509
6802
8724
335
3165
6551
2588
9264
2646
8235
5030
1008
202
5941
7540
2338
2039
8418
3265
8922
3590
6205
2592
881
3600
10247
785
5319
3847
1542
4040
4907
7011
8216
6326
1228
9821
9633
4560
251
5804
1951
6323
86
7636
4840
4017
10610
7041
4196
8687
9692
8446
4275
475
1386
1115
4438
6611
444
1143
4186
4331
8901
10363
182
5619
1117
2386
6058
7809
5970
3222
5392
5734
6492
5861
7904
8813
2974
3142
1082
1619
9221
4133
5454
6935
7569
10111
3387
5668
9776
3206
4277
3041
125
1081
2642
8624
8519
5059
6116
1818
2547
9675
7085
3181
1246
10314
10472
9183
6648
585
4883
9285
8936
230
4737
10586
1449
5553
1273
7699
826
8764
10522
9232
2318
2879
7354
9863
462
2434
8999
3143
9437
5798
2916
8239
7024
7418
4660
2492
9307
6799
1346
4129
5170
4807
1181
3126
4656
8772
6090
601
481
10241
8994
7557
4915
4463
4842
10456
772
9597
2120
5463
9797
1668
3335
4690
372
6121
10180
800
912
7049
8407
6746
2695
9652
9893
7293
7474
2286
5282
10593
4429
6757
1191
2055
2379
5855
3101
9395
543
1292
2630
6748
7124
9384
6960
2927
7410
3630
9297
4055
138
6023
2254
9571
3276
2757
4239
5637
8072
9549
465
7744
2953
4683
8517
8554
9262
5498
6647
6913
8376
8275
9929
2367
4592
4781
5760
4325
1781
10543
5258
2736
5496
152
4882
4104
792
7988
3552
7531
6045
5087
1756
6689
321
5374
8268
2247
3736
10583
1975
5683
9341
9960
3262
2218
3199
2448
3521
8959
9816
33
4401
3767
3253
1296
3028
232
5480
5863
4167
3418
8412
1384
4049
4933
902
12
1964
222
4318
3951
521
334
4341
1481
4306
5428
532
8274
493
6127
9276
6614
7060
3483
3702
6110
1444
8449
5332
4964
3876
4026
490
4259
3848
8903
4279
6787
967
2864
2487
5663
10582
10527
7034
4708
1773
5135
409
5493
4000
5218
3132
4405
7866
8720
3182
5401
7496
10560
1601
3396
3631
559
9163
9480
5165
9108
5934
8871
10595
505
8618
5840
6639
5714
2350
8559
9143
8001
6959
6396
8759
10380
9343
43
7384
10061
9178
1128
10439
3320
4270
4930
2501
8935
1513
7322
4675
1883
3509
9192
5590
1988
4567
6319
7283
1202
9188
10244
2524
6350
9168
5378
1095
3371
263
63
3688
10523
4424
8101
6077
259
7305
9397
645
4905
3563
3439
6932
958
6781
6061
1556
8585
8133
6161
4499
5016
9082
1454
7527
2578
6309
7599
7977
9999
3715
7155
2862
6606
3884
1459
3226
3410
5260
9946
7330
6074
8689
10400
9958
6596
6663
7373
6344
7146
5403
3318
1120
434
3879
8950
8108
2315
4922
7471
6158
2061
2335
10058
3224
1457
9405
9620
9734
7350
10359
5054
7465
4346
6444
416
10108
2590
9339
1144
9710
1960
2462
5722
7758
1285
2233
5770
2756
5104
9640
7985
10401
2794
3780
10574
8831
6013
2930
4412
3989
6006
599
1555
8246
8164
6978
10611
5823
10450
9623
196
8868
3560
10371
9703
5168
9382
6481
6468
4153
3582
10398
10281
6540
5437
1422
864
8600
6682
1315
739
9342
5749
6126
3174
6963
1021
5901
9994
7202
8307
7572
2317
8301
6942
9076
274
1142
5618
4719
9303
3916
2885
4107
2860
8753
8331
6156
8745
1240
6873
6258
5932
5964
452
8705
5662
8987
1784
9182
4231
2530
7806
4888
3891
1815
5461
8398
7050
3850
5264
5973
726
7653
6095
5920
1701
5349
7692
6578
3045
5362
7978
9807
6486
8734
9061
5176
149
9331
1303
5235
3556
1517
6856
8932
7108
2363
4235
593
9857
3541
5341
384
9551
718
8029
7626
7797
3115
9947
10435
6111
1530
3854
10481
1134
5653
7030
6358
563
8858
6618
3888
5219
4910
4
2043
10410
4303
1882
5134
9445
10520
2287
8232
10466
214
10235
8404
1736
7964
8524
4731
7269
7239
6144
9201
173
8000
809
5177
1611
520
7901
2631
4039
3056
10138
6871
293
7130
2543
4865
8481
10335
3618
9209
5188
4928
4025
4014
6029
1190
6826
121
4045
3144
9374
9045
5699
501
3832
8282
1573
608
6291
8667
238
3286
6267
2704
2222
4945
5696
359
4245
624
5210
3482
6714
6822
5475
3503
9886
2915
8674
4020
10425
181
3259
4317
3346
7334
3584
640
3959
1728
240
7427
9414
7007
130
10419
205
8867
5843
6915
8014
6048
10057
5491
4550
9834
874
3723
1934
3122
8851
10499
5407
8891
3824
9126
4077
1343
10503
337
4751
9513
1971
9373
7630
9754
3968
1536
7182
5584
1253
487
4226
4302
8666
3706
4959
3815
6407
7147
10509
2762
9427
5157
573
3061
428
991
9943
3909
1834
9953
6260
53
4109
907
4970
733
4588
7811
6970
628
8829
155
4373
2585
10289
5943
2561
3759
8024
6535
4013
8597
1131
3050
10462
2228
2082
9959
2029
9442
7278
5384
763
9487
8643
2937
1242
9634
8276
6112
3261
10147
10041
7217
9987
3694
4943
414
5380
9135
6405
523
9234
6393
2178
6086
7946
4132
8217
90
72
7480
10528
1814
5347
6341
893
7181
9730
8875
4082
5692
5470
2112
8715
2559
5449
5660
8612
5122
1418
3648
6383
830
4436
4619
10014
9235
10510
2768
6274
2421
627
5011
1508
2690
7375
1241
9824
1932
7779
6890
8626
620
8063
5661
5659
9325
7976
422
1913
9197
1858
6838
9725
5275
3992
1547
2796
4151
8900
5729
9486
7989
1051
2598
4234
347
5443
4987
5358
2366
4528
7823
1308
10542
5951
6307
9832
9321
6362
221
1423
9300
9749
6215
10092
9058
4198
2197
6255
5549
5639
8466
9732
9113
7897
1018
9965
9224
2270
6390
773
9573
3711
10575
2297
5442
3823
2224
771
2308
4408
4715
5928
10232
10262
2718
7722
3422
9127
3956
8820
5434
9534
4984
4626
8865
8344
2002
5548
7741
4794
1925
2268
7513
7871
1477
10457
7158
2737
10
9011
9916
9589
6592
9621
7491
10255
5388
7577
2909
1022
4699
3852
7998
9404
7844
7484
427
7008
6903
6773
1843
5049
5398
4728
5199
5602
5012
3775
3388
5162
1485
9511
4753
2064
3747
5624
774
9267
7443
4253
4380
7768
10258
3700
7702
10265
6051
55
522
10207
9291
2006
8107
491
2436
117
4212
10203
1098
3527
3871
6000
8356
1465
3249
4350
5754
10055
7157
4979
4410
7550
5527
2611
7419
647
2979
2990
6952
9531
1686
6171
3042
3465
5482
4659
10393
7258
3344
1618
6954
9206
9295
356
1790
2783
9557
8428
10381
9957
3660
539
3256
6641
2237
7659
9099
4524
9775
474
3334
5201
3332
5666
8787
7789
2066
693
9512
1102
2662
5299
3030
8540
6256
5281
10097
6463
10081
2073
6487
2220
4536
6037
4101
1441
1130
9121
8265
4793
5733
10256
3609
9236
7853
9409
6253
8106
4059
1433
5252
6601
4502
7065
1206
9208
8686
2045
7458
9151
8212
1749
7541
4218
8360
6706
5569
7012
3208
116
5805
6909
395
9630
8349
9902
4431
10079
2754
4606
5621
8974
1928
6170
2269
3211
2960
1777
808
8889
6421
2050
3899
9790
5368
2084
9713
470
3009
9258
1505
8322
5730
6446
7500
2788
8620
6104
8241
7366
5248
7254
2692
8257
1323
7568
6109
392
3596
2348
10166
8342
7286
3567
616
8225
3933
7250
3839
6841
5910
837
2947
4629
5450
9493
10029
5359
7163
3905
7654
8329
2072
108
7911
4278
6414
23
6155
1083
7319
9204
5435
1497
706
2958
2429
2377
1097
6992
583
1064
425
4396
6278
6038
7684
1771
1817
9583
9541
1282
6837
5257
9903
2067
2201
10245
2161
4164
1710
1277
3524
3940
9918
120
1944
5113
8459
2674
6936
8726
1267
3146
8192
1201
8897
6583
412
5172
4298
4938
8511
9838
289
6570
8094
5842
818
6907
584
3622
4097
10613
283
4796
1647
1682
1855
4053
1146
2877
1921
7464
8118
1188
6543
9547
10179
1850
4673
1013
5981
5763
6308
3915
9998
7328
6310
7404
5079
10088
4345
260
2481
1147
791
6881
5758
8604
8056
2874
7118
979
4630
2173
7567
8047
1570
3612
4392
10482
3058
4467
5750
7274
3960
552
4798
2729
3026
8468
5525
7938
1148
6133
9613
5988
3734
10129
4778
10616
2722
9972
3722
6402
4357
9124
7225
7675
7657
5326
7489
6519
9787
1889
7232
4556
3105
6057
5115
7166
6857
1361
1833
6022
10278
5316
9413
2577
7053
122
1940
9693
9540
4655
5931
4038
9685
982
7215
6292
6431
572
10146
1372
7888
87
5174
4110
1114
9062
6836
2203
6372
7407
4647
662
6824
7126
7819
2476
6587
4464
5445
1500
7519
3120
4697
9349
327
6708
208
9743
4641
3613
10075
6860
7726
4384
5271
2891
3611
10422
9926
9814
2068
7151
7451
10144
2451
5712
8852
9347
6749
6513
7331
8330
8725
917
9032
2008
8292
6076
8343
8880
3746
1318
4426
4207
1842
1199
7071
570
9823
6842
4661
7426
6214
1865
6987
5533
8553
7727
8606
4289
6347
9765
6684
5406
1685
8948
3680
2831
9252
4518
932
5036
10035
5580
528
1041
71
8611
6865
981
6693
4019
9708
6134
6135
4029
5246
6196
9961
7687
9746
5057
8735
5310
7565
361
10347
1331
4995
3130
6672
3313
5884
8305
5827
430
5128
2569
3709
5272
4395
2938
6500
9764
10605
8822
7082
9771
5995
9005
9971
4711
904
2128
3074
5137
5550
1742
6877
6849
8375
6736
10615
3075
9389
7150
1694
10345
7864
2400
8527
3151
2491
7517
6506
9572
5634
281
8148
8095
3526
9104
10337
88
9198
5166
1670
1401
6477
6264
8792
8997
9885
6937
8283
9259
227
7662
3698
814
3934
9761
3908
5993
4393
1091
167
3022
6990
2770
1470
5532
7608
10168
10545
2835
10301
4671
8162
4695
3632
5597
9945
2582
6039
8233
5955
5768
5794
8613
567
3298
10319
2888
1460
250
299
3357
339
4983
4131
9254
4022
916
2751
3727
8098
2669
8338
1353
7506
1156
17
5824
7120
2507
104
10118
4609
8266
9629
4332
459
7114
8420
4936
4090
1576
805
1936
10273
3551
1488
8526
7644
9476
8714
3338
8058
9301
1965
4180
3885
1471
4005
5390
7196
6447
5305
5064
8252
8345
3535
6840
6582
732
8676
3961
4832
1140
4628
4668
3764
6524
3399
743
4608
9542
2020
9101
7463
4102
4480
2209
9019
6898
5998
10550
2499
598
5615
344
4977
6889
1205
1929
9560
10038
6194
3846
6283
5651
5091
2310
2080
3425
4466
7403
7916
3559
9425
10183
5425
9388
292
9648
2292
1678
2804
9116
6331
4596
3516
7367
9770
1528
1886
4155
5923
10372
10608
9059
4757
5978
6357
4433
29
7851
8878
1888
7972
10552
9470
5444
10139
1987
9548
142
9671
2423
2866
4508
10115
6966
5655
4096
3428
5565
10043
5238
1974
6473
7829
2696
8017
9459
7397
8421
7437
3805
7742
2425
591
2785
5605
4402
2165
985
9169
6247
5564
5850
1487
1290
8795
8386
9800
2968
4216
7180
6804
3110
7191
8576
3851
1553
8277
6178
7136
861
7616
1126
7168
5
4200
4217
2723
4763
4739
6206
6972
8492
4194
9509
5307
74
1356
7020
5233
4976
3137
6001
1375
4551
1225
3781
8883
2457
503
1916
2164
631
2265
9248
1335
8843
984
6151
8655
420
1649
9909
9391
10490
5301
1726
6923
9372
9897
5513
5926
6467
2329
827
9913
3674
6741
3402
509
3107
2838
6436
1298
8569
10005
5051
1874
5563
4201
2552
9141
10592
5159
10577
3034
5385
7467
4127
7685
9002
8904
8127
4616
3896
3485
10480
872
139
8025
4455
9841
9047
9505
3011
3476
6613
7574
2394
6709
9346
398
4705
6676
4273
2454
3179
719
10254
209
10397
147
10563
7453
9423
9131
8224
323
10132
10002
3725
5852
284
6163
4975
4435
6612
3135
41
7081
1860
4949
8766
3860
998
6015
9400
2469
2819
9686
1851
8537
8248
2910
9078
3474
884
8649
4177
7605
8864
8442
94
7213
449
9176
2983
3675
6789
4419
6418
9281
3973
5708
4643
10298
2623
1453
8194
3520
3172
6143
1846
2950
4764
564
8884
9277
9362
4738
7266
6968
9663
5144
37
2688
7376
8988
2901
7315
8617
35
5847
2127
5887
10589
888
1435
10470
1526
5645
6304
3458
5286
1407
5589
2567
10022
3902
6525
8863
10500
7399
8150
5752
3292
1920
8200
5355
5340
5745
4886
2858
9737
9993
2486
7625
6392
7999
6503
3473
10329
9852
3814
313
8788
9507
8497
860
5715
3480
8989
9441
7937
8684
2806
6327
4079
2467
9233
5881
3134
1831
354
4484
10603
6207
1076
3046
9251
8992
3500
2442
2494
8070
4834
7333
9240
3842
691
1473
10533
8955
2053
10117
6430
8535
5427
9751
141
8986
7298
7801
1746
3615
5164
5107
6404
10163
10451
841
9432
3547
7073
7651
10187
4998
1902
5300
832
660
8060
8727
5253
9020
333
3942
9152
8220
2887
5541
2853
2708
1330
7072
3124
5601
8533
8462
4946
3378
8146
1820
708
6034
4263
5961
4125
3810
4471
100
9526
5068
9853
492
7719
7533
6354
7831
9269
7395
9308
6738
2882
1010
5377
2782
10128
2572
7647
4474
5297
8915
5402
7639
8755
4355
9023
931
9488
2021
126
3197
2602
7765
905
2911
4472
700
3558
2399
3998
5846
8534
6995
9920
1959
3065
10251
1534
939
4193
3645
8964
9822
2815
546
1309
5142
5245
450
4505
4272
1004
6695
8103
10440
4417
6313
10213
6123
8182
7090
1751
3027
8140
3116
7529
7504
5045
7836
8
6933
1269
1491
7706
4654
10567
2966
8914
2409
8409
9146
787
2459
8637
9733
9844
4644
1009
3311
9352
7093
6716
8731
9359
7664
5625
2334
1442
6542
3337
9120
9609
2633
2797
6453
2658
5048
7371
4815
5265
7017
3753
5360
7730
10389
5230
1760
8476
6426
3463
2109
3019
8790
4002
3515
7923
7140
471
5464
1161
963
6782
1327
235
7279
10012
9777
4589
5582
5555
740
1955
8085
5119
7387
10006
6931
920
4829
7164
8281
4174
3726
7642
10086
5108
4244
6262
2339
3744
8453
4877
656
6508
3769
4493
2848
4376
7865
10272
2684
3577
1178
6384
9601
8048
1525
4694
2391
7402
1210
10413
3921
5348
7246
411
3406
8898
7878
5557
4358
5700
2682
10303
6301
8455
3170
9097
4209
834
2392
6225
2962
734
7408
8076
948
9218
4828
5617
9553
9862
1919
4018
9729
671
8601
2389
6724
4822
3223
9682
7084
2327
8346
7392
5254
2280
9230
2941
1288
1391
7472
6234
1947
6755
3411
3141
4700
1598
8672
2650
4465
9704
8769
6982
7200
6218
2198
1310
3014
9167
4066
4487
10113
2854
1584
825
1565
8010
192
8211
10516
8280
10536
6926
378
9368
4775
3530
8640
9867
4093
10124
1367
8202
8170
9043
4003
467
1328
4685
8441
6603
5291
9018
2969
3203
10502
10405
7893
6117
1990
9323
6533
10157
2857
4054
8939
796
9093
5897
2800
7370
10384
1332
4377
7498
10110
7288
10572
5418
2643
798
577
6242
6259
5192
4204
6685
9196
4541
10498
2808
8059
3246
883
8558
6807
540
9670
2934
4649
3212
3737
3731
8309
1582
6476
9494
891
443
5914
8021
8413
6610
2086
9399
4581
4678
6502
2707
267
4366
10453
19
5077
4237
9110
156
506
9695
4814
1336
4913
2749
5086
3986
8044
3310
9482
2374
7353
8800
5671
7312
9419
10602
9456
3565
8347
587
10250
3395
3878
7414
10357
3117
7265
9868
4599
2790
8218
10194
1608
5372
2672
1322
2390
919
3604
7324
1770
10618
10126
1358
4741
5838
10148
752
3448
1868
9923
1911
4582
9702
3104
5005
3086
6494
3872
9361
8073
2563
6514
3505
1711
4706
7576
6712
1234
4852
9031
7503
7309
8615
4622
309
9417
3774
6561
10361
2030
4437
1979
7821
1440
4108
6379
3449
8737
4954
3491
8633
4118
3911
4598
4265
9171
1869
5277
2242
2686
169
8940
5067
983
9491
6827
24
2330
10519
10199
6145
4442
4574
6263
4182
1826
4734
5517
1994
7913
9504
923
535
2566
4078
5679
4362
895
1856
1227
7444
6002
1262
2468
3355
9355
2776
6557
7262
1580
1648
3015
512
7524
7307
3049
2108
6427
7601
1281
3949
439
9784
257
4316
2235
1096
9203
7032
1186
6900
7338
1722
9320
4070
9556
729
9029
3424
1109
3686
9828
8261
6947
9471
4579
3561
5642
3546
6686
6675
2186
10135
7528
5997
1079
3897
5337
9448
7501
4171
1661
2904
5274
1183
7242
7556
9701
8384
4295
5078
2994
4833
6435
1862
6589
2752
1837
6744
576
271
4866
81
5178
1274
9410
2903
9001
5875
390
8837
5489
7602
3374
5366
2196
684
8299
1891
2510
936
2670
890
2671
1577
7952
1483
10623
3423
3768
1371
7310
5636
8589
3576
3732
6994
10174
1484
8821
7123
9819
6244
4497
2980
6228
9310
9144
2603
9851
2444
7438
603
7364
2041
9758
3210
9644
7881
9924
855
1718
2145
3266
4058
1801
7837
4891
7982
6573
6469
9792
8593
10497
8062
10269
7153
1650
3858
604
10387
2550
4418
1495
702
7817
6621
210
4801
4087
5888
10454
2629
8396
3548
10027
3919
1583
2155
9420
7137
4492
8465
2304
7468
1279
2839
7955
2077
2518
9954
8774
7815
1461
2987
10544
7813
7561
6415
261
8636
6328
3665
9025
699
1472
4262
5746
9380
2575
4123
485
1794
7457
1153
6892
4335
10285
5497
2798
2988
7674
4152
51
7593
6482
9724
5611
9160
3572
4950
2174
4383
1293
301
4967
8071
9014
5004
3589
2372
10159
8505
8977
7027
1284
2212
4456
7052
7287
8302
2419
2702
6731
6182
7341
1806
7459
9431
2681
8186
615
5472
4571
10343
1786
9360
9247
7680
5946
8041
7273
1400
5161
9883
5882
3689
9205
2498
3076
8262
6088
887
3953
4372
2283
9638
8065
6382
9103
9667
5759
6951
3412
5070
655
2847
5266
10588
10004
7337
6835
9839
9936
3866
5298
7134
241
995
3169
2422
6216
4175
7268
9016
531
1024
944
1587
8573
2291
1804
3691
1724
2964
3733
1984
9027
10570
1393
5474
5242
5942
3123
930
8907
5151
4827
4726
8750
6217
943
8142
3368
8201
7329
1624
9773
3404
8632
5691
7400
2544
8854
3806
7292
5543
5885
3678
6866
2478
9381
9403
9673
7187
7945
1772
42
1659
4776
8767
7116
527
6735
469
10487
6181
9884
9107
5524
8111
4712
2583
97
3542
3821
4808
6638
7984
7321
7494
1463
10358
8270
8947
8075
415
5900
5516
2184
2040
8651
107
7272
5531
5858
9033
5117
400
6191
3209
4623
4445
1544
5322
4114
2038
6137
272
6386
2307
5318
8638
7648
7975
8713
10184
8520
7214
5599
1141
9973
2978
5802
220
6011
8786
8957
5139
9426
7766
8951
7623
4756
3401
4334
8043
6526
9783
1067
8171
10495
737
380
5780
4409
4280
3920
7791
4336
2807
10323
7751
348
2219
1221
1615
7962
3455
3060
4513
1231
2480
6745
1438
2277
10581
7775
1706
343
5789
7492
6235
2037
6251
8855
2303
10020
2104
3497
1838
6677
6783
2401
2368
1224
5109
3695
6674
5096
2511
9566
6200
8188
6349
2963
6916
10131
1355
2157
3667
9290
5966
8353
6154
9891
10165
5707
3788
10484
4921
5529
5649
8267
60
7578
1783
7066
9565
7785
7348
2536
4986
5023
4403
8816
6028
268
8191
5766
9752
69
8675
5678
10617
7965
8425
650
3636
8561
4908
619
5596
1139
9319
2810
9250
2215
6532
6464
2574
9774
10224
7092
4291
3098
6779
7135
8925
657
10017
9949
9109
10508
9997
2532
6973
5085
8114
1737
6417
254
1890
504
3917
2765
6101
6185
2163
5809
5328
971
2747
975
10322
9154
2017
3619
9596
4989
799
1807
4246
2764
10116
216
1111
4704
1005
793
2293
709
5156
127
6428
1743
2999
1280
9386
5408
2791
849
7233
1687
6784
5216
3659
2365
4811
10293
3904
3712
8830
9931
2809
3194
10271
2531
2075
3277
7306
1445
10564
8625
4178
4448
1055
2933
151
4338
148
9820
10538
1581
128
5871
1680
7516
5243
6248
9483
288
713
8978
5182
5664
3586
1312
5641
6466
3462
9523
754
9779
5487
6805
6631
6485
7289
5127
844
9892
9569
10080
277
2473
5680
1599
6240
7986
1930
3669
1103
3205
8515
7935
374
1592
1610
8327
9125
3308
1667
782
2883
9474
9090
915
1939
7380
413
9520
3898
4172
5236
3289
7700
3787
2226
3114
5853
5578
6420
5717
4992
10321
6616
8839
3704
2455
8480
5980
9030
6276
7245
3982
7879
9370
5657
8463
10104
3083
1045
10156
5494
6315
2527
8469
2439
5813
10112
5035
3364
2187
4281
10114
8424
1158
1381
6627
4247
