196
1036
915
304
730
612
472
112
2
615
907
697
536
352
835
842
645
167
609
227
59
175
84
10
674
1033
311
168
253
110
904
790
1038
863
240
285
1030
899
286
752
177
248
759
145
238
877
433
661
541
336
322
833
782
572
498
270
616
1024
319
671
1029
809
567
39
1048
950
398
77
263
600
563
460
514
134
213
1062
1070
364
607
138
931
463
492
922
945
142
685
687
478
373
133
654
780
267
86
31
755
218
781
830
284
193
67
5
956
578
924
908
413
340
875
523
75
507
416
958
589
93
241
300
799
764
753
537
99
189
881
16
527
96
598
740
292
827
557
679
184
738
813
342
965
554
887
265
683
494
337
356
467
845
702
390
804
1018
409
1041
1014
483
870
608
247
141
328
273
633
302
33
1044
339
756
867
32
113
966
672
545
613
622
580
1023
121
758
1040
524
743
868
938
74
678
639
479
76
489
709
169
970
178
394
1042
742
637
343
555
604
397
611
355
223
798
629
90
499
620
902
107
574
369
464
65
749
43
330
18
695
957
37
844
1055
997
484
1064
933
299
714
19
892
354
383
313
529
534
153
1032
903
595
408
1056
197
551
15
872
882
449
277
913
190
973
897
73
128
825
420
860
535
212
35
344
650
984
857
163
856
400
653
691
543
235
1046
490
906
711
583
673
692
550
62
516
767
389
963
761
531
704
244
657
219
419
136
199
207
81
585
254
429
288
849
952
546
698
837
162
103
1065
858
381
785
257
1074
850
17
1050
587
1071
977
635
321
919
1054
854
262
374
382
425
662
710
246
387
453
803
106
993
139
318
50
964
384
568
287
430
61
250
880
283
56
791
1067
626
310
1034
766
324
363
47
365
1003
519
533
772
594
705
234
619
921
843
457
126
610
312
926
317
89
488
395
1026
154
1035
415
410
108
1069
165
102
816
69
7
1068
745
879
52
34
532
998
174
549
1011
1057
216
832
392
13
593
873
1072
49
889
1045
436
668
156
501
628
485
822
693
8
161
985
1028
686
581
787
760
700
297
991
513
786
1022
281
953
658
777
1075
885
982
431
989
962
606
570
188
999
111
215
275
357
888
823
939
88
164
393
911
525
715
314
143
839
28
951
179
348
63
558
204
1012
1052
417
681
961
821
769
750
455
140
591
548
261
526
9
1060
421
1047
954
82
677
1007
1013
503
599
461
125
564
183
158
150
144
1073
891
631
233
1043
884
349
597
269
353
728
172
476
116
948
929
724
735
30
667
209
64
202
806
707
974
232
290
871
105
826
109
