1.1200000047683716,0.9890000820159912,1.128000259399414
1.0799999237060547,0.9940000772476196,1.128000020980835
1.246999979019165,0.9950000643730164,1.1279995441436768
1.1290000677108765,0.9910001158714294,1.1280001401901245
1.0390000343322754,0.9950000643730164,1.1279999017715454
1.0900001525878906,0.9950000643730164,1.1280001401901245
1.0780000686645508,0.9950000643730164,1.1279999017715454
1.184000015258789,0.9910000562667847,1.1280001401901245
1.4909999370574951,0.987000048160553,1.1280001401901245
1.1010000705718994,0.9950000643730164,1.1279996633529663
1.5230001211166382,0.9890000820159912,1.128000020980835
1.3010001182556152,0.9900000691413879,1.128000020980835
1.28600013256073,0.9900001287460327,1.128000020980835
1.0770000219345093,0.9950000643730164,1.1279997825622559
1.065999984741211,0.9950000643730164,1.1279996633529663
1.1120001077651978,0.9900000095367432,1.1280001401901245
1.0620001554489136,0.9950000643730164,1.1279997825622559
1.068000078201294,0.9950000643730164,1.128000259399414
1.1119999885559082,0.9950000643730164,1.1279999017715454
1.0609999895095825,0.9950000643730164,1.128000020980835
1.0649999380111694,0.9950000643730164,1.1280001401901245
1.1519999504089355,0.9940000772476196,1.128000020980835
1.0679998397827148,0.9950000643730164,1.128000020980835
1.057999849319458,0.9950000643730164,1.128000259399414
1.062000036239624,0.9910000562667847,1.1279999017715454
1.027999997138977,0.9950000643730164,1.1279999017715454
1.062999963760376,0.9900001287460327,1.128000020980835
1.0509999990463257,0.9950000643730164,1.128000020980835
1.031000018119812,0.9950000643730164,1.1279997825622559
1.0579999685287476,0.9910001158714294,1.1279997825622559
1.040000081062317,0.9950000643730164,1.1279997825622559
1.0320000648498535,0.9950000643730164,1.1279997825622559
