4743
4289
2829
5278
2848
4633
5088
3850
10503
7183
2985
2406
8597
9717
6260
2472
3470
5261
1349
3349
6169
2312
8608
1110
8162
4613
928
10099
8120
8654
7726
1039
5782
7890
3369
616
1614
5823
2127
872
9756
3409
4442
7297
9541
7701
2412
2973
4366
738
810
1275
1837
2121
8704
681
7924
8958
8490
2074
645
1558
3022
2886
7242
7052
7124
2015
3259
4538
5078
494
3966
7351
10510
6802
8540
90
2379
7990
10493
5011
9004
8131
5222
9486
304
9821
1083
1479
6936
6179
3478
9626
3609
1141
8107
5724
1480
1467
6045
6486
1414
10174
114
7407
9944
9061
3581
1562
5731
2319
10596
10355
4209
1415
5926
6335
8680
2020
2627
751
2728
3258
8451
508
6567
10259
2331
9381
10146
7103
2675
1502
2856
2413
761
4275
2721
9136
3896
5086
5145
4526
6032
6150
7723
3010
72
10008
7224
5034
5205
10081
8679
8516
6675
6270
6750
2464
3257
7226
9000
3648
9613
3439
1681
4480
4150
3802
3564
2232
7332
8400
9
8345
5360
2983
6523
4861
7279
10498
5027
7554
6123
5219
6473
5973
4906
7954
3800
1919
4959
7203
5713
1729
6114
3020
9813
7768
8725
8441
6352
8264
677
8783
9156
747
9088
4503
101
7513
9387
3585
10506
3397
9189
10017
1988
5225
5475
7000
2390
6571
1977
10268
6644
4868
4216
2201
9252
8119
845
8108
8036
6869
2205
1784
4492
4118
382
1882
6366
9816
1350
4047
7584
4505
7426
5191
3971
356
2939
6787
8190
1855
6720
9946
2897
2953
2666
9335
4044
610
4854
7986
7976
6910
5859
139
9100
8369
6042
8145
5473
300
6050
8673
1417
6640
6751
7181
8284
9191
10266
8733
1037
7676
1178
544
2006
2171
1176
4733
8978
8972
10255
5082
3756
2018
1095
8816
2766
1716
10536
2976
605
1910
3730
4697
8843
185
1545
5333
5338
3001
6176
8730
10533
6901
3405
1481
3805
4451
5395
626
7340
3701
4356
1827
3611
4283
5866
7221
6942
3700
6956
1839
1831
10617
5216
3947
1424
9661
7583
10191
4819
8212
5760
7982
7175
902
6470
3220
4028
4942
7136
10363
9094
500
8823
6343
6990
7081
5241
5645
726
2808
1476
4241
3297
6297
1342
6721
2889
2663
5627
2586
8104
2378
5864
5343
164
4245
841
3282
150
518
7876
8839
2318
768
5863
9058
3049
6162
1974
7793
7681
10123
1719
3804
6722
5901
6821
9649
2632
3691
5167
2781
1625
1904
46
4723
5192
6151
8089
4313
1726
5729
7368
7348
8974
8387
5153
6208
9171
3726
10197
664
155
898
4048
6000
6012
33
102
324
1019
7803
6206
7558
2546
3863
6870
2756
6381
4189
6196
10098
7365
2821
10629
5490
3023
9016
6608
541
10569
9528
1055
323
5638
4593
4578
3819
6584
1156
10202
10026
2426
4084
2311
5886
267
9301
1129
10278
8620
8966
5123
8840
8562
1198
9937
8391
6568
3679
2005
2819
7636
5848
427
3305
416
5933
1388
1304
4259
4506
6023
7394
2548
2213
9792
9214
3656
10360
206
8254
6163
9639
4658
7741
6125
4754
4930
6845
8017
2154
6513
5739
6931
10426
3743
7013
2794
6298
491
2660
7091
8198
7836
2855
3643
4061
1967
3516
2902
1243
4596
6930
866
2997
2805
3874
4866
6639
5567
2705
8767
571
2750
8088
10271
4460
7003
4319
8175
1845
6505
3255
3430
7380
1660
8075
1965
3340
5247
8987
1071
8684
8143
4929
5653
6070
9266
1581
1534
9162
3210
1034
3875
1686
7800
4127
9598
8038
6059
7373
4052
7363
8417
136
2877
9607
1546
909
5793
5682
3864
6262
4741
133
7396
9737
7074
1359
2161
10058
7603
2538
10261
9185
3294
3821
5200
6204
88
7259
634
1255
8462
2623
2617
8979
6306
5293
4392
9172
1883
1698
2172
4220
945
871
10456
4288
1629
5902
4931
10514
4500
61
6277
8746
1931
2352
804
4589
2285
8316
2809
5155
9379
6812
8689
8353
4630
4293
2529
9906
6020
4385
4022
9958
1598
7144
6630
10559
6725
5489
9303
7047
3684
6422
7026
3624
5918
1038
6195
5806
4635
7503
7311
4984
288
8383
5050
1274
7148
7422
1574
9797
2508
8259
1035
7769
2840
10025
8085
8263
8132
4163
6122
428
1020
8649
4673
5736
6542
6022
6294
447
3432
8532
6908
8967
10312
817
2342
2377
10128
9188
9634
5611
1633
5114
6178
7002
9927
2545
709
473
1282
4973
7247
1245
4276
2284
6058
1844
7322
6905
6634
6807
177
9318
997
2375
9316
1456
2729
4140
8209
4462
5916
7794
657
3441
1979
6060
1339
9664
1861
10622
5522
9595
6292
1887
9671
5133
3420
8595
7440
601
2238
4886
9925
4856
6982
7087
3120
6005
9636
6234
7820
10399
6786
434
6314
5962
8533
2446
7572
7762
703
6485
1869
1335
2400
2801
5509
263
7965
1518
199
5087
3119
1174
2571
1240
510
1012
5008
5826
986
7201
2082
2820
9568
9270
7232
1244
5928
7631
2677
8109
7831
9926
7722
1235
10454
8983
9588
8183
4011
1990
6770
1177
9548
2011
9681
2471
4192
6726
2198
370
1742
3007
5406
4834
5656
8577
3755
7195
9249
7404
8942
5940
7541
7401
3582
2505
1772
7807
569
453
8905
5311
10046
9684
8186
7527
2349
5874
7894
1721
2913
5913
462
4978
6909
4360
5690
543
10457
8064
5337
8430
3335
8471
9769
9509
5900
901
595
8617
3105
8670
4472
8888
3990
2451
3277
8782
6550
4752
8336
2772
4107
4166
4865
1751
6274
1586
5787
7251
8952
151
2986
7343
3079
146
2950
9818
8793
644
1538
899
6309
2266
6217
2334
4412
7756
1348
7746
5280
348
83
1352
8529
896
7748
7192
7635
9153
3929
2637
5113
5354
8997
8165
2816
433
10051
3121
4169
1682
9110
1383
3683
8706
4221
1702
6537
1536
3963
5243
5679
474
2503
9847
141
4253
974
10304
3636
9408
7893
3083
8686
5903
7925
5636
8340
2963
1697
9966
10024
4470
2215
8940
724
9493
6237
3778
1078
8667
6164
699
9520
6267
8646
3302
8084
3161
6836
7035
2264
7415
2200
3406
4417
6710
4038
3817
2539
5316
7233
1419
4707
9119
837
1587
8661
2584
7553
8643
6436
7194
4455
9339
5727
8096
4128
8506
9596
6825
1760
6464
586
9951
7664
8286
7198
5186
5483
6416
8677
1774
6426
7624
5830
7428
2595
2443
2740
4165
1288
9546
4252
9793
5617
3030
1279
7213
5924
8003
4201
2480
3883
5124
5858
5890
7168
5259
9524
10546
123
6455
8573
5701
5049
175
2893
9992
9705
5884
2899
3612
7156
7243
9695
1918
4148
2046
8536
6975
7078
9688
4367
7482
1930
8651
537
8614
8472
9974
403
6170
10550
2937
3575
7480
8442
6695
2917
4669
5695
4817
3880
4261
397
6924
9336
7345
1077
9954
4908
10589
6216
1184
7604
10516
3807
7504
9013
9007
9328
383
575
10398
2944
4554
887
10106
1892
8910
2556
4738
4863
3424
6037
7867
5980
900
229
7143
3149
4142
6754
317
8920
3550
7841
1007
404
1578
5929
10034
5579
5898
10118
9911
2576
7871
4835
1524
6073
5837
298
5544
1666
8189
9026
952
10237
2355
5173
7154
5073
5775
3878
10445
9552
1986
9628
3860
9134
4555
2601
1991
1670
7473
9207
1547
4855
10177
9234
1292
6479
3449
4414
10213
5488
3214
9788
5961
9423
2199
1651
2297
4810
5092
563
6730
6741
3158
10513
8393
10212
8352
6367
5879
6983
2294
8683
5376
6981
6796
975
8019
3709
6946
5358
7447
4251
10342
5779
480
2083
7097
10566
6304
5379
10064
8341
5172
8422
3584
580
4981
3565
1677
5396
5581
8043
7909
4
6085
1817
6614
1214
9330
2550
1308
8543
10329
5633
2298
7212
2175
2410
1603
6669
5548
1148
8883
4423
8313
7550
7034
5612
16
2831
6570
2461
7331
1162
5912
2105
5892
2447
482
8962
864
3051
2424
8707
7151
10535
1793
5119
4501
439
59
5959
3587
7378
5950
8556
8931
7788
3450
6403
10113
2885
7099
10198
6723
2894
6428
6116
5764
2790
7792
692
10476
7502
9454
3072
9543
7319
8827
6450
9869
5622
3793
6664
1976
6197
8005
4406
3682
7448
3207
10317
3343
5215
2614
9051
4268
5536
6410
8946
2481
10421
444
6339
9619
2251
7326
3667
8925
3629
7727
7565
10357
948
2407
2687
3542
5134
9101
7506
6375
3514
9358
9446
9997
10048
6852
755
6431
9131
10249
318
7779
2500
6555
3181
8814
8303
10400
9497
1864
5907
584
463
2041
5218
9311
2945
4459
760
5934
5291
8092
2552
1411
6686
4249
2403
4135
5265
7675
5753
7961
10223
9309
10453
10382
7613
7823
3794
3908
1337
753
9606
5576
7170
10494
122
4616
10344
7742
659
4488
7481
10435
6351
6638
714
6033
1151
3698
5908
4479
4736
4112
8467
7566
8776
6247
2022
10215
1032
3417
2673
6159
5945
7693
1193
5199
8588
6437
3844
120
9323
3934
8272
2731
2123
6316
3271
906
3632
8378
9427
3091
1430
9383
5632
10161
7017
4502
9572
5728
9139
8657
10374
5785
10521
3625
9213
8664
5500
221
1165
2034
362
3392
8014
6001
2510
3434
9433
2815
7864
2367
6356
6411
8039
651
7304
4405
2387
7666
545
2476
6402
5374
108
38
3518
5870
293
8965
8184
9457
7159
3199
4844
3275
5347
7620
7382
2669
7551
7536
7019
630
5431
3593
820
1259
7625
9413
8829
301
3747
10286
5669
6535
4346
4619
10540
2062
5880
5808
9594
4529
1690
1952
2943
10497
5151
6027
3969
8100
9141
5805
2577
5905
8945
4198
3270
8474
9085
6158
7712
2841
9165
9832
1300
7663
3637
9538
4715
3562
1121
1008
9553
5584
8228
7782
10448
4493
4730
5832
4790
454
4445
8094
10176
3879
8846
2488
2592
6086
631
8927
10233
9302
2487
10012
441
1454
2274
411
525
652
9239
3884
2611
9182
1556
6671
9632
7262
1765
9317
8799
7216
739
862
748
1021
5204
3026
4080
8306
1577
9804
3613
4039
3972
7436
1058
9565
9395
3062
4643
10057
5877
3901
8159
1746
4820
9690
6011
6243
9470
6109
10323
10306
6240
3739
4187
979
8805
10092
5873
10578
10481
2697
7386
704
7040
7672
10586
676
4010
6632
10436
9496
2113
6373
3885
1951
7870
450
107
3130
8576
2928
7456
8884
5618
8406
3706
4916
9482
8305
7688
4963
2155
9248
7934
74
3411
1843
7633
4814
4031
7455
2674
1382
5742
7940
10464
6491
8616
7557
7467
9789
9410
9441
960
1747
5388
8638
6692
10378
7858
364
10120
811
6263
3563
5978
2036
3938
2437
6478
10465
4951
2842
9133
9525
8458
4042
6622
2131
2137
10324
3293
7992
4541
9217
8542
4890
1461
6091
2567
1386
4377
8283
8380
9458
6911
4642
8029
3995
10140
988
9105
5726
2604
5687
2244
6395
9702
112
6979
8537
6188
10450
5523
2404
7346
6427
10583
6561
3737
5110
793
3245
408
8412
3569
9014
9068
5032
4089
1769
4806
3745
10038
1673
3936
7094
2210
5735
5515
9836
2860
1010
1041
4008
6189
7669
3024
6100
2752
3573
9584
7575
936
2684
9344
2812
5355
2242
9218
5232
1680
6557
5403
7540
4121
8575
8407
1707
8563
6108
2086
1238
5391
5666
5187
767
5704
3832
5029
8904
1207
4050
7542
3877
10504
527
7626
6383
672
3170
7857
8020
2007
6972
3627
10591
3320
6574
8381
9617
9265
9388
2783
4079
5039
6174
9706
524
6102
5675
1402
2191
10219
5438
6168
3414
5254
8351
2972
4841
6077
8996
2620
2280
8674
7735
1949
4136
9508
7096
7062
9404
1628
5306
9364
7516
2707
4651
259
512
147
1833
9229
10483
576
4029
9005
6933
2613
9312
7458
7327
5098
4464
6093
2835
8423
2649
1069
7370
3818
10083
3097
7433
10422
2222
1391
10073
3404
9919
9463
9488
5801
2388
944
5380
1475
10489
5543
8960
9787
7171
1024
9035
9701
10488
1345
8928
3156
6345
4206
2075
5919
6296
4728
4661
5015
6835
10389
3322
4679
7043
10211
5949
3437
4910
2321
3930
2462
1191
5965
4857
9957
6165
7743
6393
7588
1762
10601
6382
8058
5007
393
6762
2194
9638
9942
3729
5757
5766
10554
9126
1303
1685
1164
715
9600
1711
191
7392
10170
2143
1074
8255
8045
9521
2293
3690
2882
8936
9873
7539
6365
9953
9856
7211
4235
562
1736
472
6893
7512
3494
1014
955
4591
5417
9210
1264
8566
9267
4615
7493
10060
8161
3898
5922
1972
868
9299
2954
82
9971
722
8505
1464
7958
5964
9320
2824
9043
1940
1442
424
3463
2692
5786
208
2946
9507
3368
6466
6065
1569
9530
10412
3517
2870
8745
4521
7579
7164
4879
4019
4122
256
9888
7032
3486
2845
8541
3717
5020
970
476
4316
5562
7344
3363
20
874
1888
7023
1137
7437
1496
36
9434
2908
3485
2798
503
629
1376
9145
1285
9175
8409
2271
8609
4180
5442
497
10551
10097
5910
9181
7614
783
2045
5478
3615
6704
3527
10126
4098
1794
2001
4380
5709
5248
9052
5558
8274
4953
5623
3911
10480
1407
148
2980
1939
9067
2364
9300
5161
8550
2389
3991
2101
5871
3076
10148
10407
4611
6826
6556
553
7293
5718
2490
8241
9908
265
4471
8892
6518
3785
8099
7479
3014
6003
7647
8779
6118
4826
8069
9376
1295
796
5514
1234
5283
1277
1267
5213
240
3308
8429
9962
9117
5850
6212
4993
8777
2615
9495
7285
395
2125
4383
10070
6279
10023
737
1317
5070
8613
1428
4161
313
8216
2579
777
2975
5582
740
1841
4358
76
302
2600
961
7637
9279
907
1947
1002
7330
9981
8333
7278
939
9308
4484
3801
7271
6709
1606
8257
94
9054
1187
10319
5357
2027
4708
962
8663
8420
1421
3032
2737
2715
3865
7018
10201
3377
174
2325
4838
3408
6977
8863
6877
9473
7690
1445
4659
1911
6080
4828
3133
8876
9001
6226
10581
2140
10262
2329
5268
8156
1975
7234
815
1897
8181
4304
9527
3123
391
2189
5942
9640
9019
468
3917
2295
9146
8151
1269
1906
3809
4302
6736
6290
4888
7489
9988
4620
7750
2778
7839
711
1808
5774
4994
9104
5323
4365
6688
8485
10105
2445
9740
3719
4544
6031
6660
9257
1254
6186
1957
9878
7729
728
3215
6885
4391
3979
5229
1539
5318
10413
4278
6651
7903
3015
9155
10297
9477
7929
990
4952
2969
1435
8851
10142
9537
5876
1180
213
6775
7110
7511
10164
2930
6728
8139
2235
3940
3928
582
7161
932
8975
7372
10188
9340
6867
9390
6890
9686
2259
6177
674
10592
8955
1653
880
7656
1559
5591
2333
1106
6412
7498
1805
2289
1701
4431
5236
9666
3376
3395
490
9368
8511
8726
2196
89
7819
8626
7450
4958
6056
105
2263
9306
4749
8701
2755
6487
1080
1096
10029
3505
1477
10362
7286
4294
8356
2858
852
5089
10005
2315
8917
3915
8009
4991
5386
8889
3909
1409
9780
8982
9260
2796
6912
8288
9592
8734
10217
2527
4949
2305
6198
808
3232
7969
3858
1970
4178
9819
1720
7165
5551
530
8796
4023
6405
5530
8298
3033
1340
9246
3998
1438
47
2511
2416
2017
9465
2362
9290
4444
705
4307
4577
4602
7600
9077
3547
5746
8397
7020
487
6817
4345
6173
3712
9597
9903
2748
1463
6667
8602
6134
3425
8250
9762
1390
8587
4897
5401
4995
9574
4511
6190
668
9893
7390
6327
10014
3918
3367
10094
6025
9163
8224
5595
9833
1634
4227
8859
4576
5182
3451
10534
9585
1743
8243
8238
4474
1822
5476
3068
1192
3722
6886
9621
7354
9369
4762
10321
5812
1108
6510
4195
528
6594
5263
4610
2227
690
4700
814
561
2667
9020
10252
4286
8052
5288
7967
2688
6838
10250
9843
9601
7075
8291
4326
1996
8785
10138
5620
7393
10415
7189
4176
5079
8875
3004
7358
3854
5059
4191
9297
68
3150
9334
1508
5393
5770
4767
2136
6892
8297
4996
9683
3781
5258
3555
9259
5547
5927
8082
8637
8275
2245
2009
5526
8760
1323
5188
8366
2435
7700
10512
7703
2775
7432
983
5986
967
7056
6230
2482
7299
771
3620
10001
3913
1107
8675
8741
5511
9286
8895
5095
8685
3306
336
2974
7131
4775
6362
8050
134
4516
5643
8729
3836
2606
8093
7307
2528
8948
412
720
4761
1459
3326
8300
10582
1001
8022
8599
7162
883
165
7377
7914
8687
6986
4528
8071
560
7843
1287
8385
6984
96
10238
1099
3034
838
3052
656
3507
2425
9349
8915
3455
2992
4919
7280
7410
3152
8552
4532
8252
4750
9173
8201
2773
7093
694
7117
184
7160
8253
923
4026
628
3471
6113
5795
6656
10335
8586
8765
4440
2630
6539
918
9700
3699
5057
3198
6141
8645
8056
1127
606
7077
2959
3169
4531
1140
9382
4349
5602
5361
5429
9298
3009
6646
5001
3782
10526
8457
5999
4685
4710
9955
881
9670
723
1764
2934
10298
4035
9894
7186
1220
8548
2695
9757
7500
4002
9056
5594
3579
9228
506
9867
2050
2061
8662
6136
4757
5971
926
1954
1771
5175
6324
7920
1395
8426
6153
3081
2455
1284
2249
9167
7005
8051
7599
440
7904
9917
3102
4338
1063
2335
10180
1131
4375
3708
7039
3733
8862
9858
5769
4739
5804
4979
7207
7048
4917
2853
6083
1484
7325
2151
3459
3956
5846
5661
235
10300
8160
511
2575
244
7899
1004
3053
6378
8349
142
9612
2130
5292
8312
4698
1381
9447
1803
8450
5849
3197
5621
4012
5700
8392
6543
2530
484
5817
5893
1363
4586
8365
3200
7827
4932
2468
1766
8497
4232
3092
6724
5146
7677
375
7521
585
1013
5435
7421
9416
9720
1114
873
2356
3325
8989
5289
5596
10395
7520
10291
5180
8582
996
5328
8149
3402
10628
599
1790
2428
9714
2642
9990
10452
4099
6048
1519
2587
4337
5802
9812
1067
813
6610
646
7061
5244
4396
9746
8371
7979
6974
236
1553
6891
2652
3533
1907
9370
8060
7418
9760
9120
3868
10626
1016
7595
8894
6554
1450
4792
5269
3144
4639
3694
4416
10010
9296
3548
4298
10267
3249
6342
10173
6121
2557
2479
10347
786
7960
10404
3744
6311
3208
6407
622
10423
7995
7790
8837
5408
5665
373
6810
2039
2767
8
2208
3115
6166
557
2326
1495
8520
4200
1925
4424
7897
6678
6864
7323
9745
9504
1929
6193
9586
9535
4860
5043
3483
3718
591
4729
8650
502
5883
7546
9111
327
2126
1752
8103
5791
4231
3280
6873
6442
9057
2671
8270
8304
4892
1196
8909
6389
884
5156
2962
5150
3937
1708
3355
6137
1026
7310
7696
7411
3059
4883
4217
6938
9074
54
2411
9042
1968
5931
3047
3186
3732
6604
9517
10303
169
8421
8804
6008
2496
867
993
3828
7465
5349
6181
7597
4871
6756
1334
8615
2421
4400
5149
10043
3887
6629
5761
10152
4144
6915
8579
10541
794
4188
6966
8668
3824
2004
4303
8127
1600
3077
7818
2890
9518
4387
7452
4769
6211
891
4270
5405
2542
947
8824
8817
1973
5758
2931
8606
10570
8941
8342
6468
10356
5412
10290
9644
1885
1859
7978
272
9351
4983
4341
9794
7718
10337
1044
5597
7724
9861
2047
8584
6855
2746
6662
6707
6925
6440
3768
9560
1134
9357
7267
