5124
5408
1480
2086
9685
4622
9783
8166
4716
7990
8036
8672
1884
6787
6314
1864
3725
6819
1498
7929
7645
1191
8813
4676
5832
8302
7242
5533
5430
1176
7395
2207
3031
4120
10298
8982
2696
8873
4618
1045
2261
7789
3686
2983
10338
7200
9757
1443
248
8146
2059
9997
4318
6353
6475
4522
4542
3964
6341
1182
4010
4100
7416
7388
734
4642
8254
3277
10503
889
9303
7782
9541
9038
1511
8532
3268
10184
2082
4759
1080
2352
5440
6878
10327
8051
2418
4205
27
5432
3588
8707
5511
9912
2279
5027
226
6925
1532
8287
10129
8753
2700
5793
6096
3528
2828
2187
572
1463
822
865
7492
7090
6358
5925
2347
10126
5215
1249
975
8102
2068
2609
9984
7019
393
5500
846
8060
10279
5055
5790
5476
294
9248
3163
4806
3168
3775
1833
1732
5233
9521
2195
7457
7315
2317
9979
1296
4387
1074
5499
3916
4617
7612
4998
6824
2882
4517
8534
3682
1031
9612
411
1502
6081
6283
1357
9505
6977
3307
722
7603
3334
5174
5924
1214
1518
270
1574
1640
5396
2063
1271
3773
8179
4247
7158
2115
9036
4433
8163
3552
2362
7945
897
9755
10470
1408
653
6064
7740
9742
115
1267
2745
4808
7954
9689
5391
4378
7498
9564
10465
8114
493
1375
7924
3116
8603
1577
8666
7267
2720
9151
3404
2584
2178
7726
7188
10024
1564
9287
6733
90
5554
10554
1585
9898
3131
7746
8350
4185
5915
10029
4187
8310
3887
8918
9593
2444
3898
7456
7982
2285
3350
5582
10170
9439
6569
8920
7621
1957
4105
8664
2112
8195
10
3724
388
4423
2850
4802
4331
7054
3607
9413
344
4174
3995
3364
6119
4256
5812
1165
5329
2901
6669
205
616
5006
4754
6781
3494
2616
3564
5822
4539
5678
3761
7911
3748
4956
1170
6147
5513
9885
7501
417
5665
1829
2724
1611
6220
431
10314
614
1209
8579
8919
4388
8810
3583
6662
2167
4855
157
4657
6550
9506
6113
2391
9582
9062
2366
10123
3784
906
6448
7337
9502
9731
7338
8382
4718
8316
8187
9893
2967
6014
9598
3471
10016
8231
7204
5600
8399
1983
3274
7695
5710
2522
4473
8080
7290
8216
9159
551
888
5082
1425
3281
4273
5427
9215
6469
359
3693
8576
61
5352
8687
2746
10080
2344
2879
2377
3002
10000
9996
1082
6973
4574
3209
5190
2000
3138
9071
7816
8705
1261
10052
9860
5380
9672
2997
10542
1030
9297
7336
3750
8281
2729
944
4948
6068
6079
1817
698
3016
6739
2127
5729
6176
6210
643
5232
4299
5180
2926
126
2142
387
2793
7330
9364
6118
1808
8133
699
8022
4714
7251
8833
7627
8996
2114
2254
4728
9104
165
7785
3318
8958
6329
4816
3720
798
4892
4195
10565
9094
34
5142
6429
20
7229
6347
6845
3546
9865
7880
4382
8638
1145
8334
2870
1018
3476
9371
465
6759
5384
10125
9437
10333
7637
7888
6048
8990
1011
3265
8490
291
9172
4170
2599
5148
2846
8643
4836
6551
1259
7503
4458
4486
6737
8906
4288
5261
7398
7992
10581
8745
238
4938
5748
6897
8525
5197
2733
3372
747
5289
4240
8264
3294
4428
4377
487
9917
3315
5243
3937
7192
997
9676
6981
2579
9099
2163
3940
1709
8314
3092
2121
9628
3466
10192
7322
396
1720
3259
7268
8587
10208
10484
1769
9583
4913
10095
10157
3446
4064
180
5036
5086
2355
706
6599
1318
844
5995
5132
8839
1229
2670
9572
8659
3874
10002
1308
5196
1002
8250
5562
5415
1284
1784
212
5188
9386
6918
5855
1807
9988
4030
8218
3329
8307
4940
2590
4311
6165
10492
8210
7413
2679
1058
7203
9075
1651
8408
4520
5728
7901
3567
6148
8798
4561
3389
6212
1717
2098
1352
9642
285
8324
7737
1310
5656
1854
7417
9555
3517
3753
7480
680
3811
9686
5387
4285
1742
8366
1867
3787
8593
2455
6592
309
6018
8580
7081
8167
900
9629
5806
4265
3824
4446
7218
5664
6666
6726
9085
5477
5234
2539
130
816
841
6384
5589
288
9624
7022
5929
10552
2308
6169
1729
3827
2404
5131
3760
7087
536
9728
5746
1358
7073
5561
9000
9353
711
2893
2711
9511
2510
7553
1096
2002
6771
7994
3019
2215
8164
1464
8535
2587
1947
9991
590
8811
912
4376
4527
10553
674
3441
2253
2776
9707
9180
6698
496
3692
2565
2564
4974
334
4277
4640
2842
2106
3122
8795
3981
4812
2925
10318
4960
740
6053
4044
4972
1921
883
5444
1111
153
7510
2008
8878
1084
3361
9613
7809
8738
645
7978
10009
96
5691
3352
123
10616
7040
5753
10287
9674
5984
4632
8652
5602
2263
6957
5338
5921
1499
2544
8032
6884
4684
1998
5537
7258
5370
2390
9236
7275
7035
7573
4961
8746
6474
10600
7409
8356
6356
6595
7076
914
4598
3262
7177
1862
7991
4427
5752
3081
2268
9752
9550
10360
1269
2553
7781
4228
2763
3199
5848
5437
4371
2281
725
562
7265
3336
3967
1344
7898
208
3560
10538
9712
10560
4463
8973
1602
187
4722
2617
8631
10035
8975
5420
458
5164
7298
8674
9522
4241
1643
4243
7709
9082
7062
1937
5117
890
1685
657
2838
7496
6019
8110
3908
4310
8988
3399
5992
1939
10290
4585
6559
8589
9809
2090
9115
5069
4928
4001
1289
8771
6425
3665
6933
4254
9972
8301
5903
1033
6647
3172
10521
2212
3435
1636
9191
10190
7370
10620
2245
4715
1526
3145
3794
7365
6814
10160
1916
2814
4176
2365
4115
3801
2452
9847
9976
6385
9414
7060
10455
6451
8299
446
5994
907
10379
2630
5091
2174
1036
2902
2157
8023
2451
8039
284
1888
2709
280
10164
952
1370
8764
8554
4550
10466
8865
7404
10533
8251
5879
9281
2302
2408
6519
1698
8162
7470
7854
820
1654
2102
8774
7608
7521
4534
7545
1001
2817
3920
4142
468
451
5507
1620
10334
6395
9227
4682
2909
1236
3383
3837
664
10295
6952
6932
4402
6846
10244
6885
5988
5797
2905
127
760
2469
8075
7378
7392
9855
9577
8143
932
1800
2639
6753
2766
5817
8056
6980
8380
10142
4623
2880
6852
4027
499
5501
6540
8633
6557
3800
3115
5353
7668
7219
675
2138
4548
254
584
3532
1738
7797
10413
6939
2131
7098
474
10598
9950
9096
8099
8237
2889
9019
1331
4300
2166
4883
3868
2038
10376
7271
9595
1914
3799
340
3499
2963
6873
3919
9643
7946
2091
5285
7012
1245
837
1999
2024
6866
54
4696
9234
3186
767
1894
8506
8706
9547
9397
9524
10606
1889
10099
3059
7222
4026
5246
4770
5907
7634
714
395
6247
6668
8225
4873
4092
4933
9389
466
6893
4456
2796
7764
3790
3216
6969
3618
2363
2231
5683
10615
2830
3258
241
2076
8414
5414
5031
3004
2421
2511
8645
8763
8130
828
678
6348
7697
7269
2065
881
9999
9482
3807
8688
1571
3239
5456
9174
9596
6480
10272
9276
8400
9092
6309
594
8145
6149
10004
4935
5949
2687
9764
8756
6249
1321
4438
4280
839
6832
1028
4097
1635
513
5161
6905
5809
9156
362
609
886
9035
350
7873
10205
8492
3450
10414
6872
7405
2762
10313
1739
9275
7371
9009
3613
8808
4734
1601
5328
1599
2752
8057
8739
1681
1637
3852
9426
1385
3883
6635
3084
9144
6164
2134
2375
9341
8819
3556
554
2537
7579
4462
9630
9209
7558
3914
776
8186
2247
9794
142
7996
5685
2673
3105
1049
9509
5452
3621
4757
4881
8431
8423
9927
1655
3156
9117
718
7551
5431
6415
5216
10416
1299
9216
6135
5983
8418
8134
7983
3106
5070
6109
2095
8012
297
1205
2581
4302
5626
2198
3579
7874
2244
9981
5062
5529
6129
1731
7664
3069
2046
473
10589
4562
8605
6608
8181
9906
8031
9500
7919
4214
274
1178
10280
1169
1415
8065
931
8325
1984
8222
10159
6387
7168
2612
9788
7348
4572
5112
2601
3954
8463
2267
10018
5120
6016
9495
7089
1809
10426
9923
8793
5231
1662
4953
9975
9329
3388
1938
998
3339
60
8403
3134
3563
5609
9378
2255
10284
1297
1859
515
6881
5372
9902
10356
6571
2797
3531
8006
22
7217
7156
5085
9110
6318
7057
8805
2340
7923
1166
1912
3477
2410
6100
5488
1765
5842
6465
6522
2862
2092
9770
5401
2201
2736
1100
9456
2625
5524
6277
2765
7323
7239
10624
3284
597
3390
3721
2996
9367
2604
9542
4560
6250
10316
838
3866
10161
1140
432
5723
10146
10234
304
1019
4079
9199
6691
5891
5116
6582
8202
3478
8117
139
3286
3225
4709
4282
6205
8196
7426
7458
2631
8190
6589
4814
1027
8758
4181
6901
7147
7212
6114
1591
10103
3439
7999
9153
6017
461
2543
266
4145
8321
5660
2144
4627
8861
5223
7015
7091
1793
8383
6483
4530
1024
3706
199
7656
2284
10090
3993
8931
4983
1393
6906
8238
6983
4850
4658
3980
6708
5048
10188
5061
8618
8606
970
9695
4326
3771
5506
696
8902
9633
1362
5982
3808
1934
8079
1311
7562
1072
4510
8859
5564
7438
1257
6374
8168
5201
7701
3501
9097
3100
4237
1911
4068
9833
494
10236
6631
9738
4460
8933
8270
4047
3438
1227
1324
3312
4351
8928
1570
10439
6132
9538
9133
8379
5829
3703
827
3752
3573
9882
10101
4619
1805
3971
6686
4567
665
7605
8175
978
7459
8823
5319
2401
10131
7544
8450
10629
4535
4872
8255
9786
4200
8824
8900
9977
9139
5963
7900
6690
3029
3523
2857
1458
4491
5742
8828
1776
6610
6293
4245
982
4871
6499
6641
7594
5169
10220
5447
2518
2646
8322
7075
8121
3171
10014
6604
9785
656
5276
1254
6808
2638
6163
7986
8361
2825
1837
6370
8268
3611
8088
7484
8242
10574
9606
9124
9557
7234
6500
10460
4488
9842
8496
10233
6323
7679
8803
6213
5344
3699
6930
15
866
933
719
3946
3000
2962
5312
6070
4303
3303
8456
5606
500
5351
1974
391
9804
2083
3658
2659
6408
8416
10556
1371
4810
9288
10153
8971
5917
9846
7231
4637
7788
1341
4305
9825
8857
7199
5900
1181
10286
7041
6731
5843
6308
8831
8093
479
1097
9375
863
6336
7730
7625
7024
3901
10350
5839
638
5359
253
8715
6998
4904
46
6398
4213
3250
1238
1810
9765
6776
337
3111
4003
7755
2824
4391
1952
4824
8634
3973
6804
4367
363
7578
9900
9202
1948
7792
7000
8992
9553
202
2199
8494
7648
4421
6953
5209
3729
9318
5129
450
3925
10194
1283
6168
2534
9769
441
440
5911
4655
7526
1211
4360
8280
87
524
1785
10613
2839
6076
636
2668
5854
9111
2213
3120
4101
9122
8174
8122
5465
1190
9987
9901
10034
5453
2813
9368
6428
4858
10380
9632
8384
4451
10399
9715
5785
9876
1697
8907
1905
2202
3449
1109
3433
2479
2822
7863
9670
6273
275
955
3542
8373
2810
2626
6987
9189
3151
8078
6103
3354
8180
1179
8700
773
8345
6471
9617
6570
5508
10457
2800
7998
1485
7305
8098
3011
7732
6985
3194
4278
10268
3217
9556
8911
6533
9477
7786
4362
5936
3945
1306
1436
6875
483
3349
6854
9599
6964
4121
5567
8744
4489
10412
9340
462
164
8516
4353
3595
9291
6394
8374
5479
9070
10482
8818
2341
3572
8158
3815
1822
5940
8191
10402
8297
2782
7448
6157
5700
4289
2853
10077
4149
382
7962
2394
2658
9333
9196
10051
8387
5669
7977
9962
2235
1944
9610
105
10349
10169
5497
5017
9805
5204
8842
5358
478
4838
757
9392
3539
2041
9024
1950
9306
1961
2218
378
5945
9268
19
5548
10411
2841
6871
232
6417
2708
1524
5105
769
5409
333
4951
7214
4267
2560
6723
8298
4471
5515
6536
321
639
400
10452
4777
9775
9540
2277
1411
3836
6490
1782
781
7591
2672
6432
9350
9312
2883
3705
1453
6919
7690
9283
8096
5293
8207
4982
9635
579
7535
10141
1533
2057
6009
1964
1077
7818
5419
7987
5239
670
7882
2186
459
186
3392
3939
10332
9319
1327
9200
4211
3431
8608
10032
3571
1621
5645
5518
9704
10398
9021
6376
166
7981
6482
5547
10088
9245
10186
9656
1052
851
7742
6209
7394
7070
9690
1333
7399
5525
1152
3540
4791
1039
507
1388
9718
5210
2258
2774
7700
3025
3374
7554
3304
3146
2380
3173
3443
3214
7045
8390
1219
1677
1403
10227
4405
66
2054
1622
1975
207
4929
4833
6326
1981
5980
10264
10328
5587
4853
7288
2480
7529
756
6789
7048
9949
5736
5481
2303
7432
8573
7342
7566
10479
6962
7127
6495
3358
6646
5601
5406
5421
573
9173
6915
136
1156
4817
8445
2009
4887
5057
10403
5176
9648
4597
9952
611
5010
788
3368
9028
3798
5653
4775
5058
5213
8981
9106
2778
2799
2321
1354
2915
5827
8249
9486
8318
469
3140
8149
10031
3816
8507
4950
7175
5686
5468
4495
2110
823
8348
5522
9932
2914
4364
2613
5375
602
7386
6732
8487
178
6315
3202
4271
10263
8841
426
4368
5343
10370
1295
2265
5002
320
5417
9591
5024
9897
3033
3188
1104
8335
1705
8007
2627
4968
10362
3482
3553
6239
8953
9086
6928
5150
1558
134
6040
4191
6758
3519
5451
2402
7509
5814
3421
3902
3828
7360
4633
8360
508
2798
7515
9653
6004
323
4841
10156
3507
8655
5887
9558
4557
4513
8729
3670
10128
271
4602
1704
7513
10109
8817
2336
5350
813
6252
5151
8616
5677
5928
4259
8650
9480
7422
8041
9048
5281
5230
8170
553
10342
6196
10229
9270
5355
72
6929
8083
7892
1248
10472
2695
6972
8801
8397
2974
2788
9140
5699
7439
8802
9921
2831
1032
1783
1880
9971
2836
5320
10124
3054
7047
86
2154
10540
7228
10501
9501
7641
6572
5527
3702
749
7180
97
1958
7851
4797
5398
7489
4738
3929
1682
8851
3224
2900
5439
3616
4066
7031
3489
4801
9827
3228
8714
9339
5964
5773
6642
658
700
10041
6713
7304
424
5460
2384
2099
1492
4849
1471
9667
374
797
1893
228
5475
379
3071
4647
9311
1735
5711
8126
10573
5862
5841
4541
1186
7152
5968
533
9443
10474
3295
8838
9460
3825
4546
45
8583
4233
4063
10512
1400
137
7935
6797
6297
6201
8193
2603
6658
1268
1721
2837
3923
7356
5534
8037
5278
10359
9029
5920
6627
8028
2692
1978
4298
2332
7280
4006
3160
1845
4180
2858
7889
227
9649
2845
3955
457
8214
9570
10410
6902
1315
8245
2976
1363
1767
4805
8465
8980
98
2951
7913
5808
4650
10562
5674
2323
5015
6501
3660
6547
4898
4323
261
4885
1139
385
9602
621
1014
5166
3321
3485
8531
943
9703
8585
1501
3164
1545
3566
4803
6941
4815
7581
1347
5286
3822
2506
1350
8641
6800
9891
4762
4023
2826
712
6652
7397
2429
6950
1757
4994
7270
4736
3430
1840
2221
8691
937
2832
5325
9102
2435
9531
735
7112
3198
4126
3096
1292
8735
746
5872
1047
5912
7451
2116
3871
9011
6406
2400
5263
8792
8932
2675
79
10602
2419
3139
6816
1506
1373
6630
8262
3057
1086
9359
4740
8010
3933
2949
9956
8644
3851
10276
8354
6749
6012
2514
825
2756
6208
4443
6523
7841
308
4429
1919
6651
3227
7475
7665
2358
1346
307
4880
9031
1070
2508
4782
5675
2428
3910
6751
6046
3101
8331
6498
5224
3580
1120
4016
7979
5492
5870
10093
6978
3046
2141
7791
9116
439
3269
5610
5446
4978
10242
9186
2501
437
1959
4876
1658
10273
3576
5824
9221
9639
9327
2894
1994
1520
9325
5819
1935
8201
7316
3083
8054
2644
10388
4234
6391
4559
9381
3327
119
4104
6047
10502
6855
10473
5026
9018
581
4939
3656
723
2787
10377
2550
50
7870
3817
1589
149
9696
9052
1452
1537
3010
2730
5487
2250
6416
7198
7622
9461
7341
819
8257
9262
9462
4733
6262
4625
5159
3565
3338
8956
44
6959
10211
8826
3856
6628
4921
3064
6072
9772
6590
849
2020
7813
8513
7866
5767
6189
4916
8843
7661
4970
5985
3219
1322
9425
8876
4086
4297
8395
8138
8108
10288
5989
9422
10371
9793
1726
1583
2301
8866
709
1774
282
8966
8720
3857
4264
3391
7666
3078
6830
8378
7021
543
848
4851
593
7197
1412
1858
5543
7004
2081
7126
3085
2753
3623
3842
7488
1428
1215
9713
9348
4449
3602
5083
3661
2789
7412
4032
4596
3911
10453
8523
1430
2012
3698
3869
3021
5621
10058
6443
5595
4980
1536
7191
5655
7445
9113
7807
6911
1562
5317
4947
7162
4993
7014
979
6174
6022
5125
6970
1924
858
10231
4971
4072
1320
3888
10528
2723
2266
2070
10592
429
2685
352
4275
9047
5200
6755
7638
8468
7119
6056
5976
5726
2545
4422
10308
1744
7429
6066
7540
1936
3834
1666
9951
9856
2495
6556
7253
7905
5334
9296
1828
3893
10431
3976
4118
3457
5884
7504
4691
1399
198
2535
1171
7606
6829
2531
4589
2667
8045
7836
9836
6002
366
4480
4671
4946
9420
9773
6613
3379
3238
6092
7814
5072
10329
6427
8027
5270
6809
2649
2966
9799
9470
1552
418
1897
2259
3839
7955
1085
8964
2052
801
7577
4569
7617
2795
3410
7722
3423
2223
9573
1988
4662
4895
6921
7733
2225
5040
4169
1168
6458
7223
4764
7206
7364
3853
1830
1942
7632
8836
9813
7752
9607
6328
9848
10391
8596
2694
9217
7613
2016
73
9600
7958
5769
3414
743
7169
9171
10321
8797
5801
7182
1141
1474
1098
4927
10352
7111
5583
9198
8722
1342
273
9338
8889
3378
2636
10322
10020
8689
255
6026
1089
3271
2111
5572
724
4894
5181
1607
9163
74
2338
1649
1701
1966
4981
956
575
9780
3310
4579
2446
4070
8021
1943
8355
1242
2653
1675
5991
3
1222
5084
742
9727
7570
4909
6142
1512
3730
10311
1212
9321
7825
9563
7478
6567
4986
95
9567
7383
2662
915
5643
9388
5591
6089
5707
9060
2369
361
4661
2290
8421
8678
88
10324
9734
6744
5011
6937
1811
1917
3520
1478
4846
5335
6997
5472
9042
7132
7461
4942
8727
633
3174
4604
10210
3687
6367
5376
1457
5892
1598
1712
10525
5670
2248
6042
7085
10143
2372
6133
544
4536
6945
8623
7685
8566
6059
7547
3814
8680
1497
3232
1353
6663
5262
2486
354
3013
6653
634
4958
7208
4719
8017
1195
9797
3246
4448
3017
9382
4768
9409
768
9203
1883
3066
3415
5128
2833
5791
9523
8695
8246
1197
9360
156
10015
9087
10469
10384
1314
4693
2125
33
9358
9233
6063
2124
9267
8892
1775
9636
6392
2087
8107
4082
7517
2411
9154
3075
1951
4394
3425
1727
6990
3622
3306
2856
5642
5236
9515
6320
2950
10140
9317
10172
6566
3515
6544
6422
3785
10580
7273
6507
1189
5393
8564
2718
1838
5540
7837
8340
1890
5402
7209
6299
705
6617
2944
5090
7953
5035
4780
2033
3821
6989
2445
9993
3927
1000
4014
6860
2978
2293
8657
7428
2783
8935
6511
6988
10130
6195
6085
3766
2876
1932
984
7425
3061
4554
4987
9852
10518
7765
1508
8969
9016
7599
6761
3037
6330
7993
9730
3255
1730
9866
2572
7447
1201
10612
6960
2981
4346
9549
1860
3707
4603
4706
3782
6447
8944
9054
5268
3841
7817
4244
8388
1664
9254
1409
4350
3223
9609
6958
9147
6543
7066
2498
9474
4818
4919
28
4096
8176
4286
2743
3285
8074
502
4062
9415
9904
1210
10096
1460
3363
9878
4859
5813
1778
3935
368
9843
7980
4374
4398
9958
6456
9491
8923
2815
10337
9077
2271
6748
3459
4359
8391
5692
122
7358
8402
6401
4999
6242
7784
8178
9064
6664
745
2552
8236
3600
9806
6951
7997
2562
181
3803
318
5094
1821
3397
5012
1781
4248
5473
2324
5834
1799
8509
3193
2280
5510
2327
681
708
2120
3342
9864
5867
1013
8976
8875
8129
2988
3150
5092
1551
7952
6054
7878
2069
4143
7329
2180
6270
3960
4218
9395
4492
6439
854
9905
2803
2078
6143
8136
7654
6379
6727
218
4861
6029
3456
5569
748
3715
10238
10486
9342
9160
4755
9980
8203
782
5663
10207
4347
8184
1384
4161
7328
2542
5054
1230
8661
676
4677
2216
7512
7092
537
6704
2755
7357
8001
10137
1671
1303
9006
5490
2026
10494
7598
5141
9373
2434
6785
6421
3076
4354
5658
7321
6237
5033
8165
10487
7032
2802
5093
3153
7396
934
8610
8144
4015
5156
6788
6300
4209
4973
8073
8295
3282
6202
6909
7642
7077
1196
7840
4033
8124
8989
7803
901
4624
7335
5682
10463
917
290
9895
7196
8577
4724
10061
7083
5749
6020
435
9716
7046
1187
672
1183
571
7633
5257
6476
3189
1663
8773
965
4434
877
7584
237
10618
8594
4601
360
8621
1124
5222
2528
7030
3591
173
3848
7408
9432
3974
795
209
8159
2392
7597
6949
9837
6161
4685
3652
3130
1768
4746
3634
4450
10516
3626
7424
903
1459
3673
2987
5121
8446
3968
5913
946
9673
3288
9324
817
7230
4283
6349
9231
1334
5693
1232
2094
7093
9894
7891
7347
6253
1885
5259
2647
9657
4403
4683
3962
1134
3577
1631
7761
5627
1875
8723
7572
9579
10404
5730
4184
668
4710
2688
8389
9468
4410
7861
5890
5471
364
2903
9671
7646
75
2919
9588
10462
942
9142
5750
963
2274
9605
6383
6099
6136
1920
501
2040
7145
9259
9416
6000
6521
3473
8785
2453
10189
5106
2918
10149
9545
1326
1751
9777
1126
8033
3992
10253
2875
1967
410
2165
10116
895
550
8371
1061
8815
10259
8042
10628
223
6298
7569
8109
490
4466
5725
2721
7899
5820
4832
666
929
5008
1208
5256
2047
397
1199
189
3108
10430
10582
6489
2990
3646
7449
2610
1438
25
6796
4819
2827
1389
5480
1760
10446
7061
5559
9700
8586
5302
1225
10167
8669
10135
10005
314
3300
8625
1451
10493
4292
7299
5739
1490
5340
6724
6943
7410
10478
8812
4811
5646
2179
3525
7274
534
10245
3314
6967
4952
1887
4695
3913
6625
10381
7675
1067
6352
2251
2651
807
3152
5303
5178
6485
3820
2497
4609
3453
3926
1642
9559
7773
1971
6591
1398
7122
3765
3558
10195
8142
6765
2818
1228
2854
5096
7103
5557
10183
4673
5689
835
8401
6325
3641
5337
3805
2135
9771
6106
5405
6052
48
1481
5549
1302
1309
7189
7932
3035
10476
6350
4201
811
717
1439
6963
2716
339
2269
4235
7427
7881
10437
107
9776
10441
1006
6444
5931
8411
2145
7296
8358
5060
93
2492
5144
5194
873
8755
2945
2861
8353
8961
2085
8206
1814
10225
5205
8432
3175
7985
1064
3755
9566
8615
4461
4717
380
9005
2699
8444
7116
6023
1258
7721
367
125
9014
8104
1479
9820
488
5331
4131
4045
7589
3102
1441
1554
1561
8309
1319
5705
3941
1477
4615
4210
8800
6455
5435
9205
9101
8256
7082
472
8724
1383
3221
641
7601
5318
43
5740
8822
455
3823
920
8267
8394
6840
1281
10297
4600
4035
7966
3278
4083
9520
1173
40
3555
4630
10306
10423
8116
6510
3845
4761
6179
6864
8156
3746
647
10417
4366
9792
8477
8891
7971
512
8784
3763
4216
9494
6166
10106
3191
6291
7575
9597
3464
7536
9699
1741
1941
2547
9274
2660
10458
8574
8368
1987
6024
7839
737
880
588
4643
8867
5311
9448
377
2305
10389
2524
6706
5596
7471
7029
9930
5532
2735
9913
3581
1329
6094
1787
4860
5553
1674
2203
2325
2473
3385
1644
6586
5288
6720
10092
5523
8419
7141
1475
3293
8430
2922
6649
688
430
8598
5498
10110
2003
133
7815
5192
8699
6966
703
7446
8921
6321
9733
10454
6863
1791
245
7711
4137
815
8094
10030
3263
6453
9744
8106
8754
3387
6542
1969
1088
8542
1071
3491
8940
5149
5211
8934
9735
4483
10607
6857
4678
10575
3963
3432
882
9709
2139
4034
8898
556
3714
6769
662
3768
10044
3521
10420
10572
6841
4878
4966
6780
8752
4125
8637
3514
10162
5792
1041
3429
8787
2214
7202
2864
1073
812
5794
9403
4556
2707
2748
1780
5836
4663
7009
6496
10504
8286
9299
10432
5777
6805
9594
8072
6461
10094
3592
6762
1136
9884
3007
3638
2725
8761
4
6710
7389
6228
5184
1891
4147
1155
1470
8500
977
6880
1708
7124
6791
694
2656
2123
9051
4735
9396
4648
2487
3928
739
8131
4295
7384
2133
9622
3053
2717
9724
1255
7069
4452
3545
4681
3382
7502
1423
4009
7559
6233
5779
7731
9589
10373
8698
6128
9255
7984
7943
8762
4555
8575
4977
447
8693
8630
6287
4050
1103
6431
10586
2431
9168
5631
63
2896
6672
762
7431
10611
541
4874
4476
9025
7176
7734
2491
4332
9562
587
10177
1980
4307
5625
4220
2276
2312
9183
9661
6709
4440
5051
4538
8352
5225
6194
7960
1469
1462
504
6837
2674
3537
10118
4590
10204
4945
9084
9863
5558
7025
9887
3373
6420
7423
5300
7170
5571
6527
9835
4549
7756
2359
2615
8607
6312
612
6862
4327
1625
10152
3266
3377
6910
6204
10187
6127
3086
3738
5253
1421
10547
6117
445
5568
124
3346
3619
1976
10010
2364
6093
317
219
2035
3770
2386
8561
669
5592
7037
4158
511
4540
7708
182
7894
10590
3570
1040
3544
10340
9631
4358
82
4012
627
1401
8781
1789
5768
357
9519
4130
9041
3353
6405
6826
4051
6484
4869
9705
3182
8398
4501
9265
4037
5676
6436
2470
1110
3983
5049
6061
9508
7858
1378
8786
4690
9423
1605
7018
3324
3166
715
9020
6238
2965
7266
5783
1960
2972
522
6437
6264
4529
9170
10497
6938
5009
5861
7639
2807
152
1275
4565
10069
5282
5467
4505
9424
2496
5780
5786
1989
5364
4578
7011
7975
6031
225
6043
3190
6151
6110
10424
5304
9195
7482
8123
8503
5136
2980
7968
7249
5853
7339
5388
298
7718
525
2330
7146
5395
6116
9644
1023
3978
1265
4163
6729
2739
6693
6006
4445
6931
2034
559
8260
4730
3796
4321
5138
9220
8957
10071
4588
211
9875
8748
3068
1017
8248
7452
1123
8584
3728
3014
4763
6473
6292
3207
4499
1065
1449
926
7113
9330
8559
1433
6888
1771
7067
454
1279
2558
7691
1253
243
3455
4221
5576
2160
4039
47
1604
8240
5133
1754
4007
4407
7453
3952
3598
4890
9210
7696
2108
5830
9145
8052
7102
2597
8742
2713
8497
4675
481
3505
2898
2507
9784
2233
1676
3012
319
1504
8914
433
8349
4937
6121
5450
425
1113
8844
2702
4843
3218
6993
328
4232
2973
603
183
2993
2600
1963
1226
7252
10364
9178
4418
4831
9851
5482
2812
3678
7301
155
206
3384
6373
5659
2206
9725
10471
5724
6410
6177
2512
10363
2043
2025
4467
7852
229
6600
1234
6821
6676
9438
8872
3323
3090
9121
4183
6573
561
860
9214
878
1696
1871
4447
8438
951
2785
216
3991
5000
2459
8069
9103
5818
1550
3133
141
1406
6470
2790
710
2270
4829
9332
10216
3886
3986
4002
4506
10400
4373
6626
7909
2192
3872
118
3408
7462
4564
3261
3949
2425
10440
9158
1376
7042
8647
1386
1361
436
796
6276
9985
6377
2986
3049
8685
53
1600
8885
2885
5170
9948
10305
8667
190
9083
2015
7078
5851
6074
2053
6849
6344
5811
9398
6926
10027
1595
3892
10488
4796
9478
4995
4784
3469
5103
8692
1844
1256
3736
5399
3187
6715
8092
923
6301
1422
3578
6170
7766
836
7801
143
8696
4976
2354
4464
10335
7724
10548
6712
5252
6539
10378
9719
4215
7710
7883
4455
5679
7663
840
8945
5118
3535
9136
7135
3231
10254
5671
8232
2396
3840
7678
6603
2671
6362
4571
7844
1048
5962
4011
6504
4029
1755
8101
7567
7778
2844
9745
1614
6145
2230
927
830
7333
8668
777
4119
9554
8278
8778
8870
3077
3162
4584
9663
4523
4825
4547
332
9301
1429
1929
1184
3718
5535
9118
8375
9992
3632
2289
9246
4153
9384
5076
5919
489
3462
3107
10215
7514
5607
10062
6021
3727
1356
1954
448
3176
1756
1273
8265
9880
9349
604
78
8702
5454
9485
5703
3486
4493
9920
953
5937
5840
7542
1626
10012
10571
2443
5784
4091
8426
4202
8767
1037
9410
9729
4319
2768
3030
32
10191
2665
10550
2089
3627
3966
9947
3196
8717
1394
5030
9138
5146
4290
2874
9581
5878
5865
9857
1198
8600
4879
2066
2917
8473
2640
649
9464
8703
4931
10028
9441
2698
5526
10136
642
5462
4700
7150
2573
2224
5741
2750
10302
2806
10271
10346
6890
7385
3496
4962
3461
5189
3200
348
6923
8461
3985
6339
7848
3512
7161
8462
972
9316
2463
36
476
9465
8821
5866
2851
2172
5950
475
171
7659
4639
6716
622
8209
8244
6171
2516
5520
8113
8071
10354
1194
7454
3022
4634
1627
8816
2605
804
9155
10237
5433
4208
8439
10510
7437
9687
1473
4852
7824
1224
7707
6175
2578
7907
3126
4729
5080
9015
7
10081
8642
5382
7829
2931
6364
9748
7673
6823
6874
4705
5570
5362
8147
4067
3912
1613
3614
1706
9679
7050
3428
1328
327
1298
6546
276
8806
5898
8453
9940
2848
2399
8915
3319
1523
9749
1946
9241
10091
787
7190
10100
6268
10202
7363
2449
6011
5731
7940
3045
3806
2316
10163
8030
10007
4882
9845
981
10155
3047
8683
3596
1985
9374
2551
3948
10422
3605
244
8790
1529
2666
5004
3366
10269
8185
1420
5073
6772
5763
4342
7059
10174
2701
5727
8924
2019
9546
7184
10588
2622
109
9892
7165
727
1581
10323
2339
3938
7043
8897
3737
7312
8998
6172
1414
8227
8984
2873
6752
7237
8152
3701
1488
2648
8581
3302
10597
7677
6413
3740
4110
9960
8261
10433
7799
1623
6342
1790
6160
10517
9592
8009
3063
8597
10050
2348
1638
6038
2177
6302
3953
3633
6801
8189
503
763
667
4138
2664
770
8279
6825
8741
7352
8925
6152
1895
3400
7120
4042
10230
9069
9292
4504
4654
5065
6936
1568
2482
928
1494
10499
8173
2611
1432
9811
10087
919
1241
9278
8997
3305
2405
5341
5219
7309
599
2234
5078
2454
7862
1624
6528
8670
1903
954
1736
6896
3051
2022
8671
419
2387
3877
4739
2257
4246
8046
5041
3861
9890
8682
3289
620
370
8601
7927
264
5127
4074
4444
3683
3036
7729
9190
3769
1899
7735
4758
6904
8977
2904
8799
10176
10181
4533
7125
2021
9001
5966
6008
8768
3654
5172
7096
7235
5598
6876
6263
3351
3636
9746
5514
117
7930
4470
6369
6640
1144
1689
8016
600
7483
8443
1387
4316
9665
2808
7344
3208
7538
7914
5265
3610
6674
3185
2680
85
6382
4414
7976
8686
7886
10079
6215
595
7479
2643
7460
4713
170
8968
5088
4157
5154
8951
7819
682
10054
5667
3249
6359
6446
2032
9701
9850
6375
6062
1548
750
146
9684
7221
7379
3229
7850
3603
3615
1282
1694
9790
8912
3676
4744
2866
1641
3681
9872
9584
8233
4645
2056
7068
3524
3141
1231
3197
9814
7499
10357
9641
1503
8979
9655
7055
968
4426
5177
3335
2169
1660
6435
8013
1798
10121
5407
10627
5747
428
10330
9442
3452
464
1476
1647
8840
2458
8847
8529
1567
1866
369
5258
1153
1797
9717
2295
10206
296
5883
3818
9986
5864
3451
3169
8204
3206
1522
35
3742
289
3356
8676
3584
5107
3612
7487
10289
10138
4261
4868
10105
6558
6313
2767
2209
3575
6123
7827
2183
7539
5038
10251
528
4532
10107
6381
6968
4156
8721
1009
3959
3275
7775
8505
9732
197
1766
9476
8883
3245
2502
2569
10262
853
4901
8673
4338
6853
1442
578
4751
7705
1304
4328
535
9165
3835
1690
10304
6667
5115
1066
10347
805
10043
8247
1454
4069
1909
9740
9445
3585
399
7086
8946
4370
10524
6597
3313
4204
9586
7023
2385
4276
10309
3348
10579
10178
7362
6577
5905
2663
2706
8064
4521
7053
4229
4357
8750
7250
10063
6111
6575
7743
8364
7286
1553
1608
598
1042
9137
5694
3788
3237
6260
4109
3272
2939
4336
