979
4055
8213
5904
655
9212
5665
8751
8732
7772
9226
8478
1391
5998
3528
4197
5541
4269
7999
7666
10481
378
6327
2374
9217
1715
9359
1664
4852
2336
10565
8058
1541
2468
2318
5602
9301
989
8326
7662
3407
6549
335
7518
1277
9261
4273
9744
1087
399
1783
8145
122
6332
4552
3502
5910
7869
9996
9345
4604
1525
2707
455
5229
5701
9260
709
2802
1934
10618
7859
3840
243
5732
405
9470
6634
2651
2179
1898
9887
3980
9036
7872
3509
10225
2640
7558
9971
9409
6145
3026
8464
5930
2798
8034
943
9280
7829
5766
5997
5247
10141
7901
73
228
2557
6365
3335
9215
5982
7420
3671
8309
1368
4600
3971
9045
6976
10463
8108
8631
3536
2764
2009
38
3589
4181
302
7657
6009
2282
7407
1041
4727
6342
10386
1422
2609
560
6438
8235
1442
9535
1741
7043
8529
9325
10231
7133
7908
2731
5345
6887
3206
1265
1832
3072
9381
4017
5384
6418
5728
6531
457
5459
7343
6119
9831
8603
8040
2130
7116
2228
1982
1970
8242
1999
10035
4493
8067
7926
7018
5889
129
241
8741
6471
450
3610
3095
2145
4801
4054
2994
258
5138
6027
216
7750
3830
659
2674
6200
3202
2543
7975
8206
541
5490
5303
10308
9780
9147
8156
1688
9467
8530
2597
1314
2529
2031
3250
2080
3700
8688
3388
4800
9139
5518
8087
1300
3765
6588
2706
7796
1029
7577
5995
9793
9072
3500
8973
10109
4240
1654
782
2821
5507
4914
953
39
7997
8494
6844
10356
3732
5027
9928
239
2621
8707
696
1704
2733
7895
2691
2620
6665
2717
3760
4547
2878
4963
8913
8938
1387
1694
8289
7758
7008
3826
3905
448
5354
1900
4235
375
7951
8731
8420
5038
2315
4120
2144
7060
10100
600
8173
3946
6207
2286
1372
5622
1513
4502
3061
1524
1762
7797
10629
1611
1808
6013
674
5556
4228
5532
3104
7528
8949
9358
8427
3159
8997
9268
1351
4202
7121
8635
1834
8925
1806
3757
4724
3059
602
7889
3184
6783
4146
6498
5015
6362
10613
6076
290
8868
3773
4975
6385
4298
9636
1067
2688
6239
6965
8459
170
10558
144
6337
4256
8131
925
8254
6530
2204
3077
3989
3457
3215
7062
5312
5268
9085
9663
2659
10601
3929
598
2656
1417
5668
10571
3069
4272
1173
9454
2630
1021
4296
5426
4172
8989
9544
8373
6841
9339
2743
9311
4595
8032
4930
1100
7123
3595
8669
4844
1537
8804
4859
2079
6079
4344
5113
8587
274
8942
3051
9896
5511
2703
4575
63
9501
3714
1146
2757
7970
8256
5512
10044
8424
127
1266
9183
7547
8490
10087
4090
10078
2505
8075
1030
9356
1797
6517
10179
4619
8515
428
1660
359
10353
1451
1676
9649
9416
2340
9471
5641
7222
5217
7311
2981
3833
7382
5524
447
3847
9180
3244
4517
1738
9149
453
8440
4052
1561
3253
2370
8134
7948
5500
3224
10096
5845
5376
6491
6059
2885
3429
1111
9922
5006
7714
4074
4612
5727
1413
3209
7464
256
3418
3126
6206
2766
5945
8783
3223
83
4709
8294
1011
6657
5608
3962
1722
3713
4501
7182
10241
4779
9420
5302
4004
984
9536
6490
8737
8312
2666
5918
4303
10261
2312
7190
10003
2632
5236
743
5097
4644
667
8143
6894
248
3711
7949
838
10116
618
10496
2177
4489
7590
1248
5235
7678
10330
7346
8858
5334
2642
5034
5793
658
10546
3340
5679
62
91
2584
9779
1202
4920
5454
5445
701
6177
2876
8582
10137
8953
8910
967
230
8004
4889
3964
2548
8937
1845
9344
2915
1270
641
6515
3317
3682
8330
2978
5004
4184
10421
3291
2503
2872
2129
1033
6852
10267
2015
10165
7427
2637
614
4513
1418
9797
9854
4659
3607
5688
3214
6094
6950
410
9285
3855
3237
2744
9236
7302
9152
2509
8302
2848
6649
4661
4472
412
5503
1894
8519
9766
994
2710
6788
4179
6320
1214
5494
4201
10295
5222
9911
2791
8802
3582
2116
7603
926
589
3409
7983
5176
3867
6534
852
8461
3111
879
10515
587
10143
3584
5062
8663
8827
5051
9164
6496
5633
9864
8998
5762
8230
1825
9176
8562
3067
4362
1389
9850
9878
6686
6052
4579
4390
3839
6269
5909
9192
6315
9572
5010
5782
7785
8062
5702
7512
6494
3474
7289
8238
9331
1308
2358
5284
9245
7971
515
9498
2109
9458
4447
9740
385
6706
9755
2938
3017
6113
8538
2491
6766
2271
5148
9571
3606
2221
8216
5487
4025
1528
9589
5200
5214
9246
7743
756
7708
9819
373
10360
6328
6044
10513
292
5254
3807
3722
972
5241
833
5864
1258
5799
2146
7922
4410
5331
3186
4668
9408
5295
2952
4903
5919
3696
6210
1726
5785
8537
5066
8277
4671
1207
9967
195
3984
2515
4264
2870
2350
5637
10471
5349
3565
9174
2191
4040
8410
2916
7329
1742
3824
1299
8586
4075
3116
10415
1269
3778
5778
1622
398
3363
8837
4946
6446
9957
5249
3586
7355
6135
7942
4087
10393
7836
8070
6339
3377
2208
4572
6752
2669
349
10193
9805
547
3305
487
1142
6172
4678
1408
10001
3304
2185
6366
9883
1362
4743
2293
7502
9342
1896
2205
8214
30
8576
7959
1052
3035
8496
1506
9635
2273
8201
3079
5269
9481
2477
7313
7267
6715
749
3151
6881
1071
4542
10121
1114
9373
4102
996
7873
5672
2275
6626
942
177
9617
7843
702
1397
3427
4110
9031
5752
1653
10567
7276
7255
5323
6486
5416
5464
10206
6523
8080
4994
4132
7559
396
929
9114
1275
7159
2678
7069
9491
5653
7127
4379
4566
1091
5403
5023
8428
2635
5169
3658
1628
4355
4657
4499
7252
8211
9346
2839
10431
1179
2173
2023
726
6792
1671
4483
5937
5619
10032
8140
4500
551
6736
336
4265
8791
6749
8976
8174
1074
2317
2588
5061
8665
9694
10555
3628
6906
4907
4185
9849
5882
5936
9707
9406
7143
9137
7210
5656
2453
4333
3089
4341
8473
7848
6747
1885
5483
2608
5818
8182
3053
7823
2361
7594
7911
9960
7463
9127
7303
1367
10236
1471
14
5721
69
1724
7500
6479
7406
5761
9364
1736
5546
9657
7573
10369
10051
7947
4735
4279
5435
140
2653
3729
9794
5073
112
3326
2746
9286
540
860
5003
460
3831
3167
9936
6784
9050
7172
6487
2714
6331
692
3009
1181
7898
3399
9029
9305
9355
4066
3882
7147
1200
3684
1250
5615
3390
5158
1577
5941
1342
826
2976
1145
9327
6910
2844
2943
8957
5585
7
7369
9048
2506
4027
3562
6616
7517
6211
8468
4295
6660
806
4569
772
4705
5750
2603
3194
1802
7791
3666
4824
1929
155
1122
1861
991
6098
8763
638
7813
5137
4092
9350
4534
3263
9493
3721
4193
2446
1847
2627
767
593
1241
761
3076
8520
3452
6955
465
2953
9266
8817
3154
2309
9604
2159
10584
7704
7113
10507
9357
3265
6832
7668
8097
1879
5115
5197
3999
6662
4835
5091
3310
2829
6956
3869
2536
8432
4030
2103
8728
2422
7808
4095
3164
6001
9248
2578
1532
2331
8855
2837
1596
7876
4109
4387
2472
1232
10355
6940
7827
558
1621
935
4630
3919
1914
8982
1435
5478
1386
8466
628
9188
3819
690
4720
3396
8614
8418
2614
2975
7703
6416
4672
8164
6370
1224
1028
6632
3862
3537
6057
7066
4793
1716
2753
3653
3343
1376
2249
8671
5827
5675
10248
5839
6247
3888
3944
8305
1081
3893
5293
7930
255
9776
5042
9533
2344
6805
8857
1601
583
863
7530
6938
9241
1889
8755
4925
1356
2729
6454
7674
7886
8319
5457
6404
8364
2778
6352
5943
3341
166
4336
5805
9756
4784
6387
10457
9275
8369
138
8027
3895
2912
1470
6430
3560
10406
3697
8974
3005
10621
4553
1102
5428
4053
9607
8037
7656
8285
4033
343
9910
9257
4812
3739
3128
5028
2682
3856
1507
9949
4490
2050
10599
8163
6351
2192
4872
5529
8898
6824
581
10331
7505
10452
10531
7756
1153
3028
1006
6101
4417
5516
3313
1886
2752
681
4851
2308
8261
1452
314
2485
4143
9716
1063
7209
9352
1841
1004
5988
8233
7995
1811
10472
6883
2773
883
223
5367
6554
10130
3456
5618
6473
3901
3334
5088
1903
1517
3718
8161
3992
2792
2864
7390
6375
429
4713
9102
2323
5154
3776
8150
1801
1483
9389
7984
773
7966
3066
3551
7181
1859
7128
2646
2650
4570
6984
6613
2576
8685
8995
9669
9377
2151
3571
6462
7963
8228
4759
5044
2347
8627
5875
10485
1773
9956
2483
173
4018
5975
1454
8336
5842
6383
3861
2294
6994
4129
3405
9745
2043
4468
9938
6203
8563
8507
3623
6847
2301
5094
4987
6512
4167
353
5053
278
1902
10357
2393
7475
7205
5224
96
6356
7585
805
3298
7880
1212
3690
1758
1650
8535
10350
7870
8279
6214
3892
7752
2245
8096
2811
10192
10070
2111
9999
6458
5940
7466
2392
3556
8623
6746
8268
2824
8194
6835
3353
2295
4561
5155
9739
2162
2244
10544
4100
2497
8943
8815
6867
9238
3476
6109
8365
7749
1231
10126
3763
5131
4773
6975
10103
270
330
6140
8806
1370
10004
6635
1821
1183
9733
1981
137
7929
4758
8404
2479
5070
10185
4526
889
2522
4461
10240
3362
9464
5722
5340
7741
6117
7965
6712
1221
3614
1334
9425
393
8222
7742
4487
769
3222
180
10252
2196
6833
7338
9796
1935
7072
4084
4978
5016
7094
8419
6258
7021
6236
1530
218
1598
8781
8052
8687
104
5539
6804
10158
5964
52
3734
2210
8867
4059
8135
10247
4286
10577
7084
1919
71
8928
1910
8564
5621
8063
2410
407
5592
2269
9388
9599
10172
5912
7609
3902
6500
6455
3751
6222
7194
6426
7351
6890
8387
5821
10010
530
8287
1775
2542
10410
5527
10148
8393
6507
8035
8051
5579
5147
6845
8542
9904
9584
7125
9521
787
189
2924
2321
3196
6306
1287
2935
9808
2033
10454
7799
9680
9499
7457
86
8735
2198
5892
8132
8554
169
7448
5574
6794
3153
6421
4024
7154
1278
4422
2750
5159
9977
8540
10249
9343
5106
8504
6415
4111
8263
8402
8081
10542
5600
5639
2058
3803
8391
2519
2897
3646
5177
6969
3290
10009
8848
1791
9778
903
7465
2540
4210
2226
6696
2478
2095
1744
4246
8615
8122
3160
2263
7521
7931
6201
8968
131
4997
1810
2754
7723
4160
421
4096
6968
6693
2596
3558
3676
9799
9892
6912
6157
2128
8567
10047
10058
10106
257
9638
7979
1518
5068
7478
2520
1085
10272
5408
4250
354
6919
7916
1790
10400
145
7619
8347
7649
10623
2568
9354
9586
4660
7424
115
1437
3173
1989
1263
4943
2591
10244
7910
3503
9924
1279
8341
4723
6539
8210
5342
538
5024
6997
9738
8253
1905
7943
6663
133
10142
5493
3144
9840
9836
8722
3969
3319
1583
2010
135
5735
521
43
5908
2240
8098
201
474
4882
7985
2252
1481
175
3884
7163
7511
2465
6726
4876
885
3564
4665
186
6492
2604
3157
2207
6971
9695
5019
7140
9621
7015
10327
559
4601
5184
7526
1233
4868
4841
7532
848
7646
6086
529
9528
2789
6839
7990
7607
9062
5444
6007
3875
3573
8647
2910
1594
483
5796
2061
2002
5772
3420
7810
7323
7760
5797
7114
6897
1826
5834
3087
6097
5450
831
10099
7216
508
2638
464
5332
6700
5724
6949
2968
1487
569
4524
6961
6617
10169
2785
8877
5021
9071
3320
3963
4739
7540
3913
2325
1350
7877
8269
5022
8936
7056
3451
3642
2840
10291
7616
35
8458
7233
3410
5353
4159
7899
7157
9591
3230
8592
959
3371
6953
4941
8930
4959
9095
1416
8114
7570
1606
7665
2751
10217
10359
7048
2762
366
3816
3983
1272
2165
4530
3846
1044
2298
1521
6633
6599
7279
4036
9991
8252
8622
5989
1805
5549
1680
2178
9605
6069
1
3978
9893
4901
2963
3403
6656
4519
6770
3014
2600
7150
2425
585
9021
2523
10422
7542
1344
9304
7497
1331
6174
611
444
6772
5328
9508
7670
825
5958
7005
5126
2782
10094
4655
3169
8716
10367
5917
9827
2074
3440
789
1953
3470
6112
2643
10610
2873
4503
3865
3308
9743
2075
4064
7537
3836
6774
1428
7173
2670
8999
9198
8101
2645
6274
584
7293
7416
1438
5463
1104
6679
9767
1975
2894
2037
3544
8333
751
7317
5419
6029
4315
8106
10299
5440
3117
2846
3532
3600
6957
9428
6237
7333
5684
2668
7977
5952
3540
849
966
3820
8059
10606
8177
5731
4427
4973
995
496
3911
775
1512
7325
10307
2882
8349
3844
187
6040
1796
361
5953
5250
1276
8585
9101
785
5161
4924
599
4823
9463
3434
4192
5530
9057
6557
4360
7900
5481
9642
2805
7835
7740
4069
8092
1651
4543
9665
3764
3101
3401
5965
286
3414
5344
9450
1657
8590
2776
954
2407
3948
4441
2329
2265
419
4964
4902
6944
4330
2411
8198
6899
1765
9442
6065
6379
2065
7825
2316
939
6876
9940
5878
546
7953
3387
6373
4229
5519
7627
6646
6502
8629
4700
7960
2054
219
7256
3910
2099
5947
4867
9772
3728
4522
9742
9154
892
10509
7177
8824
7620
8899
1261
4453
1897
9017
2556
2122
3699
5337
6594
2161
8251
9889
10403
9303
9296
2280
9018
8264
793
5725
1979
10140
8828
9323
2391
3752
1944
6631
721
8521
832
9557
9456
6602
5548
68
9561
3050
3356
4982
7677
1115
8875
4309
4324
5084
3506
384
6812
8310
4664
4645
10211
1579
495
10585
4531
3735
873
3981
7339
3789
7107
4950
7628
6739
9934
1992
10390
645
2538
672
1328
4613
2933
10073
5740
4811
4656
9472
3542
6467
4013
440
10392
9820
4367
3883
34
1769
8433
8772
2197
670
9413
1088
5598
7795
4318
7428
2258
9433
5213
10040
3294
1839
4765
2125
5587
2297
301
5318
9983
1545
5090
7003
9569
1377
5195
8818
1256
9633
8798
3825
2494
2510
130
7553
10548
8192
3421
2875
2865
1958
8512
7322
325
1503
1352
5432
4676
5801
1895
8071
8158
10280
9115
3784
2152
6028
2115
4777
4177
7639
8673
8547
6217
4926
5820
9952
2768
6238
3870
6175
10133
1996
8617
707
2883
9863
9118
10516
7852
5204
356
9263
8696
5156
2845
1720
10210
446
7722
7630
25
4673
9219
7298
6042
9087
10549
3525
5696
2225
3941
10466
730
810
5694
26
7086
2822
888
2007
9815
8115
7168
6735
10349
10289
6163
4359
7574
1161
5502
8395
6855
8501
7227
5773
3062
556
1412
7538
2657
2082
10027
5305
1633
6016
8061
845
3601
1255
6972
10575
6322
10108
10258
8073
3758
5492
1562
8435
10302
8121
5994
6055
4449
2356
10215
5238
3674
6046
6447
8001
1820
9043
5686
7075
7214
4305
2783
565
7575
3706
8879
8774
9258
3859
4971
8597
2443
8414
7700
6450
9232
5819
5412
1533
3599
8190
6464
2980
8060
7719
4263
1619
6476
841
8434
9167
8531
10253
7762
1172
8861
647
8014
3270
865
7198
9423
8776
10057
608
4082
5580
9040
1251
9970
839
7906
2940
7982
6903
194
5449
7453
10493
9525
4518
4147
8469
1032
7638
4694
2042
8455
6849
367
2747
6946
5374
6020
3246
310
4639
3392
6825
479
6807
5002
8825
4991
3585
9552
9162
3650
6246
3013
8178
1235
6226
8923
3296
636
5573
10444
8780
4139
3197
983
7371
4022
10286
6456
5902
10582
3378
1576
2302
10128
6323
5554
8267
1320
4662
10177
88
5601
4814
9333
6831
7316
1567
4145
7736
2349
5804
10500
3185
7855
8996
2740
7987
8477
1165
5030
8638
3346
8298
6628
8964
7274
5638
7080
10569
10038
3863
5610
9109
2334
8050
5822
8541
5680
7935
6870
526
6465
7881
7822
6583
5755
7909
8136
9181
9933
10237
4970
8794
10540
8327
3885
7245
9869
7733
299
814
461
9110
1614
8549
10014
1770
6518
1014
8472
8546
4799
5521
9200
8314
7286
6584
5252
2006
7717
9886
10107
6300
4636
159
10091
2579
5707
5316
1874
2229
7330
8107
5985
3073
7149
7437
952
9171
3234
3967
4809
50
3965
7675
2083
9658
3150
1661
268
8220
9461
6685
4805
5171
7100
7415
1916
7805
1609
5418
2397
7885
609
6381
9788
2886
971
3785
4677
7063
3691
261
9066
5666
184
8100
3550
5210
4674
1643
8288
1203
7064
9394
6754
4745
9880
2223
10589
2758
1663
4707
8278
7452
7137
3020
817
5482
8405
5616
5321
4740
649
799
6010
7658
714
7225
2675
5198
10294
8389
5103
9990
4016
6570
6699
3876
8128
3578
5867
5452
2384
6110
6348
4432
3874
9906
7715
1733
8438
8451
7176
5651
887
9412
6180
10433
7858
3433
3891
4734
8788
2236
7924
10628
2338
8927
9465
4998
5257
10347
3759
1425
1090
2813
7629
7174
2136
5320
3012
2658
9908
9218
3953
3139
3886
10329
3006
796
4223
5278
507
2025
7561
7914
9542
10475
443
8112
4138
2850
3323
4582
211
6422
8513
298
404
8449
9900
5888
2498
6709
10226
6208
6343
2022
10426
4135
3956
3243
4215
3444
324
6677
5809
6567
9997
6431
8908
1426
9587
9427
837
7891
6451
9155
4549
7728
8045
6499
1804
10364
9349
4442
10560
8183
2104
10042
8892
4457
6738
1118
5333
9925
3155
2671
4351
7073
4763
5290
1223
9313
1164
8009
5357
1973
6848
8215
5523
1034
693
9818
3755
2036
3212
6681
4450
8479
9012
6282
3631
5336
4985
4161
9161
3080
4760
7261
4624
7606
8714
3903
5921
1940
924
1096
2314
9228
1288
732
8011
5175
4989
5212
1563
3289
1273
3204
3482
6485
6085
8068
10300
2708
5281
9903
6659
494
993
5188
2535
7946
3534
5929
3786
5410
2167
1458
8166
2495
557
5133
2187
4968
5533
898
1378
9429
5792
2489
7492
858
2241
9138
10182
9730
9560
8482
2818
666
9022
6670
502
7396
906
9175
9912
3680
9439
1154
3499
10187
6639
3708
8886
3447
0
1812
6459
7800
8399
87
9702
8677
7580
4406
402
10530
710
3232
4699
7380
8382
3726
7341
10281
4635
3774
6559
10076
146
6641
3208
2215
7443
9247
4629
5134
8392
1130
8651
5913
2248
8350
5108
5938
9443
9781
2288
9618
2375
10090
3360
1226
10135
9754
8109
8822
1489
2186
1302
10287
2941
1095
7802
8444
7735
7012
3132
7745
273
8447
7441
8157
3274
2918
10586
10222
4430
8226
8084
3016
5535
1486
5802
10492
2213
2238
9768
1913
2118
5111
149
8900
9030
1597
8644
7623
4822
9628
1556
1169
3780
9076
1555
7051
10053
7513
8605
7384
6187
3024
616
823
3943
8885
10296
8661
9397
2755
8833
4556
10486
3216
6392
3616
6314
1075
623
9402
1407
1931
9497
1461
9919
2433
2812
9288
4583
6892
4194
10550
4314
3348
4354
4226
3815
914
7488
5270
9230
3255
6130
3749
161
6658
818
422
1347
2235
1954
9534
6280
4605
5659
10298
4764
5887
8746
6106
8940
4628
10036
9875
10111
8232
9049
3925
1924
1838
9178
6478
1778
10450
1751
2574
6625
774
8984
3723
9297
9426
7832
8379
7268
8453
8962
695
5978
5550
4845
2289
7818
6837
1037
1472
7138
9371
1311
9774
1402
3236
5414
9265
8850
1298
6005
8030
498
2077
2256
4294
2628
9221
1837
5140
6723
8505
5823
5327
2990
1196
7160
10074
10154
10379
5485
1318
7663
10273
109
7768
1284
1304
7874
3800
7572
1163
6511
2147
9792
6846
7229
1477
613
4726
7312
3632
5954
536
5317
8882
162
7247
3057
8876
77
7981
4750
5873
4037
1575
4646
6619
7027
4949
1065
2064
9718
8983
7211
6916
7534
9086
3036
5379
7433
358
4523
9220
8924
2395
4101
9041
253
7206
9011
1005
9555
10005
7489
8775
2921
8918
1708
1788
3790
10467
1360
8133
5513
8550
882
3512
886
2900
2319
8921
7824
5572
10362
5429
5646
9637
1064
8912
6684
2696
3039
2379
10494
1110
3548
10228
7771
5677
5063
10212
4776
5783
3945
5448
2593
1078
2474
1959
895
737
6850
4466
2639
8384
392
8248
7300
7890
3738
6008
2655
9080
7624
9750
4178
5547
7246
4353
4045
6821
1007
4571
3389
6394
9
1025
4755
7875
488
4209
1588
2320
6764
6929
7347
5322
4710
3070
3576
10545
4394
9998
2517
5957
7134
5926
6759
2120
1921
1883
8767
4495
7124
9764
493
3180
9564
8854
8777
8969
8579
2585
8151
28
3580
3475
4923
5569
2442
9468
1281
6313
6913
10568
1875
2973
7320
7739
4555
5614
481
9315
4625
10432
10018
1027
1868
2726
4085
8561
1800
4349
3102
411
750
7083
20
2305
1702
2371
7915
2611
6995
1357
1618
5617
3368
7449
2057
3386
665
9645
1603
5093
3471
6501
1668
7515
3604
9541
724
1645
5664
1714
4541
3032
4637
6312
8090
5640
904
7363
4548
4898
9437
7389
10082
9558
5810
5049
2793
1589
2589
7578
1046
1911
1488
3122
4242
10344
10168
2194
6263
6605
10015
10264
10538
7694
10387
531
5595
5704
7839
9782
10574
2020
10033
4444
4043
267
3404
4536
1701
10428
2959
434
1167
2828
4217
9202
1951
6425
196
596
9583
5611
6032
7767
8354
5723
4568
9888
3432
4425
10537
10448
10358
6066
8891
1687
10617
1693
7156
629
1002
8697
1542
2216
6983
6257
1097
2866
7831
2496
9005
6149
1057
2884
8483
7648
801
8407
6006
6795
1652
5085
6814
10436
3515
8429
4738
5564
305
7986
4393
8637
3694
9837
5282
9455
2775
7002
5216
706
2570
1259
118
7297
3557
3256
4060
2413
4696
5319
5788
4477
4819
4684
2874
7360
3799
3725
7219
3575
7604
6468
2322
9105
74
1632
1178
870
2697
2929
5923
9494
7684
3081
7065
2261
7887
543
9473
2676
9451
4816
2772
6474
1600
5557
3698
1469
7241
5370
2788
5230
2695
8199
3916
3240
10232
8559
3936
7218
5528
4370
3669
9172
2332
8717
8852
6440
3463
2836
2511
224
10224
4840
8681
3636
5626
1881
10510
620
456
3293
213
9574
10101
2098
1149
11
40
9063
4012
6705
8359
752
5475
10388
9366
10414
8012
2482
4199
6936
6349
3099
6885
119
2172
795
5465
9620
9441
915
7257
10089
10144
1079
13
896
8413
8307
1887
8328
2283
653
8442
6232
5160
5824
2016
2076
10077
2904
8367
371
5050
3777
8916
1685
7000
4072
6189
7554
9548
6364
6264
1683
7710
9348
6931
8371
5157
3337
5189
27
6555
9725
8322
3940
8778
3064
5800
10620
2158
6694
7992
7555
3391
6986
8518
4350
2454
2164
4068
9714
5363
4708
6302
3241
6581
9734
7712
8049
5866
4148
8416
7235
9511
4195
2200
8010
6586
9375
6481
94
8303
150
57
3660
2689
3106
2725
6610
8609
5813
4326
3445
4317
4752
4436
5035
6589
1719
2432
9213
5662
10430
4788
6033
416
9398
2756
8757
7131
7850
5129
1746
10062
1969
8361
3587
1305
6153
4423
7747
167
3932
5959
5811
8736
4113
3592
8378
6072
489
10511
7278
10419
8363
2017
3991
7353
4325
2190
10346
8443
6064
4607
8581
9255
10341
337
5260
151
5405
6985
5879
478
949
2431
1620
5538
2091
1976
8481
7601
5729
6024
2991
893
10391
3000
3258
10129
5397
7281
2521
3890
3260
97
1713
4164
2745
4945
3339
10449
1835
8217
2700
8412
3864
3431
9504
10301
9328
55
4023
9001
3205
10054
7374
6947
3667
1018
7969
7244
10189
3162
6864
4992
1906
15
9829
8795
6240
3652
6988
1210
5390
579
7435
394
6316
8718
5092
809
8492
10007
5924
7392
6877
6545
1961
121
4737
10377
5862
6564
10566
6193
4123
8889
8224
1473
10458
4960
4877
5383
5045
4122
4537
6782
6836
4124
7467
2417
1923
10340
981
5757
3841
5905
8126
8487
6667
5647
1446
606
4112
1213
5726
1310
7202
8967
9282
9920
215
234
7028
5682
5411
6182
1705
10207
6503
9449
1829
485
2867
8955
7309
1723
3355
3897
4995
6034
6925
1703
8655
6266
5262
4808
4632
6286
2255
8723
6125
8712
10462
4480
8260
8720
8689
6698
4078
5339
9112
4065
5645
5462
4884
5950
7135
3484
3311
9947
5542
10028
8019
7038
10119
5703
754
1617
9811
3742
2044
875
8452
3211
504
4697
2692
9736
386
1150
5751
5274
4497
7117
116
8704
5361
5192
9003
5673
6793
5109
9015
694
6757
6935
2527
3813
321
1502
4244
10180
6466
9462
6756
9478
9051
10239
9367
5311
4278
2709
4365
5558
7426
10459
1858
3424
2624
7197
8229
1717
3997
2100
1712
9895
9368
9704
5223
9844
5127
1240
6827
6598
10311
8047
1602
9653
2455
4621
8884
3165
6642
2567
3852
75
3986
7310
9518
2143
6741
1191
4073
467
639
7430
7551
8450
9553
2799
7364
6108
1008
5246
5095
920
7185
791
9582
2112
7897
5605
315
1709
8760
9392
2424
8693
10013
4358
9926
2784
4900
4887
8653
9946
8200
9074
918
3488
7659
5182
10293
5838
1557
7536
5139
771
7145
4340
8377
6775
6869
8348
1792
9984
5825
6403
9143
4133
4761
4508
1608
3088
5242
9685
7455
640
10580
7557
5520
7232
8390
6271
9540
8516
5369
5632
1495
8352
5231
4271
4714
3398
7589
2926
1448
10199
6049
2234
2680
2831
5142
3086
3145
9670
5828
471
415
3041
9760
6396
6095
2035
2464
4391
10503
3458
6234
4091
8510
148
10250
1974
1176
10184
8195
5698
10265
4916
1952
5859
10146
9603
4168
4175
2060
2977
2180
8810
7499
8334
2396
7022
3935
10561
3242
621
198
9446
10191
723
9927
3481
7438
8508
2966
7213
451
4383
10183
1129
5187
3629
7422
7605
9119
6151
1017
7539
6223
1500
3430
4117
9608
4416
6838
303
5968
6335
1055
311
4821
1295
6661
10521
948
1132
2447
4533
962
7576
6575
1809
6038
1612
8022
2899
7122
2445
8844
7866
6921
6413
10328
6607
10447
4817
9009
10049
506
4783
6243
3979
2362
7976
6556
6256
8574
4118
7184
4103
7284
1819
1799
7049
1640
99
5356
8749
3248
1735
6778
2619
2437
938
9982
272
902
3264
6566
3002
1794
3505
6041
1419
6970
5634
1323
5309
9630
4343
8992
8869
5505
9728
7408
6304
8742
10314
1144
1322
1586
5402
9966
4691
9747
8965
3472
3033
10438
418
10506
8903
8690
3665
8077
9823
4255
7581
8072
3277
626
4557
3744
5840
2183
2686
5040
4766
829
6730
5769
9581
2673
6441
847
4283
1335
1827
2944
6275
3037
6909
9545
8517
5767
4424
2257
7653
5674
1120
955
3007
7907
6978
7342
8317
108
8514
5852
2761
7851
5386
8679
2355
5525
5543
6790
6573
3985
4593
844
5059
3446
5861
4173
2860
9503
9786
10319
2937
5473
7207
6648
4259
6704
3553
8282
6434
6031
7941
5779
2328
6060
7821
9235
2346
652
8124
3727
4222
3394
8556
6834
6136
891
8754
8344
3998
3054
5575
47
8872
1749
2045
1280
2623
7783
1496
5075
6733
1125
5716
8650
4409
6457
5041
4435
6687
3384
9520
6664
351
10483
3492
520
2024
8753
2357
7660
5174
9065
802
9209
9130
7419
5603
4319
454
8724
1798
3737
3133
4094
7957
7972
6131
7563
4906
712
470
5381
2974
2616
2268
1658
5877
8123
8785
740
3829
1036
6548
5714
2861
1539
7111
9312
6904
6690
739
6810
9676
6993
8325
6800
295
3508
204
3625
9624
1392
4236
4373
7010
1406
2711
657
9027
675
685
5458
7622
3045
644
10138
10427
5377
1267
4608
6161
7938
85
1830
2810
6134
10263
3938
8951
2003
3200
2554
3347
7764
4883
3887
1739
1151
8987
1218
8286
8917
9026
783
3029
1813
8342
7514
2987
6872
2285
4818
9612
5974
9244
414
8636
4328
642
9166
1877
2957
4934
5899
10543
199
2908
519
6021
8532
9905
9444
7720
7496
8375
5599
2272
5658
2634
9044
5715
671
1582
800
1782
945
3359
5901
3788
9361
603
3393
7132
3655
7421
7782
525
7431
2291
741
10284
6898
8426
9052
1964
4421
1358
6514
8634
4405
7385
9902
4648
9812
10118
866
7819
755
1748
8385
5104
1634
2209
6767
1260
3231
8357
2636
9125
249
10039
2738
2405
10524
2718
6673
4332
200
6460
2893
3322
9362
8196
4956
8758
6261
1776
1641
9929
3143
5253
7486
4307
6255
9833
7597
1578
6111
4974
1669
3361
9761
2420
9978
5221
5351
9935
6162
10593
4048
7787
2001
2777
5208
2631
5125
9961
7853
792
7721
7973
10269
8604
2087
9826
10176
4158
7152
7633
4850
4559
6964
4792
7093
8360
1550
7108
6900
2467
919
4211
8188
4
4794
4958
6144
424
6388
4815
8346
4248
6562
4418
1756
2502
1420
9403
4581
4486
8571
594
5915
8249
7562
1971
64
6230
4741
6942
7031
8320
1393
2895
9243
5890
1591
7412
3877
33
6290
8922
2097
3097
4469
3972
2434
7085
6432
2825
7120
3060
9881
646
1126
872
2088
10470
4957
7324
5625
1236
1244
682
8103
8366
9988
9898
3227
10120
1534
9876
2838
9563
5754
635
7592
5497
6262
731
10576
1795
6278
10063
7841
5977
1193
6510
2694
6939
9517
3075
1780
4510
221
8185
9526
6505
7334
6520
7259
5697
3071
2946
2920
7788
4114
7753
2193
9697
9032
348
3411
2721
1482
10476
1920
6711
8370
2394
6791
9129
5536
1123
235
3364
4408
7169
822
7801
871
6996
2303
6640
2930
6433
7871
10195
6324
4498
3093
10469
5551
8931
7964
3954
9897
3988
10547
10305
4452
8672
5991
5570
3960
4516
132
10071
10098
5089
1505
6614
4591
9365
5421
1516
9832
3473
6146
6593
624
9203
3112
6678
1083
4467
4190
2070
7088
3539
7055
6923
1679
2386
8602
894
1365
6448
9729
5480
10519
8792
7709
5205
8699
3375
2473
1403
4369
1787
4239
8904
6344
8355
9679
280
7746
5471
6121
951
4837
8914
7608
3191
9601
1673
1411
4028
6882
6888
4291
9955
3380
3198
435
10173
3324
537
6196
4864
4540
2701
6075
4396
4086
9672
6186
5737
9546
4948
9951
10337
4152
8430
2665
2081
4834
10048
3383
627
3701
9410
1404
6638
1531
9096
9688
2679
9417
6393
10216
10167
632
120
8147
6914
8006
3466
1316
7681
7544
10579
1215
8906
9321
316
7726
1501
3603
7933
5060
210
8290
5365
501
3018
3049
7846
7242
3529
9543
6958
4062
7759
10290
18
4848
8316
6671
7794
5387
968
912
5718
4254
907
2071
1711
1076
6744
6714
10557
5771
1170
5881
3273
3574
7477
10041
3318
7136
4038
306
6231
1580
1656
5935
376
8246
7052
4029
3762
5406
7612
6340
6592
3047
266
9783
2587
136
8209
9378
1291
473
2
6173
8959
3926
6093
10616
4772
4638
10083
8284
9851
7483
9722
2279
9295
9894
370
6224
10351
2351
2803
9316
965
10080
5885
7974
3705
7804
1731
5232
3543
7212
1930
6205
5251
1863
5629
5635
7956
4670
5841
4071
7927
5706
6537
8548
9762
10381
7845
3397
4574
2493
8176
2760
9250
10123
7053
1107
8053
9319
7940
6676
8958
762
9848
4061
2470
3661
164
1152
4494
5786
368
7409
1915
7417
4535
6070
8643
1184
8127
10525
6860
5806
7770
725
6297
8683
3439
2127
8851
1168
7763
4908
1479
1878
9061
9475
722
7937
2199
5276
6779
3977
3448
9098
5606
380
400
683
377
2013
10563
999
8765
10260
3896
113
1966
2949
8484
2983
5058
8533
7519
6292
90
3438
8398
8234
4093
2539
7104
3314
5848
433
8612
4688
7856
1659
8380
2613
6802
3135
7944
2982
8970
259
7748
4198
10075
4680
6590
2911
4415
53
2053
5736
2430
1319
357
5562
7442
1546
4352
3491
6043
1772
7092
7498
9469
3611
3321
111
1398
2415
10478
5777
3352
9056
3103
9156
7102
6758
10338
10052
5566
3873
9576
10270
2326
8566
2879
2722
8141
5872
6167
466
8980
7162
1460
6998
9223
7217
6924
4893
178
8495
7287
8457
8799
2590
7410
2460
9229
3563
947
3559
5434
7504
5413
705
6382
1134
8759
9987
9093
4774
1249
7905
10424
4041
9510
3857
3990
5749
427
7304
9281
9474
1865
4563
7376
284
9921
958
1042
5170
678
4972
3720
4448
1527
9495
5307
2550
7366
7683
10429
4451
8105
7192
9708
10374
2227
3344
6463
2378
9414
6268
6260
9168
9551
9539
3866
7079
1022
9160
497
8315
9594
3635
9857
4108
5122
8467
648
10502
430
8950
10188
5517
7375
10345
8036
5072
6443
9724
4076
5234
3331
4337
2996
44
6391
5756
6235
1846
2296
5657
499
3504
8193
7773
2160
8509
5315
1427
1485
5167
9822
8803
10002
8119
10274
2888
6737
580
6622
590
2786
10161
922
3187
7350
8172
2047
9975
564
9723
4896
8082
4270
3973
3531
1012
9559
4081
9710
2021
3152
2184
10297
8553
1327
5239
10204
1443
10420
4785
2942
704
10157
5372
857
4977
8972
7045
5146
5860
262
2232
703
9338
3303
1127
5961
8800
6054
4163
4121
2594
8905
2157
7098
946
8171
4825
9901
1698
1560
4137
8878
5986
8682
5130
3195
6787
5607
7459
9435
65
5245
4205
8536
3904
3959
8831
7130
1466
4879
4602
8975
5869
2306
8933
7201
9964
850
4993
7215
2402
567
5037
2290
1937
10343
9681
8506
679
4577
5404
1699
6572
426
7050
10522
7863
9120
5814
7790
5739
512
8752
3233
634
3161
9860
7484
9447
5671
8445
9609
10423
291
4545
3907
4832
7495
8909
4703
1544
2820
9252
6096
7039
8313
1141
9675
3412
1257
1649
76
8606
4933
6276
8948
9270
10024
1066
7155
6325
8374
9842
8797
10256
8437
8117
4996
8826
4588
8094
1206
6724
2284
1836
4849
1194
5460
4238
168
7272
9613
3423
1201
6002
7377
5076
2732
4622
1498
2972
5787
5052
7546
9146
9151
7456
10603
5565
842
6030
397
7482
5855
5992
6082
2759
5967
874
10059
6014
190
5748
2525
5768
2770
1340
1309
4890
4463
1038
1950
3107
9128
3781
7036
31
1728
8911
49
5338
10505
1054
2416
9186
3627
3015
4220
6143
5314
4128
2787
9264
8706
6084
6702
9549
4356
8807
8670
9562
7640
2487
715
5141
6284
6330
1050
8888
3832
2436
2580
6991
59
3021
4176
7357
3239
10559
3011
1303
9619
3084
978
10554
174
5894
1253
6067
9538
1899
2560
5956
4476
8657
9211
10474
2558
2858
3853
5325
3465
1047
2507
1581
10092
1274
8021
10396
7738
7358
9193
1803
4433
6817
6154
2955
5172
2615
4603
2806
3487
4701
5288
797
6856
3958
9124
8845
3513
5443
296
3754
7680
7842
7161
7401
3624
6241
5895
7775
2767
4297
811
6321
10112
9067
9821
3114
1355
3639
4392
5124
285
2501
3163
6267
9972
9165
9013
1551
9916
3278
7793
6123
7166
9980
3795
1060
7503
7165
10533
2626
8186
3330
3768
4744
4312
7458
562
9931
6629
1595
8076
4576
4722
4290
1605
9992
5649
1254
1373
6815
8956
6127
5011
8225
5423
3928
1604
7273
408
7074
7798
6941
2230
32
8339
7487
8839
89
7365
6624
8613
4157
5781
8137
5013
5560
8624
735
10473
9882
643
4381
8054
3280
10611
2546
9332
5081
5071
2014
4431
6843
5949
7029
4407
2769
8630
1230
6826
3617
379
9703
4329
563
2958
7786
7994
1682
8801
5561
10310
2005
5853
9965
5903
6026
6011
5522
1197
7388
921
517
1842
1995
9113
7996
8162
6603
4551
10365
8954
7220
8762
3358
2967
7501
1431
6035
4429
10354
770
6204
192
10147
2206
10093
5960
1177
976
8926
8086
2343
1345
8020
1140
5925
6999
7291
1987
8648
4633
8570
4937
2231
10398
10122
6901
5636
4702
6803
4150
9094
4514
7119
8362
5803
6436
868
10194
1208
3436
10399
2251
8534
8890
1771
4732
365
9047
867
56
9107
5555
46
6310
7643
3267
4051
1139
1984
9914
2067
913
3664
687
5868
3554
9874
9014
10573
3638
5255
6428
9187
4443
10487
1409
251
1182
1450
5199
10045
4077
7732
575
5196
105
757
8074
6363
4338
8863
9671
8796
1994
8332
5114
5591
8331
3681
10583
4426
10110
5477
389
2401
9841
3970
7533
8819
8408
3917
4311
6215
3110
10218
10587
7968
4268
452
1607
9122
10397
8191
4104
9923
6160
9817
2137
8281
4119
8436
700
3462
7679
2998
7151
10592
2857
1568
472
4039
203
436
1444
1113
10598
5764
282
7348
4364
2327
4170
9179
8493
5596
8881
9207
3644
1136
1463
4909
4171
6729
7867
328
5291
7352
8588
8978
8016
182
3142
1016
6080
9028
1571
5286
7283
8388
1706
1793
3703
2644
7004
10498
6816
8499
1069
1514
6291
5121
1553
10020
6776
9651
6732
855
3262
8768
7618
1124
5324
329
6989
2618
7689
6435
463
2808
1396
4010
7042
8616
4331
7447
8652
263
2795
3526
10262
9667
4988
8093
7305
6878
6672
1777
9293
10153
5807
3034
7815
3923
5227
7035
5378
4969
4756
5534
1410
6973
3719
6199
5620
2819
7019
3131
10578
4465
8023
7485
1721
227
6353
2451
438
10352
8524
3672
8596
7183
1219
8525
6650
10246
9514
4456
505
8658
544
8744
1317
7263
9477
3426
10482
9773
8262
4787
2871
8498
8659
6543
2237
8280
4479
9457
4376
7676
4125
532
1965
7399
8626
3333
2685
1119
6917
5987
7025
7319
6045
8409
7913
9806
7105
2601
1962
4280
572
527
6406
7295
4357
9082
2135
2170
1888
4804
7290
143
193
1436
2763
881
1844
4669
1343
5488
9300
6358
6963
10551
513
3924
9089
390
1492
864
7980
2452
2551
8748
2341
6159
9309
2962
5816
9626
10084
4026
5999
7584
7699
763
8526
9421
8139
277
651
8727
5609
7602
3657
9453
5433
10257
6209
3648
9231
765
217
6488
10326
5911
8460
1967
3662
313
3370
2176
2985
1158
7879
2508
2093
5850
500
7223
574
5753
1843
9073
6859
10230
4237
4888
5495
10221
7237
3920
1359
2647
4875
66
3518
6652
9064
4214
2018
691
7270
794
2389
9436
8343
2217
6445
6902
8870
9502
673
8500
5501
3709
8993
82
1730
8907
1009
931
4564
5685
8641
6142
1759
957
7626
6023
5655
1681
4507
8038
8470
152
1678
8600
3921
4299
339
2524
3437
3871
5586
3934
10306
5963
3942
6472
1205
3516
5669
8099
2547
9945
6150
1932
3894
3570
4938
2476
9075
3336
7826
5065
1332
1337
10385
8154
9204
4420
2948
1892
3817
5537
7545
8064
7828
2078
5948
7383
3175
3251
10409
10266
6516
4729
2400
2276
2735
2552
1480
6299
1395
4728
6580
3085
10600
154
8423
9698
7460
7188
3168
4063
5258
9810
6077
5571
8782
8511
6022
9640
126
142
5849
8179
9709
1636
2880
9994
153
7473
7730
5304
9084
2516
3822
8709
8705
4327
827
8046
5181
8738
4767
10283
23
4035
10243
5590
7550
9485
5096
2909
2572
9958
8448
10229
2992
8204
3094
3469
8013
10465
3704
7335
3741
859
6992
7588
9705
185
6927
2412
4615
9277
2667
2313
4711
1565
4586
2549
6926
6301
9625
5054
2827
374
10590
534
80
4717
6528
9272
10607
7789
320
2090
10626
1010
5759
3271
2330
10055
7902
5744
1321
7830
5026
6799
6701
1225
625
3098
1229
4277
2986
4866
8895
477
5844
3130
4928
3192
8674
7001
9573
6252
3189
9646
6809
3987
2730
2444
779
2693
6553
2214
9847
9190
1768
7087
6574
1217
7641
8618
323
242
8381
2951
5644
332
5817
6974
9116
6195
6683
4207
4873
10456
5962
10468
1045
1445
8557
1947
19
437
2239
592
2462
6273
8138
3930
4693
10202
288
4289
5441
7208
4953
8017
244
7471
4511
6508
6384
6866
10175
5326
5559
5980
1285
1306
4712
2266
5832
7566
5225
975
1159
4395
2202
1508
6395
347
9585
6056
7203
6691
1013
1116
7236
3040
2150
6708
7543
669
2339
5364
1375
846
9239
1938
5186
7598
1747
4221
7989
6168
2654
6820
877
7398
5472
492
8083
7106
9294
2852
2458
4667
5202
5597
4274
1638
8257
9157
6355
3811
2175
1455
9932
417
2171
3827
6333
6048
7285
5306
5836
3118
9853
2403
5017
1511
7115
5479
1297
1922
4020
3422
176
7520
6409
4679
5420
8963
7321
4525
6191
3276
9108
3493
10025
4484
4650
985
1109
8771
7332
2859
3522
1985
2704
9948
5056
3524
254
2602
9699
4609
836
5107
3400
2348
7716
2119
3372
6578
4304
7191
5385
4842
1439
1493
6806
6769
5424
4399
4803
8175
4578
8085
181
5594
1700
7340
5604
1089
3547
4155
4361
8345
9135
7792
615
7888
9159
4474
10254
5808
1854
1338
3783
3976
8941
4598
6753
4718
4554
9683
10455
7688
1222
6535
6550
3994
10088
9033
6552
4910
8065
2168
7779
1998
5341
4782
6540
3957
7436
2741
8710
1243
7294
3914
7264
4768
5581
5829
7952
6408
245
9824
2174
3266
5692
3300
6636
7844
7958
8593
10136
8247
9749
6003
2089
4861
327
2896
7838
1980
1504
2427
2359
8680
510
570
2092
5437
220
9959
8148
10334
2363
1672
8417
1189
1630
9117
5360
3494
1040
2140
1523
6911
6513
98
459
1674
10304
1510
9866
10348
6063
2048
6604
3872
4690
2246
364
7405
3968
6675
7962
9661
3376
2218
4922
6074
1313
1743
6771
81
9735
7934
8208
10581
7009
5613
10114
1890
9106
6452
480
1520
4323
6417
8864
3327
4162
8726
1745
222
1053
10335
4874
6967
8005
1585
4596
697
9614
2633
3899
2581
1926
2841
4141
6165
3328
4610
5670
7096
10333
5110
3579
4865
2372
6118
7892
9814
6248
2352
6527
633
2569
10079
909
7522
3149
9249
344
571
6293
1026
5310
9575
10223
8694
5643
1662
5280
6818
9943
6777
9807
3268
3190
790
10026
2847
3113
1490
8558
2066
7026
6254
10278
3301
3170
2438
3602
3176
7454
4939
2484
8170
300
1133
4955
7724
4649
573
1686
6822
8146
3745
4099
6618
3805
1499
6542
1907
9452
6329
1369
2780
9060
3753
941
7691
4716
1927
7186
1625
5709
9578
1753
4288
10008
4810
2262
6419
8301
5296
7118
6424
7007
4641
6378
5409
1405
7230
5863
6891
9527
3527
3219
10508
7774
462
1180
484
1039
1901
4599
2046
6823
4496
9092
555
2156
4144
3119
4863
3766
8528
7331
7840
10488
5794
2898
2612
680
5116
4346
4558
4196
1374
3939
10012
8329
8543
5237
8625
8425
916
6962
8883
10219
2727
6952
9757
1853
2188
5271
2683
4620
1449
6156
7993
1942
2106
6389
9483
9083
6717
482
4778
6725
8243
2989
1082
10376
7411
9871
561
6179
10416
6354
6407
10625
10034
4485
2917
1491
10017
4528
7535
2713
6509
1933
4899
9185
9126
5568
2605
6728
3740
2387
3808
10499
9081
2533
2307
7894
1626
4151
10484
3220
9899
10380
7803
4830
2418
3078
10196
5165
9701
58
9486
458
550
4753
8708
4482
8598
1761
9020
3477
124
6296
8591
9660
9884
9148
8684
4936
7195
7476
4247
1977
9662
4631
4382
5382
3261
7711
7650
2936
1282
804
4127
6493
1740
5798
7301
5348
8239
269
6305
9566
10336
4136
2211
8462
8048
7642
10405
2084
9986
7784
9828
6695
6484
9879
101
7337
110
7621
905
8632
318
4683
4689
4721
9324
4698
9173
8721
6107
4440
7164
360
420
3140
7548
2041
5730
6750
2365
4348
1138
7776
5020
7444
9615
9372
9856
10495
8698
7078
514
610
2310
7920
1779
6287
1871
854
3549
9385
5275
8695
7014
5401
2059
3008
8431
5652
582
157
9692
5000
8740
2364
1526
3835
6449
5180
1216
6748
840
3668
8814
9677
8476
899
2553
9639
1690
37
8018
8642
10518
5394
5100
3252
7690
9629
29
5427
10069
6148
8897
7081
1554
8069
5683
2108
8394
3689
8042
7644
319
3796
1264
7451
4260
7425
3649
545
1855
9611
9830
8102
8463
2705
5101
3898
3004
2500
2531
3821
7811
9512
4285
6303
2335
9322
9595
10037
8297
6088
4654
4267
5563
6811
5244
10315
5396
8041
7637
3046
6544
6283
5738
3123
4031
7061
7761
8832
7368
5292
7754
3906
689
7044
524
3342
8486
4931
9775
8713
7702
6357
3345
1475
212
6181
744
4918
165
6596
5720
9588
4488
1939
8237
22
6429
3908
7148
5760
2663
5984
6884
3798
413
6229
2486
8323
5741
9530
9019
7765
5897
9885
9298
9627
3868
5259
9746
3588
6444
8990
5347
7614
7307
5366
3590
4126
2242
2622
7510
3743
10497
10046
932
5043
260
8793
7954
10139
188
6423
2038
4454
9434
6129
4403
8300
1242
4836
2832
3498
8024
3229
1307
759
5931
4725
1509
4067
8686
4342
9476
4388
4419
7228
3814
862
3182
6637
10536
5900
5144
4437
5880
9351
4281
3302
1346
4647
1467
3213
3828
1851
7706
605
7567
7506
3848
10000
6265
8809
9868
8026
4249
6981
9858
4300
2561
8149
6666
6218
9291
7695
6128
8560
8471
8838
6414
3810
60
8764
24
395
6227
7196
3306
8599
7372
1569
5047
1400
5417
9962
6164
2212
5846
7373
2243
304
1755
8321
4565
2961
1371
9598
10442
8187
6475
4471
5928
1453
3188
2195
10208
1710
5469
3179
6270
10056
5079
4455
9170
7864
9648
720
3851
1019
7687
7101
2566
1629
5329
5422
156
4769
3782
781
8003
3860
6133
9570
4368
8834
7345
5981
1049
7936
2110
1519
3091
1538
2292
2997
9523
3797
7089
9877
9145
7896
4378
4838
2849
9415
3577
2969
8202
3315
4983
9194
8104
3620
9010
1429
6078
5545
9693
1815
84
6608
9308
9432
5393
1852
8
10526
5012
9859
7395
1968
5392
7672
1666
4308
8555
2712
1997
7275
4897
3621
309
4302
5693
1293
4334
3201
518
4174
6317
3038
1020
8189
9954
4504
8110
8255
7849
6051
6571
3900
927
3615
5742
6279
5264
8113
10164
3181
9795
7110
9411
10479
9654
3733
9930
3382
9140
2278
9430
6943
5713
7354
1432
8843
6411
9269
10019
2107
2011
5993
6762
3134
7645
4754
3428
6828
6091
3146
9505
6004
3115
9090
7296
7041
468
729
7729
1234
7474
3787
2051
2117
6945
1623
3678
7171
382
9330
9941
8155
8633
4731
10277
7509
4881
9596
10312
48
7523
7524
10235
9937
3756
7673
1752
9758
5486
9196
5163
8218
9717
6536
7857
3679
727
4320
1494
5415
6932
5776
3630
5508
9314
4366
7860
1870
5248
7097
982
1353
7685
1204
9182
7631
2720
3801
5933
4590
1024
4855
1246
5132
6842
8031
6789
2649
2182
2890
6188
4322
4089
4770
6386
352
9647
9985
4828
6565
3746
4386
5128
9335
708
3003
4911
4843
9382
6469
114
10512
4058
9867
1893
10375
4692
275
3025
8454
6307
8055
8351
2855
5711
10131
9550
10255
7109
6740
9438
3279
777
7258
1333
6934
5504
7103
3523
5313
10425
9737
7269
8270
7991
4786
6532
2408
5008
9380
3031
9480
576
1399
4088
9353
3880
5996
1978
9963
8259
3909
5453
4079
3027
10214
992
7664
4880
9678
9016
986
9396
1872
7615
9299
6367
2040
4459
9687
5467
4954
3581
1023
7013
10434
2049
1415
6122
6609
2169
2102
539
2723
2369
4216
6470
586
8522
8729
522
3761
3292
815
2062
6879
1366
3001
1361
2562
276
10460
1072
1754
486
7068
9283
5447
3357
334
5005
1727
4398
6977
5308
6371
1131
10303
1315
9597
8865
3287
554
10313
10050
6987
10529
7541
5143
5343
5335
1227
6376
5358
8446
9039
2450
7040
6250
2702
10441
10065
5851
4183
6765
5294
250
5510
2814
1960
5770
5209
2641
2664
8935
4275
8411
9712
1001
970
5087
4527
8789
7221
5256
9590
9341
717
9424
8456
6780
1831
6689
4293
5717
10411
6124
4032
10233
6829
1873
226
9577
4642
8784
6597
9136
3927
6857
10064
1101
607
2526
4617
7394
2815
333
4397
7402
3442
9290
7462
5514
4623
2085
2299
7445
4204
7472
2153
8240
6036
1108
9104
3514
7017
7356
3177
9771
807
3425
2086
2345
9144
1697
9846
8353
307
4594
2398
5355
5048
8078
9515
3171
9091
6755
835
8441
2719
4562
6529
10234
1157
1540
1918
6019
1566
6176
4428
8856
6830
7565
4034
1869
9690
5612
7393
3702
7718
6908
8271
8691
7450
5470
2512
6880
8945
9789
2490
5765
7126
7921
6558
7414
7734
3365
