1.0354737043380737,0.9550000429153442,1.1215519905090332
1.0354737043380737,0.9550000429153442,1.1218520402908325
1.049363136291504,0.8849999904632568,3.311002016067505
1.0320017337799072,0.9650000333786011,1.265131950378418
1.0306593179702759,0.9600000381469727,1.5697420835494995
1.0342291593551636,0.9500000476837158,1.174902081489563
1.036550760269165,0.9500000476837158,1.1885219812393188
1.0303244590759277,0.9600000381469727,1.6425820589065552
1.0339902639389038,0.9500000476837158,1.2281219959259033
1.0419631004333496,0.9300000667572021,1.3891620635986328
1.0463407039642334,0.940000057220459,1.1556520462036133
1.0387682914733887,0.9500000476837158,1.3303619623184204
1.0387682914733887,0.9500000476837158,1.3303619623184204
1.0460435152053833,0.9200000762939453,1.665701985359192
1.0453648567199707,0.9200000762939453,1.7876720428466797
1.1186774969100952,0.6700000166893005,4.338302135467529
1.028204083442688,0.9550000429153442,1.6434720754623413
1.0279462337493896,0.9700000286102295,1.107591986656189
1.0314253568649292,0.940000057220459,1.5829620361328125
1.024999976158142,0.9750000238418579,1.037611961364746
1.024999976158142,0.9750000238418579,1.0604619979858398
1.024999976158142,0.9750000238418579,1.101912021636963
1.0294445753097534,0.9650000333786011,1.1960020065307617
1.024999976158142,0.9750000238418579,1.1562719345092773
1.0262531042099,0.9700000286102295,1.216562032699585
1.0520881414413452,0.8399999737739563,2.5766119956970215
1.0468658208847046,0.9350000619888306,1.6017119884490967
1.0384712219238281,0.9350000619888306,1.7203820943832397
1.029544711112976,0.9550000429153442,2.1826820373535156
1.0464462041854858,0.9200000762939453,1.8126521110534668
1.0277098417282104,0.9650000333786011,1.0512019395828247
1.0344674587249756,0.9500000476837158,1.425961971282959
1.0436632633209229,0.9250000715255737,2.047232151031494
1.0862891674041748,0.824999988079071,2.9256322383880615
1.0444767475128174,0.9300000667572021,1.616652011871338
1.0509172677993774,0.9050000309944153,1.729382038116455
1.0661710500717163,0.8550000190734863,2.4517619609832764
1.0444289445877075,0.9500000476837158,1.2445220947265625
1.0444289445877075,0.9500000476837158,1.2445220947265625
1.0565764904022217,0.8299999833106995,2.918851852416992
1.0471751689910889,0.8650000095367432,2.839401960372925
1.033268928527832,0.9450000524520874,1.5172920227050781
1.0474520921707153,0.8800000548362732,3.847261905670166
1.0340237617492676,0.9500000476837158,2.0612521171569824
1.0406800508499146,0.9450000524520874,1.191662073135376
1.1072441339492798,0.7099999785423279,4.106182098388672
1.037749171257019,0.9500000476837158,1.205552101135254
1.0279821157455444,0.9650000333786011,1.0748519897460938
1.0279723405838013,0.9600000381469727,1.2594120502471924
1.0447691679000854,0.9150000810623169,1.7201520204544067
1.0199999809265137,0.9750000238418579,1.1352919340133667
1.0278098583221436,0.9650000333786011,1.2647520303726196
1.0631424188613892,0.8450000286102295,2.6155221462249756
1.0447278022766113,0.9350000619888306,1.8437119722366333
1.044801115989685,0.9300000667572021,1.8739919662475586
1.0385128259658813,0.9350000619888306,1.4815220832824707
1.0292145013809204,0.9600000381469727,1.1564419269561768
1.0267120599746704,0.9700000286102295,1.1254119873046875
1.0396654605865479,0.940000057220459,1.5912920236587524
1.024999976158142,0.9750000238418579,1.0260519981384277
1.0438880920410156,0.9250000715255737,1.895382046699524
1.0454773902893066,0.9250000715255737,1.84551203250885
1.039362907409668,0.9350000619888306,1.262481927871704
1.029881477355957,0.9650000333786011,1.25068199634552
1.046433448791504,0.9200000762939453,1.8952720165252686
1.0267326831817627,0.9700000286102295,1.162321925163269
1.0258257389068604,0.9700000286102295,1.1207619905471802
1.0403847694396973,0.9250000715255737,2.187541961669922
1.031780481338501,0.9500000476837158,1.4034621715545654
1.024999976158142,0.9750000238418579,1.0775820016860962
1.024999976158142,0.9750000238418579,1.0334419012069702
1.024999976158142,0.9750000238418579,1.1329420804977417
1.0407999753952026,0.9350000619888306,1.2891420125961304
1.0507872104644775,0.9300000667572021,1.7569321393966675
1.0257905721664429,0.9650000333786011,1.113092064857483
1.0268950462341309,0.9650000333786011,1.2305119037628174
1.0359081029891968,0.9200000762939453,1.9618220329284668
1.0309451818466187,0.940000057220459,1.3622020483016968
1.0269733667373657,0.9700000286102295,1.1185320615768433
1.0288136005401611,0.9650000333786011,1.2192820310592651
1.0417793989181519,0.9500000476837158,1.1982020139694214
1.024999976158142,0.9750000238418579,1.1482019424438477
1.0228710174560547,0.9650000333786011,1.2039719820022583
1.024999976158142,0.9750000238418579,1.2490218877792358
1.0394757986068726,0.9200000762939453,2.0658419132232666
1.0525797605514526,0.8750001192092896,2.6753523349761963
1.024999976158142,0.9750000238418579,1.1270118951797485
1.0385432243347168,0.9500000476837158,1.252601981163025
1.024999976158142,0.9750000238418579,1.1550120115280151
1.024999976158142,0.9750000238418579,1.0580121278762817
1.037579894065857,0.9550000429153442,1.3478519916534424
1.03242027759552,0.9600000381469727,1.4155420064926147
1.024999976158142,0.9750000238418579,1.0856820344924927
1.024999976158142,0.9750000238418579,1.0402120351791382
1.0394068956375122,0.9500000476837158,1.3714519739151
1.0373878479003906,0.9550000429153442,1.2216418981552124
1.024999976158142,0.9750000238418579,1.0651320219039917
1.0266363620758057,0.9600000381469727,1.2129319906234741
1.0415533781051636,0.940000057220459,1.242292046546936
1.024999976158142,0.9750000238418579,1.044861912727356
1.044871211051941,0.9200000762939453,1.2918120622634888
1.0421968698501587,0.9350000619888306,1.2641220092773438
1.0486629009246826,0.9150000810623169,1.2901219129562378
1.0463650226593018,0.8900001049041748,2.2177419662475586
1.038725733757019,0.9500000476837158,1.1618419885635376
1.0409493446350098,0.9000000357627869,2.6937122344970703
1.052199125289917,0.8700001239776611,2.877162218093872
1.0634113550186157,0.8750001192092896,2.5434720516204834
1.0344215631484985,0.9550000429153442,1.2666020393371582
1.0306634902954102,0.9450000524520874,1.440261960029602
1.0266363620758057,0.9650000333786011,1.250662088394165
1.0295226573944092,0.9700000286102295,1.0656119585037231
1.0301604270935059,0.9500000476837158,1.382431983947754
1.0333813428878784,0.940000057220459,1.2598719596862793
1.029350996017456,0.9600000381469727,1.1477320194244385
1.0290557146072388,0.9650000333786011,1.1460219621658325
1.0343132019042969,0.9450000524520874,1.5202120542526245
1.0662389993667603,0.9200000762939453,1.3125920295715332
1.0633609294891357,0.9200000762939453,1.3125920295715332
1.024999976158142,0.9750000238418579,1.0642619132995605
1.0319058895111084,0.9500000476837158,1.6953020095825195
1.0391751527786255,0.9200000762939453,1.61040198802948
1.050424575805664,0.9050000309944153,1.5557119846343994
1.0301637649536133,0.9600000381469727,1.2556819915771484
1.0675194263458252,0.8550000190734863,1.8847320079803467
1.0433616638183594,0.9250000715255737,1.6326320171356201
1.0258005857467651,0.9700000286102295,1.2538820505142212
1.0565199851989746,0.9200000762939453,2.2474520206451416
1.0619295835494995,0.9100000858306885,2.3283119201660156
1.024999976158142,0.9750000238418579,1.1284120082855225
1.0303198099136353,0.9600000381469727,1.161661982536316
1.0504467487335205,0.9200000762939453,1.9447320699691772
1.0445622205734253,0.9300000667572021,1.9794220924377441
1.075028419494629,0.8500000834465027,2.3288419246673584
1.0389090776443481,0.9350000619888306,1.2485718727111816
1.040381908416748,0.9350000619888306,1.579882025718689
1.0579792261123657,0.8800000548362732,2.279021978378296
1.0322000980377197,0.9550000429153442,1.4130421876907349
1.0438408851623535,0.9150000810623169,1.7411420345306396
1.062788486480713,0.9250000715255737,1.2819820642471313
1.0654641389846802,0.9250000715255737,1.2819820642471313
1.024999976158142,0.9750000238418579,1.121942162513733
1.0308470726013184,0.9500000476837158,1.711061954498291
1.0297470092773438,0.9650000333786011,1.20061194896698
1.0528018474578857,0.9100000858306885,1.555601954460144
1.0357027053833008,0.9300000667572021,1.9840120077133179
1.0360286235809326,0.9350000619888306,2.0612118244171143
1.0308841466903687,0.9650000333786011,1.1310720443725586
1.0372415781021118,0.9100000858306885,1.9984420537948608
1.0264517068862915,0.9650000333786011,1.325152039527893
1.041400671005249,0.9500000476837158,1.364621877670288
1.028460144996643,0.9550000429153442,2.1767821311950684
1.024999976158142,0.9750000238418579,1.071531891822815
1.024999976158142,0.9750000238418579,1.2017619609832764
1.0449016094207764,0.9350000619888306,1.6283420324325562
1.0295608043670654,0.9600000381469727,1.4164220094680786
1.0310910940170288,0.9650000333786011,1.1741819381713867
1.0261309146881104,0.9700000286102295,1.1927119493484497
1.0501147508621216,0.9300000667572021,1.5146421194076538
1.0521023273468018,0.9250000715255737,1.470051884651184
1.0620404481887817,0.9100000858306885,1.618332028388977
1.066650152206421,0.8950001001358032,1.8420820236206055
1.0489310026168823,0.9250000715255737,1.4323019981384277
1.0441323518753052,0.940000057220459,1.3865219354629517
1.0417239665985107,0.940000057220459,1.5098919868469238
1.0603141784667969,0.8950001001358032,1.851971983909607
1.0611363649368286,0.9050000309944153,2.16949200630188
1.0616039037704468,0.9000000953674316,1.9878120422363281
1.0319217443466187,0.9500000476837158,1.3027920722961426
1.0468677282333374,0.9150000810623169,1.7149720191955566
1.0273786783218384,0.9650000333786011,1.2503920793533325
1.024999976158142,0.9750000238418579,1.1018520593643188
1.0266697406768799,0.9700000286102295,1.2223119735717773
1.0298489332199097,0.9650000333786011,1.1430120468139648
1.031793475151062,0.9600000381469727,1.2843921184539795
1.0519874095916748,0.9100000858306885,1.4083420038223267
1.0387989282608032,0.9450000524520874,1.3025920391082764
1.056777834892273,0.9150000810623169,1.3275820016860962
1.0661075115203857,0.9000000953674316,1.3569120168685913
1.024999976158142,0.9750000238418579,1.0605919361114502
1.0346505641937256,0.9500000476837158,1.7918721437454224
1.024999976158142,0.9750000238418579,1.0543019771575928
1.0280897617340088,0.9600000381469727,1.3388720750808716
1.0359936952590942,0.9450000524520874,1.364441990852356
1.0399019718170166,0.940000057220459,1.6854721307754517
1.0436595678329468,0.9150000810623169,1.877622127532959
1.036287784576416,0.9550000429153442,1.3143818378448486
1.0259044170379639,0.9600000381469727,1.5967119932174683
1.0419024229049683,0.9300000667572021,1.3393620252609253
1.0463162660598755,0.9150000810623169,1.9476120471954346
1.024999976158142,0.9650000333786011,1.1141819953918457
1.0598015785217285,0.8750000596046448,2.727681875228882
1.0288760662078857,0.9650000333786011,1.2765820026397705
1.0466372966766357,0.8950001001358032,2.5108420848846436
1.0270150899887085,0.9700000286102295,1.2352418899536133
1.024999976158142,0.9750000238418579,1.112131953239441
1.056467890739441,0.8899999856948853,2.6215319633483887
1.0305936336517334,0.9600000381469727,1.1604819297790527
1.0572826862335205,0.9300000667572021,1.5333620309829712
1.0568753480911255,0.9250000715255737,1.5311319828033447
1.0535311698913574,0.9300000667572021,1.5742321014404297
1.0364620685577393,0.9200000762939453,1.5744719505310059
1.0521337985992432,0.9000000953674316,1.9361921548843384
1.0626859664916992,0.8850001096725464,1.8853219747543335
1.0316503047943115,0.9550000429153442,1.196262001991272
1.0272271633148193,0.9700000286102295,1.2413519620895386
1.029183030128479,0.9600000381469727,1.5025818347930908
1.0264633893966675,0.9700000286102295,1.0946820974349976
1.024999976158142,0.9750000238418579,1.0432820320129395
1.0714409351348877,0.8600000739097595,3.5882320404052734
1.0497182607650757,0.9250000715255737,2.604491949081421
1.0246224403381348,0.9650000333786011,1.1269420385360718
1.0504854917526245,0.9200000762939453,1.5451020002365112
1.0360934734344482,0.9500000476837158,1.1587320566177368
1.031561255455017,0.9550000429153442,1.5575721263885498
1.0731691122055054,0.8550000190734863,1.7518119812011719
1.0315743684768677,0.9550000429153442,1.5295319557189941
1.0288864374160767,0.9550000429153442,1.3336119651794434
1.0461647510528564,0.9150000810623169,1.5850120782852173
1.0284191370010376,0.9650000333786011,1.5683820247650146
1.0312408208847046,0.9500000476837158,1.7821019887924194
1.0275819301605225,0.9600000381469727,1.3209120035171509
1.0320899486541748,0.9550000429153442,1.1730719804763794
1.037805438041687,0.9350000619888306,1.6814320087432861
1.0514229536056519,0.9000000953674316,2.0184919834136963
1.038094401359558,0.9450000524520874,1.2470719814300537
1.0361064672470093,0.9350000619888306,1.680832028388977
1.0302261114120483,0.9650000333786011,1.1132919788360596
1.0315414667129517,0.9500000476837158,1.1072620153427124
1.0372997522354126,0.9300000667572021,1.3096719980239868
1.0326155424118042,0.9500000476837158,1.5217618942260742
1.024999976158142,0.9750000238418579,1.0850520133972168
1.0509073734283447,0.9300000667572021,1.6023918390274048
1.0451828241348267,0.9300000667572021,1.5397319793701172
1.0406135320663452,0.940000057220459,1.667132019996643
1.0360785722732544,0.940000057220459,1.5849019289016724
1.0422191619873047,0.9100000858306885,2.824632167816162
1.0290873050689697,0.9650000333786011,1.1324920654296875
1.0370657444000244,0.9450000524520874,1.3003520965576172
1.0472749471664429,0.9200000762939453,1.5627119541168213
1.0414613485336304,0.9350000619888306,1.88630211353302
1.0321991443634033,0.9550000429153442,1.3346019983291626
1.0305334329605103,0.9600000381469727,1.3980820178985596
1.0297340154647827,0.9600000381469727,1.5508019924163818
1.0304977893829346,0.9650000333786011,1.1702920198440552
1.024999976158142,0.9700000286102295,1.0612719058990479
1.050199031829834,0.9300000667572021,1.499061942100525
1.055981993675232,0.9000000953674316,1.6760720014572144
1.0376957654953003,0.940000057220459,1.1896120309829712
1.0353795289993286,0.9450000524520874,1.3411120176315308
1.0279778242111206,0.9550000429153442,1.2305219173431396
1.0349329710006714,0.9550000429153442,1.088811993598938
1.056023359298706,0.8700000643730164,2.6020519733428955
1.0307176113128662,0.9600000381469727,1.21835196018219
1.0368156433105469,0.9300000667572021,1.2434320449829102
1.0398476123809814,0.940000057220459,1.523501992225647
1.0402413606643677,0.925000011920929,2.0649218559265137
1.0434926748275757,0.9500000476837158,1.1603219509124756
1.0487334728240967,0.9200000762939453,1.4636420011520386
1.024999976158142,0.9700000286102295,1.071592092514038
1.043518304824829,0.9350000619888306,1.5255420207977295
1.0332469940185547,0.9550000429153442,1.2963818311691284
1.024999976158142,0.9750000238418579,1.2250920534133911
1.0494831800460815,0.9300000667572021,1.7054319381713867
1.039255976676941,0.9200000762939453,1.785991907119751
1.0399999618530273,0.9550000429153442,1.2986620664596558
1.0287688970565796,0.9700000286102295,1.0966320037841797
1.029881238937378,0.9650000333786011,1.1287319660186768
1.024999976158142,0.9750000238418579,1.1071020364761353
1.0423251390457153,0.940000057220459,1.1768020391464233
1.0277442932128906,0.9600000381469727,1.4542620182037354
1.0539606809616089,0.9050000309944153,2.1134121417999268
1.037892460823059,0.9500000476837158,1.1900420188903809
1.0647975206375122,0.8449999690055847,2.5947721004486084
1.0320464372634888,0.9600000381469727,1.1528120040893555
1.0199999809265137,0.9750000238418579,1.0390419960021973
1.0271350145339966,0.9700000286102295,1.1553419828414917
1.0253580808639526,0.9650000333786011,1.0737920999526978
1.0391771793365479,0.9150000810623169,2.175312042236328
1.0669162273406982,0.8400000333786011,2.7705719470977783
1.027097463607788,0.9650000333786011,1.4296220541000366
1.0273807048797607,0.9650000333786011,1.314851999282837
1.0216766595840454,0.9600000381469727,1.3083120584487915
1.059169888496399,0.8950001001358032,1.6186219453811646
1.0450060367584229,0.9350000619888306,1.5704920291900635
1.024999976158142,0.9750000238418579,1.144521951675415
1.024999976158142,0.9750000238418579,1.0881919860839844
1.0567394495010376,0.8700000643730164,1.8140020370483398
1.0285066366195679,0.9550000429153442,1.2126221656799316
1.0318089723587036,0.9500000476837158,1.2466319799423218
1.041426658630371,0.9300000071525574,1.7642019987106323
1.0529046058654785,0.9200000762939453,2.3642921447753906
1.0599963665008545,0.9000000953674316,2.2255420684814453
1.0630064010620117,0.8800000548362732,2.6944220066070557
1.0264291763305664,0.9700000286102295,1.1202419996261597
1.036777377128601,0.9450000524520874,1.4317519664764404
1.0278738737106323,0.9550000429153442,1.6810420751571655
1.0257289409637451,0.9650000333786011,1.1616419553756714
1.0369654893875122,0.9350000619888306,2.03068208694458
1.0684338808059692,0.8349999189376831,3.4272818565368652
1.0569204092025757,0.9000000953674316,1.9292621612548828
1.0510761737823486,0.8950001001358032,2.083322048187256
1.0273569822311401,0.9700000286102295,1.3545520305633545
1.033993124961853,0.9500000476837158,1.360002040863037
1.044680118560791,0.9300000667572021,1.9565720558166504
1.0328505039215088,0.9600000381469727,1.2597320079803467
1.0399092435836792,0.9300000667572021,1.6576321125030518
1.0338635444641113,0.9450000524520874,1.5080718994140625
1.0583075284957886,0.9000000953674316,2.020642042160034
1.0425289869308472,0.940000057220459,1.4301120042800903
1.0473301410675049,0.9250000715255737,1.644792079925537
1.0480785369873047,0.9150000810623169,1.738822102546692
1.0543711185455322,0.8900001049041748,2.040532112121582
1.0415083169937134,0.9350000619888306,1.6437320709228516
1.036482572555542,0.9500000476837158,1.2361820936203003
1.0439245700836182,0.9300000667572021,2.407952070236206
1.024999976158142,0.9750000238418579,1.0853320360183716
1.0542582273483276,0.9000000357627869,2.6842119693756104
1.0359795093536377,0.9500000476837158,1.4962118864059448
1.024999976158142,0.9700000286102295,1.0733120441436768
1.0389018058776855,0.940000057220459,1.6794519424438477
1.0308672189712524,0.9550000429153442,1.6906620264053345
1.0343523025512695,0.9600000381469727,1.186471939086914
1.0304255485534668,0.940000057220459,1.6831921339035034
1.0301916599273682,0.9500000476837158,1.1951318979263306
1.0285416841506958,0.9650000333786011,1.447972059249878
1.0303572416305542,0.9600000381469727,1.2688820362091064
1.033473253250122,0.940000057220459,2.0145320892333984
1.0299253463745117,0.9650000333786011,1.2496620416641235
1.0443261861801147,0.9450000524520874,1.1858819723129272
1.024999976158142,0.9750000238418579,1.0488018989562988
1.024999976158142,0.9750000238418579,1.1339720487594604
1.0283234119415283,0.9650000333786011,1.1273820400238037
1.0645215511322021,0.9250000715255737,1.2819820642471313
1.0270411968231201,0.9700000286102295,1.0586318969726562
1.0213335752487183,0.9700000286102295,1.530142068862915
1.0270411968231201,0.9700000286102295,1.1704120635986328
1.0426825284957886,0.925000011920929,2.0500121116638184
1.024999976158142,0.9750000238418579,1.0603419542312622
1.0265971422195435,0.9700000286102295,1.1693819761276245
1.027503252029419,0.9700000286102295,1.3230420351028442
1.024999976158142,0.9750000238418579,1.0353319644927979
1.0281903743743896,0.9650000333786011,1.263092041015625
1.0363231897354126,0.9500000476837158,1.2978019714355469
1.024999976158142,0.9750000238418579,1.173882007598877
1.0308711528778076,0.9600000381469727,1.2856520414352417
1.0302073955535889,0.940000057220459,1.6575820446014404
1.035739541053772,0.940000057220459,1.3474221229553223
1.046410083770752,0.9100000858306885,1.737752079963684
1.0395630598068237,0.9350000619888306,1.2735719680786133
1.0276111364364624,0.9650000333786011,1.1379719972610474
1.0341461896896362,0.9450000524520874,1.7860920429229736
1.04451584815979,0.9300000667572021,1.5693620443344116
1.0393708944320679,0.940000057220459,1.4489219188690186
1.0199999809265137,0.9750000238418579,1.0782819986343384
1.0331497192382812,0.9650000333786011,1.148352026939392
1.024999976158142,0.9750000238418579,1.0475019216537476
1.0628207921981812,0.8800000548362732,2.364151954650879
1.026291012763977,0.9700000286102295,1.0721219778060913
1.0324763059616089,0.940000057220459,1.1344319581985474
1.033071756362915,0.940000057220459,1.2210419178009033
1.0327354669570923,0.9500000476837158,1.1252920627593994
1.0199999809265137,0.9750000238418579,1.0639618635177612
1.024999976158142,0.9650000333786011,1.058791995048523
1.0429346561431885,0.9100000858306885,3.000932216644287
1.0199999809265137,0.9750000238418579,1.0518521070480347
1.024999976158142,0.9750000238418579,1.0530319213867188
1.0533943176269531,0.8900001049041748,2.4564619064331055
1.0452131032943726,0.9500000476837158,1.2149419784545898
1.0452131032943726,0.9500000476837158,1.2149419784545898
1.0496593713760376,0.9150000810623169,1.5079621076583862
1.0379188060760498,0.9450000524520874,1.1663819551467896
1.032111406326294,0.9600000381469727,1.1558921337127686
1.025087833404541,0.9550000429153442,1.2013720273971558
1.038341999053955,0.9200000762939453,1.716931939125061
1.0363231897354126,0.9550000429153442,1.2993619441986084
1.024999976158142,0.9750000238418579,1.0579520463943481
1.0449388027191162,0.940000057220459,1.5457220077514648
1.0259761810302734,0.9700000286102295,1.187932014465332
1.0443029403686523,0.9350000619888306,1.6926319599151611
1.0371346473693848,0.9450000524520874,1.1762619018554688
1.0468169450759888,0.9250000715255737,1.403082013130188
1.0292742252349854,0.9600000381469727,1.345412015914917
1.024999976158142,0.9750000238418579,1.2337820529937744
1.036048173904419,0.9450000524520874,2.236392021179199
1.033213496208191,0.940000057220459,1.3671319484710693
1.0269951820373535,0.9700000286102295,1.533742070198059
1.04683256149292,0.9150000810623169,2.7693920135498047
1.0418634414672852,0.9100000858306885,2.2997019290924072
1.0337425470352173,0.940000057220459,1.3260719776153564
1.0281903743743896,0.9450000524520874,1.1173819303512573
1.039945125579834,0.9450000524520874,1.4575120210647583
1.0564993619918823,0.9000000357627869,2.0440518856048584
1.036510705947876,0.9450000524520874,1.7637519836425781
1.024999976158142,0.9750000238418579,1.0597120523452759
1.0271004438400269,0.9650000333786011,1.0938920974731445
1.0303651094436646,0.9600000381469727,1.126702070236206
1.0399999618530273,0.9550000429153442,1.3009719848632812
1.0303773880004883,0.9500000476837158,1.5186020135879517
1.0350322723388672,0.940000057220459,1.2720320224761963
1.0425077676773071,0.9350000619888306,1.3764721155166626
1.024999976158142,0.9750000238418579,1.1923620700836182
1.0292675495147705,0.9650000333786011,1.3445019721984863
1.024999976158142,0.9750000238418579,1.13401198387146
1.0264906883239746,0.9700000286102295,1.1598918437957764
1.024999976158142,0.9750000238418579,1.0502818822860718
1.0355453491210938,0.9600000381469727,1.2434619665145874
1.0510808229446411,0.9250000715255737,1.5663620233535767
1.031614899635315,0.9600000381469727,1.066241979598999
1.024999976158142,0.9750000238418579,1.0331518650054932
1.0263456106185913,0.9700000286102295,1.2857720851898193
1.0368138551712036,0.940000057220459,1.3644620180130005
1.024999976158142,0.9750000238418579,1.1430020332336426
1.0386615991592407,0.9450000524520874,1.4796220064163208
1.0308042764663696,0.9600000381469727,1.2464920282363892
1.024999976158142,0.9750000238418579,1.0575419664382935
1.0606153011322021,0.9250000715255737,1.3152719736099243
1.024999976158142,0.9750000238418579,1.0681620836257935
1.0279276371002197,0.9650000333786011,1.1231319904327393
1.0417793989181519,0.9500000476837158,1.1982020139694214
1.029084324836731,0.9600000381469727,1.1217520236968994
1.024999976158142,0.9750000238418579,1.2423418760299683
1.0402047634124756,0.9450000524520874,1.3429620265960693
1.0271989107131958,0.9650000333786011,1.0864418745040894
1.0267677307128906,0.9700000286102295,1.0726820230484009
1.0302857160568237,0.9500000476837158,1.1460421085357666
1.034082055091858,0.9500000476837158,1.338502049446106
1.0543594360351562,0.9100000858306885,1.8894819021224976
1.024999976158142,0.9750000238418579,1.037531852722168
1.032548189163208,0.9500000476837158,1.4538620710372925
1.0369278192520142,0.9550000429153442,1.421941876411438
1.0277987718582153,0.9450000524520874,1.2323919534683228
1.0343573093414307,0.9500000476837158,1.493652105331421
1.0374363660812378,0.9450000524520874,1.373181939125061
1.0461163520812988,0.9200000166893005,1.9482719898223877
1.0363255739212036,0.940000057220459,2.041792154312134
1.04425048828125,0.925000011920929,2.3807520866394043
1.0325531959533691,0.9450000524520874,1.1125420331954956
1.0341784954071045,0.9600000381469727,1.0415619611740112
1.0400656461715698,0.9350000619888306,1.9619220495224
1.0397236347198486,0.9500000476837158,1.3094720840454102
1.027500033378601,0.9650000333786011,1.0660419464111328
1.027267336845398,0.9600000381469727,1.3089420795440674
1.024999976158142,0.9750000238418579,1.061851978302002
1.024999976158142,0.9750000238418579,1.0683319568634033
1.0314439535140991,0.9650000333786011,1.127031922340393
1.029561161994934,0.9500000476837158,1.286452054977417
1.0222786664962769,0.9700000286102295,1.1176820993423462
1.0307151079177856,0.9650000333786011,1.1992521286010742
1.0291413068771362,0.9600000381469727,1.308141827583313
1.0330679416656494,0.940000057220459,1.666322112083435
1.048335313796997,0.9250000715255737,1.633821964263916
1.0339314937591553,0.9500000476837158,1.375931978225708
1.024999976158142,0.9750000238418579,1.0689219236373901
1.045114278793335,0.9350000619888306,1.2309919595718384
1.0262563228607178,0.9700000286102295,1.112402081489563
1.0407084226608276,0.9450000524520874,1.1852620840072632
1.0443261861801147,0.9450000524520874,1.1858819723129272
1.024999976158142,0.9750000238418579,1.0918619632720947
1.042976975440979,0.9450000524520874,1.1404520273208618
1.0448174476623535,0.940000057220459,1.2865720987319946
1.0388928651809692,0.940000057220459,1.6113221645355225
1.0286884307861328,0.9550000429153442,1.2094420194625854
1.0380712747573853,0.9550000429153442,1.2273319959640503
1.0269999504089355,0.9650000333786011,1.119041919708252
1.0281062126159668,0.9600000381469727,1.0852819681167603
1.0260910987854004,0.9700000286102295,1.163341999053955
1.0258451700210571,0.9700000286102295,1.0465519428253174
1.0261764526367188,0.9650000333786011,1.1317119598388672
1.035903811454773,0.940000057220459,1.392822027206421
1.0285354852676392,0.9700000286102295,1.0668519735336304
1.0434926748275757,0.9500000476837158,1.1603219509124756
1.0390821695327759,0.9350000619888306,1.593272089958191
1.0309314727783203,0.9600000381469727,1.2206320762634277
1.0248461961746216,0.9650000333786011,1.2013620138168335
1.0336191654205322,0.9500000476837158,1.3369319438934326
1.024999976158142,0.9750000238418579,1.092431902885437
1.0353773832321167,0.9550000429153442,1.4001718759536743
1.0269542932510376,0.9700000286102295,1.1187520027160645
1.024999976158142,0.9750000238418579,1.111211895942688
1.0416895151138306,0.9450000524520874,1.175481915473938
1.0395256280899048,0.9500000476837158,1.10155189037323
1.024999976158142,0.9750000238418579,1.0284020900726318
1.0345256328582764,0.9500000476837158,1.10155189037323
1.0331382751464844,0.940000057220459,1.290511965751648
1.037111759185791,0.940000057220459,1.7876518964767456
1.024999976158142,0.9750000238418579,1.1125719547271729
1.0272719860076904,0.9650000333786011,1.3194119930267334
1.044084906578064,0.940000057220459,1.3939019441604614
1.0295226573944092,0.9650000333786011,1.0305421352386475
1.0271437168121338,0.9700000286102295,1.0312919616699219
1.0273569822311401,0.9650000333786011,1.1617319583892822
1.024999976158142,0.9750000238418579,1.0708919763565063
1.024999976158142,0.9750000238418579,1.163301944732666
1.024999976158142,0.9750000238418579,1.0565921068191528
1.024999976158142,0.9750000238418579,1.0369219779968262
1.0509527921676636,0.9350000619888306,1.2640019655227661
1.0256742238998413,0.9700000286102295,1.0416719913482666
1.0322074890136719,0.9550000429153442,1.3203520774841309
1.0309200286865234,0.9550000429153442,1.1032121181488037
