264
1041
111
843
616
1057
1075
811
1024
377
755
939
342
166
848
42
388
321
940
320
556
308
284
743
416
524
904
717
332
68
922
169
240
66
825
568
513
116
655
555
459
27
85
213
944
414
197
315
734
924
607
857
1033
289
76
995
908
499
634
353
602
852
521
799
95
80
433
964
188
390
310
1007
575
647
38
878
759
32
709
489
490
545
824
327
122
544
787
298
689
907
877
181
69
912
457
789
526
1051
898
9
446
643
750
201
681
527
572
295
690
1049
635
1025
866
1043
721
1035
244
594
278
684
547
523
858
958
307
494
36
376
850
338
919
739
432
252
222
674
849
595
519
559
417
352
603
59
266
105
754
329
738
933
668
984
737
897
30
140
147
479
1056
29
350
785
415
168
344
535
17
609
844
357
1048
591
1060
18
1063
238
364
661
23
125
134
7
293
620
397
186
372
884
89
420
272
283
992
798
47
917
501
481
110
662
888
697
966
45
683
16
971
366
931
846
613
942
548
97
606
863
144
253
498
458
673
599
148
976
1069
961
403
715
876
982
82
642
516
959
156
698
557
4
502
91
360
920
21
957
972
438
902
805
804
915
131
880
145
875
285
426
174
90
25
233
997
1055
441
102
128
486
286
786
288
583
451
1059
319
654
402
965
767
622
726
871
442
762
249
62
782
856
424
250
1
175
929
506
39
323
461
241
351
1037
276
290
1031
978
525
387
430
405
280
641
472
361
184
883
512
49
822
1021
967
685
956
236
827
94
406
946
287
207
795
401
48
831
753
3
164
93
587
262
772
543
546
903
1036
234
113
165
729
705
823
813
275
954
52
1071
943
974
882
542
239
379
10
802
106
77
215
1046
835
398
756
628
911
766
71
411
347
480
70
300
504
396
653
732
1066
851
657
218
1040
748
663
340
81
783
24
447
1067
771
778
114
1009
803
78
769
626
204
649
1019
735
664
991
374
962
812
305
658
604
938
578
455
1062
98
565
706
629
532
937
885
862
566
761
509
392
574
180
914
495
58
577
723
46
624
5
127
693
507
724
469
383
970
745
699
96
873
187
615
711
470
720
219
316
216
814
339
56
190
1039
1038
788
389
221
467
923
1014
153
0
842
309
237
869
670
291
126
35
428
747
118
301
72
979
375
203
817
560
193
659
777
859
539
294
54
179
586
162
889
580
562
345
836
854
728
784
675
618
932
206
891
413
475
515
79
530
299
650
881
456
1065
63
945
202
905
731
935
1074
170
160
369
232
930
682
651
171
763
