661
658
559
584
655
2
64
924
286
979
544
126
394
1018
857
45
1063
99
62
577
892
923
904
929
854
990
739
230
295
170
744
340
613
802
103
1035
96
719
506
786
397
899
59
1048
776
716
435
517
382
134
58
129
740
599
323
769
266
407
249
229
593
159
804
614
989
515
934
823
590
132
900
408
177
492
624
588
487
9
481
173
280
631
790
449
671
694
975
946
813
293
225
867
564
984
1027
248
830
510
638
650
1046
550
738
682
302
341
477
717
67
735
161
37
693
8
296
732
639
194
220
19
476
404
117
353
354
848
884
583
502
121
322
17
298
348
1015
706
471
284
226
75
388
932
612
128
40
788
756
702
579
120
352
236
1013
733
635
718
223
54
925
70
846
955
698
367
811
677
513
138
118
155
5
297
878
571
585
565
1036
553
201
496
722
785
209
488
180
268
400
410
491
199
980
540
182
791
262
885
916
164
835
86
498
654
881
809
512
969
1072
679
876
212
167
780
921
1067
1008
387
796
775
741
1022
1024
940
101
829
214
350
141
751
541
548
928
468
543
653
53
963
752
598
849
145
381
80
947
726
748
355
66
1019
318
692
833
257
771
668
623
905
915
587
652
238
704
279
264
434
50
110
986
825
28
208
710
902
1055
124
663
30
586
937
681
1069
762
1077
7
619
243
320
448
334
111
581
73
89
1068
521
326
252
187
3
914
1011
701
271
731
202
127
393
939
259
1034
723
372
712
65
547
734
642
662
485
409
330
224
608
29
1009
879
557
174
313
336
539
300
370
551
465
578
285
52
772
1045
1049
1071
1053
342
454
338
140
601
432
90
255
511
419
356
218
1023
373
715
165
930
231
820
805
697
758
91
871
102
1033
114
988
193
983
179
660
130
656
545
798
774
896
953
705
1017
169
865
720
810
609
494
898
641
246
245
917
970
759
868
709
976
640
1047
98
894
278
332
729
847
1059
657
13
445
863
256
869
633
207
106
595
616
428
258
25
94
856
831
765
61
1074
985
282
489
674
880
927
483
799
305
188
890
329
801
754
190
531
509
345
850
260
933
441
213
972
569
1043
659
72
632
299
938
307
891
860
364
26
707
20
51
470
982
686
78
1037
1060
447
191
840
242
503
250
922
836
935
549
401
1004
711
676
131
12
874
859
15
1006
136
828
150
55
34
942
261
504
204
1054
895
163
430
606
827
685
438
23
666
176
418
41
406
636
568
462
369
766
16
634
505
391
684
834
690
629
743
466
1066
794
993
648
347
1057
646
35
452
793
375
399
294
936
920
210
333
561
402
459
644
727
688
442
837
852
500
757
386
770
221
346
274
941
997
580
227
267
46
630
797
832
337
675
566
84
420
306
241
1029
60
691
457
417
6
460
363
721
458
950
184
1070
520
461
1003
22
546
839
913
147
1
290
563
265
312
783
967
812
787
956
39
570
625
1007
524
68
998
359
426
736
573
1062
310
153
392
808
562
800
995
1058
528
887
327
507
667
558
931
1075
253
18
968
792
456
803
589
319
178
597
683
360
610
301
385
781
151
708
763
314
451
390
0
883
824
412
1020
361
142
495
862
439
362
888
537
166
328
592
526
244
185
339
764
384
673
747
991
949
497
605
695
645
235
436
4
535
38
1041
992
411
368
83
424
760
270
538
926
779
1040
875
433
542
643
637
819
115
273
203
133
139
994
961
958
1042
455
405
186
1030
269
971
149
198
911
1010
596
144
1076
444
156
158
217
670
376
728
211
475
171
69
71
603
383
146
479
379
440
478
882
628
216
482
960
554
423
365
125
228
855
366
349
689
288
945
36
49
172
844
380
32
105
289
977
607
1039
425
276
240
93
1032
378
649
57
43
464
826
472
1025
453
237
1065
33
119
317
76
519
965
948
1002
518
160
