1.093000054359436,0.9910001158714294,3.000005006790161
1.190999984741211,0.9910001158714294,2.999988079071045
2.0439999103546143,0.9769999980926514,2.9999914169311523
1.253999948501587,0.9930000901222229,2.999997138977051
1.2120000123977661,0.9920001029968262,2.999995470046997
1.1899999380111694,0.9900000095367432,3.0000057220458984
1.1469999551773071,0.9900000691413879,3.000001907348633
1.1489999294281006,0.9920000433921814,3.0000054836273193
1.2400000095367432,0.9900000095367432,3.0000057220458984
1.2650001049041748,0.9860000610351562,3.0000033378601074
1.1149998903274536,0.9879999756813049,3.0000059604644775
1.190000057220459,0.9900001287460327,3.0000054836273193
1.3899998664855957,0.9900001287460327,3.000002861022949
1.2730000019073486,0.984000027179718,3.0000061988830566
1.2969999313354492,0.984000027179718,2.9999969005584717
5.174000263214111,0.9340000152587891,3.000002861022949
1.3799999952316284,0.9910000562667847,3.00000262260437
1.0740001201629639,0.9940000772476196,3.0000061988830566
1.2629998922348022,0.9880000352859497,3.0000011920928955
1.0579999685287476,0.9950000643730164,3.0000057220458984
1.0779999494552612,0.9950000643730164,3.0000057220458984
1.0940001010894775,0.9950000643730164,3.0000059604644775
1.1420000791549683,0.9930000901222229,3.0000014305114746
1.2260000705718994,0.9950000643730164,2.99999737739563
1.0839998722076416,0.9940000772476196,3.0000052452087402
2.764000177383423,0.9679999351501465,2.9999990463256836
1.2280000448226929,0.987000048160553,3.00000262260437
1.2230000495910645,0.987000048160553,3.0000011920928955
1.3170000314712524,0.9910000562667847,2.9999961853027344
1.472000002861023,0.9839999675750732,3.0000014305114746
1.0720000267028809,0.9930000901222229,3.0000052452087402
1.4950000047683716,0.9900000691413879,2.999995231628418
1.4830000400543213,0.9850000739097595,2.9999969005584717
3.0329999923706055,0.9649999737739563,2.9999940395355225
1.621999979019165,0.9859999418258667,2.999990940093994
1.9480000734329224,0.9809999465942383,3.0
2.5470001697540283,0.9709999561309814,2.9999964237213135
1.192000150680542,0.9900001287460327,3.0000057220458984
1.2360000610351562,0.9900001287460327,3.0000014305114746
2.1110000610351562,0.965999960899353,2.9999988079071045
2.1089999675750732,0.9729999303817749,2.9999911785125732
1.2019999027252197,0.9890000224113464,3.0000014305114746
2.2809998989105225,0.9760000109672546,2.999995231628418
1.2180001735687256,0.9900000095367432,3.0000057220458984
1.2259999513626099,0.9890000820159912,2.9999969005584717
4.2170000076293945,0.9420000314712524,3.0000014305114746
1.1759999990463257,0.9900001287460327,3.0000054836273193
1.1439999341964722,0.9930000901222229,3.000004291534424
1.21999990940094,0.9920001029968262,2.999988317489624
1.309999942779541,0.9829999804496765,2.9999969005584717
1.095000147819519,0.9950000643730164,3.0000061988830566
1.064000129699707,0.9930000305175781,3.0000059604644775
1.9929999113082886,0.968999981880188,3.0000030994415283
1.2310000658035278,0.9869999885559082,3.0000057220458984
1.3309999704360962,0.9860000610351562,2.9999966621398926
1.3570001125335693,0.987000048160553,3.0000038146972656
1.1909998655319214,0.9920000433921814,3.000005006790161
1.0859999656677246,0.9940000772476196,3.0000059604644775
1.3190001249313354,0.9880000352859497,3.000004529953003
1.0269999504089355,0.9950000643730164,3.000004768371582
1.3100000619888306,0.9850000143051147,3.0000011920928955
1.7060000896453857,0.9850000143051147,2.9999966621398926
1.312000036239624,0.987000048160553,2.999997138977051
1.2549999952316284,0.9930000901222229,3.0000040531158447
1.309999942779541,0.9839999675750732,3.0000059604644775
1.1799999475479126,0.9940000772476196,2.999997138977051
1.13100004196167,0.9940000772476196,3.0000011920928955
1.906999945640564,0.9850000143051147,2.9999966621398926
1.343000054359436,0.9900000095367432,3.0000016689300537
1.086999773979187,0.9950000643730164,3.0000064373016357
1.0540000200271606,0.9950000643730164,3.0000052452087402
1.191999912261963,0.9950000643730164,2.999990701675415
1.2260000705718994,0.9869999885559082,3.0000059604644775
1.2410000562667847,0.9860000610351562,3.0000009536743164
1.188999891281128,0.9930000305175781,3.000002861022949
1.2369999885559082,0.9930000901222229,2.999988317489624
1.6969999074935913,0.984000027179718,2.9999990463256836
1.1299999952316284,0.9880000352859497,2.999997138977051
1.0850000381469727,0.9940000772476196,2.9999966621398926
1.2500001192092896,0.9930000305175781,2.999999523162842
1.3290001153945923,0.9900001287460327,2.999997138977051
1.16100013256073,0.9950000643730164,3.000005006790161
1.1360000371932983,0.9930000901222229,3.0000059604644775
1.2039999961853027,0.9950000643730164,2.999992609024048
1.3040000200271606,0.9839999675750732,3.0000011920928955
2.052000045776367,0.9750000238418579,2.9999911785125732
1.093999981880188,0.9950000643730164,3.0000059604644775
1.335999846458435,0.9900000095367432,3.0000009536743164
1.1740000247955322,0.9950000643730164,3.0000038146972656
1.0939998626708984,0.9950000643730164,3.0000057220458984
1.2050000429153442,0.9910000562667847,3.0000040531158447
1.1389999389648438,0.9920000433921814,3.000006675720215
1.0940001010894775,0.9950000643730164,3.0000061988830566
1.0319998264312744,0.9950000643730164,3.0000052452087402
1.2989999055862427,0.9900000691413879,2.999997138977051
1.2259999513626099,0.9910001158714294,2.999992847442627
1.1050000190734863,0.9950000643730164,3.0000052452087402
1.1430000066757202,0.9920000433921814,3.0000059604644775
1.1980000734329224,0.9880000352859497,3.0000059604644775
1.0519999265670776,0.9950000643730164,3.0000057220458984
1.2139999866485596,0.9839999675750732,3.0000059604644775
1.2059999704360962,0.9869999885559082,3.0000059604644775
1.3100000619888306,0.9829999208450317,3.0000014305114746
1.5540000200271606,0.9779999852180481,2.9999923706054688
1.1359999179840088,0.9900001287460327,3.0000054836273193
1.4800000190734863,0.9799999594688416,2.999992609024048
3.9170002937316895,0.9740000367164612,2.9999969005584717
1.7540000677108765,0.9750000238418579,3.000001907348633
1.1369999647140503,0.9910001158714294,3.0000054836273193
1.3370000123977661,0.9890000224113464,2.999999523162842
1.2620000839233398,0.9930000901222229,3.000002145767212
1.069000005722046,0.9940000772476196,3.0000014305114746
1.217000126838684,0.9900000095367432,3.0000014305114746
1.2760000228881836,0.9880000352859497,2.9999992847442627
1.1209999322891235,0.9920001029968262,3.0000059604644775
1.149999976158142,0.9930000901222229,3.0000054836273193
1.2300000190734863,0.9890000820159912,3.000004291534424
1.5350000858306885,0.9839999079704285,2.999997615814209
1.5620001554489136,0.9839999079704285,2.999997138977051
1.0910000801086426,0.9950000643730164,3.0000057220458984
1.281000018119812,0.9900000691413879,3.000002145767212
1.2870001792907715,0.9840000867843628,2.999995470046997
1.475000023841858,0.9810000658035278,2.999999761581421
1.1150001287460327,0.9920001029968262,3.000005006790161
1.7300000190734863,0.9709999561309814,2.999994993209839
1.3569999933242798,0.9850000143051147,3.0000052452087402
1.3640002012252808,0.9940000772476196,2.999995231628418
2.238999843597412,0.9839999079704285,2.999997138977051
2.2730000019073486,0.981999933719635,2.9999938011169434
1.1359999179840088,0.9950000643730164,2.999997138977051
1.1439999341964722,0.9920001029968262,3.0000014305114746
1.5520001649856567,0.984000027179718,2.999997138977051
1.6630001068115234,0.9860000014305115,2.9999935626983643
2.3470001220703125,0.9700000286102295,2.999990940093994
1.224000096321106,0.9869999885559082,3.0000011920928955
1.190000057220459,0.987000048160553,3.0000059604644775
1.496999979019165,0.9760000109672546,3.0000040531158447
1.2700001001358032,0.9910000562667847,2.999992609024048
1.309000015258789,0.9829999804496765,3.0000014305114746
1.3370000123977661,0.9849998950958252,3.0000014305114746
1.3539999723434448,0.9849998950958252,3.0000011920928955
1.184000015258789,0.9950000643730164,3.0000011920928955
1.3760000467300415,0.9900000095367432,3.0000009536743164
1.4760000705718994,0.9930000901222229,2.9999988079071045
1.3809999227523804,0.9820000529289246,3.00000262260437
1.496999979019165,0.9859999418258667,3.000004529953003
1.3100000619888306,0.987000048160553,3.0000057220458984
1.0800000429153442,0.9930000901222229,3.0000054836273193
1.5649999380111694,0.9819999933242798,2.9999959468841553
1.1289998292922974,0.9930000901222229,3.0000057220458984
1.152999997138977,0.9900000691413879,3.0000061988830566
1.2630000114440918,0.9910001158714294,3.0000054836273193
1.1119998693466187,0.9950000643730164,3.0000052452087402
1.3140000104904175,0.9950000643730164,2.999988317489624
1.3439998626708984,0.987000048160553,3.0000059604644775
1.1369999647140503,0.9920000433921814,3.0000054836273193
1.1049998998641968,0.9930000901222229,3.0000059604644775
1.1319999694824219,0.9940000772476196,3.000005006790161
1.2130000591278076,0.9860000014305115,3.0000011920928955
1.2130000591278076,0.9850000143051147,3.0000057220458984
1.3730000257492065,0.981999933719635,3.0000014305114746
1.5260001420974731,0.9790000319480896,2.999999523162842
1.253999948501587,0.9850000143051147,2.9999966621398926
1.1820000410079956,0.9880000948905945,2.999997138977051
1.1449999809265137,0.9880000352859497,3.0000052452087402
1.4450000524520874,0.9789999723434448,3.0000016689300537
1.5800000429153442,0.9809999465942383,3.000002861022949
1.3870002031326294,0.9799999594688416,3.0000011920928955
1.3519999980926514,0.9900000691413879,2.999992609024048
1.342000126838684,0.9829999804496765,2.999992609024048
1.099000096321106,0.9930000305175781,3.0000061988830566
1.0760000944137573,0.9950000643730164,3.0000057220458984
1.1429998874664307,0.9940000772476196,2.99999737739563
1.149999976158142,0.9930000901222229,3.0000061988830566
1.1450001001358032,0.9920001029968262,3.0000059604644775
1.3950001001358032,0.9819999933242798,3.0
1.2730000019073486,0.9890000224113464,3.0000040531158447
1.2179999351501465,0.9829999804496765,3.0000059604644775
1.3200000524520874,0.9799999594688416,3.000001907348633
1.0880000591278076,0.9950000643730164,3.0000059604644775
1.437999963760376,0.9900000691413879,2.9999983310699463
1.065999984741211,0.9950000643730164,3.0000054836273193
1.059000015258789,0.9920001029968262,3.0000052452087402
1.1460000276565552,0.9890000224113464,3.0000007152557373
1.2100000381469727,0.9880000352859497,3.000000476837158
1.7039999961853027,0.9829999804496765,3.00000262260437
1.0810000896453857,0.9909999966621399,3.0000057220458984
1.1589999198913574,0.9920001029968262,3.0000057220458984
1.2030000686645508,0.9860000014305115,3.0000059604644775
1.4820001125335693,0.9830000400543213,3.0000054836273193
1.2009999752044678,0.9930000305175781,3.0000011920928955
1.939000129699707,0.9749999642372131,3.0000040531158447
1.1220000982284546,0.9930000901222229,3.0000059604644775
1.6119999885559082,0.9790000319480896,2.999988079071045
1.1430000066757202,0.9940000772476196,3.0000016689300537
1.1269999742507935,0.9950000643730164,2.999997138977051
1.5540000200271606,0.9779999256134033,3.000004529953003
1.1080000400543213,0.9920001029968262,3.0000057220458984
1.5420000553131104,0.9859999418258667,3.0000040531158447
1.6770000457763672,0.9849998950958252,3.000004529953003
1.8270000219345093,0.9859999418258667,3.000000238418579
1.2060000896453857,0.984000027179718,3.0000059604644775
1.4410001039505005,0.9799999594688416,3.000002861022949
1.3989999294281006,0.9769999980926514,3.0000052452087402
1.0920000076293945,0.9910000562667847,3.0000057220458984
1.2699999809265137,0.9940000772476196,2.9999918937683105
1.15500009059906,0.9920000433921814,3.0000057220458984
1.059999942779541,0.9940000772476196,3.000005006790161
1.0619999170303345,0.9950000643730164,3.0000057220458984
2.8289999961853027,0.972000002861023,2.999995470046997
2.328000068664551,0.9849998950958252,2.9999992847442627
1.1060000658035278,0.9930000901222229,2.9999966621398926
1.308000087738037,0.9839999675750732,3.0000054836273193
1.100000023841858,0.9900001287460327,3.0000057220458984
1.1689999103546143,0.9910000562667847,3.0000057220458984
1.4869999885559082,0.9709999561309814,3.0000059604644775
1.1330000162124634,0.9910000562667847,3.0000057220458984
1.2930001020431519,0.9910000562667847,2.999992847442627
1.3309998512268066,0.9829999804496765,2.999988079071045
1.3610000610351562,0.9930000901222229,2.9999964237213135
1.183000087738037,0.9900000691413879,3.0000057220458984
1.189000129699707,0.9920000433921814,3.0000014305114746
1.1100001335144043,0.9910001158714294,3.0000057220458984
1.3489999771118164,0.9869999885559082,2.9999969005584717
1.4309998750686646,0.9799999594688416,2.9999923706054688
1.1780002117156982,0.9890000224113464,3.0000052452087402
1.1770000457763672,0.9870001077651978,3.0000059604644775
1.1460000276565552,0.9930000901222229,3.0000059604644775
1.1220000982284546,0.9900000095367432,3.0000054836273193
1.2080000638961792,0.9860000014305115,3.0000016689300537
1.1710001230239868,0.9900000691413879,2.9999969005584717
1.0950000286102295,0.9950000643730164,3.0000059604644775
1.2289999723434448,0.9860000610351562,3.0000057220458984
1.2639999389648438,0.9859999418258667,3.0000054836273193
1.555999994277954,0.9879999756813049,2.999997138977051
1.3239998817443848,0.9880000352859497,2.9999988079071045
2.114000082015991,0.9819999933242798,3.0
1.0789999961853027,0.9930000901222229,3.0000052452087402
1.0989999771118164,0.9890000820159912,3.0000061988830566
1.193000078201294,0.9839999079704285,3.0000014305114746
1.4369999170303345,0.9869999885559082,3.00000262260437
1.4229999780654907,0.9910001158714294,2.9999988079071045
1.3239998817443848,0.9920001029968262,2.9999938011169434
1.0809999704360962,0.9920001029968262,3.0000054836273193
1.0740001201629639,0.9930000305175781,3.0000057220458984
1.0439999103546143,0.9940000772476196,3.000005006790161
1.1530001163482666,0.9860000014305115,3.000004768371582
1.4520000219345093,0.9800000190734863,3.0000011920928955
1.0839999914169312,0.9880000352859497,3.000004768371582
1.1700000762939453,0.9890000224113464,3.0000064373016357
1.0830000638961792,0.9909999966621399,3.0000052452087402
1.1130000352859497,0.9910000562667847,3.0000059604644775
1.4340001344680786,0.9739999771118164,3.0000007152557373
1.097000002861023,0.9920001029968262,3.0000059604644775
1.2130000591278076,0.9860000014305115,2.9999969005584717
1.3060001134872437,0.9880000948905945,2.999997138977051
1.3580000400543213,0.9850000739097595,2.9999959468841553
1.1940001249313354,0.9900001287460327,2.9999969005584717
1.1609998941421509,0.9839999675750732,3.000005006790161
1.09499990940094,0.9940000772476196,3.0000014305114746
1.1360000371932983,0.9870001077651978,3.000005006790161
1.1009999513626099,0.9910000562667847,3.0000054836273193
1.2309999465942383,0.9950000643730164,2.9999990463256836
1.4990001916885376,0.9860000014305115,2.9999988079071045
1.3389999866485596,0.9840000867843628,2.999998092651367
1.2230000495910645,0.9910001158714294,2.999992847442627
1.0880000591278076,0.9940000772476196,3.0000059604644775
1.099000096321106,0.9930000901222229,3.0000059604644775
1.1119999885559082,0.9950000643730164,2.9999988079071045
1.2760001420974731,0.9880000352859497,3.0000040531158447
1.28600013256073,0.9920000433921814,3.0
1.4040000438690186,0.9810000061988831,3.0000014305114746
1.1699999570846558,0.9900000095367432,3.0000061988830566
1.9620000123977661,0.968999981880188,2.999999761581421
1.1220000982284546,0.9920000433921814,3.0000057220458984
1.0410000085830688,0.9950000643730164,3.0000059604644775
1.127000093460083,0.9940000772476196,3.0000059604644775
1.1150000095367432,0.9930000305175781,3.0000057220458984
1.3909999132156372,0.9829999804496765,3.000002145767212
2.196000099182129,0.9679999947547913,2.9999988079071045
1.3459999561309814,0.9930000901222229,3.0000040531158447
1.1779999732971191,0.9930000901222229,3.0000035762786865
1.1660000085830688,0.9920001029968262,3.0000061988830566
1.5839999914169312,0.9789999723434448,2.9999940395355225
1.2590000629425049,0.9869999885559082,3.0000014305114746
1.1109999418258667,0.9950000643730164,3.0000014305114746
1.0939998626708984,0.9950000643730164,3.0000059604644775
1.565000057220459,0.9739999771118164,3.000005006790161
1.149999976158142,0.9909999966621399,3.0000054836273193
1.2310000658035278,0.9900000691413879,3.0000014305114746
1.2580000162124634,0.9860000014305115,3.0000064373016357
1.4810000658035278,0.984000027179718,2.999999761581421
1.3750001192092896,0.9800000786781311,2.999997138977051
1.5260001420974731,0.9759999513626099,3.0000057220458984
1.0810000896453857,0.9940000772476196,3.0000052452087402
1.190999984741211,0.9890000224113464,3.0000009536743164
1.0740000009536743,0.9910001158714294,3.0000052452087402
1.1209999322891235,0.9930000901222229,2.99999737739563
1.4199999570846558,0.9869999289512634,2.9999945163726807
1.9300000667572021,0.966999888420105,2.9999964237213135
1.596000075340271,0.9799999594688416,2.999999523162842
1.3580001592636108,0.9789999723434448,2.9999966621398926
1.2580000162124634,0.9940000772476196,3.0
1.2039999961853027,0.9900000691413879,3.0000054836273193
1.2390000820159912,0.9860000610351562,2.999997138977051
1.157999873161316,0.9920001029968262,3.0000007152557373
1.2269999980926514,0.9859999418258667,3.0000059604644775
1.2529997825622559,0.9890000224113464,2.999995708465576
1.3779999017715454,0.9800000190734863,3.0000030994415283
1.3250000476837158,0.9880000352859497,3.0000057220458984
1.3320000171661377,0.9850000143051147,2.99999737739563
1.377000093460083,0.9829999208450317,3.0000011920928955
1.5470001697540283,0.9780000448226929,3.0000035762786865
1.2390000820159912,0.9869999885559082,2.9999923706054688
1.2660000324249268,0.9900000095367432,3.0000057220458984
1.4190000295639038,0.9860000014305115,2.9999940395355225
1.0500000715255737,0.9950000643730164,3.0000057220458984
1.3659999370574951,0.9799999594688416,2.999992609024048
1.1260000467300415,0.9900000691413879,3.0000057220458984
1.0800000429153442,0.9940000772476196,3.000001907348633
1.3820000886917114,0.9880000352859497,3.0000011920928955
1.2410001754760742,0.9910000562667847,2.999988317489624
1.1119999885559082,0.9920001029968262,3.0000057220458984
1.2359999418258667,0.9880000352859497,3.0000054836273193
1.1029999256134033,0.9900000691413879,3.0000009536743164
1.1360000371932983,0.9930000901222229,3.0000064373016357
1.1670000553131104,0.9920001029968262,3.0000057220458984
1.2280000448226929,0.9880000352859497,3.0000052452087402
1.1250001192092896,0.9930000901222229,3.0000054836273193
1.3329999446868896,0.9890000820159912,3.000004291534424
1.071000099182129,0.9950000643730164,3.0000014305114746
1.0959999561309814,0.9950000643730164,3.0000059604644775
1.1350001096725464,0.9930000901222229,3.0000054836273193
1.2910000085830688,0.9849998950958252,3.0000057220458984
1.0750000476837158,0.9940000772476196,3.0000057220458984
1.2410000562667847,0.9940000772476196,2.999987840652466
1.164000153541565,0.9940000772476196,3.0000011920928955
1.218000054359436,0.9850000143051147,3.0000057220458984
1.059999942779541,0.9950000643730164,3.0000054836273193
1.1089999675750732,0.9940000772476196,2.9999992847442627
1.1260000467300415,0.9940000772476196,2.9999966621398926
1.0729999542236328,0.9950000643730164,3.0000059604644775
1.0679998397827148,0.9930000305175781,3.000004529953003
1.5089999437332153,0.9900000691413879,2.999999523162842
1.320000171661377,0.9950000643730164,2.999995231628418
1.0980000495910645,0.9920000433921814,3.0000059604644775
1.159999966621399,0.9880000352859497,3.0000061988830566
1.3029999732971191,0.9880000352859497,2.999999761581421
1.625999927520752,0.9820000529289246,2.999997854232788
1.2629998922348022,0.9869999885559082,3.000001907348633
1.1160000562667847,0.9930000901222229,3.0000059604644775
1.3440001010894775,0.9890000224113464,2.9999935626983643
1.3469998836517334,0.9860000014305115,3.0000054836273193
1.3229999542236328,0.9880000352859497,3.0000038146972656
1.069000005722046,0.9950000643730164,3.0000054836273193
1.0989999771118164,0.9930000901222229,2.999997138977051
1.0509998798370361,0.9950000643730164,3.0000052452087402
1.375,0.9759999513626099,2.9999923706054688
1.0640000104904175,0.9940000772476196,3.0000057220458984
1.1080000400543213,0.9880000352859497,3.0000052452087402
1.0820001363754272,0.9880000352859497,3.000005006790161
1.0829999446868896,0.9900000095367432,3.0000059604644775
1.0880000591278076,0.9950000643730164,3.0000057220458984
1.1100000143051147,0.9930000305175781,2.9999969005584717
1.7499998807907104,0.9820000529289246,2.999992609024048
1.0600000619888306,0.9950000643730164,3.0000061988830566
1.0500000715255737,0.9950000643730164,3.0000052452087402
1.8720000982284546,0.9780000448226929,2.9999938011169434
1.3350000381469727,0.9900001287460327,2.999999523162842
1.3380000591278076,0.9900001287460327,2.999999523162842
1.2730000019073486,0.9830000400543213,3.0000064373016357
1.1039999723434448,0.9890000820159912,3.0000059604644775
1.062999963760376,0.9920001029968262,3.0000054836273193
1.1349999904632568,0.9910000562667847,3.0000016689300537
1.2600001096725464,0.9839999675750732,3.0000059604644775
1.311000108718872,0.9910001158714294,2.9999990463256836
1.0510001182556152,0.9950000643730164,3.000005006790161
1.225000023841858,0.9880000352859497,2.9999966621398926
1.087999939918518,0.9940000772476196,2.99999737739563
1.5250000953674316,0.9869999885559082,3.0000009536743164
1.1159999370574951,0.9890000224113464,3.0000057220458984
1.159000039100647,0.9850000143051147,3.0000011920928955
1.0709999799728394,0.9920001029968262,3.000004768371582
1.1460000276565552,0.9950000643730164,2.999997138977051
1.3050000667572021,0.9890000224113464,2.9999940395355225
1.1430000066757202,0.9880000352859497,3.0000009536743164
1.0879998207092285,0.9940000772476196,3.0000054836273193
1.8799999952316284,0.9829999804496765,3.000002861022949
1.4329999685287476,0.9819999933242798,3.0000052452087402
1.2410001754760742,0.9880000352859497,2.9999923706054688
1.1160000562667847,0.9890000224113464,3.0000057220458984
1.1390000581741333,0.9890000224113464,3.0000059604644775
1.2730000019073486,0.9799999594688416,3.0000016689300537
1.1749999523162842,0.9890000224113464,3.000001907348633
1.0699999332427979,0.9950000643730164,3.0000061988830566
1.0549999475479126,0.9930000901222229,3.0000054836273193
1.1009999513626099,0.9920001029968262,3.0000061988830566
1.1750000715255737,0.9910001158714294,2.99999737739563
1.157999873161316,0.9900000691413879,2.999988555908203
1.1759999990463257,0.9880000948905945,2.99999737739563
1.1150000095367432,0.9869999289512634,3.0000054836273193
1.2580000162124634,0.9950000643730164,2.9999983310699463
1.1139999628067017,0.9930000305175781,3.0000052452087402
1.121999979019165,0.9950000643730164,3.0000057220458984
1.097000002861023,0.9940000772476196,2.9999966621398926
1.0329999923706055,0.9950000643730164,3.000004768371582
1.121999979019165,0.9920001029968262,3.000005006790161
1.13100004196167,0.98499995470047,3.0000059604644775
1.0760000944137573,0.9920001029968262,3.0000011920928955
1.0339999198913574,0.9950000643730164,3.000005006790161
1.1089999675750732,0.9940000772476196,3.0000057220458984
1.1740000247955322,0.9879999756813049,3.0000052452087402
1.1370000839233398,0.9950000643730164,2.9999966621398926
1.1440001726150513,0.9890000224113464,3.0000052452087402
1.149999976158142,0.9920001029968262,2.99999737739563
1.071000099182129,0.9950000643730164,3.0000052452087402
1.315999984741211,0.9849998950958252,2.9999964237213135
1.0789999961853027,0.9950000643730164,3.0000057220458984
1.0549999475479126,0.9930000901222229,3.0000057220458984
1.1899999380111694,0.9900001287460327,3.0000054836273193
1.1330000162124634,0.9920000433921814,3.0000054836273193
1.2030000686645508,0.9950000643730164,2.999997854232788
1.121999979019165,0.9890000820159912,2.999997138977051
1.128000020980835,0.9930000901222229,2.999995470046997
1.0500000715255737,0.9940000772476196,3.0000054836273193
1.0920000076293945,0.9900000691413879,3.0000054836273193
1.191999912261963,0.9900001287460327,3.0000016689300537
1.404000163078308,0.9819999933242798,2.999997854232788
1.055999994277954,0.9950000643730164,3.0000052452087402
1.1669998168945312,0.9900000095367432,2.999995231628418
1.1940001249313354,0.9910001158714294,3.0000009536743164
1.1529998779296875,0.9890000224113464,3.0000057220458984
1.2020000219345093,0.9900000691413879,2.999997138977051
1.13100004196167,0.9890000820159912,2.999997138977051
1.2639999389648438,0.9840000867843628,2.9999969005584717
1.315999984741211,0.9880000352859497,2.999998092651367
1.1710000038146973,0.9850000739097595,3.000005006790161
1.1039999723434448,0.9890000224113464,3.0000052452087402
1.0899999141693115,0.9920001029968262,3.0000064373016357
1.1629999876022339,0.9869999885559082,3.000005006790161
1.2100000381469727,0.9900000691413879,3.0000059604644775
1.0690001249313354,0.9930000901222229,3.0000064373016357
1.1340000629425049,0.9920000433921814,2.9999964237213135
1.1230000257492065,0.9950000643730164,3.0000040531158447
1.1019998788833618,0.9950000643730164,3.0000014305114746
1.0830000638961792,0.9930000901222229,3.0000054836273193
1.090000033378601,0.9900000691413879,3.0000057220458984
1.0490000247955322,0.9940000772476196,3.000004768371582
1.1119999885559082,0.9930000901222229,2.9999969005584717
1.100000023841858,0.9920001029968262,3.0000059604644775
1.222000002861023,0.9879999756813049,2.999992609024048
1.2569999694824219,0.9850000739097595,2.9999992847442627
1.1100001335144043,0.9900000691413879,2.9999966621398926
1.053999900817871,0.9950000643730164,3.0000057220458984
1.152000069618225,0.987000048160553,2.999997138977051
1.1089999675750732,0.9940000772476196,3.0000014305114746
1.159999966621399,0.9890000820159912,3.0000014305114746
1.2920000553131104,0.9890000820159912,3.0000030994415283
1.062000036239624,0.9950000643730164,3.000004529953003
1.097999930381775,0.9889999628067017,3.0000052452087402
1.1449998617172241,0.9880000352859497,3.0000057220458984
1.149999976158142,0.9879999756813049,3.0000059604644775
1.0959999561309814,0.9910000562667847,3.0000052452087402
1.0830000638961792,0.9910001158714294,3.0000057220458984
1.0689998865127563,0.9930000901222229,3.0000057220458984
1.1029999256134033,0.9920000433921814,3.0000061988830566
1.1069999933242798,0.9940000772476196,3.0000011920928955
1.0509999990463257,0.9940000772476196,3.0000059604644775
1.0839998722076416,0.9930000901222229,3.000005006790161
1.1929999589920044,0.9880000352859497,3.0000059604644775
1.0449999570846558,0.9940000772476196,3.000005006790161
1.1690000295639038,0.9900001287460327,2.9999961853027344
1.1859999895095825,0.987000048160553,3.0000007152557373
1.0839999914169312,0.9920000433921814,3.000005006790161
1.0749999284744263,0.9930000901222229,3.0000011920928955
1.1060000658035278,0.9900000691413879,3.0000057220458984
1.090999960899353,0.9950000643730164,2.999999761581421
1.1080000400543213,0.9910000562667847,3.0000057220458984
1.0779999494552612,0.9940000772476196,3.0000059604644775
1.0529998540878296,0.9950000643730164,3.0000054836273193
1.0699999332427979,0.9890000820159912,3.000004768371582
1.1050000190734863,0.9900001287460327,3.0000054836273193
1.055999994277954,0.9950000643730164,3.0000052452087402
1.0800000429153442,0.9900001287460327,3.000004768371582
1.0880000591278076,0.9880000352859497,3.0000052452087402
1.1449999809265137,0.9880000352859497,3.000005006790161
1.0649999380111694,0.9950000643730164,3.000005006790161
1.1349998712539673,0.9930000901222229,3.0000057220458984
1.1019999980926514,0.9880000352859497,3.0000057220458984
1.059000015258789,0.9930000901222229,3.0000054836273193
1.028999924659729,0.9940000772476196,3.0000052452087402
1.0740000009536743,0.9930000901222229,3.0000054836273193
1.0550000667572021,0.9950000643730164,3.0000052452087402
1.1869999170303345,0.9950000643730164,3.000000238418579
1.0379999876022339,0.9950000643730164,3.0000057220458984
1.0310001373291016,0.9950000643730164,3.000004768371582
1.128999948501587,0.9869999885559082,3.0000057220458984
1.0429999828338623,0.9940000772476196,3.0000052452087402
1.0749999284744263,0.9910001158714294,3.000000476837158
1.033000111579895,0.9909999966621399,3.000004529953003
