1.0430808067321777,0.9450000524520874,1.1306270360946655
1.0270800590515137,0.9700000286102295,1.0734394788742065
1.024999976158142,0.9750000238418579,1.1548458337783813
1.0363308191299438,0.9550000429153442,1.0754708051681519
1.024999976158142,0.9750000238418579,1.0335956811904907
1.024999976158142,0.9750000238418579,1.0471895933151245
1.024999976158142,0.9750000238418579,1.0326581001281738
1.0375635623931885,0.9550000429153442,1.230939507484436
1.0404168367385864,0.9350000619888306,1.7612520456314087
1.024999976158142,0.9750000238418579,1.070783257484436
1.0454565286636353,0.9450000524520874,1.580001950263977
1.0424572229385376,0.9500000476837158,1.6357831954956055
1.0327914953231812,0.9500000476837158,1.3901582956314087
1.024999976158142,0.9750000238418579,1.039533257484436
1.024999976158142,0.9750000238418579,1.0457831621170044
1.0422639846801758,0.9500000476837158,1.2251582145690918
1.024999976158142,0.9750000238418579,1.0240644216537476
1.024999976158142,0.9750000238418579,1.036564588546753
1.024999976158142,0.9750000238418579,1.057814359664917
1.024999976158142,0.9750000238418579,1.0396894216537476
1.024999976158142,0.9750000238418579,1.0354706048965454
1.027112364768982,0.9700000286102295,1.109845757484436
1.024999976158142,0.9750000238418579,1.0229707956314087
1.024999976158142,0.9750000238418579,1.0451582670211792
1.0354321002960205,0.9550000429153442,1.165783166885376
1.024999976158142,0.9750000238418579,1.0251582860946655
1.0409682989120483,0.9500000476837158,1.078595757484436
1.024999976158142,0.9750000238418579,1.0300021171569824
1.024999976158142,0.9750000238418579,1.0271893739700317
1.0363308191299438,0.9550000429153442,1.0721895694732666
1.024999976158142,0.9750000238418579,1.043283224105835
1.024999976158142,0.9750000238418579,1.0140644311904907
