1.1029999256134033,0.9890000820159912,1.128000259399414
1.0809998512268066,0.9940000772476196,1.1280001401901245
1.2380000352859497,0.9950000643730164,1.1279995441436768
1.1260000467300415,0.9910001158714294,1.1280001401901245
1.037000060081482,0.9950000643730164,1.1279999017715454
1.0830000638961792,0.9950000643730164,1.1280001401901245
1.0780000686645508,0.9950000643730164,1.1279999017715454
1.1680001020431519,0.9910000562667847,1.1280001401901245
1.4449999332427979,0.987000048160553,1.1279999017715454
1.0940001010894775,0.9950000643730164,1.1279995441436768
1.5000001192092896,0.9890000820159912,1.1279997825622559
1.2910001277923584,0.9900000691413879,1.1279997825622559
1.2760001420974731,0.9900001287460327,1.128000020980835
1.0729999542236328,0.9950000643730164,1.1279997825622559
1.0619999170303345,0.9950000643730164,1.1279996633529663
1.1120001077651978,0.9900000095367432,1.1280001401901245
1.061000108718872,0.9950000643730164,1.1279997825622559
1.0620001554489136,0.9950000643730164,1.128000259399414
1.1050000190734863,0.9950000643730164,1.1279999017715454
1.059000015258789,0.9950000643730164,1.128000020980835
1.0609999895095825,0.9950000643730164,1.1280001401901245
1.1309999227523804,0.9940000772476196,1.128000020980835
1.0649998188018799,0.9950000643730164,1.128000020980835
1.057999849319458,0.9950000643730164,1.128000259399414
1.0570000410079956,0.9910000562667847,1.1279999017715454
1.0269999504089355,0.9950000643730164,1.1279999017715454
1.053999900817871,0.9900001287460327,1.128000020980835
1.0490000247955322,0.9950000643730164,1.128000020980835
1.03000009059906,0.9950000643730164,1.1279997825622559
1.0549999475479126,0.9910001158714294,1.1279997825622559
1.0360000133514404,0.9950000643730164,1.1279997825622559
1.03000009059906,0.9950000643730164,1.1279997825622559
