284
824
48
307
999
594
761
458
30
807
666
976
186
450
457
1031
1074
57
576
640
299
339
182
920
609
574
5
910
192
195
925
892
980
868
428
541
668
116
603
767
222
754
529
856
306
301
1042
273
142
114
595
270
148
714
561
383
476
554
47
664
901
67
792
971
422
163
364
171
295
1000
943
665
671
828
60
1036
258
179
1038
415
405
331
661
1003
6
1061
519
954
787
788
616
693
912
706
75
672
589
674
418
155
628
662
173
13
619
482
369
783
760
635
134
395
605
486
1030
817
718
1011
469
647
239
852
1002
951
305
294
262
325
591
377
59
104
374
565
288
988
485
441
175
317
514
636
128
843
711
556
228
144
970
499
733
505
946
385
682
930
851
966
203
838
916
