349
21
492
273
298
367
143
255
353
272
485
313
302
352
290
400
99
305
262
101
424
207
427
271
161
199
40
82
248
263
123
478
141
434
323
446
365
85
342
441
269
291
96
324
382
180
79
278
450
65
26
111
508
380
77
395
56
489
224
208
387
511
440
7
288
389
212
448
222
386
229
468
122
464
53
433
416
62
439
396
256
160
215
413
420
239
372
304
465
110
398
177
507
280
303
137
94
470
405
502
320
147
260
362
74
472
2
428
347
50
525
55
158
64
410
364
493
401
494
251
509
37
296
192
125
31
348
257
417
57
129
469
506
102
340
185
140
196
361
20
406
113
421
108
16
136
326
109
358
157
91
18
118
119
371
202
150
390
