1.1209999322891235,0.9890000820159912,1.128000259399414
1.0819998979568481,0.9940000772476196,1.1280001401901245
1.2369999885559082,0.9950000643730164,1.1279996633529663
1.1290000677108765,0.9910001158714294,1.1280001401901245
1.0360000133514404,0.9950000643730164,1.128000020980835
1.0840001106262207,0.9950000643730164,1.1280001401901245
1.0750000476837158,0.9950000643730164,1.1279999017715454
1.1680001020431519,0.9910000562667847,1.1280001401901245
1.4189999103546143,0.987000048160553,1.1280001401901245
1.099000096321106,0.9950000643730164,1.1279996633529663
1.4920001029968262,0.9890000820159912,1.1279997825622559
1.3000000715255737,0.9900000691413879,1.128000020980835
1.2690000534057617,0.9900001287460327,1.128000020980835
1.0729999542236328,0.9950000643730164,1.1279997825622559
1.062999963760376,0.9950000643730164,1.1279996633529663
1.1100001335144043,0.9900000095367432,1.1280001401901245
1.0570001602172852,0.9950000643730164,1.1279997825622559
1.0630000829696655,0.9950000643730164,1.128000259399414
1.1039999723434448,0.9950000643730164,1.1279999017715454
1.055999994277954,0.9950000643730164,1.128000020980835
1.0609999895095825,0.9950000643730164,1.128000259399414
1.1399999856948853,0.9940000772476196,1.128000020980835
1.063999891281128,0.9950000643730164,1.128000020980835
1.0559998750686646,0.9950000643730164,1.128000259399414
1.0600000619888306,0.9910000562667847,1.1279999017715454
1.0260000228881836,0.9950000643730164,1.1279999017715454
1.0549999475479126,0.9900001287460327,1.128000020980835
1.0470000505447388,0.9950000643730164,1.128000020980835
1.031000018119812,0.9950000643730164,1.1279997825622559
1.0529999732971191,0.9910001158714294,1.1279997825622559
1.040000081062317,0.9950000643730164,1.1279997825622559
1.031000018119812,0.9950000643730164,1.1279997825622559
