958
678
850
377
283
676
448
58
787
644
153
968
508
976
575
388
942
579
659
627
557
634
196
175
532
86
723
596
517
835
92
77
151
312
692
401
643
1022
103
952
235
948
260
515
838
286
878
516
975
833
588
166
282
1009
780
10
991
268
123
169
671
498
1075
134
617
473
222
228
705
504
203
703
894
985
647
28
861
862
83
403
417
768
464
335
383
858
783
209
155
290
1011
1066
313
146
126
797
113
771
108
763
348
531
720
677
66
549
287
87
844
281
867
396
865
217
320
474
713
603
624
248
365
1047
359
745
827
317
687
295
311
804
136
594
881
161
769
129
233
1068
537
185
795
564
379
398
604
100
202
342
863
212
49
297
658
649
224
781
960
285
620
1067
249
760
1027
1036
606
956
1006
857
426
548
221
1025
512
650
924
8
236
611
922
253
78
497
936
61
225
961
507
1026
75
731
416
775
194
34
631
128
284
259
800
326
992
734
274
493
642
370
928
901
1072
263
710
435
218
700
695
76
969
177
707
135
371
397
407
1076
573
626
623
656
412
823
469
974
369
964
13
683
592
776
148
349
104
314
243
178
811
887
698
88
184
81
170
567
141
214
167
577
1000
443
890
156
7
465
1060
456
15
360
254
848
35
657
904
207
463
91
885
325
996
431
353
690
559
665
328
668
72
355
37
836
1035
547
255
439
519
265
653
855
420
95
186
785
907
1028
917
959
977
732
651
59
648
276
74
53
267
115
667
993
57
945
55
571
619
744
565
727
982
921
891
916
347
738
612
51
518
1008
199
950
271
724
99
122
9
116
521
453
5
530
341
845
21
522
461
913
215
672
983
361
308
1037
1049
372
673
599
93
814
590
251
459
90
425
540
85
576
384
997
1048
163
245
888
1013
831
801
666
96
213
911
172
725
841
953
970
390
925
111
210
356
860
843
876
354
329
886
434
159
552
238
719
12
273
955
82
525
414
840
849
351
339
1005
990
54
306
898
482
427
940
269
877
884
777
866
721
478
1071
931
1039
778
1070
462
318
851
102
252
164
418
774
935
29
171
250
621
550
927
622
316
741
1010
229
211
645
333
432
350
859
613
798
107
216
957
289
84
765
704
662
920
609
873
872
755
679
415
585
610
288
133
500
291
42
1069
337
219
600
144
979
574
686
305
16
138
554
345
895
688
986
615
109
188
633
930
893
572
598
298
375
44
736
962
149
299
23
828
451
591
343
270
17
346
226
1065
630
193
541
307
871
125
127
304
227
1020
131
405
1019
903
150
310
782
239
344
424
336
445
669
966
195
1029
580
638
846
607
514
932
19
684
803
442
198
319
625
822
511
926
391
934
784
450
874
1001
309
63
746
561
262
902
1043
675
1050
440
587
805
899
275
399
680
788
912
64
918
709
551
301
1040
632
880
869
277
1073
896
618
79
279
110
1054
436
825
1021
3
706
954
256
1077
629
364
639
722
485
386
261
189
670
0
756
513
608
854
429
767
1042
906
752
380
578
1052
802
117
237
392
409
635
423
387
914
27
381
505
181
20
495
419
660
382
652
853
523
506
1017
70
584
173
46
943
139
1023
582
65
220
358
266
488
757
105
366
750
458
789
923
67
967
11
130
1033
1058
729
433
602
468
208
232
467
62
157
114
18
413
949
965
661
681
628
799
597
1045
421
919
810
691
206
501
735
1061
294
883
1016
758
1041
839
824
152
702
106
529
97
502
4
820
817
766
258
864
773
1038
593
484
637
568
1003
697
428
809
492
378
897
938
790
338
708
1051
1007
408
272
1032
280
533
556
437
60
555
654
536
264
583
472
754
791
726
742
640
101
410
813
663
664
842
71
929
223
389
395
119
562
374
487
569
605
527
481
56
192
595
457
460
636
32
230
994
362
539
1074
542
89
30
