1.0354737043380737,0.9550000429153442,1.1183019876480103
1.0354737043380737,0.9550000429153442,1.1210520267486572
1.0503356456756592,0.8849999904632568,3.214442014694214
1.0320017337799072,0.9650000333786011,1.2620218992233276
1.0306593179702759,0.9600000381469727,1.5652720928192139
1.0361536741256714,0.9500000476837158,1.1940619945526123
1.036550760269165,0.9500000476837158,1.1865019798278809
1.0303244590759277,0.9600000381469727,1.6179920434951782
1.0370763540267944,0.9500000476837158,1.2167119979858398
1.0440491437911987,0.9300000667572021,1.401792049407959
1.0463407039642334,0.940000057220459,1.155332088470459
1.0416454076766968,0.9500000476837158,1.3474218845367432
1.0416454076766968,0.9500000476837158,1.3474218845367432
1.0499426126480103,0.9200000762939453,2.082592010498047
1.0498825311660767,0.9200000762939453,2.3037221431732178
1.1367557048797607,0.6800000071525574,4.380932331085205
1.0310888290405273,0.9550000429153442,1.5973320007324219
1.0279462337493896,0.9700000286102295,1.1021519899368286
1.034182071685791,0.940000057220459,1.564452052116394
1.024999976158142,0.9750000238418579,1.0492520332336426
1.024999976158142,0.9750000238418579,1.0776320695877075
1.024999976158142,0.9750000238418579,1.0977020263671875
1.0294445753097534,0.9650000333786011,1.176192045211792
1.024999976158142,0.9750000238418579,1.1518019437789917
1.0262531042099,0.9700000286102295,1.2170519828796387
1.0522966384887695,0.8449999690055847,2.436742067337036
1.0468658208847046,0.9350000619888306,1.5981520414352417
1.0431644916534424,0.9350000619888306,1.6618621349334717
1.0298699140548706,0.9550000429153442,2.1146621704101562
1.0500842332839966,0.9200000762939453,1.7751820087432861
1.0281412601470947,0.9650000333786011,1.1733819246292114
1.0357507467269897,0.9500000476837158,1.4389419555664062
1.0413576364517212,0.9300000667572021,2.0214221477508545
1.093457579612732,0.824999988079071,2.90033221244812
1.0472300052642822,0.9300000667572021,1.5977020263671875
1.0536705255508423,0.9050000309944153,1.7104320526123047
1.0703080892562866,0.8550000190734863,2.489621877670288
1.0431379079818726,0.9550000429153442,1.233232021331787
1.0468878746032715,0.9500000476837158,1.2423120737075806
1.062206745147705,0.8299999833106995,2.7344717979431152
1.0524048805236816,0.8650000095367432,2.6339921951293945
1.0340280532836914,0.9450000524520874,1.4905920028686523
1.0507631301879883,0.8800000548362732,3.589571952819824
1.0340237617492676,0.9500000476837158,2.0419721603393555
1.044095754623413,0.9450000524520874,1.1846020221710205
1.1246159076690674,0.7099999785423279,4.171372413635254
1.0419660806655884,0.9500000476837158,1.2297320365905762
1.0310440063476562,0.9650000333786011,1.0745019912719727
1.0293667316436768,0.9600000381469727,1.235192060470581
1.0480252504348755,0.9150000810623169,1.7435120344161987
1.024999976158142,0.9750000238418579,1.1305320262908936
1.0278098583221436,0.9650000333786011,1.2613921165466309
1.0660498142242432,0.8450000286102295,2.5029120445251465
1.0447278022766113,0.9350000619888306,1.8305720090866089
1.044801115989685,0.9300000667572021,1.8680419921875
1.0406200885772705,0.9350000619888306,1.4505720138549805
1.0292145013809204,0.9600000381469727,1.142651915550232
1.0267120599746704,0.9700000286102295,1.1323519945144653
1.0396654605865479,0.940000057220459,1.569972038269043
1.024999976158142,0.9750000238418579,1.030281901359558
1.0452111959457397,0.9250000715255737,1.8889720439910889
1.048183798789978,0.9250000715255737,1.7899619340896606
1.0477627515792847,0.9350000619888306,1.2743419408798218
1.029881477355957,0.9650000333786011,1.2383620738983154
1.048519492149353,0.9250000715255737,1.8719420433044434
1.0267326831817627,0.9700000286102295,1.1573820114135742
1.0258257389068604,0.9700000286102295,1.143462061882019
1.0413541793823242,0.9250000715255737,2.2225420475006104
1.031982421875,0.9500000476837158,1.4774521589279175
1.024999976158142,0.9750000238418579,1.0765520334243774
1.024999976158142,0.9750000238418579,1.0357519388198853
1.024999976158142,0.9750000238418579,1.13099205493927
1.04342520236969,0.9350000619888306,1.365962028503418
1.0522302389144897,0.9300000667572021,1.7402920722961426
1.029980182647705,0.9650000333786011,1.1527520418167114
1.0268950462341309,0.9650000333786011,1.2225319147109985
1.0377695560455322,0.9200000762939453,1.912361979484558
1.0382784605026245,0.940000057220459,1.3486320972442627
1.0269733667373657,0.9700000286102295,1.123002052307129
1.0288136005401611,0.9650000333786011,1.2223420143127441
1.0467793941497803,0.9500000476837158,1.1946721076965332
1.024999976158142,0.9750000238418579,1.1441019773483276
1.027871012687683,0.9650000333786011,1.2026619911193848
1.024999976158142,0.9750000238418579,1.235841989517212
1.044482707977295,0.9200000762939453,2.0098021030426025
1.0581976175308228,0.8750001192092896,2.536722421646118
1.024999976158142,0.9750000238418579,1.1216119527816772
1.0385432243347168,0.9500000476837158,1.2444119453430176
1.024999976158142,0.9750000238418579,1.1410319805145264
1.024999976158142,0.9750000238418579,1.0634020566940308
1.0388168096542358,0.9550000429153442,1.3163319826126099
1.03242027759552,0.9600000381469727,1.4084919691085815
1.024999976158142,0.9750000238418579,1.0820419788360596
1.024999976158142,0.9750000238418579,1.042362093925476
1.0444068908691406,0.9500000476837158,1.3665120601654053
1.042387843132019,0.9550000429153442,1.2167019844055176
1.024999976158142,0.9750000238418579,1.0727020502090454
1.029258370399475,0.9600000381469727,1.2482819557189941
1.0443272590637207,0.940000057220459,1.2782920598983765
1.024999976158142,0.9750000238418579,1.0450019836425781
1.0461922883987427,0.9200000762939453,1.2936820983886719
1.0441689491271973,0.9350000619888306,1.2687619924545288
1.0519559383392334,0.9200000762939453,1.3326618671417236
1.0519983768463135,0.8950001001358032,2.2109220027923584
1.0421414375305176,0.9500000476837158,1.1547819375991821
1.0428764820098877,0.9000000357627869,2.5883121490478516
1.0542511940002441,0.8700001239776611,2.7541720867156982
1.0725759267807007,0.8750001192092896,2.991931915283203
1.0370903015136719,0.9550000429153442,1.2590720653533936
1.0353446006774902,0.9450000524520874,1.7845219373703003
1.028110146522522,0.9650000333786011,1.2282220125198364
1.0295226573944092,0.9700000286102295,1.0623220205307007
1.0316894054412842,0.9500000476837158,1.4054219722747803
1.0358452796936035,0.9450000524520874,1.2559620141983032
1.029350996017456,0.9600000381469727,1.1480920314788818
1.0289371013641357,0.9650000333786011,1.169711947441101
1.0373625755310059,0.9450000524520874,1.4719021320343018
1.0701020956039429,0.9200000762939453,1.3459919691085815
1.0695466995239258,0.9200000762939453,1.3459919691085815
1.024999976158142,0.9750000238418579,1.0707619190216064
1.036699652671814,0.9500000476837158,1.6837120056152344
1.0430582761764526,0.9200000762939453,1.5423120260238647
1.052465796470642,0.9050000309944153,1.5569820404052734
1.0336283445358276,0.9600000381469727,1.2392219305038452
1.0771833658218384,0.8600000739097595,1.9128119945526123
1.0455282926559448,0.9250000715255737,1.6326320171356201
1.0258005857467651,0.9700000286102295,1.2442220449447632
1.0613099336624146,0.9200000762939453,2.470341920852661
1.0644127130508423,0.9150000810623169,2.551201820373535
1.024999976158142,0.9750000238418579,1.1259620189666748
1.0296498537063599,0.9600000381469727,1.1750420331954956
1.045446753501892,0.9250000715255737,1.9449020624160767
1.0445622205734253,0.9300000667572021,1.9568620920181274
1.0777159929275513,0.8500000834465027,2.302572011947632
1.0394268035888672,0.9350000619888306,1.2462319135665894
1.040381908416748,0.9350000619888306,1.5682719945907593
1.0661529302597046,0.8800000548362732,2.24809193611145
1.0325515270233154,0.9550000429153442,1.4913721084594727
1.047451138496399,0.9150000810623169,1.9623019695281982
1.0727884769439697,0.9250000715255737,1.2848520278930664
1.073422908782959,0.9250000715255737,1.2848520278930664
1.024999976158142,0.9750000238418579,1.1185522079467773
1.0308470726013184,0.9500000476837158,1.6754119396209717
1.0286633968353271,0.9650000333786011,1.1947519779205322
1.0545270442962646,0.9100000858306885,1.5494719743728638
1.03670334815979,0.9350000619888306,2.192892074584961
1.0310286283493042,0.9450000524520874,2.020681858062744
1.0314527750015259,0.9650000333786011,1.1269220113754272
1.0393626689910889,0.9100000858306885,1.908742070198059
1.0264517068862915,0.9700000286102295,1.421212077140808
1.042637586593628,0.9500000476837158,1.3331018686294556
1.028460144996643,0.9600000381469727,2.122152090072632
1.024999976158142,0.9750000238418579,1.075671911239624
1.024999976158142,0.9750000238418579,1.188912034034729
1.0449016094207764,0.9350000619888306,1.5979520082473755
1.0311111211776733,0.9600000381469727,1.413472056388855
1.03339684009552,0.9650000333786011,1.1648519039154053
1.0261309146881104,0.9700000286102295,1.1984819173812866
1.0501147508621216,0.9300000667572021,1.5132920742034912
1.0521023273468018,0.9250000715255737,1.4657419919967651
1.065393328666687,0.9150000810623169,1.5843820571899414
1.0696024894714355,0.8950001001358032,1.8137120008468628
1.0538815259933472,0.9250000715255737,1.3940019607543945
1.0457990169525146,0.940000057220459,1.391711950302124
1.0435128211975098,0.940000057220459,1.4790220260620117
1.0660265684127808,0.8950001001358032,1.7887420654296875
1.0661948919296265,0.9050000309944153,2.1235320568084717
1.066823959350586,0.9000000953674316,1.9566320180892944
1.032165765762329,0.9500000476837158,1.3973820209503174
1.0502519607543945,0.9150000810623169,1.955322027206421
1.0273786783218384,0.9650000333786011,1.248892068862915
1.024999976158142,0.9750000238418579,1.09797203540802
1.0266697406768799,0.9700000286102295,1.2204320430755615
1.0298489332199097,0.9650000333786011,1.1825320720672607
1.031793475151062,0.9600000381469727,1.2743721008300781
1.0529143810272217,0.9100000858306885,1.3876219987869263
1.0387989282608032,0.9450000524520874,1.295132040977478
1.0600510835647583,0.9150000810623169,1.3139020204544067
1.0685622692108154,0.9000000953674316,1.3441020250320435
1.024999976158142,0.9750000238418579,1.0603020191192627
1.0296505689620972,0.9550000429153442,1.7919321060180664
1.024999976158142,0.9750000238418579,1.054152011871338
1.029215931892395,0.9600000381469727,1.3774420022964478
1.0309937000274658,0.9500000476837158,1.364601969718933
1.0411983728408813,0.940000057220459,1.6598920822143555
1.0436772108078003,0.9150000810623169,1.8162320852279663
1.036287784576416,0.9550000429153442,1.3110219240188599
1.0259044170379639,0.9650000333786011,1.5967119932174683
1.0450044870376587,0.9300000667572021,1.3399620056152344
1.0478665828704834,0.9150000810623169,1.92588210105896
1.026500940322876,0.9650000333786011,1.152101993560791
1.0619738101959229,0.8750000596046448,2.591301918029785
1.0288760662078857,0.9650000333786011,1.290071964263916
1.0495251417160034,0.8950001001358032,2.396212100982666
1.0270150899887085,0.9700000286102295,1.2364718914031982
1.024999976158142,0.9750000238418579,1.1051719188690186
1.0621082782745361,0.8899999856948853,2.5620219707489014
1.0320079326629639,0.9600000381469727,1.223431944847107
1.0586470365524292,0.9300000667572021,1.5245720148086548
1.0603249073028564,0.9250000715255737,1.5308619737625122
1.0535311698913574,0.9300000667572021,1.5731620788574219
1.0427016019821167,0.9200000762939453,1.510972023010254
1.0526131391525269,0.9050000905990601,1.8501521348953247
1.0637502670288086,0.8900001049041748,1.842292070388794
1.032742977142334,0.9550000429153442,1.2152220010757446
1.0272271633148193,0.9700000286102295,1.2360719442367554
1.029183030128479,0.9600000381469727,1.4847618341445923
1.0264633893966675,0.9700000286102295,1.0920220613479614
1.024999976158142,0.9750000238418579,1.0582720041275024
1.0795398950576782,0.8650000691413879,3.2946019172668457
1.0581684112548828,0.9250000715255737,2.428842067718506
1.0296224355697632,0.9650000333786011,1.12335205078125
1.0520936250686646,0.9200000762939453,1.526811957359314
1.0393667221069336,0.9500000476837158,1.155392050743103
1.031561255455017,0.9550000429153442,1.5411021709442139
1.0779073238372803,0.8550000190734863,1.725801944732666
1.0315743684768677,0.9550000429153442,1.5265419483184814
1.0320395231246948,0.9550000429153442,1.2935320138931274
1.0461647510528564,0.9150000810623169,1.5747820138931274
1.0284191370010376,0.9650000333786011,1.556872010231018
1.0312408208847046,0.9550000429153442,1.7311619520187378
1.0308021306991577,0.9600000381469727,1.4103920459747314
1.0370899438858032,0.9550000429153442,1.1675620079040527
1.041216254234314,0.9350000619888306,1.6265020370483398
1.05581796169281,0.9000000953674316,1.9529420137405396
1.0391756296157837,0.9450000524520874,1.2573020458221436
1.037402868270874,0.9350000619888306,1.6504920721054077
1.0302261114120483,0.9650000333786011,1.11148202419281
1.0354291200637817,0.9500000476837158,1.155542016029358
1.0414206981658936,0.9300000667572021,1.452131986618042
1.0326155424118042,0.9500000476837158,1.5175418853759766
1.024999976158142,0.9750000238418579,1.0888019800186157
1.0509073734283447,0.9300000667572021,1.5961519479751587
1.0478198528289795,0.9300000667572021,1.5147218704223633
1.043366551399231,0.940000057220459,1.6134419441223145
1.0371477603912354,0.940000057220459,1.561371922492981
1.046684741973877,0.9100000858306885,2.833872079849243
1.031996726989746,0.9650000333786011,1.1408820152282715
1.0388896465301514,0.9450000524520874,1.3018920421600342
1.0492171049118042,0.9200000762939453,1.514482021331787
1.0444434881210327,0.9350000619888306,1.8597620725631714
1.0331261157989502,0.9550000429153442,1.3132820129394531
1.031428575515747,0.9600000381469727,1.3793020248413086
1.0329090356826782,0.9600000381469727,1.5184019804000854
1.0304977893829346,0.9650000333786011,1.1702220439910889
1.026584267616272,0.9700000286102295,1.1068018674850464
1.050199031829834,0.9300000667572021,1.4961520433425903
1.057590126991272,0.9000000953674316,1.657781958580017
1.0413991212844849,0.940000057220459,1.2027620077133179
1.038671612739563,0.9450000524520874,1.3596919775009155
1.028813123703003,0.9550000429153442,1.2094719409942627
1.029932975769043,0.9600000381469727,1.0882819890975952
1.059002161026001,0.8700000643730164,2.52718186378479
1.0328123569488525,0.9600000381469727,1.2154419422149658
1.0443452596664429,0.9300000667572021,1.2259819507598877
1.0414319038391113,0.940000057220459,1.487272024154663
1.0418176651000977,0.925000011920929,2.0337319374084473
1.047608733177185,0.9500000476837158,1.1886619329452515
1.0476752519607544,0.9250000715255737,1.4433720111846924
1.0266565084457397,0.9700000286102295,1.113322138786316
1.0433903932571411,0.9350000619888306,1.486691951751709
1.0332469940185547,0.9550000429153442,1.300941824913025
1.024999976158142,0.9750000238418579,1.213252067565918
1.0494831800460815,0.9300000667572021,1.6964119672775269
1.0443012714385986,0.9200000762939453,1.756071925163269
1.0432732105255127,0.9550000429153442,1.2815420627593994
1.0287688970565796,0.9700000286102295,1.0937219858169556
1.029881238937378,0.9650000333786011,1.1213619709014893
1.024999976158142,0.9750000238418579,1.1076220273971558
1.044350266456604,0.940000057220459,1.1984820365905762
1.0293517112731934,0.9600000381469727,1.4816120862960815
1.0547806024551392,0.9050000309944153,2.1003620624542236
1.037892460823059,0.9500000476837158,1.1901819705963135
1.0664540529251099,0.8449999690055847,2.5531420707702637
1.0320464372634888,0.9600000381469727,1.150712013244629
1.024999976158142,0.9750000238418579,1.0381919145584106
1.0271350145339966,0.9700000286102295,1.1639219522476196
1.029870629310608,0.9650000333786011,1.15158212184906
1.0391771793365479,0.9150000810623169,2.1692919731140137
1.0713181495666504,0.8400000333786011,2.6716220378875732
1.027097463607788,0.9650000333786011,1.4350420236587524
1.0273807048797607,0.9650000333786011,1.3154520988464355
1.0296790599822998,0.9600000381469727,1.2893320322036743
1.0624157190322876,0.8950001001358032,1.581272006034851
1.050741195678711,0.9350000619888306,1.583791971206665
1.024999976158142,0.9750000238418579,1.1331219673156738
1.0199999809265137,0.9800000190734863,1.0884519815444946
1.0624524354934692,0.8700000643730164,1.756392002105713
1.0312626361846924,0.9550000429153442,1.216352105140686
1.03359854221344,0.9500000476837158,1.5287320613861084
1.0447338819503784,0.9300000071525574,1.7403520345687866
1.0546232461929321,0.9200000762939453,2.3015921115875244
1.0617077350616455,0.9000000953674316,2.146872043609619
1.0661486387252808,0.8800000548362732,2.6180419921875
1.0264291763305664,0.9700000286102295,1.1169819831848145
1.03709876537323,0.9450000524520874,1.4068820476531982
1.0280823707580566,0.9550000429153442,1.6430820226669312
1.0283825397491455,0.9650000333786011,1.1924819946289062
1.0419654846191406,0.9350000619888306,2.0164120197296143
1.075797200202942,0.8399999737739563,3.2549920082092285
1.0616943836212158,0.9000000953674316,1.8310520648956299
1.0541679859161377,0.8950001001358032,2.0023720264434814
1.0273569822311401,0.9700000286102295,1.3201920986175537
1.035270094871521,0.9550000429153442,1.3594319820404053
1.044680118560791,0.9300000667572021,1.949992060661316
1.0328505039215088,0.9600000381469727,1.2479619979858398
1.0448248386383057,0.9300000667572021,1.6181321144104004
1.0346866846084595,0.9450000524520874,1.4988418817520142
1.0602807998657227,0.9000000953674316,2.001782178878784
1.043449878692627,0.940000057220459,1.455322027206421
1.0510128736495972,0.9250000715255737,1.6368520259857178
1.0493192672729492,0.9200000762939453,1.67588210105896
1.0548778772354126,0.8900001049041748,1.985632061958313
1.0430235862731934,0.940000057220459,1.5985521078109741
1.0384669303894043,0.9500000476837158,1.2992520332336426
1.046337604522705,0.9300000667572021,2.358341932296753
1.024999976158142,0.9750000238418579,1.0817420482635498
1.0554797649383545,0.9000000357627869,2.615962028503418
1.038385272026062,0.9500000476837158,1.5260919332504272
1.0230618715286255,0.9750000238418579,1.073862075805664
1.0437829494476318,0.940000057220459,1.630971908569336
1.0308672189712524,0.9550000429153442,1.6722419261932373
1.0343523025512695,0.9600000381469727,1.1846319437026978
1.033501386642456,0.940000057220459,1.6085621118545532
1.0296717882156372,0.9550000429153442,1.3017019033432007
1.0285416841506958,0.9650000333786011,1.4190720319747925
1.0303572416305542,0.9600000381469727,1.2513519525527954
1.0347565412521362,0.940000057220459,1.97353196144104
1.0299253463745117,0.9650000333786011,1.2339520454406738
1.0484298467636108,0.9450000524520874,1.183351993560791
1.024999976158142,0.9750000238418579,1.0521918535232544
1.024999976158142,0.9750000238418579,1.1327120065689087
1.0283234119415283,0.9650000333786011,1.1387720108032227
1.072480320930481,0.9250000715255737,1.2848520278930664
1.029536247253418,0.9700000286102295,1.083501935005188
1.0263335704803467,0.9700000286102295,1.5219820737838745
1.029536247253418,0.9700000286102295,1.1798620223999023
1.0458909273147583,0.925000011920929,2.0376720428466797
1.024999976158142,0.9750000238418579,1.0686619281768799
1.0265971422195435,0.9700000286102295,1.1688519716262817
1.027503252029419,0.9700000286102295,1.3208820819854736
1.024999976158142,0.9750000238418579,1.0384019613265991
1.0281903743743896,0.9650000333786011,1.2623419761657715
1.0408565998077393,0.9500000476837158,1.3512519598007202
1.0199999809265137,0.9800000190734863,1.175812005996704
1.0308711528778076,0.9600000381469727,1.298151969909668
1.0368225574493408,0.940000057220459,1.6245620250701904
1.0384721755981445,0.940000057220459,1.4869921207427979
1.0484950542449951,0.9100000858306885,1.7447019815444946
1.045066475868225,0.9350000619888306,1.2940720319747925
1.0297185182571411,0.9650000333786011,1.1690020561218262
1.0341461896896362,0.9450000524520874,1.7691619396209717
1.0472854375839233,0.9300000667572021,1.5440621376037598
1.0364843606948853,0.9450000524520874,1.41828191280365
1.024999976158142,0.9750000238418579,1.0765520334243774
1.0331497192382812,0.9650000333786011,1.1474920511245728
1.024999976158142,0.9750000238418579,1.0554919242858887
1.0654053688049316,0.8800000548362732,2.3894519805908203
1.0273414850234985,0.9700000286102295,1.1138619184494019
1.035294532775879,0.9450000524520874,1.1781920194625854
1.0349180698394775,0.9450000524520874,1.2181419134140015
1.0381487607955933,0.9500000476837158,1.125741958618164
1.024999976158142,0.9750000238418579,1.0703918933868408
1.028328537940979,0.9650000333786011,1.115772008895874
1.0528464317321777,0.9100000858306885,2.905632257461548
1.024999976158142,0.9750000238418579,1.0523720979690552
1.024999976158142,0.9750000238418579,1.0550519227981567
1.0591564178466797,0.9000000953674316,2.7503018379211426
1.0498685836791992,0.9500000476837158,1.2444419860839844
1.0498685836791992,0.9500000476837158,1.2444419860839844
1.0496593713760376,0.9150000810623169,1.5036520957946777
1.0364220142364502,0.9500000476837158,1.1604419946670532
1.032111406326294,0.9600000381469727,1.1603020429611206
1.032907485961914,0.9550000429153442,1.2620819807052612
1.0400233268737793,0.9250000715255737,1.6624919176101685
1.039327621459961,0.9550000429153442,1.3457119464874268
1.024999976158142,0.9750000238418579,1.0566821098327637
1.0437943935394287,0.940000057220459,1.5179619789123535
1.0259761810302734,0.9700000286102295,1.1872119903564453
1.0448678731918335,0.9350000619888306,1.6546419858932495
1.0406378507614136,0.9450000524520874,1.163451910018921
1.050378680229187,0.9250000715255737,1.439471960067749
1.0292742252349854,0.9600000381469727,1.3392419815063477
1.024999976158142,0.9750000238418579,1.2153520584106445
1.0389517545700073,0.9450000524520874,2.1022021770477295
1.037692904472351,0.940000057220459,1.3500418663024902
1.0269951820373535,0.9700000286102295,1.5332120656967163
1.0548709630966187,0.9150000810623169,2.6264522075653076
1.0434966087341309,0.9100000858306885,2.199012041091919
1.0357733964920044,0.9450000524520874,1.5121819972991943
1.0418976545333862,0.9450000524520874,1.2063319683074951
1.039945125579834,0.9450000524520874,1.4438220262527466
1.0617061853408813,0.9000000357627869,1.9985719919204712
1.0365283489227295,0.9450000524520874,1.6892420053482056
1.024999976158142,0.9750000238418579,1.0603619813919067
1.0285073518753052,0.9650000333786011,1.1676220893859863
1.031643271446228,0.9600000381469727,1.1249620914459229
1.0432732105255127,0.9550000429153442,1.283851981163025
1.0330144166946411,0.9500000476837158,1.5009520053863525
1.0404243469238281,0.940000057220459,1.3538119792938232
1.0425077676773071,0.9350000619888306,1.374142050743103
1.024999976158142,0.9750000238418579,1.225242018699646
1.0292675495147705,0.9650000333786011,1.3445719480514526
1.024999976158142,0.9750000238418579,1.1294819116592407
1.0264906883239746,0.9700000286102295,1.1699018478393555
1.024999976158142,0.9750000238418579,1.0511318445205688
1.0355453491210938,0.9600000381469727,1.2294219732284546
1.053918480873108,0.9250000715255737,1.5369820594787598
1.033279299736023,0.9600000381469727,1.0899620056152344
1.024999976158142,0.9750000238418579,1.0401818752288818
1.0263456106185913,0.9700000286102295,1.2744020223617554
1.038987159729004,0.940000057220459,1.3595619201660156
1.024999976158142,0.9750000238418579,1.1360020637512207
1.041968822479248,0.9450000524520874,1.4592519998550415
1.0258042812347412,0.9650000333786011,1.2474420070648193
1.024999976158142,0.9750000238418579,1.066011905670166
1.061964750289917,0.9250000715255737,1.3160619735717773
1.024999976158142,0.9750000238418579,1.0647820234298706
1.0243598222732544,0.9700000286102295,1.1197819709777832
1.0467793941497803,0.9500000476837158,1.1946721076965332
1.0292452573776245,0.9650000333786011,1.1736119985580444
1.024999976158142,0.9750000238418579,1.2360018491744995
1.0412216186523438,0.9450000524520874,1.3343420028686523
1.0295164585113525,0.9650000333786011,1.099571943283081
1.027860403060913,0.9700000286102295,1.073241949081421
1.0370557308197021,0.9500000476837158,1.218022108078003
1.0418516397476196,0.9500000476837158,1.3168821334838867
1.0543594360351562,0.9100000858306885,1.8855819702148438
1.024999976158142,0.9750000238418579,1.0376018285751343
1.0339854955673218,0.9500000476837158,1.4018120765686035
1.0369278192520142,0.9550000429153442,1.403641939163208
1.0293035507202148,0.9500000476837158,1.2801920175552368
1.0367904901504517,0.9500000476837158,1.4533820152282715
1.0441030263900757,0.9450000524520874,1.3783719539642334
1.0477501153945923,0.9200000166893005,2.0240819454193115
1.0380151271820068,0.940000057220459,1.9735521078109741
1.0477150678634644,0.925000011920929,2.3566720485687256
1.0375638008117676,0.9450000524520874,1.1422920227050781
1.0341784954071045,0.9600000381469727,1.0414819717407227
1.0459625720977783,0.9350000619888306,1.9574120044708252
1.0400793552398682,0.9500000476837158,1.3847520351409912
1.0293011665344238,0.9650000333786011,1.1906119585037231
1.027267336845398,0.9600000381469727,1.3011720180511475
1.024999976158142,0.9750000238418579,1.0639320611953735
1.024999976158142,0.9750000238418579,1.0901719331741333
1.0314439535140991,0.9650000333786011,1.1328519582748413
1.0366023778915405,0.9500000476837158,1.2758420705795288
1.0272786617279053,0.9700000286102295,1.1161020994186401
1.0307151079177856,0.9650000333786011,1.1875520944595337
1.0311458110809326,0.9600000381469727,1.289341926574707
1.0427463054656982,0.940000057220459,1.6233521699905396
1.0538984537124634,0.9250000715255737,1.5730220079421997
1.0339314937591553,0.9500000476837158,1.3677619695663452
1.024999976158142,0.9750000238418579,1.0714119672775269
1.045114278793335,0.9350000619888306,1.227821946144104
1.0262563228607178,0.9700000286102295,1.1048821210861206
1.0427335500717163,0.9450000524520874,1.206942081451416
1.0485432147979736,0.9450000524520874,1.183351993560791
1.024999976158142,0.9750000238418579,1.0851019620895386
1.042976975440979,0.9450000524520874,1.137492060661316
1.0489140748977661,0.940000057220459,1.2659120559692383
1.0427703857421875,0.940000057220459,1.560252070426941
1.0299732685089111,0.9550000429153442,1.2149320840835571
1.0380712747573853,0.9550000429153442,1.21425199508667
1.0234555006027222,0.9700000286102295,1.1513220071792603
1.0295950174331665,0.9600000381469727,1.156701922416687
1.0283968448638916,0.9700000286102295,1.156391978263855
1.0233029127120972,0.9750000238418579,1.0773319005966187
1.0273278951644897,0.9650000333786011,1.1474519968032837
1.0374555587768555,0.9450000524520874,1.4041420221328735
1.0285354852676392,0.9700000286102295,1.066872000694275
1.047608733177185,0.9500000476837158,1.1886619329452515
1.043899416923523,0.9350000619888306,1.5493220090866089
1.0309314727783203,0.9600000381469727,1.215272068977356
1.02984619140625,0.9650000333786011,1.1971020698547363
1.0357139110565186,0.9500000476837158,1.3342019319534302
1.024999976158142,0.9750000238418579,1.0938019752502441
1.0353773832321167,0.9550000429153442,1.3904919624328613
1.0269542932510376,0.9700000286102295,1.1174319982528687
1.024999976158142,0.9750000238418579,1.1038819551467896
1.0416895151138306,0.9450000524520874,1.1710519790649414
1.0424124002456665,0.9500000476837158,1.0970319509506226
1.024999976158142,0.9750000238418579,1.0280320644378662
1.0424124002456665,0.9500000476837158,1.0970319509506226
1.0411821603775024,0.940000057220459,1.3230520486831665
1.0381076335906982,0.940000057220459,1.7219319343566895
1.024999976158142,0.9750000238418579,1.1118619441986084
1.026626467704773,0.9700000286102295,1.2848219871520996
1.040307641029358,0.9450000524520874,1.3980120420455933
1.0325250625610352,0.9650000333786011,1.0516221523284912
1.0271437168121338,0.9700000286102295,1.03016197681427
1.028847098350525,0.9650000333786011,1.151502013206482
1.024999976158142,0.9750000238418579,1.0749319791793823
1.024999976158142,0.9750000238418579,1.1504219770431519
1.024999976158142,0.9750000238418579,1.0549920797348022
1.024999976158142,0.9750000238418579,1.0394219160079956
1.0525470972061157,0.9350000619888306,1.2536020278930664
1.028626561164856,0.9700000286102295,1.0728620290756226
1.0324740409851074,0.9550000429153442,1.2914320230484009
1.0341932773590088,0.9600000381469727,1.1093320846557617
