1.0423905849456787,0.9450000524520874,1.133126974105835
1.0270800590515137,0.9700000286102295,1.0781270265579224
1.024999976158142,0.9750000238418579,1.1570333242416382
1.0363308191299438,0.9550000429153442,1.0760958194732666
1.024999976158142,0.9750000238418579,1.0334395170211792
1.024999976158142,0.9750000238418579,1.0467208623886108
1.024999976158142,0.9750000238418579,1.0321893692016602
1.0375635623931885,0.9550000429153442,1.2329707145690918
1.0415370464324951,0.9350000619888306,1.7592207193374634
1.024999976158142,0.9750000238418579,1.0709394216537476
1.0453490018844604,0.9450000524520874,1.582345724105835
1.0424572229385376,0.9500000476837158,1.6350020170211792
1.0340193510055542,0.9500000476837158,1.3904707431793213
1.024999976158142,0.9750000238418579,1.0490643978118896
1.024999976158142,0.9750000238418579,1.0457831621170044
1.0422639846801758,0.9500000476837158,1.2251582145690918
1.024999976158142,0.9750000238418579,1.0229706764221191
1.024999976158142,0.9750000238418579,1.0348458290100098
1.024999976158142,0.9750000238418579,1.057970643043518
1.024999976158142,0.9750000238418579,1.0392206907272339
1.024999976158142,0.9750000238418579,1.0350018739700317
1.0270729064941406,0.9700000286102295,1.1143770217895508
1.024999976158142,0.9750000238418579,1.0235956907272339
1.024999976158142,0.9750000238418579,1.0450019836425781
1.0354321002960205,0.9550000429153442,1.1654707193374634
1.024999976158142,0.9750000238418579,1.0251582860946655
1.0403176546096802,0.9500000476837158,1.0776582956314087
1.024999976158142,0.9750000238418579,1.0312520265579224
1.024999976158142,0.9750000238418579,1.0270332098007202
1.0363308191299438,0.9550000429153442,1.0715645551681519
1.024999976158142,0.9750000238418579,1.0414081811904907
1.024999976158142,0.9750000238418579,1.015001893043518
