1.0354737043380737,0.9550000429153442,1.118962049484253
1.0354737043380737,0.9550000429153442,1.1214220523834229
1.0502156019210815,0.8849999904632568,3.237342119216919
1.0320017337799072,0.9650000333786011,1.2623119354248047
1.0306593179702759,0.9600000381469727,1.566512107849121
1.0360366106033325,0.9500000476837158,1.1880919933319092
1.036550760269165,0.9500000476837158,1.187582015991211
1.0303244590759277,0.9600000381469727,1.6229420900344849
1.0370410680770874,0.9500000476837158,1.2175220251083374
1.0436058044433594,0.9300000667572021,1.3995420932769775
1.0463407039642334,0.940000057220459,1.1553620100021362
1.0410548448562622,0.9500000476837158,1.328861951828003
1.0410548448562622,0.9500000476837158,1.328861951828003
1.0497313737869263,0.9200000762939453,1.983441948890686
1.0491857528686523,0.9200000762939453,2.185692071914673
1.1352381706237793,0.6700000166893005,4.290672302246094
1.0305395126342773,0.9550000429153442,1.5932320356369019
1.0279462337493896,0.9700000286102295,1.1023119688034058
1.0339092016220093,0.940000057220459,1.5606720447540283
1.024999976158142,0.9750000238418579,1.046981930732727
1.024999976158142,0.9750000238418579,1.0744720697402954
1.024999976158142,0.9750000238418579,1.097912073135376
1.0294445753097534,0.9650000333786011,1.1764720678329468
1.024999976158142,0.9750000238418579,1.152251958847046
1.0262531042099,0.9700000286102295,1.2170920372009277
1.0528641939163208,0.8399999737739563,2.468341827392578
1.0468658208847046,0.9350000619888306,1.6008819341659546
1.0430294275283813,0.9350000619888306,1.6620121002197266
1.0298725366592407,0.9550000429153442,2.1131222248077393
1.0491188764572144,0.9200000762939453,1.7824020385742188
1.0282652378082275,0.9650000333786011,1.1513819694519043
1.0359482765197754,0.9500000476837158,1.4328019618988037
1.0461612939834595,0.9250000715255737,2.0270721912384033
1.0918142795562744,0.824999988079071,3.019982099533081
1.0470166206359863,0.9300000667572021,1.5950920581817627
1.0534571409225464,0.9050000309944153,1.7078220844268799
1.0690983533859253,0.8550000190734863,2.4505820274353027
1.0461997985839844,0.9500000476837158,1.2347019910812378
1.0461997985839844,0.9500000476837158,1.2347019910812378
1.062446117401123,0.8299999833106995,2.7467918395996094
1.0523616075515747,0.8650000095367432,2.6486120223999023
1.0340092182159424,0.9450000524520874,1.4959520101547241
1.050011396408081,0.8800000548362732,3.633471965789795
1.0340237617492676,0.9500000476837158,2.04449200630188
1.043813943862915,0.9450000524520874,1.1818220615386963
1.1218205690383911,0.7099999785423279,4.066592216491699
1.041499137878418,0.9500000476837158,1.224012017250061
1.0298476219177246,0.9650000333786011,1.0740419626235962
1.029374122619629,0.9600000381469727,1.242922067642212
1.0471312999725342,0.9150000810623169,1.7034720182418823
1.024999976158142,0.9750000238418579,1.1347719430923462
1.0278098583221436,0.9650000333786011,1.2614821195602417
1.0655367374420166,0.8450000286102295,2.5288920402526855
1.0447278022766113,0.9350000619888306,1.8320019245147705
1.044801115989685,0.9300000667572021,1.8711220026016235
1.0404787063598633,0.9350000619888306,1.4534320831298828
1.0292145013809204,0.9600000381469727,1.14467191696167
1.0267120599746704,0.9700000286102295,1.1315820217132568
1.0396654605865479,0.940000057220459,1.5841519832611084
1.024999976158142,0.9750000238418579,1.0299019813537598
1.044602394104004,0.9250000715255737,1.8841321468353271
1.0477899312973022,0.9250000715255737,1.7879719734191895
1.0458062887191772,0.9350000619888306,1.2639518976211548
1.029881477355957,0.9650000333786011,1.2394120693206787
1.048790454864502,0.9200000762939453,1.8767720460891724
1.0267326831817627,0.9700000286102295,1.1556220054626465
1.0258257389068604,0.9700000286102295,1.1384119987487793
1.0411282777786255,0.9250000715255737,2.1962618827819824
1.0318866968154907,0.9500000476837158,1.4478721618652344
1.024999976158142,0.9750000238418579,1.077232003211975
1.024999976158142,0.9750000238418579,1.035051941871643
1.024999976158142,0.9750000238418579,1.1312520503997803
1.0428709983825684,0.9350000619888306,1.3466320037841797
1.0519651174545288,0.9300000667572021,1.7455321550369263
1.0286178588867188,0.9650000333786011,1.1397219896316528
1.0268950462341309,0.9650000333786011,1.2232619524002075
1.0375547409057617,0.9200000762939453,1.8991320133209229
1.0378973484039307,0.940000057220459,1.3501520156860352
1.0269733667373657,0.9700000286102295,1.1227220296859741
1.0288136005401611,0.9650000333786011,1.2161320447921753
1.0467793941497803,0.9500000476837158,1.1948720216751099
1.024999976158142,0.9750000238418579,1.146731972694397
1.027871012687683,0.9650000333786011,1.2026419639587402
1.024999976158142,0.9750000238418579,1.2376919984817505
1.042986273765564,0.9200000762939453,2.018362045288086
1.0575976371765137,0.8750001192092896,2.543642282485962
1.024999976158142,0.9750000238418579,1.1224819421768188
1.0385432243347168,0.9500000476837158,1.2454619407653809
1.024999976158142,0.9750000238418579,1.1469420194625854
1.024999976158142,0.9750000238418579,1.0621720552444458
1.0369977951049805,0.9550000429153442,1.3158420324325562
1.03242027759552,0.9600000381469727,1.4093420505523682
1.024999976158142,0.9750000238418579,1.0819419622421265
1.024999976158142,0.9750000238418579,1.0410420894622803
1.0444068908691406,0.9500000476837158,1.3667720556259155
1.042387843132019,0.9550000429153442,1.2169619798660278
1.024999976158142,0.9750000238418579,1.0715121030807495
1.0289121866226196,0.9600000381469727,1.2241519689559937
1.04279625415802,0.940000057220459,1.2590219974517822
1.024999976158142,0.9750000238418579,1.044861912727356
1.0457156896591187,0.9200000762939453,1.2885620594024658
1.0442321300506592,0.9350000619888306,1.2650619745254517
1.0535352230072021,0.9150000810623169,1.3208218812942505
1.0532728433609009,0.8900001049041748,2.1776020526885986
1.0418596267700195,0.9500000476837158,1.152001976966858
1.042846441268921,0.9000000357627869,2.603372097015381
1.0535954236984253,0.8700001239776611,2.738572120666504
1.0711305141448975,0.8750001192092896,2.9471919536590576
1.036764144897461,0.9550000429153442,1.2585220336914062
1.034685730934143,0.9450000524520874,1.743641972541809
1.027907133102417,0.9650000333786011,1.2291420698165894
1.0295226573944092,0.9700000286102295,1.0627119541168213
1.0317741632461548,0.9500000476837158,1.3918520212173462
1.0405299663543701,0.940000057220459,1.2847319841384888
1.029350996017456,0.9600000381469727,1.1480920314788818
1.028592586517334,0.9650000333786011,1.1615220308303833
1.0357627868652344,0.9450000524520874,1.471082091331482
1.0681113004684448,0.9200000762939453,1.3247920274734497
1.0674149990081787,0.9200000762939453,1.3247920274734497
1.024999976158142,0.9750000238418579,1.0679519176483154
1.036555528640747,0.9500000476837158,1.662142038345337
1.0419234037399292,0.9200000762939453,1.543012022972107
1.0526607036590576,0.9050000309944153,1.5557620525360107
1.0324631929397583,0.9600000381469727,1.2421019077301025
1.0775941610336304,0.8550000190734863,1.9077121019363403
1.045298457145691,0.9250000715255737,1.6214920282363892
1.0258005857467651,0.9700000286102295,1.2468620538711548
1.060876488685608,0.9200000762939453,2.4046318531036377
1.0660346746444702,0.9100000858306885,2.4854917526245117
1.024999976158142,0.9750000238418579,1.126062035560608
1.0296802520751953,0.9600000381469727,1.1684620380401611
1.0504467487335205,0.9200000762939453,1.9294520616531372
1.0445622205734253,0.9300000667572021,1.964142084121704
1.0774645805358887,0.8500000834465027,2.2932820320129395
1.039155125617981,0.9350000619888306,1.2415318489074707
1.040381908416748,0.9350000619888306,1.568951964378357
1.0656126737594604,0.8800000548362732,2.23812198638916
1.0321729183197021,0.9550000429153442,1.466772198677063
1.0467947721481323,0.9150000810623169,1.8648420572280884
1.0723230838775635,0.9250000715255737,1.282542109489441
1.0726902484893799,0.9250000715255737,1.282542109489441
1.024999976158142,0.9750000238418579,1.117562174797058
1.0308470726013184,0.9500000476837158,1.678001880645752
1.027962327003479,0.9650000333786011,1.183501958847046
1.0542925596237183,0.9100000858306885,1.5483219623565674
1.0374956130981445,0.9300000667572021,2.1489620208740234
1.036553144454956,0.9350000619888306,2.012091875076294
1.0315581560134888,0.9650000333786011,1.1260420083999634
1.0385929346084595,0.9100000858306885,1.9221820831298828
1.0274763107299805,0.9650000333786011,1.3976320028305054
1.0408185720443726,0.9500000476837158,1.3326119184494019
1.029360294342041,0.9550000429153442,2.128041982650757
1.024999976158142,0.9750000238418579,1.0744318962097168
1.024999976158142,0.9750000238418579,1.1921720504760742
1.0449016094207764,0.9350000619888306,1.602512001991272
1.030819058418274,0.9600000381469727,1.412052035331726
1.0317407846450806,0.9650000333786011,1.165921926498413
1.0261309146881104,0.9700000286102295,1.1948119401931763
1.0501147508621216,0.9300000667572021,1.5133421421051025
1.0521023273468018,0.9250000715255737,1.4680219888687134
1.0692038536071777,0.9100000858306885,1.5904420614242554
1.0686428546905518,0.8950001001358032,1.8216919898986816
1.0533957481384277,0.9250000715255737,1.3972519636154175
1.0441323518753052,0.940000057220459,1.3908919095993042
1.0425970554351807,0.940000057220459,1.4854819774627686
1.065175175666809,0.8950001001358032,1.7989920377731323
1.0657765865325928,0.9050000309944153,2.1319420337677
1.0662084817886353,0.9000000953674316,1.9568219184875488
1.0318260192871094,0.9500000476837158,1.3621920347213745
1.0497206449508667,0.9150000810623169,1.8524320125579834
1.0273786783218384,0.9650000333786011,1.2491320371627808
1.024999976158142,0.9750000238418579,1.0988119840621948
1.0266697406768799,0.9700000286102295,1.2206119298934937
1.0298489332199097,0.9650000333786011,1.168861985206604
1.031793475151062,0.9600000381469727,1.2795621156692505
1.0526107549667358,0.9100000858306885,1.390302062034607
1.0387989282608032,0.9450000524520874,1.294632077217102
1.0592396259307861,0.9150000810623169,1.3161319494247437
1.0682802200317383,0.9000000953674316,1.3453019857406616
1.024999976158142,0.9750000238418579,1.0598620176315308
1.0346505641937256,0.9500000476837158,1.782602071762085
1.024999976158142,0.9750000238418579,1.0538619756698608
1.0290733575820923,0.9600000381469727,1.3661720752716064
1.0359936952590942,0.9450000524520874,1.359771966934204
1.0412383079528809,0.940000057220459,1.6660621166229248
1.0436478853225708,0.9150000810623169,1.8230620622634888
1.036287784576416,0.9550000429153442,1.3116618394851685
1.0309044122695923,0.9600000381469727,1.5963419675827026
1.0449246168136597,0.9300000667572021,1.3367120027542114
1.047574520111084,0.9150000810623169,1.931562066078186
1.0263627767562866,0.9650000333786011,1.2716819047927856
1.0620394945144653,0.8750000596046448,2.606231927871704
1.0288760662078857,0.9650000333786011,1.2850619554519653
1.0485697984695435,0.8950001001358032,2.430001974105835
1.0270150899887085,0.9700000286102295,1.2343919277191162
1.024999976158142,0.9750000238418579,1.1056419610977173
1.0618947744369507,0.8899999856948853,2.56797194480896
1.0319547653198242,0.9600000381469727,1.2023619413375854
1.0570250749588013,0.9300000667572021,1.5247119665145874
1.0585836172103882,0.9250000715255737,1.5249320268630981
1.0535311698913574,0.9300000667572021,1.573132038116455
1.041235089302063,0.9200000762939453,1.519081950187683
1.0550808906555176,0.9000000953674316,1.8646820783615112
1.0647019147872925,0.8850001096725464,1.8496220111846924
1.032104730606079,0.9550000429153442,1.2106820344924927
1.0272271633148193,0.9700000286102295,1.2363519668579102
1.029183030128479,0.9600000381469727,1.485981822013855
1.0264633893966675,0.9700000286102295,1.0923120975494385
1.024999976158142,0.9750000238418579,1.0470720529556274
1.0811232328414917,0.8600000739097595,3.336862087249756
1.0569900274276733,0.9250000715255737,2.459321975708008
1.0296224355697632,0.9650000333786011,1.1238319873809814
1.0515966415405273,0.9200000762939453,1.53249192237854
1.0385552644729614,0.9500000476837158,1.1545220613479614
1.031561255455017,0.9550000429153442,1.54268217086792
1.077823281288147,0.8550000190734863,1.7302318811416626
1.0315743684768677,0.9550000429153442,1.5271519422531128
1.0316486358642578,0.9550000429153442,1.2939320802688599
1.0461647510528564,0.9150000810623169,1.5775721073150635
1.0284191370010376,0.9650000333786011,1.5599019527435303
1.0329017639160156,0.9500000476837158,1.7422720193862915
1.0294474363327026,0.9600000381469727,1.3644020557403564
1.0370899438858032,0.9550000429153442,1.1698620319366455
1.0408258438110352,0.9350000619888306,1.6291019916534424
1.0551671981811523,0.9000000953674316,1.9635519981384277
1.0394092798233032,0.9450000524520874,1.2533320188522339
1.0374428033828735,0.9350000619888306,1.6578220129013062
1.0302261114120483,0.9650000333786011,1.1105419397354126
1.0356409549713135,0.9500000476837158,1.1407819986343384
1.0405946969985962,0.9300000667572021,1.4132720232009888
1.0326155424118042,0.9500000476837158,1.5168819427490234
1.024999976158142,0.9750000238418579,1.088062047958374
1.0509073734283447,0.9300000667572021,1.5991919040679932
1.0476305484771729,0.9300000667572021,1.5179219245910645
1.0425689220428467,0.940000057220459,1.618251919746399
1.0370492935180664,0.940000057220459,1.5612419843673706
1.0461363792419434,0.9100000858306885,2.8000621795654297
1.0307363271713257,0.9650000333786011,1.1300020217895508
1.0385150909423828,0.9450000524520874,1.2968720197677612
1.0485321283340454,0.9200000762939453,1.5207719802856445
1.0435916185379028,0.9350000619888306,1.8569320440292358
1.0328224897384644,0.9550000429153442,1.315742015838623
1.0316463708877563,0.9600000381469727,1.3844220638275146
1.0318101644515991,0.9600000381469727,1.5242220163345337
1.0304977893829346,0.9650000333786011,1.1700420379638672
1.0266036987304688,0.9700000286102295,1.1022218465805054
1.050199031829834,0.9300000667572021,1.4974119663238525
1.0570931434631348,0.9000000953674316,1.6634619235992432
1.0409080982208252,0.940000057220459,1.1943219900131226
1.0381386280059814,0.9450000524520874,1.34689199924469
1.0289628505706787,0.9550000429153442,1.212041974067688
1.0349329710006714,0.9550000429153442,1.0892419815063477
1.0583232641220093,0.8700000643730164,2.5433218479156494
1.032766580581665,0.9600000381469727,1.216741919517517
1.0437343120574951,0.9300000667572021,1.2240220308303833
1.041451334953308,0.940000057220459,1.4901520013809204
1.0420136451721191,0.925000011920929,2.0437419414520264
1.0465404987335205,0.9500000476837158,1.1783719062805176
1.0525263547897339,0.9200000762939453,1.4420619010925293
1.0267574787139893,0.9700000286102295,1.1081420183181763
1.0435010194778442,0.9350000619888306,1.488961935043335
1.0332469940185547,0.9550000429153442,1.2979618310928345
1.024999976158142,0.9750000238418579,1.2157020568847656
1.0494831800460815,0.9300000667572021,1.6978219747543335
1.043644666671753,0.9200000762939453,1.7442020177841187
1.0431008338928223,0.9550000429153442,1.2842220067977905
1.0287688970565796,0.9700000286102295,1.0928020477294922
1.029881238937378,0.9650000333786011,1.1228419542312622
1.024999976158142,0.9750000238418579,1.1053420305252075
1.044455647468567,0.940000057220459,1.1953020095825195
1.0293514728546143,0.9600000381469727,1.474202036857605
1.0544226169586182,0.9050000309944153,2.0925819873809814
1.037892460823059,0.9500000476837158,1.1894919872283936
1.0665550231933594,0.8449999690055847,2.5569820404052734
1.0320464372634888,0.9600000381469727,1.150871992111206
1.024999976158142,0.9750000238418579,1.0390419960021973
1.0271350145339966,0.9700000286102295,1.1614220142364502
1.0289195775985718,0.9650000333786011,1.1278420686721802
1.0391771793365479,0.9150000810623169,2.1709420680999756
1.07131028175354,0.8400000333786011,2.6772520542144775
1.027097463607788,0.9650000333786011,1.4289720058441162
1.0273807048797607,0.9650000333786011,1.3150420188903809
1.0291798114776611,0.9600000381469727,1.2919820547103882
1.0620192289352417,0.8950001001358032,1.5809719562530518
1.0502588748931885,0.9350000619888306,1.5694819688796997
1.024999976158142,0.9750000238418579,1.1366119384765625
1.024999976158142,0.9750000238418579,1.09197199344635
1.0619999170303345,0.8700000643730164,1.7620519399642944
1.0313376188278198,0.9550000429153442,1.1939221620559692
1.0335558652877808,0.9500000476837158,1.4821619987487793
1.0435067415237427,0.9300000071525574,1.7545620203018188
1.054295301437378,0.9200000762939453,2.312242031097412
1.0613071918487549,0.9000000953674316,2.1580522060394287
1.0655508041381836,0.8800000548362732,2.6092920303344727
1.0264291763305664,0.9700000286102295,1.1177619695663452
1.0368621349334717,0.9450000524520874,1.407312035560608
1.0281795263290405,0.9550000429153442,1.6279420852661133
1.0272364616394043,0.9650000333786011,1.1814519166946411
1.0419654846191406,0.9350000619888306,2.0180020332336426
1.0749837160110474,0.8349999189376831,3.242461919784546
1.060872197151184,0.9000000953674316,1.8453420400619507
1.0538870096206665,0.8950001001358032,2.011392116546631
1.0273569822311401,0.9700000286102295,1.3245620727539062
1.0385645627975464,0.9500000476837158,1.349392056465149
1.044680118560791,0.9300000667572021,1.9511520862579346
1.0328505039215088,0.9600000381469727,1.2475420236587524
1.0447297096252441,0.9300000667572021,1.614022135734558
1.0348258018493652,0.9450000524520874,1.4914219379425049
1.0590378046035767,0.9000000953674316,2.009582042694092
1.0420371294021606,0.940000057220459,1.4333720207214355
1.0493258237838745,0.9250000715255737,1.6354219913482666
1.0508719682693481,0.9150000810623169,1.6825820207595825
1.0545070171356201,0.8900001049041748,1.993022084236145
1.0448063611984253,0.9350000619888306,1.58977210521698
1.038023591041565,0.9500000476837158,1.2729320526123047
1.0455429553985596,0.9300000667572021,2.36912202835083
1.024999976158142,0.9750000238418579,1.0815420150756836
1.0547853708267212,0.9000000357627869,2.625201940536499
1.0379297733306885,0.9500000476837158,1.5164918899536133
1.0268654823303223,0.9700000286102295,1.073822021484375
1.0438023805618286,0.940000057220459,1.6357618570327759
1.0308672189712524,0.9550000429153442,1.6745020151138306
1.0343523025512695,0.9600000381469727,1.1848318576812744
1.033130407333374,0.940000057220459,1.6216721534729004
1.0334126949310303,0.9500000476837158,1.3097419738769531
1.0285416841506958,0.9650000333786011,1.4229520559310913
1.0303572416305542,0.9600000381469727,1.2547719478607178
1.0349540710449219,0.940000057220459,1.9782720804214478
1.0299253463745117,0.9650000333786011,1.2368720769882202
1.0466985702514648,0.9450000524520874,1.1807620525360107
1.024999976158142,0.9750000238418579,1.051901936531067
1.024999976158142,0.9750000238418579,1.1327720880508423
1.0283234119415283,0.9650000333786011,1.1358519792556763
1.0717476606369019,0.9250000715255737,1.282542109489441
1.029518485069275,0.9700000286102295,1.0783919095993042
1.0263335704803467,0.9700000286102295,1.5222020149230957
1.029518485069275,0.9700000286102295,1.177112102508545
1.0445430278778076,0.925000011920929,2.0410420894622803
1.024999976158142,0.9750000238418579,1.0631920099258423
1.0265971422195435,0.9700000286102295,1.1691020727157593
1.027503252029419,0.9700000286102295,1.3212521076202393
1.024999976158142,0.9750000238418579,1.037611961364746
1.0281903743743896,0.9650000333786011,1.2624119520187378
1.0397340059280396,0.9500000476837158,1.328902006149292
1.024999976158142,0.9750000238418579,1.1792420148849487
1.0308711528778076,0.9600000381469727,1.2947620153427124
1.0365557670593262,0.940000057220459,1.6340619325637817
1.0382981300354004,0.940000057220459,1.4558820724487305
1.0481188297271729,0.9100000858306885,1.7326020002365112
1.045119047164917,0.9350000619888306,1.288841962814331
1.0295770168304443,0.9650000333786011,1.1631220579147339
1.0341461896896362,0.9450000524520874,1.7697720527648926
1.0463343858718872,0.9300000667572021,1.5471820831298828
1.0417418479919434,0.940000057220459,1.4169219732284546
1.024999976158142,0.9750000238418579,1.0767320394515991
1.0331497192382812,0.9650000333786011,1.1476120948791504
1.024999976158142,0.9750000238418579,1.0524120330810547
1.0648078918457031,0.8800000548362732,2.348731756210327
1.026956558227539,0.9700000286102295,1.1005419492721558
1.036208152770996,0.940000057220459,1.2281019687652588
1.0397969484329224,0.940000057220459,1.219661831855774
1.0374176502227783,0.9500000476837158,1.1271920204162598
1.024999976158142,0.9750000238418579,1.066571831703186
1.0278782844543457,0.9650000333786011,1.1434719562530518
1.0517265796661377,0.9100000858306885,2.834782361984253
1.024999976158142,0.9750000238418579,1.0522021055221558
1.024999976158142,0.9750000238418579,1.0528219938278198
1.0632648468017578,0.8900001049041748,2.7190117835998535
1.049076795578003,0.9500000476837158,1.2311919927597046
1.049076795578003,0.9500000476837158,1.2311919927597046
1.0496593713760376,0.9150000810623169,1.5072120428085327
1.039928913116455,0.9450000524520874,1.1615220308303833
1.032111406326294,0.9600000381469727,1.1591521501541138
1.0328377485275269,0.9550000429153442,1.2495319843292236
1.0408443212509155,0.9200000762939453,1.666921854019165
1.0381202697753906,0.9550000429153442,1.3262919187545776
1.024999976158142,0.9750000238418579,1.0568920373916626
1.043833613395691,0.940000057220459,1.5205219984054565
1.0259761810302734,0.9700000286102295,1.1869720220565796
1.0444631576538086,0.9350000619888306,1.6602120399475098
1.03914475440979,0.9450000524520874,1.165281891822815
1.0500047206878662,0.9250000715255737,1.4128620624542236
1.0292742252349854,0.9600000381469727,1.3415119647979736
1.024999976158142,0.9750000238418579,1.217042088508606
1.038023591041565,0.9450000524520874,2.101072072982788
1.036698818206787,0.940000057220459,1.3424619436264038
1.0269951820373535,0.9700000286102295,1.5333420038223267
1.0531822443008423,0.9150000810623169,2.6143620014190674
1.0437908172607422,0.9100000858306885,2.210361957550049
1.035892367362976,0.940000057220459,1.4478219747543335
1.0416905879974365,0.9450000524520874,1.191161870956421
1.039945125579834,0.9450000524520874,1.4449219703674316
1.0599507093429565,0.9000000357627869,2.008441925048828
1.0364990234375,0.9450000524520874,1.7003719806671143
1.024999976158142,0.9750000238418579,1.0589220523834229
1.02837336063385,0.9650000333786011,1.1512421369552612
1.0315699577331543,0.9600000381469727,1.123311996459961
1.0431008338928223,0.9550000429153442,1.286531925201416
1.0328251123428345,0.9500000476837158,1.5022320747375488
1.0389491319656372,0.940000057220459,1.2923120260238647
1.0425077676773071,0.9350000619888306,1.3766120672225952
1.024999976158142,0.9750000238418579,1.204692006111145
1.0292675495147705,0.9650000333786011,1.3445719480514526
1.024999976158142,0.9750000238418579,1.1303719282150269
1.0264906883239746,0.9700000286102295,1.1658419370651245
1.024999976158142,0.9750000238418579,1.0510019063949585
1.0355453491210938,0.9600000381469727,1.2315119504928589
1.052911639213562,0.9250000715255737,1.539612054824829
1.0328118801116943,0.9600000381469727,1.08023202419281
1.024999976158142,0.9750000238418579,1.0392118692398071
1.0263456106185913,0.9700000286102295,1.2751420736312866
1.0391316413879395,0.940000057220459,1.3574919700622559
1.024999976158142,0.9750000238418579,1.136512041091919
1.0407416820526123,0.9450000524520874,1.4710420370101929
1.0308042764663696,0.9600000381469727,1.2402420043945312
1.024999976158142,0.9750000238418579,1.064781904220581
1.0604408979415894,0.9250000715255737,1.3060619831085205
1.024999976158142,0.9750000238418579,1.064452052116394
1.0294338464736938,0.9650000333786011,1.1189320087432861
1.0467793941497803,0.9500000476837158,1.1948720216751099
1.031886339187622,0.9600000381469727,1.162161946296692
1.024999976158142,0.9750000238418579,1.2372719049453735
1.041261076927185,0.9450000524520874,1.3346019983291626
1.029293179512024,0.9650000333786011,1.0922819375991821
1.0272221565246582,0.9700000286102295,1.0721219778060913
1.0355141162872314,0.9500000476837158,1.2196720838546753
1.0409005880355835,0.9500000476837158,1.3196220397949219
1.0543594360351562,0.9100000858306885,1.8857918977737427
1.024999976158142,0.9750000238418579,1.0373518466949463
1.0338554382324219,0.9500000476837158,1.4005320072174072
1.0369278192520142,0.9550000429153442,1.4062119722366333
1.0333656072616577,0.9450000524520874,1.2737120389938354
1.0362067222595215,0.9500000476837158,1.4550421237945557
1.0374363660812378,0.9450000524520874,1.3775519132614136
1.0472599267959595,0.9200000166893005,2.006272077560425
1.0375463962554932,0.940000057220459,1.9836421012878418
1.046549916267395,0.925000011920929,2.3619320392608643
1.0374114513397217,0.9450000524520874,1.1348819732666016
1.0341784954071045,0.9600000381469727,1.0415220260620117
1.0440384149551392,0.9350000619888306,1.9537819623947144
1.0399333238601685,0.9500000476837158,1.3747320175170898
1.0283184051513672,0.9650000333786011,1.1383519172668457
1.027267336845398,0.9600000381469727,1.301772117614746
1.024999976158142,0.9750000238418579,1.062522053718567
1.024999976158142,0.9750000238418579,1.0852919816970825
1.0314439535140991,0.9650000333786011,1.130631923675537
1.036797285079956,0.9500000476837158,1.2766220569610596
1.0272786617279053,0.9700000286102295,1.1161620616912842
1.0307151079177856,0.9650000333786011,1.1897220611572266
1.030434012413025,0.9600000381469727,1.2911118268966675
1.0408259630203247,0.940000057220459,1.6316120624542236
1.0536134243011475,0.9250000715255737,1.5791120529174805
1.0339314937591553,0.9500000476837158,1.3688219785690308
1.024999976158142,0.9750000238418579,1.0708919763565063
1.045114278793335,0.9350000619888306,1.228201985359192
1.0262563228607178,0.9700000286102295,1.1050620079040527
1.0428389310836792,0.9450000524520874,1.2037620544433594
1.0464000701904297,0.9450000524520874,1.1807620525360107
1.024999976158142,0.9750000238418579,1.085252046585083
1.042976975440979,0.9450000524520874,1.1378021240234375
1.047502875328064,0.940000057220459,1.266282081604004
1.0424634218215942,0.940000057220459,1.5599321126937866
1.0297678709030151,0.9550000429153442,1.1950520277023315
1.0380712747573853,0.9550000429153442,1.22297203540802
1.0285563468933105,0.9650000333786011,1.1614019870758057
1.0292502641677856,0.9600000381469727,1.1391819715499878
1.0267407894134521,0.9700000286102295,1.1570420265197754
1.0274343490600586,0.9700000286102295,1.0846219062805176
1.0272830724716187,0.9650000333786011,1.1606420278549194
1.037596583366394,0.940000057220459,1.3793820142745972
1.0285354852676392,0.9700000286102295,1.0655319690704346
1.0465404987335205,0.9500000476837158,1.1783719062805176
1.0430829524993896,0.9350000619888306,1.5560719966888428
1.0309314727783203,0.9600000381469727,1.2158621549606323
1.02984619140625,0.9650000333786011,1.1976120471954346
1.035668134689331,0.9500000476837158,1.3355618715286255
1.024999976158142,0.9750000238418579,1.0924019813537598
1.0353773832321167,0.9550000429153442,1.3913319110870361
1.0269542932510376,0.9700000286102295,1.1171419620513916
1.024999976158142,0.9750000238418579,1.1042919158935547
1.0416895151138306,0.9450000524520874,1.1720619201660156
1.0412026643753052,0.9500000476837158,1.0978518724441528
1.024999976158142,0.9750000238418579,1.028122067451477
1.0412026643753052,0.9500000476837158,1.0978518724441528
1.0408813953399658,0.940000057220459,1.3119020462036133
1.037017583847046,0.940000057220459,1.7349720001220703
1.024999976158142,0.9750000238418579,1.1118319034576416
1.027073621749878,0.9650000333786011,1.2858519554138184
1.0448133945465088,0.940000057220459,1.370602011680603
1.0320258140563965,0.9650000333786011,1.0463922023773193
1.0271437168121338,0.9700000286102295,1.0303120613098145
1.0288032293319702,0.9650000333786011,1.1479719877243042
1.024999976158142,0.9750000238418579,1.0703818798065186
1.024999976158142,0.9750000238418579,1.149191975593567
1.024999976158142,0.9750000238418579,1.0545120239257812
1.024999976158142,0.9750000238418579,1.0389219522476196
1.0525822639465332,0.9350000619888306,1.2555919885635376
1.0276669263839722,0.9700000286102295,1.0626420974731445
1.0323350429534912,0.9550000429153442,1.2942920923233032
1.0366933345794678,0.9550000429153442,1.105112075805664
