1.0850000381469727,0.9910001158714294,3.000004768371582
1.187000036239624,0.9910001158714294,2.999988079071045
1.9900000095367432,0.9769999980926514,2.9999911785125732
1.2489999532699585,0.9930000901222229,2.999997138977051
1.184000015258789,0.9920001029968262,2.99999737739563
1.180999994277954,0.9900000095367432,3.0000057220458984
1.1439999341964722,0.9900000691413879,2.99999737739563
1.1319998502731323,0.9920000433921814,3.0000054836273193
1.2249999046325684,0.9900000095367432,3.0000059604644775
1.25,0.9860000610351562,3.0000033378601074
1.1109999418258667,0.9879999756813049,3.0000061988830566
1.158000111579895,0.9900001287460327,3.0000054836273193
1.3309999704360962,0.9900001287460327,3.00000262260437
1.212999939918518,0.984000027179718,3.0000064373016357
1.246999979019165,0.984000027179718,2.999997138977051
4.431000232696533,0.9340000152587891,3.000002861022949
1.34499990940094,0.9910000562667847,3.000002145767212
1.0730000734329224,0.9940000772476196,3.0000064373016357
1.2379999160766602,0.9880000352859497,3.0000014305114746
1.0509999990463257,0.9950000643730164,3.0000059604644775
1.062999963760376,0.9950000643730164,3.0000052452087402
1.0840001106262207,0.9950000643730164,3.0000057220458984
1.1100000143051147,0.9930000901222229,3.0000057220458984
1.220000147819519,0.9950000643730164,2.999999761581421
1.0809998512268066,0.9940000772476196,3.0000054836273193
2.6030001640319824,0.9679999351501465,3.00000262260437
1.2269999980926514,0.987000048160553,3.00000262260437
1.2109999656677246,0.987000048160553,2.9999966621398926
1.3100000619888306,0.9910000562667847,2.9999964237213135
1.4620000123977661,0.9839999675750732,3.0000011920928955
1.068000078201294,0.9930000901222229,3.0000054836273193
1.4910000562667847,0.9900000691413879,2.9999983310699463
1.4199999570846558,0.9850000739097595,2.999997138977051
2.927000045776367,0.9649999737739563,2.9999938011169434
1.5720000267028809,0.9859999418258667,2.999990701675415
1.9240001440048218,0.9809999465942383,3.0
2.4700000286102295,0.9709999561309814,2.9999990463256836
1.1810001134872437,0.9900001287460327,3.0000057220458984
1.2300000190734863,0.9900001287460327,3.0000011920928955
1.9750001430511475,0.965999960899353,2.9999985694885254
1.9850000143051147,0.9729999303817749,2.9999911785125732
1.1899999380111694,0.9890000224113464,2.999997138977051
2.0250000953674316,0.9760000109672546,2.999995470046997
1.2040001153945923,0.9900000095367432,3.0000057220458984
1.2059998512268066,0.9890000820159912,2.9999966621398926
3.7869997024536133,0.9420000314712524,2.9999992847442627
1.1579999923706055,0.9900001287460327,3.0000054836273193
1.149999976158142,0.9930000901222229,3.0000040531158447
1.1869999170303345,0.9920001029968262,2.999988079071045
1.222000002861023,0.9829999804496765,3.0000014305114746
1.092000126838684,0.9950000643730164,3.0000061988830566
1.061000108718872,0.9930000305175781,3.0000061988830566
1.9309998750686646,0.968999981880188,3.0000030994415283
1.2260000705718994,0.9869999885559082,3.0000054836273193
1.3199999332427979,0.9860000610351562,2.9999966621398926
1.3160001039505005,0.987000048160553,3.0000040531158447
1.1649999618530273,0.9920000433921814,3.0000052452087402
1.0740000009536743,0.9940000772476196,3.0000059604644775
1.3130000829696655,0.9880000352859497,3.000004291534424
1.025999903678894,0.9950000643730164,3.000005006790161
1.2970000505447388,0.9850000143051147,3.0000009536743164
1.665000081062317,0.9850000143051147,2.9999966621398926
1.2730001211166382,0.987000048160553,2.9999969005584717
1.25,0.9930000901222229,3.0000040531158447
1.2939999103546143,0.9839999675750732,3.0000057220458984
1.1589999198913574,0.9940000772476196,2.999997138977051
1.1200000047683716,0.9940000772476196,3.0000014305114746
1.88100004196167,0.9850000143051147,2.9999969005584717
1.319000005722046,0.9900000095367432,3.0000014305114746
1.0849997997283936,0.9950000643730164,3.0000061988830566
1.0509999990463257,0.9950000643730164,3.0000052452087402
1.1890000104904175,0.9950000643730164,2.999990701675415
1.2080000638961792,0.9869999885559082,3.0000059604644775
1.2280000448226929,0.9860000610351562,3.0000009536743164
1.1649999618530273,0.9930000305175781,3.00000262260437
1.2350000143051147,0.9930000901222229,2.999988317489624
1.6349999904632568,0.984000027179718,2.9999988079071045
1.1269999742507935,0.9880000352859497,2.9999969005584717
1.0820000171661377,0.9940000772476196,2.9999966621398926
1.248000144958496,0.9930000305175781,2.9999992847442627
1.3250001668930054,0.9900001287460327,2.999992847442627
1.1600000858306885,0.9950000643730164,3.0000052452087402
1.1320000886917114,0.9930000901222229,3.0000059604644775
1.1920000314712524,0.9950000643730164,2.999992847442627
1.2919999361038208,0.9839999675750732,3.0000014305114746
1.9640001058578491,0.9750000238418579,2.999990940093994
1.090999960899353,0.9950000643730164,3.0000059604644775
1.3289998769760132,0.9900000095367432,3.0000009536743164
1.1579999923706055,0.9950000643730164,3.0000038146972656
1.0769999027252197,0.9950000643730164,3.0000057220458984
1.156000018119812,0.9910000562667847,3.0000014305114746
1.1379998922348022,0.9920000433921814,3.000006675720215
1.0870001316070557,0.9950000643730164,3.0000059604644775
1.026999831199646,0.9950000643730164,3.0000052452087402
1.2939999103546143,0.9900000691413879,2.9999969005584717
1.218999981880188,0.9910001158714294,2.999992609024048
1.090999960899353,0.9950000643730164,3.000005006790161
1.1330000162124634,0.9920000433921814,3.0000059604644775
1.1660000085830688,0.9880000352859497,3.0000061988830566
1.0449999570846558,0.9950000643730164,3.0000057220458984
1.1970000267028809,0.9839999675750732,3.0000054836273193
1.187999963760376,0.9869999885559082,3.0000057220458984
1.25600004196167,0.9829999208450317,3.0000016689300537
1.4989999532699585,0.9779999852180481,2.999992609024048
1.122999906539917,0.9900001287460327,3.0000052452087402
1.4500000476837158,0.9799999594688416,2.999992847442627
3.7400002479553223,0.9740000367164612,2.9999966621398926
1.5540000200271606,0.9750000238418579,3.0000035762786865
1.1269999742507935,0.9910001158714294,3.0000052452087402
1.2239999771118164,0.9890000224113464,3.0000011920928955
1.2360000610351562,0.9930000901222229,3.000002145767212
1.065000057220459,0.9940000772476196,2.999997138977051
1.2100001573562622,0.9900000095367432,3.0000014305114746
1.1649999618530273,0.9880000352859497,3.0000007152557373
1.1009999513626099,0.9920001029968262,3.0000059604644775
1.1269999742507935,0.9930000901222229,3.0000057220458984
1.1399999856948853,0.9890000820159912,3.0000057220458984
1.4820001125335693,0.9839999079704285,2.99999737739563
1.5130001306533813,0.9839999079704285,2.9999969005584717
1.0740000009536743,0.9950000643730164,3.0000054836273193
1.2649999856948853,0.9900000691413879,3.000002145767212
1.2420001029968262,0.9840000867843628,2.999995708465576
1.4670000076293945,0.9810000658035278,2.999999761581421
1.099000096321106,0.9920001029968262,3.0000052452087402
1.6790000200271606,0.9709999561309814,2.999994993209839
1.3309999704360962,0.9850000143051147,3.0000052452087402
1.3500001430511475,0.9940000772476196,2.999993324279785
2.1510000228881836,0.9839999079704285,2.9999969005584717
2.134999990463257,0.981999933719635,2.999993324279785
1.1339999437332153,0.9950000643730164,2.999997138977051
1.1329998970031738,0.9920001029968262,3.0000011920928955
1.53600013256073,0.984000027179718,2.9999966621398926
1.6400001049041748,0.9860000014305115,2.9999935626983643
2.2110002040863037,0.9700000286102295,2.999990940093994
1.1920000314712524,0.9869999885559082,3.0000011920928955
1.1880000829696655,0.987000048160553,3.0000057220458984
1.4909999370574951,0.9760000109672546,3.0000057220458984
1.25600004196167,0.9910000562667847,2.999992847442627
1.2740000486373901,0.9829999804496765,3.0000011920928955
1.315000057220459,0.9849998950958252,3.0000014305114746
1.3300000429153442,0.9849998950958252,3.0000014305114746
1.1700000762939453,0.9950000643730164,3.0000057220458984
1.3570001125335693,0.9900000095367432,2.9999966621398926
1.4140000343322754,0.9930000901222229,2.999995231628418
1.3769999742507935,0.9820000529289246,3.00000262260437
1.4490000009536743,0.9859999418258667,3.000004768371582
1.3090001344680786,0.987000048160553,3.0000057220458984
1.0640000104904175,0.9930000901222229,3.0000054836273193
1.4959999322891235,0.9819999933242798,2.9999961853027344
1.1079998016357422,0.9930000901222229,3.0000057220458984
1.1349999904632568,0.9900000691413879,3.0000059604644775
1.2230000495910645,0.9910001158714294,3.0000057220458984
1.1059999465942383,0.9950000643730164,3.0000052452087402
1.2920000553131104,0.9950000643730164,2.999988317489624
1.3319998979568481,0.987000048160553,3.0000061988830566
1.1279999017715454,0.9920000433921814,3.0000054836273193
1.09499990940094,0.9930000901222229,3.0000057220458984
1.1299999952316284,0.9940000772476196,3.0000052452087402
1.2100000381469727,0.9860000014305115,3.0000011920928955
1.2080000638961792,0.9850000143051147,3.0000057220458984
1.3420000076293945,0.981999933719635,3.0000016689300537
1.4820001125335693,0.9790000319480896,3.0000038146972656
1.2319998741149902,0.9850000143051147,2.9999966621398926
1.1750000715255737,0.9880000948905945,2.999997138977051
1.1329998970031738,0.9880000352859497,3.0000054836273193
1.406000018119812,0.9789999723434448,3.0
1.5220000743865967,0.9809999465942383,3.000004291534424
1.3600001335144043,0.9799999594688416,3.0000011920928955
1.3240000009536743,0.9900000691413879,2.999992847442627
1.2690001726150513,0.9829999804496765,2.999997138977051
1.0960001945495605,0.9930000305175781,3.0000059604644775
1.065999984741211,0.9950000643730164,3.0000052452087402
1.1419999599456787,0.9940000772476196,2.99999737739563
1.1330000162124634,0.9930000901222229,3.0000057220458984
1.1420000791549683,0.9920001029968262,3.0000061988830566
1.3830000162124634,0.9819999933242798,2.999999761581421
1.253000020980835,0.9890000224113464,3.0000038146972656
1.2109999656677246,0.9829999804496765,3.0000059604644775
1.284000039100647,0.9799999594688416,3.000001907348633
1.0740000009536743,0.9950000643730164,3.0000061988830566
1.437000036239624,0.9900000691413879,2.9999983310699463
1.0640000104904175,0.9950000643730164,3.0000054836273193
1.0450000762939453,0.9920001029968262,3.0000054836273193
1.1460000276565552,0.9890000224113464,3.0000007152557373
1.1959999799728394,0.9880000352859497,3.0000009536743164
1.6430000066757202,0.9829999804496765,3.00000262260437
1.0790001153945923,0.9909999966621399,3.0000057220458984
1.1559998989105225,0.9920001029968262,3.0000057220458984
1.1790000200271606,0.9860000014305115,3.0000057220458984
1.4610000848770142,0.9830000400543213,3.0000054836273193
1.1640000343322754,0.9930000305175781,3.0000011920928955
1.88100004196167,0.9749999642372131,2.999999761581421
1.1060000658035278,0.9930000901222229,3.0000054836273193
1.559000015258789,0.9790000319480896,2.999988079071045
1.1370000839233398,0.9940000772476196,3.000001907348633
1.121999979019165,0.9950000643730164,2.999997138977051
1.524999976158142,0.9779999256134033,3.000004529953003
1.0950000286102295,0.9920001029968262,3.0000054836273193
1.5420000553131104,0.9859999418258667,3.0000040531158447
1.6549999713897705,0.9849998950958252,3.000004529953003
1.8250000476837158,0.9859999418258667,3.000000238418579
1.187000036239624,0.984000027179718,3.0000059604644775
1.3960001468658447,0.9799999594688416,3.0
1.378000020980835,0.9769999980926514,3.0000052452087402
1.0829999446868896,0.9910000562667847,3.0000059604644775
1.2649999856948853,0.9940000772476196,2.9999876022338867
1.1360000371932983,0.9920000433921814,3.0000057220458984
1.0579999685287476,0.9940000772476196,3.000005006790161
1.0479998588562012,0.9950000643730164,3.0000059604644775
2.6660001277923584,0.972000002861023,2.999994993209839
2.192000150680542,0.9849998950958252,2.9999992847442627
1.1019999980926514,0.9930000901222229,2.9999966621398926
1.3030000925064087,0.9839999675750732,3.0000057220458984
1.0950000286102295,0.9900001287460327,3.0000057220458984
1.1589999198913574,0.9910000562667847,3.0000057220458984
1.4739999771118164,0.9709999561309814,3.0000059604644775
1.130000114440918,0.9910000562667847,3.0000057220458984
1.2350000143051147,0.9910000562667847,2.999992847442627
1.3259998559951782,0.9829999804496765,2.999988079071045
1.3360000848770142,0.9930000901222229,2.9999964237213135
1.1690001487731934,0.9900000691413879,3.0000057220458984
1.1450001001358032,0.9920000433921814,3.0000057220458984
1.1080001592636108,0.9910001158714294,3.0000057220458984
1.290000081062317,0.9869999885559082,2.9999969005584717
1.406999945640564,0.9799999594688416,2.9999923706054688
1.1730002164840698,0.9890000224113464,3.0000052452087402
1.165000081062317,0.9870001077651978,3.0000059604644775
1.1299999952316284,0.9930000901222229,3.0000059604644775
1.1110000610351562,0.9900000095367432,3.0000057220458984
1.158000111579895,0.9860000014305115,3.000001907348633
1.1440001726150513,0.9900000691413879,3.0000009536743164
1.0850000381469727,0.9950000643730164,3.0000057220458984
1.2269999980926514,0.9860000610351562,3.0000057220458984
1.250999927520752,0.9859999418258667,3.0000054836273193
1.5099999904632568,0.9879999756813049,2.999997138977051
1.2959998846054077,0.9880000352859497,3.0000033378601074
2.1019999980926514,0.9819999933242798,2.99999737739563
1.0759999752044678,0.9930000901222229,3.000005006790161
1.0789999961853027,0.9890000820159912,3.0000059604644775
1.190000057220459,0.9839999079704285,3.0000014305114746
1.4079999923706055,0.9869999885559082,3.000002861022949
1.4010000228881836,0.9910001158714294,2.9999990463256836
1.311999797821045,0.9920001029968262,2.9999938011169434
1.0759999752044678,0.9920001029968262,3.0000054836273193
1.068000078201294,0.9930000305175781,3.0000057220458984
1.0419999361038208,0.9940000772476196,3.000005006790161
1.1520001888275146,0.9860000014305115,3.000005006790161
1.4390000104904175,0.9800000190734863,3.0000014305114746
1.0740000009536743,0.9880000352859497,3.000005006790161
1.1660000085830688,0.9890000224113464,3.0000064373016357
1.069000005722046,0.9909999966621399,3.000005006790161
1.1040000915527344,0.9910000562667847,3.0000057220458984
1.4060001373291016,0.9739999771118164,3.0000009536743164
1.0950000286102295,0.9920001029968262,3.0000057220458984
1.1780000925064087,0.9860000014305115,2.9999969005584717
1.2730001211166382,0.9880000948905945,3.0000014305114746
1.3420000076293945,0.9850000739097595,2.9999959468841553
1.1730000972747803,0.9900001287460327,2.999997138977051
1.153999924659729,0.9839999675750732,3.0000052452087402
1.0699999332427979,0.9940000772476196,3.0000061988830566
1.128000020980835,0.9870001077651978,3.000005006790161
1.0939998626708984,0.9910000562667847,3.0000059604644775
1.222999930381775,0.9950000643730164,2.9999992847442627
1.4910001754760742,0.9860000014305115,2.9999988079071045
1.2790000438690186,0.9840000867843628,2.9999983310699463
1.2160000801086426,0.9910001158714294,2.999992847442627
1.0789999961853027,0.9940000772476196,3.0000061988830566
1.0940001010894775,0.9930000901222229,3.0000059604644775
1.0860000848770142,0.9950000643730164,3.0000030994415283
1.2120001316070557,0.9880000352859497,3.0000059604644775
1.252000093460083,0.9920000433921814,3.000000238418579
1.374000072479248,0.9810000061988831,3.0000059604644775
1.1619999408721924,0.9900000095367432,3.0000061988830566
1.9529999494552612,0.968999981880188,3.0
1.1190000772476196,0.9920000433921814,3.0000057220458984
1.040000081062317,0.9950000643730164,3.0000059604644775
1.1200000047683716,0.9940000772476196,3.0000061988830566
1.0789999961853027,0.9930000305175781,3.0000059604644775
1.3839999437332153,0.9829999804496765,3.000002384185791
2.1510000228881836,0.9679999947547913,2.9999985694885254
1.3339999914169312,0.9930000901222229,3.0000040531158447
1.1769999265670776,0.9930000901222229,3.0000035762786865
1.1490000486373901,0.9920001029968262,3.0000061988830566
1.524999976158142,0.9789999723434448,2.9999942779541016
1.1770000457763672,0.9869999885559082,3.0000057220458984
1.1039999723434448,0.9950000643730164,2.999997138977051
1.08899986743927,0.9950000643730164,3.0000061988830566
1.5040000677108765,0.9739999771118164,3.0000054836273193
1.1239999532699585,0.9909999966621399,3.0000057220458984
1.1759999990463257,0.9900000691413879,3.0000011920928955
1.2430000305175781,0.9860000014305115,3.0000064373016357
1.4100000858306885,0.984000027179718,2.999999761581421
1.3270000219345093,0.9800000786781311,2.999997138977051
1.4990001916885376,0.9759999513626099,3.0000057220458984
1.0730000734329224,0.9940000772476196,3.0000052452087402
1.1549999713897705,0.9890000224113464,3.0000014305114746
1.0700000524520874,0.9910001158714294,3.0000052452087402
1.1119999885559082,0.9930000901222229,2.999997138977051
1.4159998893737793,0.9869999289512634,2.9999945163726807
1.8280000686645508,0.966999888420105,2.9999966621398926
1.4980000257492065,0.9799999594688416,3.000002861022949
1.3240001201629639,0.9789999723434448,2.9999964237213135
1.2400000095367432,0.9940000772476196,3.0
1.187999963760376,0.9900000691413879,3.0000057220458984
1.2380000352859497,0.9860000610351562,2.999997138977051
1.1239999532699585,0.9920001029968262,3.0000052452087402
1.1959999799728394,0.9859999418258667,3.0000061988830566
1.2379997968673706,0.9890000224113464,2.999998092651367
1.372999906539917,0.9800000190734863,3.0000030994415283
1.3050000667572021,0.9880000352859497,3.0000054836273193
1.3199999332427979,0.9850000143051147,2.999992609024048
1.3410000801086426,0.9829999208450317,3.0000011920928955
1.5170000791549683,0.9780000448226929,2.9999992847442627
1.2310000658035278,0.9869999885559082,2.999992609024048
1.2380000352859497,0.9900000095367432,3.0000014305114746
1.3680000305175781,0.9860000014305115,2.9999942779541016
1.0450000762939453,0.9950000643730164,3.0000061988830566
1.3539998531341553,0.9799999594688416,2.999988317489624
1.1180000305175781,0.9900000691413879,3.0000057220458984
1.0809999704360962,0.9940000772476196,3.000001907348633
1.3830000162124634,0.9880000352859497,2.9999969005584717
1.2320001125335693,0.9910000562667847,2.999988317489624
1.1099998950958252,0.9920001029968262,3.0000054836273193
1.2020000219345093,0.9880000352859497,3.0000057220458984
1.0729999542236328,0.9900000691413879,3.000005006790161
1.121000051498413,0.9930000901222229,3.0000061988830566
1.158000111579895,0.9920001029968262,3.0000057220458984
1.215000033378601,0.9880000352859497,3.000005006790161
1.1170001029968262,0.9930000901222229,3.0000052452087402
1.2989999055862427,0.9890000820159912,3.000004529953003
1.0680001974105835,0.9950000643730164,3.0000011920928955
1.0920000076293945,0.9950000643730164,3.0000057220458984
1.124000072479248,0.9930000901222229,3.0000059604644775
1.2660000324249268,0.9849998950958252,3.0000059604644775
1.0600000619888306,0.9940000772476196,3.0000057220458984
1.2320001125335693,0.9940000772476196,2.999987840652466
1.1460001468658447,0.9940000772476196,3.0000014305114746
1.215000033378601,0.9850000143051147,3.0000057220458984
1.0519999265670776,0.9950000643730164,3.0000054836273193
1.1050000190734863,0.9940000772476196,2.9999992847442627
1.123000144958496,0.9940000772476196,2.9999966621398926
1.062999963760376,0.9950000643730164,3.0000059604644775
1.0659998655319214,0.9930000305175781,3.000004529953003
1.440999984741211,0.9900000691413879,2.999999523162842
1.283000111579895,0.9950000643730164,2.999995708465576
1.093000054359436,0.9920000433921814,3.0000057220458984
1.1540000438690186,0.9880000352859497,3.0000064373016357
1.2669999599456787,0.9880000352859497,2.999999761581421
1.5119999647140503,0.9820000529289246,2.999998092651367
1.1659998893737793,0.9869999885559082,3.000001907348633
1.096000075340271,0.9930000901222229,3.0000057220458984
1.3240000009536743,0.9890000224113464,2.9999935626983643
1.3209998607635498,0.9860000014305115,3.0000011920928955
1.2589999437332153,0.9880000352859497,3.0000059604644775
1.0649999380111694,0.9950000643730164,3.0000054836273193
1.0950000286102295,0.9930000901222229,2.99999737739563
1.0379998683929443,0.9950000643730164,3.000005006790161
1.3559999465942383,0.9759999513626099,2.999992609024048
1.0480000972747803,0.9940000772476196,3.0000057220458984
1.0830000638961792,0.9880000352859497,3.000005006790161
1.0740001201629639,0.9880000352859497,3.000005006790161
1.065999984741211,0.9900000095367432,3.0000059604644775
1.0789999961853027,0.9950000643730164,3.0000057220458984
1.065999984741211,0.9930000305175781,2.9999969005584717
1.5099998712539673,0.9820000529289246,2.9999923706054688
1.0590001344680786,0.9950000643730164,3.0000061988830566
1.0470000505447388,0.9950000643730164,3.0000052452087402
1.7100000381469727,0.9780000448226929,2.9999940395355225
1.277000069618225,0.9900001287460327,2.999999761581421
1.277000069618225,0.9900001287460327,3.000004291534424
1.2660000324249268,0.9830000400543213,3.0000061988830566
1.1019999980926514,0.9890000820159912,3.0000059604644775
1.059000015258789,0.9920001029968262,3.0000052452087402
1.128999948501587,0.9910000562667847,3.0000016689300537
1.2150001525878906,0.9839999675750732,3.0000059604644775
1.2599999904632568,0.9910001158714294,3.0000033378601074
1.0490000247955322,0.9950000643730164,3.000005006790161
1.215000033378601,0.9880000352859497,2.9999966621398926
1.085999846458435,0.9940000772476196,2.99999737739563
1.5000001192092896,0.9869999885559082,3.0000009536743164
1.1119999885559082,0.9890000224113464,3.0000054836273193
1.11899995803833,0.9850000143051147,3.0000059604644775
1.0699999332427979,0.9920001029968262,3.000004768371582
1.1269999742507935,0.9950000643730164,2.9999969005584717
1.2610000371932983,0.9890000224113464,2.9999938011169434
1.1200000047683716,0.9880000352859497,3.0000007152557373
1.0869998931884766,0.9940000772476196,3.0000054836273193
1.781000018119812,0.9829999804496765,3.000002384185791
1.409999966621399,0.9819999933242798,3.0000009536743164
1.2020001411437988,0.9880000352859497,2.999992609024048
1.1050001382827759,0.9890000224113464,3.0000059604644775
1.1330000162124634,0.9890000224113464,3.0000059604644775
1.2540000677108765,0.9799999594688416,3.0000016689300537
1.1469999551773071,0.9890000224113464,3.0000061988830566
1.062000036239624,0.9950000643730164,3.0000061988830566
1.0399999618530273,0.9930000901222229,3.0000054836273193
1.0850000381469727,0.9920001029968262,3.0000061988830566
1.1649999618530273,0.9910001158714294,2.99999737739563
1.1459999084472656,0.9900000691413879,2.999988555908203
1.1460000276565552,0.9880000948905945,2.99999737739563
1.1140000820159912,0.9869999289512634,3.0000057220458984
1.2280000448226929,0.9950000643730164,3.000002384185791
1.1119999885559082,0.9930000305175781,3.0000052452087402
1.1180000305175781,0.9950000643730164,3.0000057220458984
1.0929999351501465,0.9940000772476196,2.9999964237213135
1.031000018119812,0.9950000643730164,3.000004529953003
1.1139999628067017,0.9920001029968262,3.000005006790161
1.1220000982284546,0.98499995470047,3.0000059604644775
1.059000015258789,0.9920001029968262,3.0000011920928955
1.0349998474121094,0.9950000643730164,3.000005006790161
1.0950000286102295,0.9940000772476196,3.0000057220458984
1.1460000276565552,0.9879999756813049,3.0000052452087402
1.128000020980835,0.9950000643730164,2.9999966621398926
1.1350001096725464,0.9890000224113464,3.0000052452087402
1.1469999551773071,0.9920001029968262,2.999997138977051
1.0550000667572021,0.9950000643730164,3.0000052452087402
1.2960000038146973,0.9849998950958252,2.9999969005584717
1.0719999074935913,0.9950000643730164,3.0000057220458984
1.0419999361038208,0.9930000901222229,3.0000052452087402
1.181999921798706,0.9900001287460327,3.0000057220458984
1.1030000448226929,0.9920000433921814,3.0000054836273193
1.1920000314712524,0.9950000643730164,2.999998092651367
1.1119999885559082,0.9890000820159912,2.99999737739563
1.0870000123977661,0.9930000901222229,2.9999969005584717
1.0500000715255737,0.9940000772476196,3.0000054836273193
1.0789999961853027,0.9900000691413879,3.0000057220458984
1.1779999732971191,0.9900001287460327,3.0000016689300537
1.4020001888275146,0.9819999933242798,2.999997615814209
1.0460000038146973,0.9950000643730164,3.000005006790161
1.1419998407363892,0.9900000095367432,2.999995470046997
1.184000015258789,0.9910001158714294,3.0000038146972656
1.1129999160766602,0.9890000224113464,3.0000059604644775
1.1340000629425049,0.9900000691413879,2.99999737739563
1.1290000677108765,0.9890000820159912,2.999997138977051
1.225000023841858,0.9840000867843628,2.9999964237213135
1.2939999103546143,0.9880000352859497,2.9999983310699463
1.1460000276565552,0.9850000739097595,3.000005006790161
1.0759999752044678,0.9890000224113464,3.0000052452087402
1.087999939918518,0.9920001029968262,3.0000064373016357
1.1389999389648438,0.9869999885559082,3.000004768371582
1.1979999542236328,0.9900000691413879,3.0000059604644775
1.0600000619888306,0.9930000901222229,3.0000061988830566
1.1230000257492065,0.9920000433921814,2.9999966621398926
1.1190000772476196,0.9950000643730164,3.0000059604644775
1.0729999542236328,0.9950000643730164,3.0000011920928955
1.0740000009536743,0.9930000901222229,3.0000057220458984
1.0889999866485596,0.9900000691413879,3.0000057220458984
1.0470000505447388,0.9940000772476196,3.000004768371582
1.1030000448226929,0.9930000901222229,2.9999966621398926
1.0889999866485596,0.9920001029968262,3.0000059604644775
1.2079999446868896,0.9879999756813049,2.9999923706054688
1.2319999933242798,0.9850000739097595,2.9999992847442627
1.1010000705718994,0.9900000691413879,2.9999966621398926
1.0519999265670776,0.9950000643730164,3.0000057220458984
1.1470000743865967,0.987000048160553,2.999997138977051
1.0920000076293945,0.9940000772476196,3.0000057220458984
1.1209999322891235,0.9890000820159912,3.0000059604644775
1.2510000467300415,0.9890000820159912,3.0000035762786865
1.0540000200271606,0.9950000643730164,3.000004529953003
1.0809998512268066,0.9889999628067017,3.000004768371582
1.119999885559082,0.9880000352859497,3.0000057220458984
1.1399999856948853,0.9879999756813049,3.0000057220458984
1.0880000591278076,0.9910000562667847,3.0000057220458984
1.0770000219345093,0.9910001158714294,3.0000059604644775
1.0589998960494995,0.9930000901222229,3.0000057220458984
1.0739998817443848,0.9920000433921814,3.0000064373016357
1.100000023841858,0.9940000772476196,3.0000014305114746
1.0390000343322754,0.9940000772476196,3.0000054836273193
1.063999891281128,0.9930000901222229,3.000004768371582
1.1660000085830688,0.9880000352859497,3.0000059604644775
1.0410000085830688,0.9940000772476196,3.0000052452087402
1.1460000276565552,0.9900001287460327,2.9999964237213135
1.1390000581741333,0.987000048160553,2.9999964237213135
1.0759999752044678,0.9920000433921814,3.000005006790161
1.0739998817443848,0.9930000901222229,3.0000014305114746
1.1050001382827759,0.9900000691413879,3.0000054836273193
1.0839999914169312,0.9950000643730164,2.999999523162842
1.100000023841858,0.9910000562667847,3.0000054836273193
1.065999984741211,0.9940000772476196,3.0000054836273193
1.0499999523162842,0.9950000643730164,3.0000054836273193
1.065999984741211,0.9890000820159912,3.000004768371582
1.0870000123977661,0.9900001287460327,3.0000052452087402
1.0490000247955322,0.9950000643730164,3.0000009536743164
1.0730000734329224,0.9900001287460327,3.000004768371582
1.0750000476837158,0.9880000352859497,3.0000052452087402
1.1299999952316284,0.9880000352859497,3.000005006790161
1.062999963760376,0.9950000643730164,3.000005006790161
1.119999885559082,0.9930000901222229,3.0000057220458984
1.0889999866485596,0.9880000352859497,3.0000057220458984
1.037000060081482,0.9930000901222229,3.0000052452087402
1.0260000228881836,0.9940000772476196,3.0000052452087402
1.0670000314712524,0.9930000901222229,3.0000057220458984
1.0510001182556152,0.9950000643730164,3.0000052452087402
1.1299998760223389,0.9950000643730164,3.000000238418579
1.027999997138977,0.9950000643730164,3.0000057220458984
1.029000163078308,0.9950000643730164,3.000004768371582
1.1029999256134033,0.9869999885559082,3.0000054836273193
1.0180000066757202,0.9940000772476196,3.000004768371582
1.0740000009536743,0.9910001158714294,3.000000238418579
1.0380001068115234,0.9909999966621399,3.000004529953003
