1.0354737043380737,0.9550000429153442,1.1195919513702393
1.0354737043380737,0.9550000429153442,1.12158203125
1.0505297183990479,0.8849999904632568,3.2509920597076416
1.0320017337799072,0.9650000333786011,1.2632619142532349
1.0306593179702759,0.9600000381469727,1.56780207157135
1.0361576080322266,0.9500000476837158,1.1846420764923096
1.036550760269165,0.9500000476837158,1.1873719692230225
1.0303244590759277,0.9600000381469727,1.6299220323562622
1.0370675325393677,0.9500000476837158,1.2213119268417358
1.0428273677825928,0.9300000667572021,1.3927119970321655
1.0463407039642334,0.940000057220459,1.155452013015747
1.0405818223953247,0.9500000476837158,1.315161943435669
1.0405818223953247,0.9500000476837158,1.315161943435669
1.0480518341064453,0.9200000762939453,1.7907919883728027
1.0475608110427856,0.9200000762939453,1.9644219875335693
1.1271169185638428,0.6700000166893005,4.127342224121094
1.0314451456069946,0.9550000429153442,1.598602056503296
1.0279462337493896,0.9700000286102295,1.1028519868850708
1.033495545387268,0.940000057220459,1.561522126197815
1.024999976158142,0.9750000238418579,1.0422320365905762
1.024999976158142,0.9750000238418579,1.0616620779037476
1.024999976158142,0.9750000238418579,1.101702094078064
1.0294445753097534,0.9650000333786011,1.184122085571289
1.024999976158142,0.9750000238418579,1.1529319286346436
1.0262531042099,0.9700000286102295,1.216871976852417
1.0527199506759644,0.8399999737739563,2.478502035140991
1.0468658208847046,0.9350000619888306,1.5990819931030273
1.0421642065048218,0.9350000619888306,1.671592116355896
1.0297021865844727,0.9550000429153442,2.1218721866607666
1.0487556457519531,0.9200000762939453,1.798232078552246
1.0277973413467407,0.9650000333786011,1.1109319925308228
1.0351675748825073,0.9500000476837158,1.4208920001983643
1.0443710088729858,0.9250000715255737,2.0224721431732178
1.091390609741211,0.824999988079071,2.90145206451416
1.045880913734436,0.9300000667572021,1.5984920263290405
1.052321434020996,0.9050000309944153,1.7112220525741577
1.067089557647705,0.8550000190734863,2.422652006149292
1.0456632375717163,0.9500000476837158,1.2367820739746094
1.0456632375717163,0.9500000476837158,1.2367820739746094
1.0600218772888184,0.8299999833106995,2.7932918071746826
1.050074815750122,0.8650000095367432,2.676542043685913
1.0337440967559814,0.9450000524520874,1.4994220733642578
1.0492424964904785,0.8800000548362732,3.6792919635772705
1.0340237617492676,0.9500000476837158,2.049962043762207
1.0424891710281372,0.9450000524520874,1.1826120615005493
1.1172266006469727,0.7099999785423279,3.9653522968292236
1.0409568548202515,0.9500000476837158,1.2090920209884644
1.0303279161453247,0.9650000333786011,1.0746519565582275
1.029285192489624,0.9600000381469727,1.2415920495986938
1.0466383695602417,0.9150000810623169,1.662302017211914
1.024999976158142,0.9750000238418579,1.1348919868469238
1.0278098583221436,0.9650000333786011,1.2621320486068726
1.0646954774856567,0.8450000286102295,2.5519919395446777
1.0447278022766113,0.9350000619888306,1.8369319438934326
1.044801115989685,0.9300000667572021,1.8703019618988037
1.0404671430587769,0.9350000619888306,1.4612220525741577
1.0292145013809204,0.9600000381469727,1.1488319635391235
1.0267120599746704,0.9700000286102295,1.1267019510269165
1.0396654605865479,0.940000057220459,1.5844719409942627
1.024999976158142,0.9750000238418579,1.0277220010757446
1.0451955795288086,0.9250000715255737,1.8880621194839478
1.0465487241744995,0.9250000715255737,1.7928619384765625
1.0456202030181885,0.9350000619888306,1.2517919540405273
1.029881477355957,0.9650000333786011,1.2483320236206055
1.04860520362854,0.9200000762939453,1.8832221031188965
1.0267326831817627,0.9700000286102295,1.1539419889450073
1.0258257389068604,0.9700000286102295,1.132091999053955
1.041778326034546,0.9250000715255737,2.1830921173095703
1.031581997871399,0.9500000476837158,1.4218921661376953
1.024999976158142,0.9750000238418579,1.0775419473648071
1.024999976158142,0.9750000238418579,1.0330519676208496
1.024999976158142,0.9750000238418579,1.1319321393966675
1.0426522493362427,0.9350000619888306,1.317721962928772
1.051609754562378,0.9300000667572021,1.7462021112442017
1.0284581184387207,0.9650000333786011,1.12322199344635
1.0268950462341309,0.9650000333786011,1.2245218753814697
1.037335991859436,0.9200000762939453,1.8941819667816162
1.038019061088562,0.940000057220459,1.3536120653152466
1.0269733667373657,0.9700000286102295,1.121272087097168
1.0288136005401611,0.9650000333786011,1.2068519592285156
1.045861840248108,0.9500000476837158,1.1966420412063599
1.024999976158142,0.9750000238418579,1.1450018882751465
1.027871012687683,0.9650000333786011,1.2030720710754395
1.024999976158142,0.9750000238418579,1.2390919923782349
1.0423938035964966,0.9200000762939453,2.0343918800354004
1.0576250553131104,0.8750001192092896,2.5705723762512207
1.024999976158142,0.9750000238418579,1.1238819360733032
1.0385432243347168,0.9500000476837158,1.2460219860076904
1.024999976158142,0.9750000238418579,1.1470719575881958
1.024999976158142,0.9750000238418579,1.0578120946884155
1.0375943183898926,0.9550000429153442,1.318892002105713
1.03242027759552,0.9600000381469727,1.4112919569015503
1.024999976158142,0.9750000238418579,1.0821720361709595
1.024999976158142,0.9750000238418579,1.0411620140075684
1.0436326265335083,0.9500000476837158,1.3670719861984253
1.0416135787963867,0.9550000429153442,1.2172619104385376
1.024999976158142,0.9750000238418579,1.066762089729309
1.0285499095916748,0.9600000381469727,1.2022420167922974
1.0432530641555786,0.940000057220459,1.2507020235061646
1.024999976158142,0.9750000238418579,1.0447520017623901
1.045667052268982,0.9200000762939453,1.282792091369629
1.0436081886291504,0.9350000619888306,1.2558519840240479
1.0518925189971924,0.9150000810623169,1.292361855506897
1.052008867263794,0.8900001049041748,2.147022008895874
1.0405348539352417,0.9500000476837158,1.152791976928711
1.042225956916809,0.9000000357627869,2.633012056350708
1.0532313585281372,0.8700001239776611,2.747042179107666
1.0691795349121094,0.8750001192092896,2.7132818698883057
1.036957025527954,0.9550000429153442,1.2570420503616333
1.0335317850112915,0.9450000524520874,1.5940519571304321
1.02750825881958,0.9650000333786011,1.232132077217102
1.0295226573944092,0.9700000286102295,1.0629719495773315
1.0311810970306396,0.9500000476837158,1.387861967086792
1.039884328842163,0.940000057220459,1.2713220119476318
1.029350996017456,0.9600000381469727,1.1461420059204102
1.028099536895752,0.9650000333786011,1.1424319744110107
1.0364199876785278,0.9450000524520874,1.4830421209335327
1.0681655406951904,0.9200000762939453,1.3100420236587524
1.0673112869262695,0.9200000762939453,1.3100420236587524
1.024999976158142,0.9750000238418579,1.0656219720840454
1.0336720943450928,0.9500000476837158,1.6300619840621948
1.041379451751709,0.9200000762939453,1.5596619844436646
1.0514905452728271,0.9050000309944153,1.5539120435714722
1.032433032989502,0.9600000381469727,1.2513819932937622
1.0724990367889404,0.8550000190734863,1.8491719961166382
1.045375108718872,0.9250000715255737,1.6180319786071777
1.0258005857467651,0.9700000286102295,1.2477819919586182
1.0582939386367798,0.9200000762939453,2.251281976699829
1.0630451440811157,0.9100000858306885,2.332141876220703
1.024999976158142,0.9750000238418579,1.1279319524765015
1.0282799005508423,0.9600000381469727,1.160781979560852
1.0504467487335205,0.9200000762939453,1.93244206905365
1.0445622205734253,0.9300000667572021,1.9653221368789673
1.0744750499725342,0.8500000834465027,2.2724220752716064
1.0379387140274048,0.9350000619888306,1.2344318628311157
1.040381908416748,0.9350000619888306,1.5746020078659058
1.061890721321106,0.8800000548362732,2.1928820610046387
1.032259225845337,0.9550000429153442,1.4235020875930786
1.0467138290405273,0.9150000810623169,1.7562320232391357
1.0719469785690308,0.9250000715255737,1.2797220945358276
1.0719921588897705,0.9250000715255737,1.2797220945358276
1.024999976158142,0.9750000238418579,1.1164520978927612
1.0308470726013184,0.9500000476837158,1.68412184715271
1.0282212495803833,0.9650000333786011,1.1830320358276367
1.0537185668945312,0.9100000858306885,1.549381971359253
1.0368766784667969,0.9300000667572021,2.083822011947632
1.036354422569275,0.9350000619888306,2.003931999206543
1.0290436744689941,0.9650000333786011,1.1260420083999634
1.0389506816864014,0.9100000858306885,1.942992091178894
1.026821494102478,0.9650000333786011,1.3572520017623901
1.0414150953292847,0.9500000476837158,1.3356618881225586
1.029490351676941,0.9550000429153442,2.139292001724243
1.024999976158142,0.9750000238418579,1.0731419324874878
1.024999976158142,0.9750000238418579,1.1907719373703003
1.0449016094207764,0.9350000619888306,1.6109020709991455
1.0304951667785645,0.9600000381469727,1.4100220203399658
1.03166663646698,0.9650000333786011,1.1673119068145752
1.0261309146881104,0.9700000286102295,1.1964119672775269
1.0501147508621216,0.9300000667572021,1.5137721300125122
1.0521023273468018,0.9250000715255737,1.4672319889068604
1.067407250404358,0.9100000858306885,1.5957720279693604
1.0689427852630615,0.8950001001358032,1.8271520137786865
1.052031397819519,0.9250000715255737,1.4041719436645508
1.0460221767425537,0.940000057220459,1.3881919384002686
1.0434664487838745,0.940000057220459,1.4927220344543457
1.0641196966171265,0.8950001001358032,1.8161020278930664
1.0643061399459839,0.9050000309944153,2.1398119926452637
1.0652564764022827,0.9000000953674316,1.9630520343780518
1.0322113037109375,0.9500000476837158,1.3283820152282715
1.0495402812957764,0.9150000810623169,1.8271020650863647
1.0273786783218384,0.9650000333786011,1.249522089958191
1.024999976158142,0.9750000238418579,1.099161982536316
1.0266697406768799,0.9700000286102295,1.2212920188903809
1.0298489332199097,0.9650000333786011,1.1499420404434204
1.031793475151062,0.9600000381469727,1.2776120901107788
1.052767276763916,0.9100000858306885,1.3934719562530518
1.0387989282608032,0.9450000524520874,1.2945120334625244
1.0584444999694824,0.9150000810623169,1.3186919689178467
1.0670506954193115,0.9000000953674316,1.3455020189285278
1.024999976158142,0.9750000238418579,1.0595719814300537
1.0346505641937256,0.9500000476837158,1.78547203540802
1.024999976158142,0.9750000238418579,1.0537819862365723
1.0289109945297241,0.9600000381469727,1.3582220077514648
1.0359936952590942,0.9450000524520874,1.362612009048462
1.0412713289260864,0.940000057220459,1.6700620651245117
1.0438584089279175,0.9150000810623169,1.8374520540237427
1.036287784576416,0.9550000429153442,1.3161818981170654
1.0259044170379639,0.9600000381469727,1.5967119932174683
1.044107437133789,0.9300000667572021,1.3349919319152832
1.0472506284713745,0.9150000810623169,1.9359720945358276
1.0261393785476685,0.9650000333786011,1.233672022819519
1.0593985319137573,0.8750000596046448,2.649061918258667
1.0288760662078857,0.9650000333786011,1.2834819555282593
1.048360824584961,0.8950001001358032,2.4425621032714844
1.0270150899887085,0.9700000286102295,1.2347218990325928
1.024999976158142,0.9750000238418579,1.1080219745635986
1.0595310926437378,0.8899999856948853,2.571712017059326
1.0312062501907349,0.9600000381469727,1.175771951675415
1.0587520599365234,0.9300000667572021,1.525391936302185
1.060513973236084,0.9250000715255737,1.5254919528961182
1.0535311698913574,0.9300000667572021,1.5743720531463623
1.0420676469802856,0.9200000762939453,1.5304019451141357
1.0534559488296509,0.9000000953674316,1.8945621252059937
1.0652689933776855,0.8850001096725464,1.8582819700241089
1.0321186780929565,0.9550000429153442,1.2027020454406738
1.0272271633148193,0.9700000286102295,1.2388019561767578
1.029183030128479,0.9600000381469727,1.4885118007659912
1.0264633893966675,0.9700000286102295,1.0924620628356934
1.024999976158142,0.9750000238418579,1.0445520877838135
1.0800707340240479,0.8600000739097595,3.4025819301605225
1.0558096170425415,0.9250000715255737,2.486492156982422
1.0296224355697632,0.9650000333786011,1.1247220039367676
1.052066683769226,0.9200000762939453,1.5364019870758057
1.0377601385116577,0.9500000476837158,1.1537420749664307
1.031561255455017,0.9550000429153442,1.549692153930664
1.0764813423156738,0.8550000190734863,1.7342019081115723
1.0315743684768677,0.9550000429153442,1.5272220373153687
1.0309104919433594,0.9550000429153442,1.2915220260620117
1.0461647510528564,0.9150000810623169,1.5805820226669312
1.0284191370010376,0.9650000333786011,1.5592219829559326
1.0327216386795044,0.9500000476837158,1.7586719989776611
1.0306000709533691,0.9600000381469727,1.3513120412826538
1.0370899438858032,0.9550000429153442,1.1686919927597046
1.0392489433288574,0.9350000619888306,1.642632007598877
1.0552722215652466,0.9000000953674316,1.9910120964050293
1.0390805006027222,0.9450000524520874,1.248732089996338
1.037475824356079,0.9350000619888306,1.6628820896148682
1.0302261114120483,0.9650000333786011,1.111132025718689
1.0334184169769287,0.9500000476837158,1.1175919771194458
1.0401551723480225,0.9300000667572021,1.3667420148849487
1.0326155424118042,0.9500000476837158,1.5172219276428223
1.024999976158142,0.9750000238418579,1.0861320495605469
1.0509073734283447,0.9300000667572021,1.5985119342803955
1.0467965602874756,0.9300000667572021,1.5289119482040405
1.0409455299377441,0.940000057220459,1.636222004890442
1.0372563600540161,0.940000057220459,1.5612319707870483
1.0449857711791992,0.9100000858306885,2.781952142715454
1.031765341758728,0.9650000333786011,1.1319020986557007
1.0377461910247803,0.9450000524520874,1.2911320924758911
1.0486263036727905,0.9200000762939453,1.541361927986145
1.0437742471694946,0.9350000619888306,1.861772060394287
1.0329790115356445,0.9550000429153442,1.318932056427002
1.030853033065796,0.9600000381469727,1.3868420124053955
1.0314546823501587,0.9600000381469727,1.5383220911026
1.0304977893829346,0.9650000333786011,1.1695220470428467
1.0256950855255127,0.9700000286102295,1.0747718811035156
1.050199031829834,0.9300000667572021,1.4993619918823242
1.0575631856918335,0.9000000953674316,1.6673719882965088
1.0401932001113892,0.940000057220459,1.186371922492981
1.0372105836868286,0.9450000524520874,1.3356119394302368
1.0284855365753174,0.9550000429153442,1.2144519090652466
1.0349329710006714,0.9550000429153442,1.0888919830322266
1.05647873878479,0.8700000643730164,2.5654919147491455
1.0316604375839233,0.9600000381469727,1.2165019512176514
1.0408930778503418,0.9300000667572021,1.2264020442962646
1.040542721748352,0.940000057220459,1.5052419900894165
1.0416011810302734,0.925000011920929,2.0422918796539307
1.0451284646987915,0.9500000476837158,1.1698319911956787
1.0513224601745605,0.9200000762939453,1.446031928062439
1.0259302854537964,0.9700000286102295,1.081692099571228
1.0421243906021118,0.9350000619888306,1.4975719451904297
1.0332469940185547,0.9550000429153442,1.2985018491744995
1.024999976158142,0.9750000238418579,1.2212721109390259
1.0494831800460815,0.9300000667572021,1.6984919309616089
1.0427324771881104,0.9200000762939453,1.7428919076919556
1.0410910844802856,0.9550000429153442,1.2919620275497437
1.0287688970565796,0.9700000286102295,1.0935620069503784
1.029881238937378,0.9650000333786011,1.123971939086914
1.024999976158142,0.9750000238418579,1.104572057723999
1.0433640480041504,0.940000057220459,1.175171971321106
1.0286773443222046,0.9600000381469727,1.456692099571228
1.0546846389770508,0.9050000309944153,2.087902069091797
1.037892460823059,0.9500000476837158,1.1896319389343262
1.0657278299331665,0.8449999690055847,2.578711986541748
1.0320464372634888,0.9600000381469727,1.151121973991394
1.024999976158142,0.9750000238418579,1.03849196434021
1.0271350145339966,0.9700000286102295,1.1560919284820557
1.0295506715774536,0.9650000333786011,1.1035220623016357
1.0391771793365479,0.9150000810623169,2.171342134475708
1.068682312965393,0.8400000333786011,2.710142135620117
1.027097463607788,0.9650000333786011,1.4299620389938354
1.0273807048797607,0.9650000333786011,1.3150620460510254
1.0286210775375366,0.9600000381469727,1.2970420122146606
1.0622011423110962,0.8950001001358032,1.5773919820785522
1.046467900276184,0.9350000619888306,1.533511996269226
1.024999976158142,0.9750000238418579,1.139401912689209
1.024999976158142,0.9750000238418579,1.087272047996521
1.0613921880722046,0.8700000643730164,1.7717020511627197
1.0303804874420166,0.9550000429153442,1.1894820928573608
1.0329433679580688,0.9500000476837158,1.3874520063400269
1.0430078506469727,0.9300000071525574,1.7528120279312134
1.0532077550888062,0.9200000762939453,2.3292319774627686
1.061290979385376,0.9000000953674316,2.1747820377349854
1.0646779537200928,0.8800000548362732,2.6110620498657227
1.0264291763305664,0.9700000286102295,1.1180720329284668
1.0365300178527832,0.9450000524520874,1.4143919944763184
1.0281193256378174,0.9550000429153442,1.6193820238113403
1.0283962488174438,0.9650000333786011,1.178041934967041
1.0419654846191406,0.9350000619888306,2.0255320072174072
1.0738074779510498,0.8349999189376831,3.2672219276428223
1.0606940984725952,0.9000000953674316,1.8630019426345825
1.052250862121582,0.8950001001358032,2.029292106628418
1.0273569822311401,0.9700000286102295,1.332192063331604
1.0389896631240845,0.9500000476837158,1.3401319980621338
1.044680118560791,0.9300000667572021,1.9520920515060425
1.0328505039215088,0.9600000381469727,1.2495919466018677
1.0436930656433105,0.9300000667572021,1.6142821311950684
1.034543514251709,0.9450000524520874,1.4933018684387207
1.0589325428009033,0.9000000953674316,2.0152220726013184
1.0424538850784302,0.940000057220459,1.4267120361328125
1.0485444068908691,0.9250000715255737,1.6368920803070068
1.0501408576965332,0.9150000810623169,1.699302077293396
1.0544878244400024,0.8900001049041748,2.0107522010803223
1.04375422000885,0.9350000619888306,1.6052321195602417
1.0378719568252563,0.9500000476837158,1.2507520914077759
1.0458446741104126,0.9300000667572021,2.382822036743164
1.024999976158142,0.9750000238418579,1.0822919607162476
1.0541915893554688,0.9000000357627869,2.6426520347595215
1.0366731882095337,0.9500000476837158,1.4954018592834473
1.0273457765579224,0.9700000286102295,1.074512004852295
1.041057825088501,0.940000057220459,1.6488919258117676
1.0308672189712524,0.9550000429153442,1.6822019815444946
1.0343523025512695,0.9600000381469727,1.1854219436645508
1.0323634147644043,0.940000057220459,1.6284021139144897
1.0331897735595703,0.9500000476837158,1.258131980895996
1.0285416841506958,0.9650000333786011,1.4288820028305054
1.0303572416305542,0.9600000381469727,1.2576019763946533
1.0341733694076538,0.940000057220459,1.9871420860290527
1.0299253463745117,0.9650000333786011,1.2420721054077148
1.0416470766067505,0.9450000524520874,1.1807620525360107
1.024999976158142,0.9750000238418579,1.0481319427490234
1.024999976158142,0.9750000238418579,1.133762001991272
1.0283234119415283,0.9650000333786011,1.1310219764709473
1.0713192224502563,0.9250000715255737,1.2797220945358276
1.02784264087677,0.9700000286102295,1.0655819177627563
1.0263335704803467,0.9700000286102295,1.5239521265029907
1.02784264087677,0.9700000286102295,1.1695420742034912
1.0438005924224854,0.925000011920929,2.0450921058654785
1.024999976158142,0.9750000238418579,1.0634119510650635
1.0265971422195435,0.9700000286102295,1.1693520545959473
1.027503252029419,0.9700000286102295,1.322242021560669
1.024999976158142,0.9750000238418579,1.0373419523239136
1.0281903743743896,0.9650000333786011,1.2626819610595703
1.039811372756958,0.9500000476837158,1.3214019536972046
1.024999976158142,0.9750000238418579,1.170341968536377
1.0308711528778076,0.9600000381469727,1.2906520366668701
1.0372624397277832,0.940000057220459,1.6363619565963745
1.0369477272033691,0.940000057220459,1.3999921083450317
1.0479868650436401,0.9100000858306885,1.7161120176315308
1.0424878597259521,0.9350000619888306,1.2739319801330566
1.029565453529358,0.9650000333786011,1.150712013244629
1.0341461896896362,0.9450000524520874,1.7690620422363281
1.045857548713684,0.9300000667572021,1.5539220571517944
1.0405791997909546,0.940000057220459,1.4193519353866577
1.024999976158142,0.9750000238418579,1.0768020153045654
1.0331497192382812,0.9650000333786011,1.1479620933532715
1.024999976158142,0.9750000238418579,1.0482219457626343
1.0648266077041626,0.8800000548362732,2.298431873321533
1.027187466621399,0.9700000286102295,1.0945619344711304
1.0356738567352295,0.940000057220459,1.1933720111846924
1.0394891500473022,0.940000057220459,1.2172118425369263
1.0349715948104858,0.9500000476837158,1.1135720014572144
1.024999976158142,0.9750000238418579,1.064871907234192
1.0270918607711792,0.9650000333786011,1.1140220165252686
1.0493661165237427,0.9100000858306885,2.816652297973633
1.024999976158142,0.9750000238418579,1.0516220331192017
1.024999976158142,0.9750000238418579,1.0522819757461548
1.0640926361083984,0.8900001049041748,2.5174319744110107
1.0489749908447266,0.9500000476837158,1.2303720712661743
1.0489749908447266,0.9500000476837158,1.2303720712661743
1.0496593713760376,0.9150000810623169,1.504822015762329
1.039941430091858,0.9450000524520874,1.1619319915771484
1.032111406326294,0.9600000381469727,1.1568220853805542
1.032627820968628,0.9550000429153442,1.2244319915771484
1.040878176689148,0.9200000762939453,1.6656519174575806
1.0387908220291138,0.9550000429153442,1.316741943359375
1.024999976158142,0.9750000238418579,1.0570321083068848
1.0420705080032349,0.940000057220459,1.539281964302063
1.0259761810302734,0.9700000286102295,1.187201976776123
1.0420238971710205,0.9350000619888306,1.6819419860839844
1.0391572713851929,0.9450000524520874,1.16923189163208
1.0452133417129517,0.9250000715255737,1.3738620281219482
1.0292742252349854,0.9600000381469727,1.3428419828414917
1.024999976158142,0.9750000238418579,1.2258720397949219
1.0379188060760498,0.9450000524520874,2.1411919593811035
1.036571741104126,0.940000057220459,1.3391119241714478
1.0269951820373535,0.9700000286102295,1.5333720445632935
1.0532389879226685,0.9150000810623169,2.6469521522521973
1.0420736074447632,0.9100000858306885,2.234611988067627
1.0356663465499878,0.940000057220459,1.418921947479248
1.0351282358169556,0.9450000524520874,1.1408618688583374
1.039945125579834,0.9450000524520874,1.4547619819641113
1.0610629320144653,0.9000000357627869,2.0184719562530518
1.0367095470428467,0.9450000524520874,1.7192620038986206
1.024999976158142,0.9750000238418579,1.0585620403289795
1.0279611349105835,0.9650000333786011,1.1319921016693115
1.0308436155319214,0.9600000381469727,1.1203320026397705
1.0410910844802856,0.9550000429153442,1.2942719459533691
1.0319911241531372,0.9500000476837158,1.5094220638275146
1.0400080680847168,0.940000057220459,1.296571969985962
1.0425077676773071,0.9350000619888306,1.3747620582580566
1.024999976158142,0.9750000238418579,1.205612063407898
1.0292675495147705,0.9650000333786011,1.3444719314575195
1.024999976158142,0.9750000238418579,1.1309319734573364
1.0264906883239746,0.9700000286102295,1.1609219312667847
1.024999976158142,0.9750000238418579,1.0506418943405151
1.0355453491210938,0.9600000381469727,1.2333920001983643
1.0528050661087036,0.9250000715255737,1.5440820455551147
1.032450795173645,0.9600000381469727,1.0688220262527466
1.024999976158142,0.9750000238418579,1.0373919010162354
1.0263456106185913,0.9700000286102295,1.278082013130188
1.037611961364746,0.940000057220459,1.3559719324111938
1.024999976158142,0.9750000238418579,1.1409120559692383
1.0402427911758423,0.9450000524520874,1.4697320461273193
1.0308042764663696,0.9600000381469727,1.2419419288635254
1.024999976158142,0.9750000238418579,1.0600719451904297
1.0598639249801636,0.9250000715255737,1.305061936378479
1.024999976158142,0.9750000238418579,1.0639920234680176
1.0302919149398804,0.9650000333786011,1.119231939315796
1.045861840248108,0.9500000476837158,1.1966420412063599
1.02925443649292,0.9600000381469727,1.128051996231079
1.024999976158142,0.9750000238418579,1.2385718822479248
1.0402405261993408,0.9450000524520874,1.3373819589614868
1.02772855758667,0.9650000333786011,1.0844318866729736
1.0272361040115356,0.9700000286102295,1.070222020149231
1.0342642068862915,0.9500000476837158,1.1833521127700806
1.0404237508773804,0.9500000476837158,1.3247621059417725
1.0543594360351562,0.9100000858306885,1.8889418840408325
1.024999976158142,0.9750000238418579,1.03728187084198
1.0338822603225708,0.9500000476837158,1.4114820957183838
1.0369278192520142,0.9550000429153442,1.4113218784332275
1.0325589179992676,0.9450000524520874,1.2550220489501953
1.0346426963806152,0.9500000476837158,1.4741621017456055
1.0443261861801147,0.9450000524520874,1.374851942062378
1.04727303981781,0.9200000166893005,1.9782220125198364
1.0379332304000854,0.940000057220459,1.9976820945739746
1.0465197563171387,0.925000011920929,2.3757121562957764
1.037558913230896,0.9450000524520874,1.1240919828414917
1.0341784954071045,0.9600000381469727,1.0414420366287231
1.04298734664917,0.9350000619888306,1.956362009048462
1.0395981073379517,0.9500000476837158,1.3273720741271973
1.027735710144043,0.9650000333786011,1.1135618686676025
1.027267336845398,0.9600000381469727,1.304132103919983
1.024999976158142,0.9750000238418579,1.0621020793914795
1.024999976158142,0.9750000238418579,1.074761986732483
1.0314439535140991,0.9650000333786011,1.128801941871643
1.0356271266937256,0.9500000476837158,1.2811119556427002
1.0272786617279053,0.9700000286102295,1.1165120601654053
1.0307151079177856,0.9650000333786011,1.1911821365356445
1.0305919647216797,0.9600000381469727,1.293211817741394
1.0426081418991089,0.940000057220459,1.643272042274475
1.050411343574524,0.9250000715255737,1.5909719467163086
1.0339314937591553,0.9500000476837158,1.3733019828796387
1.024999976158142,0.9750000238418579,1.0692719221115112
1.045114278793335,0.9350000619888306,1.2297719717025757
1.0262563228607178,0.9700000286102295,1.1080820560455322
1.0417473316192627,0.9450000524520874,1.1836320161819458
1.0445687770843506,0.9450000524520874,1.1807620525360107
1.024999976158142,0.9750000238418579,1.087641954421997
1.042976975440979,0.9450000524520874,1.138132095336914
1.0483074188232422,0.940000057220459,1.2683221101760864
1.04261314868927,0.940000057220459,1.5760921239852905
1.029820203781128,0.9550000429153442,1.1894919872283936
1.0380712747573853,0.9550000429153442,1.222532033920288
1.0283557176589966,0.9650000333786011,1.130031943321228
1.028083086013794,0.9600000381469727,1.0993518829345703
1.0266666412353516,0.9700000286102295,1.1582720279693604
1.0275354385375977,0.9700000286102295,1.0642719268798828
1.0269265174865723,0.9650000333786011,1.1494319438934326
1.03849196434021,0.940000057220459,1.3688920736312866
1.0285354852676392,0.9700000286102295,1.0644320249557495
1.0451284646987915,0.9500000476837158,1.1698319911956787
1.041265845298767,0.9350000619888306,1.5705320835113525
1.0309314727783203,0.9600000381469727,1.2182221412658691
1.02984619140625,0.9650000333786011,1.2000020742416382
1.0345619916915894,0.9500000476837158,1.3353419303894043
1.024999976158142,0.9750000238418579,1.092911958694458
1.0353773832321167,0.9550000429153442,1.3936419486999512
1.0269542932510376,0.9700000286102295,1.117792010307312
1.024999976158142,0.9750000238418579,1.1073719263076782
1.0416895151138306,0.9450000524520874,1.1737020015716553
1.0408166646957397,0.9500000476837158,1.0991919040679932
1.024999976158142,0.9750000238418579,1.028312087059021
1.0408166646957397,0.9500000476837158,1.0991919040679932
1.041368007659912,0.940000057220459,1.2946220636367798
1.0375401973724365,0.940000057220459,1.7431819438934326
1.024999976158142,0.9750000238418579,1.1125118732452393
1.027153491973877,0.9650000333786011,1.290671944618225
1.0445327758789062,0.940000057220459,1.3757920265197754
1.031467080116272,0.9650000333786011,1.0400521755218506
1.0271437168121338,0.9700000286102295,1.0302619934082031
1.0280996561050415,0.9650000333786011,1.1503419876098633
1.024999976158142,0.9750000238418579,1.068471908569336
1.024999976158142,0.9750000238418579,1.1490919589996338
1.024999976158142,0.9750000238418579,1.0543020963668823
1.024999976158142,0.9750000238418579,1.0374720096588135
1.0523067712783813,0.9350000619888306,1.2561619281768799
1.027966856956482,0.9700000286102295,1.0562020540237427
1.0326545238494873,0.9550000429153442,1.3003920316696167
1.0342741012573242,0.9550000429153442,1.0914920568466187
