1.0304737091064453,0.9600000381469727,1.1221320629119873
1.0304737091064453,0.9600000381469727,1.1221320629119873
1.044084906578064,0.8949999809265137,3.316092014312744
1.0270017385482788,0.9700000286102295,1.2664719820022583
1.0256593227386475,0.9650000333786011,1.571112036705017
1.031153678894043,0.9550000429153442,1.174962043762207
1.0315507650375366,0.9550000429153442,1.18887197971344
1.0253244638442993,0.9650000333786011,1.643272042274475
1.0289902687072754,0.9600000381469727,1.2295619249343872
1.0390491485595703,0.9350000619888306,1.3893420696258545
1.041340708732605,0.9450000524520874,1.155701994895935
1.0366454124450684,0.9550000429153442,1.3387420177459717
1.0321201086044312,0.9600000381469727,1.329171895980835
1.0440129041671753,0.9300000667572021,1.6469420194625854
1.046861171722412,0.9300000667572021,1.7890520095825195
1.1147602796554565,0.7350000143051147,4.2770819664001465
1.0292834043502808,0.9600000381469727,1.643921971321106
1.0229462385177612,0.9750000238418579,1.1078219413757324
1.0264253616333008,0.9550000429153442,1.5754320621490479
1.0199999809265137,0.9800000190734863,1.037611961364746
1.0199999809265137,0.9800000190734863,1.0595120191574097
1.0199999809265137,0.9800000190734863,1.1023420095443726
1.024444580078125,0.9700000286102295,1.1981920003890991
1.024999976158142,0.9750000238418579,1.1549519300460815
1.0212531089782715,0.9750000238418579,1.2165420055389404
1.052223563194275,0.8449999690055847,2.544341802597046
1.0468658208847046,0.9350000619888306,1.600841999053955
1.0379050970077515,0.9450000524520874,1.7000020742416382
1.0241667032241821,0.9650000333786011,2.1964221000671387
1.0450842380523682,0.9250000715255737,1.8181120157241821
1.0271437168121338,0.9700000286102295,1.0487219095230103
1.0294674634933472,0.9600000381469727,1.4279320240020752
1.0382522344589233,0.9350000619888306,2.0629220008850098
1.0821406841278076,0.8450000286102295,2.9330520629882812
1.0472300052642822,0.9300000667572021,1.6090620756149292
1.045917272567749,0.9150000214576721,1.7217921018600464
1.0640809535980225,0.875,2.4415719509124756
1.041887879371643,0.9550000429153442,1.245252013206482
1.0381379127502441,0.9600000381469727,1.2423220872879028
1.0558477640151978,0.8600000143051147,2.886971950531006
1.0428192615509033,0.89000004529953,2.866032123565674
1.0277234315872192,0.9550000429153442,1.5147720575332642
1.0429891347885132,0.8950000405311584,3.8666019439697266
1.0290237665176392,0.9550000429153442,2.0642120838165283
1.0390957593917847,0.9500000476837158,1.1942020654678345
1.1006699800491333,0.7549999952316284,4.163402080535889
1.0327491760253906,0.9600000381469727,1.2054420709609985
1.022982120513916,0.9750000238418579,1.0749919414520264
1.0229723453521729,0.9700000286102295,1.2640020847320557
1.0436681509017944,0.9350000619888306,1.723262071609497
1.0199999809265137,0.9800000190734863,1.1352919340133667
1.0228098630905151,0.9700000286102295,1.2648121118545532
1.0601801872253418,0.8550000190734863,2.6103620529174805
1.039727807044983,0.940000057220459,1.8441119194030762
1.0398011207580566,0.9350000619888306,1.874101996421814
1.033512830734253,0.9450000524520874,1.4846020936965942
1.024214506149292,0.9650000333786011,1.1566219329833984
1.0267120599746704,0.9700000286102295,1.1254520416259766
1.0346654653549194,0.9450000524520874,1.5936620235443115
1.024999976158142,0.9750000238418579,1.0264219045639038
1.0388880968093872,0.9350000619888306,1.8961321115493774
1.0418004989624023,0.9350000619888306,1.852952003479004
1.0385798215866089,0.9500000476837158,1.2691419124603271
1.029881477355957,0.9650000333786011,1.2470320463180542
1.0399900674819946,0.9350000619888306,1.8933221101760864
1.0217326879501343,0.9750000238418579,1.1652820110321045
1.020825743675232,0.9750000238418579,1.1210620403289795
1.0363541841506958,0.9300000667572021,2.189702033996582
1.0260089635849,0.9600000381469727,1.4061921834945679
1.024999976158142,0.9750000238418579,1.077441930770874
1.0199999809265137,0.9800000190734863,1.0330818891525269
1.0199999809265137,0.9800000190734863,1.1330020427703857
1.0357999801635742,0.9500000476837158,1.2977620363235474
1.0522302389144897,0.9300000667572021,1.756912112236023
1.0199999809265137,0.9800000190734863,1.1148120164871216
1.0218950510025024,0.9700000286102295,1.2305619716644287
1.0363224744796753,0.9300000667572021,1.957442045211792
1.035945177078247,0.9450000524520874,1.360572099685669
1.0219733715057373,0.9750000238418579,1.1185719966888428
1.0238136053085327,0.9700000286102295,1.2212820053100586
1.0417793989181519,0.9550000429153442,1.1979420185089111
1.0199999809265137,0.9800000190734863,1.148331880569458
1.0228710174560547,0.9700000286102295,1.2039719820022583
1.024999976158142,0.9750000238418579,1.2450119256973267
1.0426841974258423,0.9300000667572021,2.0750420093536377
1.0471073389053345,0.9050000905990601,2.6948423385620117
1.024999976158142,0.9750000238418579,1.1256319284439087
1.0335432291030884,0.9550000429153442,1.255281925201416
1.024999976158142,0.9750000238418579,1.1510920524597168
1.0199999809265137,0.9800000190734863,1.058232069015503
1.0338168144226074,0.9600000381469727,1.3557920455932617
1.0274202823638916,0.9650000333786011,1.415761947631836
1.0199999809265137,0.9800000190734863,1.0863419771194458
1.0199999809265137,0.9800000190734863,1.0402320623397827
1.0394068956375122,0.9550000429153442,1.370162010192871
1.0323878526687622,0.9650000333786011,1.2220219373703003
1.0199999809265137,0.9800000190734863,1.0655421018600464
1.0266363620758057,0.9700000286102295,1.2109320163726807
1.0357627868652344,0.9500000476837158,1.2475320100784302
1.0199999809265137,0.9800000190734863,1.0449919700622559
1.0392557382583618,0.9300000667572021,1.2867720127105713
1.0421968698501587,0.940000057220459,1.262112021446228
1.0499838590621948,0.9250000715255737,1.2877918481826782
1.044921636581421,0.9150000810623169,2.224882125854492
1.038725733757019,0.9550000429153442,1.1574819087982178
1.0359493494033813,0.9150000214576721,2.6836321353912354
1.044070839881897,0.8950001001358032,2.8679122924804688
1.0564866065979004,0.9050000905990601,2.5573620796203613
1.0320903062820435,0.9600000381469727,1.2636120319366455
1.0287377834320068,0.9550000429153442,1.4222819805145264
1.0231101512908936,0.9700000286102295,1.2536619901657104
1.0295226573944092,0.9700000286102295,1.064512014389038
1.0266894102096558,0.9550000429153442,1.3828519582748413
1.0324153900146484,0.9500000476837158,1.2645920515060425
1.0243510007858276,0.9650000333786011,1.1496920585632324
1.0274745225906372,0.9700000286102295,1.1484220027923584
1.0279452800750732,0.9600000381469727,1.5311720371246338
1.0542570352554321,0.940000057220459,1.3203120231628418
1.0535579919815063,0.940000057220459,1.3203120231628418
1.0199999809265137,0.9800000190734863,1.0654819011688232
1.025960922241211,0.9650000333786011,1.6919920444488525
1.038011908531189,0.940000057220459,1.5978020429611206
1.050424575805664,0.9100000262260437,1.555351972579956
1.0286283493041992,0.9650000333786011,1.2574419975280762
1.0571271181106567,0.89000004529953,1.8900920152664185
1.0405282974243164,0.9300000667572021,1.6283619403839111
1.0208005905151367,0.9750000238418579,1.255162000656128
1.0513099431991577,0.9300000667572021,2.27006196975708
1.0544127225875854,0.9250000715255737,2.350921869277954
1.0199999809265137,0.9800000190734863,1.1285820007324219
1.0225797891616821,0.9700000286102295,1.1674220561981201
1.045446753501892,0.9250000715255737,1.9449020624160767
1.0395622253417969,0.9350000619888306,1.9814621210098267
1.063364863395691,0.8700000643730164,2.339482069015503
1.0361690521240234,0.9450000524520874,1.2475218772888184
1.040381908416748,0.9350000619888306,1.5770419836044312
1.053217887878418,0.9050000905990601,2.3072919845581055
1.027551531791687,0.9600000381469727,1.4209520816802979
1.0408523082733154,0.9250000715255737,1.7636220455169678
1.0577884912490845,0.940000057220459,1.2826321125030518
1.0684229135513306,0.9300000667572021,1.2813020944595337
1.024999976158142,0.9750000238418579,1.1188122034072876
1.02584707736969,0.9550000429153442,1.7170219421386719
1.022581934928894,0.9750000238418579,1.2053719758987427
1.0478018522262573,0.9200000762939453,1.5587719678878784
1.030400037765503,0.9450000524520874,1.9856120347976685
1.0310286283493042,0.9450000524520874,2.0687618255615234
1.0230987071990967,0.9750000238418579,1.1347320079803467
1.0311875343322754,0.9300000667572021,2.012162208557129
1.021451711654663,0.9750000238418579,1.3282920122146606
1.0376375913619995,0.9550000429153442,1.351881980895996
1.0294320583343506,0.9550000429153442,2.165032148361206
1.024999976158142,0.9750000238418579,1.0718419551849365
1.0199999809265137,0.9800000190734863,1.2039419412612915
1.0449016094207764,0.9350000619888306,1.6203019618988037
1.0237274169921875,0.9700000286102295,1.4177320003509521
1.0283968448638916,0.9700000286102295,1.1767818927764893
1.021130919456482,0.9750000238418579,1.1927319765090942
1.0451147556304932,0.9350000619888306,1.5146820545196533
1.0521023273468018,0.9250000715255737,1.470281958580017
1.065393328666687,0.9150000810623169,1.621462106704712
1.0696024894714355,0.8950001001358032,1.83977210521698
1.043931007385254,0.940000057220459,1.4354519844055176
1.0391323566436768,0.9500000476837158,1.3861418962478638
1.0417239665985107,0.9450000524520874,1.5110219717025757
1.059023141860962,0.9100000858306885,1.8488620519638062
1.058875560760498,0.9150000214576721,2.1658620834350586
1.0541296005249023,0.9150000810623169,1.994022011756897
1.032165765762329,0.9500000476837158,1.3079720735549927
1.0442054271697998,0.9250000715255737,1.7479419708251953
1.02237868309021,0.9700000286102295,1.2505520582199097
1.0199999809265137,0.9800000190734863,1.1027920246124268
1.0216697454452515,0.9750000238418579,1.2225719690322876
1.0248489379882812,0.9700000286102295,1.1430820226669312
1.031793475151062,0.9600000381469727,1.281562089920044
1.04635751247406,0.9200000762939453,1.414631962776184
1.0387989282608032,0.9450000524520874,1.2988821268081665
1.0517778396606445,0.9250000715255737,1.3282419443130493
1.0610034465789795,0.9100000858306885,1.364542007446289
1.0199999809265137,0.9800000190734863,1.0608220100402832
1.0296505689620972,0.9550000429153442,1.7919321060180664
1.0199999809265137,0.9800000190734863,1.0545920133590698
1.027109146118164,0.9650000333786011,1.3375020027160645
1.0359936952590942,0.9450000524520874,1.3630119562149048
1.0349019765853882,0.9500000476837158,1.6859620809555054
1.0429378747940063,0.9200000762939453,1.8627920150756836
1.0312877893447876,0.9600000381469727,1.3161919116973877
1.0259044170379639,0.9650000333786011,1.5967119932174683
1.0353212356567383,0.9450000524520874,1.3433419466018677
1.0404828786849976,0.9250000715255737,1.9490420818328857
1.0199999809265137,0.9800000190734863,1.1487820148468018
1.0596736669540405,0.8800000548362732,2.7155518531799316
1.0238760709762573,0.9700000286102295,1.2760119438171387
1.0421489477157593,0.9100000858306885,2.5164620876312256
1.02201509475708,0.9750000238418579,1.236311912536621
1.0199999809265137,0.9800000190734863,1.112831950187683
1.055433750152588,0.8999999761581421,2.6250219345092773
1.0249686241149902,0.9700000286102295,1.160391926765442
1.050100564956665,0.940000057220459,1.5355520248413086
1.0546932220458984,0.9350000619888306,1.5317819118499756
1.0535311698913574,0.9300000667572021,1.5740420818328857
1.0335500240325928,0.9350000619888306,1.570281982421875
1.0440274477005005,0.9200000762939453,1.9455220699310303
1.0608859062194824,0.8900001049041748,1.8892520666122437
1.0248825550079346,0.9650000333786011,1.1953920125961304
1.022227168083191,0.9750000238418579,1.2417919635772705
1.0241830348968506,0.9650000333786011,1.5059518814086914
1.021463394165039,0.9750000238418579,1.0947120189666748
1.0199999809265137,0.9800000190734863,1.0437120199203491
1.0676428079605103,0.8850000500679016,3.610732078552246
1.0447182655334473,0.940000057220459,2.5950820446014404
1.0246224403381348,0.9700000286102295,1.1269420385360718
1.045485496520996,0.9300000667572021,1.5412319898605347
1.0310934782028198,0.9600000381469727,1.159332036972046
1.0265612602233887,0.9600000381469727,1.5588921308517456
1.068169116973877,0.8700000047683716,1.7555919885635376
1.0265743732452393,0.9600000381469727,1.5299019813537598
1.0230019092559814,0.9700000286102295,1.3402819633483887
1.041164755821228,0.9200000762939453,1.5851320028305054
1.0234191417694092,0.9700000286102295,1.5697720050811768
1.0262408256530762,0.9600000381469727,1.7868620157241821
1.02424156665802,0.9700000286102295,1.3212319612503052
1.0370899438858032,0.9550000429153442,1.1714119911193848
1.0325186252593994,0.9500000476837158,1.6871119737625122
1.0472580194473267,0.9150000810623169,2.025331974029541
1.0391756296157837,0.9450000524520874,1.2474620342254639
1.0324028730392456,0.940000057220459,1.684332013130188
1.02522611618042,0.9700000286102295,1.1148020029067993
1.0283137559890747,0.9600000381469727,1.108132004737854
1.0322880744934082,0.9450000524520874,1.314371943473816
1.0326155424118042,0.9500000476837158,1.5191419124603271
1.0199999809265137,0.9800000190734863,1.0853520631790161
1.0459073781967163,0.9350000619888306,1.602591872215271
1.0401828289031982,0.940000057220459,1.545841932296753
1.043366551399231,0.940000057220459,1.663681983947754
1.0306061506271362,0.9500000476837158,1.5911020040512085
1.0398471355438232,0.9250000715255737,2.8225719928741455
1.0269967317581177,0.9700000286102295,1.1375020742416382
1.0388896465301514,0.9450000524520874,1.3029121160507202
1.0397748947143555,0.9350000619888306,1.562951922416687
1.036461353302002,0.9450000524520874,1.8836121559143066
1.0265692472457886,0.9650000333786011,1.3409920930862427
1.0264285802841187,0.9650000333786011,1.4008220434188843
1.0279090404510498,0.9650000333786011,1.5461920499801636
1.0254977941513062,0.9700000286102295,1.1703020334243774
1.024999976158142,0.9750000238418579,1.062221884727478
1.0451990365982056,0.9350000619888306,1.499891996383667
1.0525901317596436,0.9050000905990601,1.6771819591522217
1.0347874164581299,0.9500000476837158,1.1930619478225708
1.034379482269287,0.9550000429153442,1.3404120206832886
1.0219571590423584,0.9700000286102295,1.2340419292449951
1.029932975769043,0.9600000381469727,1.0882819890975952
1.0554728507995605,0.8800000548362732,2.5967719554901123
1.0245391130447388,0.9700000286102295,1.219351887702942
1.0332567691802979,0.9500000476837158,1.2452820539474487
1.0398476123809814,0.9450000524520874,1.5167419910430908
1.0402413606643677,0.9300000071525574,2.0582118034362793
1.0426087379455566,0.9550000429153442,1.1645619869232178
1.047712802886963,0.9300000667572021,1.4649219512939453
1.0199999809265137,0.9800000190734863,1.071972131729126
1.0412821769714355,0.940000057220459,1.5133520364761353
1.0282469987869263,0.9600000381469727,1.2969719171524048
1.024999976158142,0.9750000238418579,1.2218520641326904
1.0494831800460815,0.9300000667572021,1.702862024307251
1.0378457307815552,0.9300000667572021,1.7825219631195068
1.034999966621399,0.9650000333786011,1.299921989440918
1.0237689018249512,0.9750000238418579,1.0975520610809326
1.029881238937378,0.9650000333786011,1.1267420053482056
1.0199999809265137,0.9800000190734863,1.1083821058273315
1.035364031791687,0.9500000476837158,1.1781020164489746
1.024351716041565,0.9650000333786011,1.4557220935821533
1.0487380027770996,0.9150000214576721,2.1257121562957764
1.0328924655914307,0.9550000429153442,1.190101981163025
1.0614540576934814,0.8499999642372131,2.601422071456909
1.0270464420318604,0.9650000333786011,1.1533219814300537
1.0199999809265137,0.9800000190734863,1.0390419960021973
1.0271350145339966,0.9700000286102295,1.1564220190048218
1.0199999809265137,0.9800000190734863,1.0756120681762695
1.0341771841049194,0.9200000762939453,2.1776819229125977
1.0660609006881714,0.8550000190734863,2.7671620845794678
1.0220974683761597,0.9700000286102295,1.430272102355957
1.0273807048797607,0.9650000333786011,1.3147920370101929
1.0296790599822998,0.9600000381469727,1.305332064628601
1.061442255973816,0.9000000953674316,1.6056920289993286
1.0417063236236572,0.9450000524520874,1.5962519645690918
1.024999976158142,0.9750000238418579,1.1409019231796265
1.0199999809265137,0.9800000190734863,1.0884519815444946
1.0517394542694092,0.89000004529953,1.8218120336532593
1.0235066413879395,0.9700000286102295,1.2142220735549927
1.0247541666030884,0.9700000286102295,1.240731954574585
1.041426658630371,0.9350000023841858,1.7631620168685913
1.0469423532485962,0.9300000667572021,2.369852066040039
1.0534151792526245,0.9100000858306885,2.234182119369507
1.0564136505126953,0.9000000357627869,2.706681966781616
1.021429181098938,0.9750000238418579,1.1205220222473145
1.0320987701416016,0.9500000476837158,1.4349420070648193
1.022376298904419,0.9650000333786011,1.6890521049499512
1.0207289457321167,0.9750000238418579,1.1617519855499268
1.0369654893875122,0.940000057220459,2.03068208694458
1.0683350563049316,0.85999995470047,3.442511796951294
1.0534018278121948,0.9100000858306885,1.941372036933899
1.0451139211654663,0.9100000858306885,2.0780019760131836
1.0273569822311401,0.9700000286102295,1.3461620807647705
1.0302700996398926,0.9600000381469727,1.3652520179748535
1.0396801233291626,0.9350000619888306,1.9569920301437378
1.0278505086898804,0.9650000333786011,1.2617219686508179
1.0394469499588013,0.940000057220459,1.6562321186065674
1.029686689376831,0.9500000476837158,1.5126019716262817
1.0520575046539307,0.9100000858306885,2.0218122005462646
1.0353639125823975,0.9550000429153442,1.4310920238494873
1.0427895784378052,0.9350000619888306,1.6412720680236816
1.0446577072143555,0.9250000715255737,1.744502067565918
1.0487735271453857,0.9000000953674316,2.048352003097534
1.038023591041565,0.9450000524520874,1.6355820894241333
1.0314825773239136,0.9600000381469727,1.2381020784378052
1.0389245748519897,0.9450000524520874,2.4110019207000732
1.0199999809265137,0.9800000190734863,1.0853420495986938
1.0480082035064697,0.9150000214576721,2.684432029724121
1.0353052616119385,0.9550000429153442,1.4996819496154785
1.024999976158142,0.9750000238418579,1.0730420351028442
1.0389018058776855,0.9500000476837158,1.6667919158935547
1.025867223739624,0.9600000381469727,1.6910319328308105
1.0293523073196411,0.9650000333786011,1.1865519285202026
1.0254255533218384,0.9600000381469727,1.6920621395111084
1.0243464708328247,0.9700000286102295,1.210271954536438
1.0235416889190674,0.9700000286102295,1.4523619413375854
1.0303572416305542,0.9600000381469727,1.263282060623169
1.0284732580184937,0.9500000476837158,2.016822099685669
1.0249253511428833,0.9700000286102295,1.2514420747756958
1.038618564605713,0.9550000429153442,1.18831205368042
1.0199999809265137,0.9800000190734863,1.048811912536621
1.0199999809265137,0.9800000190734863,1.1340420246124268
1.0233234167099,0.9700000286102295,1.1279319524765015
1.0624803304672241,0.9350000619888306,1.280452013015747
1.0199999809265137,0.9800000190734863,1.0599318742752075
1.0213335752487183,0.9750000238418579,1.530142068862915
1.0199999809265137,0.9800000190734863,1.1719521284103394
1.0376825332641602,0.9350000023841858,2.0470919609069824
1.024999976158142,0.9750000238418579,1.0610319375991821
1.021597146987915,0.9750000238418579,1.169551968574524
1.0225032567977905,0.9750000238418579,1.3230520486831665
1.0199999809265137,0.9800000190734863,1.0353419780731201
1.0231903791427612,0.9700000286102295,1.2631020545959473
1.0303231477737427,0.9650000333786011,1.2969719171524048
1.024999976158142,0.9750000238418579,1.1727319955825806
1.0258711576461792,0.9650000333786011,1.2859820127487183
1.0302073955535889,0.9500000476837158,1.6606919765472412
1.0334721803665161,0.9450000524520874,1.3521320819854736
1.046410083770752,0.9150000810623169,1.728011965751648
1.0308490991592407,0.9550000429153442,1.2816120386123657
1.022611141204834,0.9750000238418579,1.1391119956970215
1.0291461944580078,0.9500000476837158,1.790362000465393
1.04451584815979,0.9350000619888306,1.5641320943832397
1.0343708992004395,0.9500000476837158,1.4531019926071167
1.0199999809265137,0.9800000190734863,1.0782819986343384
1.0281497240066528,0.9700000286102295,1.1485720872879028
1.0199999809265137,0.9800000190734863,1.0473819971084595
1.0555846691131592,0.9050000309944153,2.3855319023132324
1.024999976158142,0.9750000238418579,1.073341965675354
1.0286277532577515,0.9550000429153442,1.1558319330215454
1.0349180698394775,0.9450000524520874,1.2214218378067017
1.0307672023773193,0.9600000381469727,1.1214020252227783
1.0199999809265137,0.9800000190734863,1.0639618635177612
1.0271408557891846,0.9700000286102295,1.0561120510101318
1.0401259660720825,0.9300000667572021,3.047272205352783
1.024999976158142,0.9750000238418579,1.0516821146011353
1.0199999809265137,0.9800000190734863,1.0532219409942627
1.0610485076904297,0.9000000953674316,2.475142002105713
1.0448685884475708,0.9550000429153442,1.2183420658111572
1.0399999618530273,0.9600000381469727,1.2153019905090332
1.0446593761444092,0.9200000762939453,1.5085821151733398
1.0329188108444214,0.9550000429153442,1.1674920320510864
1.0271114110946655,0.9650000333786011,1.1573721170425415
1.0300878286361694,0.9600000381469727,1.196921944618225
1.0389318466186523,0.9300000667572021,1.7267818450927734
1.0303231477737427,0.9650000333786011,1.2998719215393066
1.0199999809265137,0.9800000190734863,1.0583220720291138
1.0387943983078003,0.9450000524520874,1.5507819652557373
1.020976185798645,0.9750000238418579,1.1880619525909424
1.0370900630950928,0.9450000524520874,1.6927119493484497
1.0321346521377563,0.9550000429153442,1.17769193649292
1.0404846668243408,0.940000057220459,1.4224720001220703
1.024274230003357,0.9650000333786011,1.3465819358825684
1.024999976158142,0.9750000238418579,1.2297120094299316
1.032006025314331,0.9550000429153442,2.2079520225524902
1.027567982673645,0.9600000381469727,1.3633719682693481
1.0269951820373535,0.9700000286102295,1.5335819721221924
1.0498709678649902,0.9200000762939453,2.781132221221924
1.035599946975708,0.9300000667572021,2.3013219833374023
1.030773401260376,0.9500000476837158,1.3299620151519775
1.0355720520019531,0.9550000429153442,1.117211937904358
1.039945125579834,0.9450000524520874,1.4552819728851318
1.0538326501846313,0.9150000214576721,2.0502219200134277
1.0307890176773071,0.9550000429153442,1.7687519788742065
1.024999976158142,0.9750000238418579,1.0590320825576782
1.0235073566436768,0.9700000286102295,1.0877621173858643
1.029593586921692,0.9650000333786011,1.1256920099258423
1.034999966621399,0.9650000333786011,1.3022319078445435
1.0253773927688599,0.9600000381469727,1.5240120887756348
1.031076431274414,0.9550000429153442,1.2783119678497314
1.0375077724456787,0.940000057220459,1.3770720958709717
1.0199999809265137,0.9800000190734863,1.193552017211914
1.024267554283142,0.9700000286102295,1.3445719480514526
1.024999976158142,0.9750000238418579,1.1329519748687744
1.0214906930923462,0.9750000238418579,1.160141944885254
1.0199999809265137,0.9800000190734863,1.050191879272461
1.0305453538894653,0.9650000333786011,1.2457020282745361
1.046359658241272,0.9350000619888306,1.5667619705200195
1.0266149044036865,0.9700000286102295,1.0656520128250122
1.0199999809265137,0.9800000190734863,1.0329519510269165
1.0263456106185913,0.9700000286102295,1.2831120491027832
1.0352708101272583,0.9500000476837158,1.3620719909667969
1.0199999809265137,0.9800000190734863,1.1460620164871216
1.0336616039276123,0.9550000429153442,1.4829519987106323
1.0258042812347412,0.9650000333786011,1.2474420070648193
1.0199999809265137,0.9800000190734863,1.0575319528579712
1.0544298887252808,0.9350000619888306,1.316972017288208
1.024999976158142,0.9750000238418579,1.0662519931793213
1.0243598222732544,0.9700000286102295,1.1236519813537598
1.0417793989181519,0.9550000429153442,1.1979420185089111
1.024245262145996,0.9700000286102295,1.1243219375610352
1.024999976158142,0.9750000238418579,1.241331934928894
1.0336235761642456,0.9550000429153442,1.3460019826889038
1.0215246677398682,0.9750000238418579,1.087541937828064
1.0199999809265137,0.9800000190734863,1.0756919384002686
1.0274606943130493,0.9650000333786011,1.1432920694351196
1.034082055091858,0.9600000381469727,1.3400120735168457
1.0493594408035278,0.9150000810623169,1.8899619579315186
1.0199999809265137,0.9800000190734863,1.0375418663024902
1.0283565521240234,0.9600000381469727,1.4671320915222168
1.0319278240203857,0.9600000381469727,1.4249719381332397
1.0268702507019043,0.9550000429153442,1.234652042388916
1.0300860404968262,0.9600000381469727,1.493812084197998
1.0424363613128662,0.9500000476837158,1.3727819919586182
1.0404913425445557,0.9300000071525574,1.949671983718872
1.0313255786895752,0.9500000476837158,2.0334320068359375
1.0383055210113525,0.9350000023841858,2.3784821033477783
1.0275532007217407,0.9600000381469727,1.1130820512771606
1.0341784954071045,0.9600000381469727,1.0414520502090454
1.0350656509399414,0.9500000476837158,1.9607720375061035
1.0350793600082397,0.9550000429153442,1.3096920251846313
1.0225000381469727,0.9750000238418579,1.063551902770996
1.0222673416137695,0.9650000333786011,1.3092421293258667
1.0199999809265137,0.9800000190734863,1.0626920461654663
1.0199999809265137,0.9800000190734863,1.068992018699646
1.0314439535140991,0.9650000333786011,1.1269519329071045
1.031602382659912,0.9550000429153442,1.2895020246505737
1.0272786617279053,0.9700000286102295,1.1171820163726807
1.0257151126861572,0.9700000286102295,1.1999820470809937
1.0261458158493042,0.9650000333786011,1.3103818893432617
1.0330679416656494,0.9550000429153442,1.6692720651626587
1.0419869422912598,0.9450000524520874,1.6315619945526123
1.0289314985275269,0.9550000429153442,1.3759620189666748
1.0199999809265137,0.9800000190734863,1.0689918994903564
1.0401142835617065,0.940000057220459,1.2315219640731812
1.0212563276290894,0.9750000238418579,1.1131221055984497
1.0337473154067993,0.9550000429153442,1.1865620613098145
1.03572678565979,0.9600000381469727,1.18831205368042
1.0199999809265137,0.9800000190734863,1.0929219722747803
1.0379769802093506,0.9500000476837158,1.1404820680618286
1.0367313623428345,0.9550000429153442,1.28737211227417
1.033990740776062,0.9500000476837158,1.618212103843689
1.0229723453521729,0.9700000286102295,1.2179820537567139
1.0330712795257568,0.9600000381469727,1.2290420532226562
1.0219999551773071,0.9750000238418579,1.1204019784927368
1.0295950174331665,0.9600000381469727,1.0912219285964966
1.0199999809265137,0.9800000190734863,1.162642002105713
1.024999976158142,0.9750000238418579,1.0478218793869019
1.0223278999328613,0.9700000286102295,1.133512020111084
1.035903811454773,0.9500000476837158,1.388282060623169
1.0235354900360107,0.9750000238418579,1.06728196144104
1.0426087379455566,0.9550000429153442,1.1619619131088257
1.0336097478866577,0.9500000476837158,1.5867019891738892
1.025931477546692,0.9650000333786011,1.22064208984375
1.02984619140625,0.9650000333786011,1.2002019882202148
1.0274406671524048,0.9600000381469727,1.337951898574829
1.0199999809265137,0.9800000190734863,1.0924919843673706
1.0303773880004883,0.9600000381469727,1.4010119438171387
1.0269542932510376,0.9700000286102295,1.1177819967269897
1.024999976158142,0.9750000238418579,1.1114119291305542
1.0366895198822021,0.9500000476837158,1.1758419275283813
1.0345256328582764,0.9600000381469727,1.1015619039535522
1.0199999809265137,0.9800000190734863,1.0285720825195312
1.037412405014038,0.9550000429153442,1.1022019386291504
1.0331382751464844,0.9500000476837158,1.287432074546814
1.03701651096344,0.9450000524520874,1.7830119132995605
1.0199999809265137,0.9800000190734863,1.1126818656921387
1.0222208499908447,0.9700000286102295,1.3220319747924805
1.043172001838684,0.9450000524520874,1.3874820470809937
1.0245226621627808,0.9750000238418579,1.0325621366500854
1.0221437215805054,0.9750000238418579,1.031332015991211
1.0273569822311401,0.9700000286102295,1.1659119129180908
1.0199999809265137,0.9800000190734863,1.0721518993377686
1.024999976158142,0.9750000238418579,1.1565120220184326
1.0199999809265137,0.9800000190734863,1.05662202835083
1.0199999809265137,0.9800000190734863,1.0370019674301147
1.043444037437439,0.9450000524520874,1.2635619640350342
1.0199999809265137,0.9800000190734863,1.0449620485305786
1.0267510414123535,0.9650000333786011,1.3261620998382568
1.025920033454895,0.9700000286102295,1.0999220609664917
