1.0354737043380737,0.9550000429153442,1.1186120510101318
1.0354737043380737,0.9550000429153442,1.1211620569229126
1.0503356456756592,0.8849999904632568,3.2236320972442627
1.0320017337799072,0.9650000333786011,1.2625420093536377
1.0306593179702759,0.9600000381469727,1.5658420324325562
1.031153678894043,0.9550000429153442,1.182102084159851
1.036550760269165,0.9500000476837158,1.1867619752883911
1.0303244590759277,0.9600000381469727,1.6205620765686035
1.0370763540267944,0.9500000476837158,1.2173420190811157
1.0390491485595703,0.9350000619888306,1.393302083015442
1.0463407039642334,0.940000057220459,1.155392050743103
1.0416454076766968,0.9500000476837158,1.3413718938827515
1.0366454124450684,0.9550000429153442,1.31374192237854
1.0499426126480103,0.9200000762939453,2.048661947250366
1.049068808555603,0.9250000715255737,2.2600719928741455
1.1389366388320923,0.6700000166893005,4.339072227478027
1.0310888290405273,0.9550000429153442,1.6003620624542236
1.0279462337493896,0.9700000286102295,1.1024819612503052
1.0324097871780396,0.9450000524520874,1.5645720958709717
1.024999976158142,0.9750000238418579,1.0479320287704468
1.024999976158142,0.9750000238418579,1.0749720335006714
1.024999976158142,0.9750000238418579,1.0980520248413086
1.0294445753097534,0.9650000333786011,1.177812099456787
1.024999976158142,0.9750000238418579,1.1522319316864014
1.0262531042099,0.9700000286102295,1.2169219255447388
1.0522966384887695,0.8449999690055847,2.4617018699645996
1.0468658208847046,0.9350000619888306,1.598512053489685
1.0431644916534424,0.9350000619888306,1.6659021377563477
1.0298699140548706,0.9550000429153442,2.186892032623291
1.0500842332839966,0.9200000762939453,1.7791820764541626
1.0281412601470947,0.9650000333786011,1.0488319396972656
1.0357507467269897,0.9500000476837158,1.4348419904708862
1.0463576316833496,0.9250000715255737,2.0328421592712402
1.0904754400253296,0.8300000429153442,3.0922322273254395
1.0472300052642822,0.9300000667572021,1.5934621095657349
1.0509172677993774,0.9100000262260437,1.7115020751953125
1.0688644647598267,0.8600000143051147,2.479111909866333
1.0468878746032715,0.9500000476837158,1.2340120077133179
1.0468878746032715,0.9500000476837158,1.2340120077133179
1.0612092018127441,0.8349999785423279,2.774441957473755
1.0474048852920532,0.8700000643730164,2.6525721549987793
1.029028058052063,0.9500000476837158,1.4997020959854126
1.0507631301879883,0.8800000548362732,3.6220619678497314
1.0340237617492676,0.9500000476837158,2.0441319942474365
1.044095754623413,0.9450000524520874,1.1827020645141602
1.1246159076690674,0.7099999785423279,4.146982192993164
1.037749171257019,0.9550000429153442,1.226722002029419
1.0310440063476562,0.9650000333786011,1.0744019746780396
1.0293667316436768,0.9600000381469727,1.2380620241165161
1.0480252504348755,0.9150000810623169,1.7302720546722412
1.024999976158142,0.9750000238418579,1.1310420036315918
1.0278098583221436,0.9650000333786011,1.2616820335388184
1.0590120553970337,0.8550000190734863,2.5483720302581787
1.0447278022766113,0.9350000619888306,1.8319419622421265
1.044801115989685,0.9300000667572021,1.868332028388977
1.0406200885772705,0.9350000619888306,1.4534820318222046
1.0292145013809204,0.9600000381469727,1.1440619230270386
1.0267120599746704,0.9700000286102295,1.131701946258545
1.0396654605865479,0.940000057220459,1.572361946105957
1.024999976158142,0.9750000238418579,1.029721975326538
1.0452111959457397,0.9250000715255737,1.8813320398330688
1.0431838035583496,0.9300000667572021,1.7877719402313232
1.0477627515792847,0.9350000619888306,1.2590218782424927
1.029881477355957,0.9650000333786011,1.2395520210266113
1.0498425960540771,0.9200000762939453,1.8734420537948608
1.0267326831817627,0.9700000286102295,1.1570219993591309
1.0258257389068604,0.9700000286102295,1.1410620212554932
1.0413541793823242,0.9250000715255737,2.213632106781006
1.0269824266433716,0.9550000429153442,1.4350621700286865
1.024999976158142,0.9750000238418579,1.0766819715499878
1.024999976158142,0.9750000238418579,1.0353319644927979
1.024999976158142,0.9750000238418579,1.131182074546814
1.04342520236969,0.9350000619888306,1.290701985359192
1.0522302389144897,0.9300000667572021,1.752372145652771
1.029980182647705,0.9650000333786011,1.119912028312683
1.0268950462341309,0.9650000333786011,1.2233619689941406
1.037175178527832,0.9250000715255737,1.9176419973373413
1.033278465270996,0.9450000524520874,1.3499120473861694
1.0269733667373657,0.9700000286102295,1.1225420236587524
1.0288136005401611,0.9650000333786011,1.2189120054244995
1.0467793941497803,0.9500000476837158,1.1951121091842651
1.024999976158142,0.9750000238418579,1.1443119049072266
1.0228710174560547,0.9700000286102295,1.2039719820022583
1.024999976158142,0.9750000238418579,1.237231969833374
1.044482707977295,0.9200000762939453,2.014672040939331
1.0511279106140137,0.8900001049041748,2.5627822875976562
1.024999976158142,0.9750000238418579,1.1220918893814087
1.0385432243347168,0.9500000476837158,1.2452919483184814
1.024999976158142,0.9750000238418579,1.1421420574188232
1.024999976158142,0.9750000238418579,1.0624120235443115
1.0338168144226074,0.9600000381469727,1.3199820518493652
1.03242027759552,0.9600000381469727,1.4090919494628906
1.024999976158142,0.9750000238418579,1.0825419425964355
1.024999976158142,0.9750000238418579,1.0419520139694214
1.0344069004058838,0.9600000381469727,1.367922067642212
1.042387843132019,0.9550000429153442,1.2181119918823242
1.0199999809265137,0.9800000190734863,1.0655421018600464
1.029258370399475,0.9600000381469727,1.2136820554733276
1.0443272590637207,0.940000057220459,1.2735720872879028
1.024999976158142,0.9750000238418579,1.0449719429016113
1.0461922883987427,0.9200000762939453,1.2831920385360718
1.0441689491271973,0.9350000619888306,1.2684720754623413
1.052160382270813,0.9200000762939453,1.3260118961334229
1.0538041591644287,0.8900001049041748,2.20536208152771
1.038725733757019,0.9550000429153442,1.1551719903945923
1.0428764820098877,0.9000000357627869,2.599222183227539
1.0485479831695557,0.880000114440918,2.7837321758270264
1.0700430870056152,0.880000114440918,2.9660420417785645
1.0370903015136719,0.9550000429153442,1.2592720985412598
1.0353446006774902,0.9450000524520874,1.780791997909546
1.0266363620758057,0.9700000286102295,1.230992078781128
1.0295226573944092,0.9700000286102295,1.0629220008850098
1.0266894102096558,0.9550000429153442,1.3958319425582886
1.040845274925232,0.940000057220459,1.2854820489883423
1.029350996017456,0.9600000381469727,1.1483720541000366
1.0289371013641357,0.9650000333786011,1.167781949043274
1.0323625802993774,0.9500000476837158,1.4796820878982544
1.0653879642486572,0.9250000715255737,1.336501955986023
1.067150354385376,0.9250000715255737,1.3130419254302979
1.024999976158142,0.9750000238418579,1.069901943206787
1.0337135791778564,0.9550000429153442,1.686792016029358
1.0407533645629883,0.9300000667572021,1.5470620393753052
1.052465796470642,0.9050000309944153,1.5567220449447632
1.0336283445358276,0.9600000381469727,1.2404719591140747
1.07822585105896,0.8550000190734863,1.8735120296478271
1.0455282926559448,0.9250000715255737,1.6311520338058472
1.0258005857467651,0.9700000286102295,1.2446720600128174
1.0613099336624146,0.9200000762939453,2.4583919048309326
1.0664024353027344,0.9100000858306885,2.5392518043518066
1.024999976158142,0.9750000238418579,1.1261919736862183
1.0296498537063599,0.9600000381469727,1.1726720333099365
1.0504467487335205,0.9200000762939453,1.9251320362091064
1.0445622205734253,0.9300000667572021,1.9593820571899414
1.073681116104126,0.8550000786781311,2.296541929244995
1.0394268035888672,0.9350000619888306,1.2447818517684937
1.040381908416748,0.9350000619888306,1.569491982460022
1.0617038011550903,0.8850001096725464,2.2193920612335205
1.0325515270233154,0.9550000429153442,1.488322138786316
1.0465165376663208,0.9200000762939453,1.9427120685577393
1.0677884817123413,0.9300000667572021,1.2838020324707031
1.073422908782959,0.9250000715255737,1.2803720235824585
1.024999976158142,0.9750000238418579,1.1187721490859985
1.0308470726013184,0.9500000476837158,1.6794219017028809
1.0236634016036987,0.9700000286102295,1.1903120279312134
1.0528018474578857,0.9150000810623169,1.549481987953186
1.0362898111343384,0.9350000619888306,2.1690120697021484
1.0365334749221802,0.9350000619888306,2.0291919708251953
1.0314527750015259,0.9650000333786011,1.1269019842147827
1.0393626689910889,0.9100000858306885,1.9178920984268188
1.0264517068862915,0.9700000286102295,1.4075820446014404
1.042637586593628,0.9500000476837158,1.333601951599121
1.028460144996643,0.9600000381469727,2.127511978149414
1.024999976158142,0.9750000238418579,1.075071930885315
1.024999976158142,0.9750000238418579,1.189371943473816
1.0449016094207764,0.9350000619888306,1.6010019779205322
1.0311111211776733,0.9600000381469727,1.413341999053955
1.03339684009552,0.9650000333786011,1.166011929512024
1.0261309146881104,0.9700000286102295,1.1978518962860107
1.0451147556304932,0.9350000619888306,1.5146820545196533
1.0521023273468018,0.9250000715255737,1.4664419889450073
1.069666862487793,0.9100000858306885,1.6067019701004028
1.0696024894714355,0.8950001001358032,1.8174220323562622
1.0538815259933472,0.9250000715255737,1.398692011833191
1.0457990169525146,0.940000057220459,1.3911219835281372
1.0435128211975098,0.940000057220459,1.4819120168685913
1.0636850595474243,0.9000000953674316,1.8138620853424072
1.0622963905334473,0.9100000262260437,2.128931999206543
1.066823959350586,0.9000000953674316,1.953861951828003
1.032165765762329,0.9500000476837158,1.380511999130249
1.0452519655227661,0.9200000762939453,1.8090319633483887
1.02237868309021,0.9700000286102295,1.2505520582199097
1.024999976158142,0.9750000238418579,1.0978920459747314
1.0266697406768799,0.9700000286102295,1.220661997795105
1.0298489332199097,0.9650000333786011,1.1774920225143433
1.031793475151062,0.9600000381469727,1.274902105331421
1.0479143857955933,0.9150000810623169,1.3945120573043823
1.0387989282608032,0.9450000524520874,1.295262098312378
1.056777834892273,0.9200000762939453,1.315261960029602
1.0685622692108154,0.9000000953674316,1.3452619314193726
1.0199999809265137,0.9800000190734863,1.0608220100402832
1.0346505641937256,0.9500000476837158,1.7827221155166626
1.024999976158142,0.9750000238418579,1.054002046585083
1.029215931892395,0.9600000381469727,1.3720120191574097
1.0359936952590942,0.9450000524520874,1.359902024269104
1.0411983728408813,0.940000057220459,1.6621720790863037
1.0436772108078003,0.9150000810623169,1.8204220533370972
1.036287784576416,0.9550000429153442,1.311561942100525
1.0259044170379639,0.9650000333786011,1.5967119932174683
1.0450044870376587,0.9300000667572021,1.3323919773101807
1.0478665828704834,0.9150000810623169,1.9281120300292969
1.0258679389953613,0.9700000286102295,1.1463119983673096
1.0596736669540405,0.8800000548362732,2.6047818660736084
1.0288760662078857,0.9650000333786011,1.2885419130325317
1.0495251417160034,0.8950001001358032,2.408792018890381
1.0270150899887085,0.9700000286102295,1.235611915588379
1.024999976158142,0.9750000238418579,1.1057419776916504
1.0621082782745361,0.8899999856948853,2.566041946411133
1.027007818222046,0.9650000333786011,1.1907119750976562
1.0586470365524292,0.9300000667572021,1.5247520208358765
1.0582396984100342,0.9300000667572021,1.529062032699585
1.048531174659729,0.9350000619888306,1.5745121240615845
1.0427016019821167,0.9200000762939453,1.515921950340271
1.0504000186920166,0.9050000905990601,1.8882120847702026
1.0658859014511108,0.8850001096725464,1.8462820053100586
1.032742977142334,0.9550000429153442,1.2124320268630981
1.0272271633148193,0.9700000286102295,1.2366119623184204
1.029183030128479,0.9600000381469727,1.4859118461608887
1.021463394165039,0.9750000238418579,1.0947120189666748
1.024999976158142,0.9750000238418579,1.056272029876709
1.0817010402679443,0.8650000691413879,3.3187320232391357
1.0581684112548828,0.9250000715255737,2.442121982574463
1.0246224403381348,0.9700000286102295,1.1269420385360718
1.0504854917526245,0.9250000715255737,1.5431619882583618
1.0393667221069336,0.9500000476837158,1.155832052230835
1.031561255455017,0.9550000429153442,1.5424721240997314
1.0779073238372803,0.8550000190734863,1.728652000427246
1.0265743732452393,0.9600000381469727,1.5299019813537598
1.0270395278930664,0.9600000381469727,1.2949520349502563
1.041164755821228,0.9200000762939453,1.5851320028305054
1.0234191417694092,0.9700000286102295,1.5697720050811768
1.0331554412841797,0.9500000476837158,1.736881971359253
1.0308021306991577,0.9600000381469727,1.3971320390701294
1.0320899486541748,0.9600000381469727,1.1730719804763794
1.041216254234314,0.9350000619888306,1.6311919689178467
1.05581796169281,0.9000000953674316,1.9594920873641968
1.0391756296157837,0.9450000524520874,1.2550420761108398
1.037402868270874,0.9350000619888306,1.653272032737732
1.0302261114120483,0.9650000333786011,1.1112319231033325
1.0304291248321533,0.9550000429153442,1.118142008781433
1.0405205488204956,0.9350000619888306,1.4355720281600952
1.0326155424118042,0.9500000476837158,1.5174919366836548
1.024999976158142,0.9750000238418579,1.087772011756897
1.0509073734283447,0.9300000667572021,1.5968718528747559
1.0451828241348267,0.9350000619888306,1.5304619073867798
1.043366551399231,0.940000057220459,1.6190019845962524
1.0371477603912354,0.940000057220459,1.5636619329452515
1.046684741973877,0.9100000858306885,2.815462112426758
1.031996726989746,0.9650000333786011,1.1368221044540405
1.0370657444000244,0.9500000476837158,1.29967200756073
1.0492171049118042,0.9200000762939453,1.5193419456481934
1.0444434881210327,0.9350000619888306,1.8809220790863037
1.0331261157989502,0.9550000429153442,1.3147720098495483
1.0297619104385376,0.9650000333786011,1.3807820081710815
1.0247340202331543,0.9700000286102295,1.5282520055770874
1.0304977893829346,0.9650000333786011,1.1700220108032227
1.026584267616272,0.9700000286102295,1.1014318466186523
1.050199031829834,0.9300000667572021,1.496392011642456
1.055981993675232,0.9050000905990601,1.6615419387817383
1.0413991212844849,0.940000057220459,1.1995419263839722
1.038671612739563,0.9450000524520874,1.3543620109558105
1.0238131284713745,0.9600000381469727,1.217681884765625
1.0349329710006714,0.9550000429153442,1.0919018983840942
1.0575120449066162,0.8750000596046448,2.5381619930267334
1.0328123569488525,0.9600000381469727,1.2159019708633423
1.0443452596664429,0.9300000667572021,1.2251620292663574
1.0414319038391113,0.940000057220459,1.4907419681549072
1.0418176651000977,0.925000011920929,2.0366017818450928
1.0426087379455566,0.9550000429153442,1.166361927986145
1.0526752471923828,0.9200000762939453,1.4404820203781128
1.0266565084457397,0.9700000286102295,1.1093220710754395
1.0433903932571411,0.9350000619888306,1.49071204662323
1.0282469987869263,0.9600000381469727,1.2969719171524048
1.0199999809265137,0.9800000190734863,1.2253221273422241
1.0494831800460815,0.9300000667572021,1.6975820064544678
1.0443012714385986,0.9200000762939453,1.7481919527053833
1.0432732105255127,0.9550000429153442,1.283642053604126
1.0287688970565796,0.9700000286102295,1.0941020250320435
1.029881238937378,0.9650000333786011,1.122182011604309
1.024999976158142,0.9750000238418579,1.1076620817184448
1.044350266456604,0.940000057220459,1.1956919431686401
1.0293517112731934,0.9600000381469727,1.4633320569992065
1.0497806072235107,0.9100000262260437,2.090301990509033
1.037892460823059,0.9500000476837158,1.190071940422058
1.0664540529251099,0.8449999690055847,2.557382106781006
1.0320464372634888,0.9600000381469727,1.1510920524597168
1.024999976158142,0.9750000238418579,1.038341999053955
1.0271350145339966,0.9700000286102295,1.1633319854736328
1.029870629310608,0.9650000333786011,1.1103321313858032
1.0391771793365479,0.9150000810623169,2.1701018810272217
1.0713181495666504,0.8400000333786011,2.672882080078125
1.027097463607788,0.9650000333786011,1.4342620372772217
1.0273807048797607,0.9650000333786011,1.3153020143508911
1.0246790647506714,0.9650000333786011,1.3085520267486572
1.0624157190322876,0.8950001001358032,1.5785620212554932
1.0457412004470825,0.940000057220459,1.5962519645690918
1.024999976158142,0.9750000238418579,1.1343519687652588
1.0199999809265137,0.9800000190734863,1.0884519815444946
1.0624524354934692,0.8700000643730164,1.7617219686508179
1.0312626361846924,0.9550000429153442,1.2144020795822144
1.0309367179870605,0.9600000381469727,1.4969520568847656
1.0447338819503784,0.9300000071525574,1.743522047996521
1.0546232461929321,0.9200000762939453,2.307002067565918
1.0617077350616455,0.9000000953674316,2.156022071838379
1.0661486387252808,0.8800000548362732,2.678741931915283
1.0264291763305664,0.9700000286102295,1.1170519590377808
1.03709876537323,0.9450000524520874,1.4086719751358032
1.0280823707580566,0.9550000429153442,1.6408120393753052
1.0283825397491455,0.9650000333786011,1.1898618936538696
1.0419654846191406,0.9350000619888306,2.017752170562744
1.075797200202942,0.8399999737739563,3.258441925048828
1.0600048303604126,0.9050000905990601,1.8524720668792725
1.0527948141098022,0.9000000953674316,2.0112321376800537
1.0273569822311401,0.9700000286102295,1.323612093925476
1.039049744606018,0.9500000476837158,1.352012038230896
1.044680118560791,0.9300000667572021,1.9506421089172363
1.0328505039215088,0.9600000381469727,1.2475119829177856
1.0433809757232666,0.9350000619888306,1.6190520524978638
1.0346866846084595,0.9450000524520874,1.4914219379425049
1.0602807998657227,0.9000000953674316,2.0037221908569336
1.0414453744888306,0.9450000524520874,1.4392520189285278
1.0510128736495972,0.9250000715255737,1.6369919776916504
1.0508984327316284,0.9150000810623169,1.6768220663070679
1.0548778772354126,0.8900001049041748,1.9914021492004395
1.0446027517318726,0.9350000619888306,1.5862120389938354
1.0384669303894043,0.9500000476837158,1.2916220426559448
1.0413376092910767,0.9350000619888306,2.3915019035339355
1.024999976158142,0.9750000238418579,1.0821020603179932
1.0554797649383545,0.9000000357627869,2.6212921142578125
1.038385272026062,0.9500000476837158,1.521021842956543
1.0230618715286255,0.9750000238418579,1.0737520456314087
1.0437829494476318,0.940000057220459,1.6334419250488281
1.0308672189712524,0.9550000429153442,1.67398202419281
1.0293523073196411,0.9650000333786011,1.1865519285202026
1.033501386642456,0.940000057220459,1.620042085647583
1.0346717834472656,0.9500000476837158,1.3272919654846191
1.0285416841506958,0.9650000333786011,1.4214919805526733
1.0303572416305542,0.9600000381469727,1.252642035484314
1.0347565412521362,0.940000057220459,1.9785120487213135
1.0299253463745117,0.9650000333786011,1.2357220649719238
1.0484298467636108,0.9450000524520874,1.1812920570373535
1.024999976158142,0.9750000238418579,1.0519919395446777
1.024999976158142,0.9750000238418579,1.132952094078064
1.0283234119415283,0.9650000333786011,1.1374119520187378
1.0674803256988525,0.9300000667572021,1.2803720235824585
1.029536247253418,0.9700000286102295,1.0798419713974
1.0263335704803467,0.9700000286102295,1.5226620435714722
1.029536247253418,0.9700000286102295,1.1780821084976196
1.0458909273147583,0.925000011920929,2.0387821197509766
1.0199999809265137,0.9800000190734863,1.0605919361114502
1.0265971422195435,0.9700000286102295,1.1689720153808594
1.027503252029419,0.9700000286102295,1.3211020231246948
1.024999976158142,0.9750000238418579,1.0381020307540894
1.0281903743743896,0.9650000333786011,1.2623519897460938
1.0408565998077393,0.9500000476837158,1.3257519006729126
1.024999976158142,0.9750000238418579,1.178731918334961
1.0308711528778076,0.9600000381469727,1.2961219549179077
1.0368225574493408,0.940000057220459,1.6274620294570923
1.0363872051239014,0.9450000524520874,1.4387720823287964
1.0484950542449951,0.9100000858306885,1.7256320714950562
1.045066475868225,0.9350000619888306,1.2906420230865479
1.0247184038162231,0.9700000286102295,1.1471519470214844
1.0291461944580078,0.9500000476837158,1.790362000465393
1.04451584815979,0.9350000619888306,1.550252079963684
1.0364843606948853,0.9450000524520874,1.421881914138794
1.024999976158142,0.9750000238418579,1.0767520666122437
1.0331497192382812,0.9650000333786011,1.1475120782852173
1.0199999809265137,0.9800000190734863,1.0473819971084595
1.0604053735733032,0.8850000500679016,2.3679919242858887
1.024999976158142,0.9750000238418579,1.0753920078277588
1.0334482192993164,0.9500000476837158,1.172521948814392
1.0399181842803955,0.940000057220459,1.219011902809143
1.0351171493530273,0.9550000429153442,1.1284420490264893
1.0199999809265137,0.9800000190734863,1.0639618635177612
1.028328537940979,0.9650000333786011,1.1483420133590698
1.0449516773223877,0.9200000762939453,2.883862257003784
1.024999976158142,0.9750000238418579,1.0523021221160889
1.024999976158142,0.9750000238418579,1.0547319650650024
1.064156413078308,0.8950001001358032,2.8387320041656494
1.0498685836791992,0.9500000476837158,1.2408020496368408
1.0498685836791992,0.9500000476837158,1.2408020496368408
1.0496593713760376,0.9150000810623169,1.5041520595550537
1.0414220094680786,0.9450000524520874,1.1640219688415527
1.0271114110946655,0.9650000333786011,1.1573721170425415
1.0300878286361694,0.9600000381469727,1.2557519674301147
1.0400233268737793,0.9250000715255737,1.6678818464279175
1.035323143005371,0.9600000381469727,1.339181900024414
1.024999976158142,0.9750000238418579,1.0567420721054077
1.0437943935394287,0.940000057220459,1.5223720073699951
1.0259761810302734,0.9700000286102295,1.1869419813156128
1.039867877960205,0.940000057220459,1.6807819604873657
1.0406378507614136,0.9450000524520874,1.1645818948745728
1.0463590621948242,0.9300000667572021,1.4272119998931885
1.0292742252349854,0.9600000381469727,1.3399620056152344
1.0199999809265137,0.9800000190734863,1.2366620302200317
1.0389517545700073,0.9450000524520874,2.1136322021484375
1.0372458696365356,0.9450000524520874,1.347511887550354
1.0269951820373535,0.9700000286102295,1.5332520008087158
1.0548709630966187,0.9150000810623169,2.595021963119507
1.0419580936431885,0.9150000810623169,2.228302001953125
1.0359258651733398,0.9450000524520874,1.4923919439315796
1.0418976545333862,0.9450000524520874,1.1957019567489624
1.039945125579834,0.9450000524520874,1.4452420473098755
1.0617061853408813,0.9000000357627869,2.002811908721924
1.0365283489227295,0.9450000524520874,1.6943119764328003
1.024999976158142,0.9750000238418579,1.0599520206451416
1.0285073518753052,0.9650000333786011,1.1605920791625977
1.031643271446228,0.9600000381469727,1.123661994934082
1.0382732152938843,0.9600000381469727,1.2963719367980957
1.0303773880004883,0.9550000429153442,1.5069820880889893
1.0396013259887695,0.9450000524520874,1.339892029762268
1.0425077676773071,0.9350000619888306,1.3744521141052246
1.0199999809265137,0.9800000190734863,1.193552017211914
1.0292675495147705,0.9650000333786011,1.3445719480514526
1.024999976158142,0.9750000238418579,1.1298319101333618
1.0264906883239746,0.9700000286102295,1.1682219505310059
1.0199999809265137,0.9800000190734863,1.050191879272461
1.0355453491210938,0.9600000381469727,1.2310819625854492
1.053918480873108,0.9250000715255737,1.539281964302063
1.033279299736023,0.9600000381469727,1.0864920616149902
1.0199999809265137,0.9800000190734863,1.0329519510269165
1.0263456106185913,0.9700000286102295,1.2753220796585083
1.038987159729004,0.940000057220459,1.3571819067001343
1.024999976158142,0.9750000238418579,1.136322021484375
1.0369688272476196,0.9500000476837158,1.4699320793151855
1.0308042764663696,0.9600000381469727,1.2401620149612427
1.024999976158142,0.9750000238418579,1.0649619102478027
1.061964750289917,0.9250000715255737,1.3124419450759888
1.024999976158142,0.9750000238418579,1.0646120309829712
1.0293598175048828,0.9650000333786011,1.1196420192718506
1.0467793941497803,0.9500000476837158,1.1951121091842651
1.0318137407302856,0.9600000381469727,1.1682219505310059
1.0199999809265137,0.9800000190734863,1.243311882019043
1.0412216186523438,0.9450000524520874,1.3350520133972168
1.0265246629714966,0.9700000286102295,1.096181869506836
1.027860403060913,0.9700000286102295,1.0723320245742798
1.0370557308197021,0.9500000476837158,1.2235021591186523
1.0390820503234863,0.9550000429153442,1.3345320224761963
1.0493594408035278,0.9150000810623169,1.8899619579315186
1.024999976158142,0.9750000238418579,1.0375618934631348
1.0333565473556519,0.9550000429153442,1.4083421230316162
1.0369278192520142,0.9550000429153442,1.4056819677352905
1.0333375930786133,0.9450000524520874,1.2746020555496216
1.0367904901504517,0.9500000476837158,1.4578520059585571
1.0391030311584473,0.9500000476837158,1.3777719736099243
1.0477501153945923,0.9200000166893005,2.0146920680999756
1.0330151319503784,0.9450000524520874,2.0521819591522217
1.0477150678634644,0.925000011920929,2.3590619564056396
1.0375638008117676,0.9450000524520874,1.1387020349502563
1.0341784954071045,0.9600000381469727,1.0414520502090454
1.0459625720977783,0.9350000619888306,1.9564019441604614
1.0350793600082397,0.9550000429153442,1.365112066268921
1.0293011665344238,0.9650000333786011,1.178161859512329
1.027267336845398,0.9600000381469727,1.3016120195388794
1.024999976158142,0.9750000238418579,1.0634820461273193
1.024999976158142,0.9750000238418579,1.0879119634628296
1.0264439582824707,0.9700000286102295,1.1270519495010376
1.0366023778915405,0.9500000476837158,1.2773020267486572
1.0272786617279053,0.9700000286102295,1.1161320209503174
1.0307151079177856,0.9650000333786011,1.188602089881897
1.0291413068771362,0.9650000333786011,1.2982919216156006
1.0427463054656982,0.940000057220459,1.6275020837783813
1.0464218854904175,0.9350000619888306,1.5843119621276855
1.0339314937591553,0.9500000476837158,1.3684419393539429
1.024999976158142,0.9750000238418579,1.0710018873214722
1.0401142835617065,0.940000057220459,1.2315219640731812
1.0262563228607178,0.9700000286102295,1.1054620742797852
1.0427335500717163,0.9450000524520874,1.20415198802948
1.045538067817688,0.9500000476837158,1.1812920570373535
1.024999976158142,0.9750000238418579,1.085461974143982
1.0379769802093506,0.9500000476837158,1.1404820680618286
1.0443849563598633,0.9450000524520874,1.2677620649337769
1.0389907360076904,0.9450000524520874,1.5613820552825928
1.0299732685089111,0.9550000429153442,1.210502028465271
1.0380712747573853,0.9550000429153442,1.215391993522644
1.0284554958343506,0.9650000333786011,1.176401972770691
1.027594804763794,0.9650000333786011,1.1499419212341309
1.0283968448638916,0.9700000286102295,1.1572519540786743
1.0283029079437256,0.9700000286102295,1.0919818878173828
1.0273278951644897,0.9650000333786011,1.1450519561767578
1.0385223627090454,0.940000057220459,1.399772047996521
1.0235354900360107,0.9750000238418579,1.06728196144104
1.047608733177185,0.9500000476837158,1.1844819784164429
1.043899416923523,0.9350000619888306,1.554042100906372
1.0309314727783203,0.9600000381469727,1.2158020734786987
1.0248461961746216,0.9700000286102295,1.2013620138168335
1.0307139158248901,0.9550000429153442,1.3371719121932983
1.024999976158142,0.9750000238418579,1.0933018922805786
1.0353773832321167,0.9550000429153442,1.3914018869400024
1.0269542932510376,0.9700000286102295,1.1173820495605469
1.024999976158142,0.9750000238418579,1.1052318811416626
1.0416895151138306,0.9450000524520874,1.1713019609451294
1.0424124002456665,0.9500000476837158,1.0976719856262207
1.024999976158142,0.9750000238418579,1.0281420946121216
1.0424124002456665,0.9500000476837158,1.0976719856262207
1.0381382703781128,0.9450000524520874,1.3194420337677002
1.0356831550598145,0.9500000476837158,1.7292119264602661
1.024999976158142,0.9750000238418579,1.111901879310608
1.0272208452224731,0.9650000333786011,1.3059420585632324
1.040307641029358,0.9450000524520874,1.3730219602584839
1.0295226573944092,0.9700000286102295,1.048802137374878
1.0271437168121338,0.9700000286102295,1.0303319692611694
1.0273569822311401,0.9700000286102295,1.1614619493484497
1.024999976158142,0.9750000238418579,1.0739719867706299
1.024999976158142,0.9750000238418579,1.1518419981002808
1.024999976158142,0.9750000238418579,1.054692029953003
1.024999976158142,0.9750000238418579,1.0390019416809082
1.0525470972061157,0.9350000619888306,1.254531979560852
1.028626561164856,0.9700000286102295,1.068892002105713
1.0324740409851074,0.9550000429153442,1.2944320440292358
1.0372250080108643,0.9550000429153442,1.0940520763397217
