1.0729999542236328,0.9920001029968262,1.128000259399414
1.084999918937683,0.9940000772476196,1.1280001401901245
1.222000002861023,0.9960000514984131,1.1279995441436768
1.121000051498413,0.9920001029968262,1.1280001401901245
1.031000018119812,0.9960000514984131,1.1279999017715454
1.0740001201629639,0.9960000514984131,1.1280001401901245
1.068000078201294,0.9960000514984131,1.1279999017715454
1.1290000677108765,0.9920000433921814,1.1280001401901245
1.3819999694824219,0.9890000820159912,1.1280001401901245
1.102000117301941,0.9950000643730164,1.1279996633529663
1.4490001201629639,0.9900000691413879,1.128000020980835
1.255000114440918,0.9910000562667847,1.128000020980835
1.2470000982284546,0.9920001029968262,1.128000020980835
1.0509999990463257,0.9960000514984131,1.1279997825622559
1.066999912261963,0.9950000643730164,1.1279996633529663
1.1120001077651978,0.9900000095367432,1.1280001401901245
1.0430001020431519,0.9960000514984131,1.1279997825622559
1.0380001068115234,0.9960000514984131,1.128000259399414
1.0759999752044678,0.9960000514984131,1.1279999017715454
1.0609999895095825,0.9950000643730164,1.128000020980835
1.065999984741211,0.9950000643730164,1.1280001401901245
1.0549999475479126,0.9960000514984131,1.128000020980835
1.0499998331069946,0.9960000514984131,1.128000020980835
1.0459998846054077,0.9960000514984131,1.128000259399414
1.0540000200271606,0.9920000433921814,1.1279999017715454
1.027999997138977,0.9950000643730164,1.1279999017715454
1.0419999361038208,0.9920001029968262,1.128000020980835
1.0509999990463257,0.9950000643730164,1.128000020980835
1.027000069618225,0.9960000514984131,1.1279997825622559
1.0460000038146973,0.9920001029968262,1.1279997825622559
1.0260000228881836,0.9960000514984131,1.1279997825622559
1.027000069618225,0.9960000514984131,1.1279997825622559
