229
437
205
180
187
394
70
343
15
325
317
302
33
114
308
464
322
45
274
207
408
350
312
260
497
307
59
262
481
221
208
468
178
69
486
362
83
346
411
470
498
157
185
191
209
106
356
265
148
380
123
24
172
60
369
499
7
341
400
152
145
46
79
289
337
84
214
38
402
399
263
71
340
438
155
13
235
126
133
137
28
49
146
418
125
266
415
82
448
279
286
242
32
134
472
144
261
429
439
457
366
441
294
52
430
129
275
5
477
68
212
288
404
492
423
63
111
237
11
306
189
21
143
179
219
298
370
243
309
449
327
251
197
138
253
410
451
365
334
67
271
58
36
203
124
17
471
91
30
151
474
147
47
135
490
428
75
259
116
225
122
78
200
257
338
94
300
303
169
233
363
467
267
252
241
18
473
9
311
392
73
230
190
177
268
127
153
389
342
273
236
131
150
376
51
160
175
164
319
453
336
359
407
414
238
162
290
445
443
149
487
61
405
349
119
494
86
163
248
409
12
240
10
435
328
202
250
161
31
141
57
170
105
132
482
299
255
388
460
335
446
173
339
34
345
272
491
77
90
420
