1.0354737043380737,0.9550000429153442,1.1191920042037964
1.0354737043380737,0.9550000429153442,1.1213020086288452
1.050184965133667,0.8849999904632568,3.233572006225586
1.0320017337799072,0.9650000333786011,1.265671968460083
1.0306593179702759,0.9600000381469727,1.5661020278930664
1.0361558198928833,0.9500000476837158,1.187372088432312
1.036550760269165,0.9500000476837158,1.1878420114517212
1.0303244590759277,0.9600000381469727,1.623412013053894
1.0366511344909668,0.9500000476837158,1.2172919511795044
1.0437339544296265,0.9300000667572021,1.3964320421218872
1.0463407039642334,0.940000057220459,1.155392050743103
1.040087342262268,0.9500000476837158,1.3227119445800781
1.040087342262268,0.9500000476837158,1.3227119445800781
1.0491814613342285,0.9200000762939453,1.9388220310211182
1.048119068145752,0.9200000762939453,2.142781972885132
1.1350435018539429,0.6700000166893005,4.26613187789917
1.0309908390045166,0.9550000429153442,1.5918320417404175
1.0279462337493896,0.9700000286102295,1.1026419401168823
1.0342265367507935,0.940000057220459,1.5628420114517212
1.024999976158142,0.9750000238418579,1.0414819717407227
1.024999976158142,0.9750000238418579,1.070072054862976
1.024999976158142,0.9750000238418579,1.0984621047973633
1.0294445753097534,0.9650000333786011,1.1758620738983154
1.024999976158142,0.9750000238418579,1.1529018878936768
1.0262531042099,0.9700000286102295,1.217061996459961
1.0524364709854126,0.8399999737739563,2.4559519290924072
1.0468658208847046,0.9350000619888306,1.5988619327545166
1.042661190032959,0.9350000619888306,1.662282109260559
1.0297319889068604,0.9550000429153442,2.1221821308135986
1.047483205795288,0.9200000762939453,1.784142017364502
1.0282416343688965,0.9650000333786011,1.1509019136428833
1.0358920097351074,0.9500000476837158,1.4301120042800903
1.0449342727661133,0.9250000715255737,2.0202322006225586
1.0898330211639404,0.824999988079071,2.997962236404419
1.0473078489303589,0.9300000667572021,1.5912320613861084
1.053748369216919,0.9050000309944153,1.7039620876312256
1.0689266920089722,0.8550000190734863,2.4434218406677246
1.0460246801376343,0.9500000476837158,1.2344820499420166
1.0460246801376343,0.9500000476837158,1.2344820499420166
1.0616811513900757,0.8299999833106995,2.75167179107666
1.0505110025405884,0.8650000095367432,2.642632246017456
1.0340073108673096,0.9450000524520874,1.4971920251846313
1.04910147190094,0.8800000548362732,3.643091917037964
1.0340237617492676,0.9500000476837158,2.0455920696258545
1.0439532995224,0.9450000524520874,1.1815720796585083
1.1208285093307495,0.7099999785423279,4.0838422775268555
1.0412272214889526,0.9500000476837158,1.2190120220184326
1.0310606956481934,0.9650000333786011,1.074671983718872
1.029425024986267,0.9600000381469727,1.2375221252441406
1.046924352645874,0.9150000810623169,1.7035620212554932
1.024999976158142,0.9750000238418579,1.131261944770813
1.0278098583221436,0.9650000333786011,1.2618120908737183
1.0659054517745972,0.8450000286102295,2.5271921157836914
1.0447278022766113,0.9350000619888306,1.8342219591140747
1.044801115989685,0.9300000667572021,1.871101975440979
1.040199637413025,0.9350000619888306,1.4561420679092407
1.0292145013809204,0.9600000381469727,1.1449519395828247
1.0267120599746704,0.9700000286102295,1.1299220323562622
1.0396654605865479,0.940000057220459,1.574341893196106
1.024999976158142,0.9750000238418579,1.0277318954467773
1.0450832843780518,0.9250000715255737,1.884472131729126
1.0474332571029663,0.9250000715255737,1.7823419570922852
1.046850323677063,0.9350000619888306,1.261441946029663
1.029881477355957,0.9650000333786011,1.2404019832611084
1.0493996143341064,0.9200000762939453,1.8785420656204224
1.0267326831817627,0.9700000286102295,1.152851939201355
1.0258257389068604,0.9700000286102295,1.139631986618042
1.0412585735321045,0.9250000715255737,2.1785221099853516
1.0317317247390747,0.9500000476837158,1.4501421451568604
1.024999976158142,0.9750000238418579,1.077131986618042
1.024999976158142,0.9750000238418579,1.0346019268035889
1.024999976158142,0.9750000238418579,1.1316020488739014
1.04262375831604,0.9350000619888306,1.3375120162963867
1.0521972179412842,0.9300000667572021,1.7493020296096802
1.0298789739608765,0.9650000333786011,1.1432820558547974
1.0268950462341309,0.9650000333786011,1.2233619689941406
1.038037657737732,0.9200000762939453,1.8973619937896729
1.0382877588272095,0.940000057220459,1.3501920700073242
1.0269733667373657,0.9700000286102295,1.122521996498108
1.0288136005401611,0.9650000333786011,1.2035919427871704
1.0464085340499878,0.9500000476837158,1.1950620412826538
1.024999976158142,0.9750000238418579,1.146351933479309
1.027871012687683,0.9650000333786011,1.2028820514678955
1.024999976158142,0.9750000238418579,1.2388819456100464
1.0441975593566895,0.9200000762939453,2.0161819458007812
1.0579506158828735,0.8750001192092896,2.539842367172241
1.024999976158142,0.9750000238418579,1.1218719482421875
1.0385432243347168,0.9500000476837158,1.2451019287109375
1.024999976158142,0.9750000238418579,1.1434320211410522
1.024999976158142,0.9750000238418579,1.0603721141815186
1.0382094383239746,0.9550000429153442,1.3155220746994019
1.03242027759552,0.9600000381469727,1.4098420143127441
1.024999976158142,0.9750000238418579,1.0821419954299927
1.024999976158142,0.9750000238418579,1.0418320894241333
1.0440360307693481,0.9500000476837158,1.3666620254516602
1.0420169830322266,0.9550000429153442,1.2168519496917725
1.024999976158142,0.9750000238418579,1.071052074432373
1.0291551351547241,0.9600000381469727,1.2243520021438599
1.0431716442108154,0.940000057220459,1.2594020366668701
1.024999976158142,0.9750000238418579,1.0449320077896118
1.0459703207015991,0.9200000762939453,1.2854020595550537
1.0442172288894653,0.9350000619888306,1.2613120079040527
1.0531500577926636,0.9150000810623169,1.3117718696594238
1.0528043508529663,0.8900001049041748,2.172002077102661
1.0419989824295044,0.9500000476837158,1.15175199508667
1.043099284172058,0.9000000357627869,2.6119720935821533
1.0522691011428833,0.8700001239776611,2.7399322986602783
1.0711736679077148,0.8750001192092896,2.9444220066070557
1.0371545553207397,0.9550000429153442,1.2576420307159424
1.0353541374206543,0.9450000524520874,1.7732319831848145
1.028159499168396,0.9650000333786011,1.2298320531845093
1.0295226573944092,0.9700000286102295,1.0631420612335205
1.0317306518554688,0.9500000476837158,1.3995020389556885
1.0399640798568726,0.940000057220459,1.2690919637680054
1.029350996017456,0.9600000381469727,1.147621989250183
1.029097557067871,0.9650000333786011,1.1594719886779785
1.0363208055496216,0.9450000524520874,1.4736720323562622
1.0680545568466187,0.9200000762939453,1.3147119283676147
1.0676031112670898,0.9200000762939453,1.3147119283676147
1.024999976158142,0.9750000238418579,1.0693819522857666
1.0369184017181396,0.9500000476837158,1.6522220373153687
1.0428075790405273,0.9200000762939453,1.5428420305252075
1.0521395206451416,0.9050000309944153,1.5551420450210571
1.0324920415878296,0.9600000381469727,1.2441319227218628
1.0776808261871338,0.8550000190734863,1.907122015953064
1.0449180603027344,0.9250000715255737,1.6183619499206543
1.0258005857467651,0.9700000286102295,1.2499920129776
1.059266209602356,0.9200000762939453,2.3834619522094727
1.0652347803115845,0.9100000858306885,2.4643218517303467
1.024999976158142,0.9750000238418579,1.126471996307373
1.0299757719039917,0.9600000381469727,1.160871982574463
1.0504467487335205,0.9200000762939453,1.9297620058059692
1.0445622205734253,0.9300000667572021,1.9665621519088745
1.0768648386001587,0.8500000834465027,2.2859818935394287
1.039335012435913,0.9350000619888306,1.2373019456863403
1.040381908416748,0.9350000619888306,1.5751019716262817
1.065584659576416,0.8800000548362732,2.229962110519409
1.0324541330337524,0.9550000429153442,1.44306218624115
1.0468236207962036,0.9150000810623169,1.897812008857727
1.071207046508789,0.9250000715255737,1.279892086982727
1.0719573497772217,0.9250000715255737,1.279892086982727
1.024999976158142,0.9750000238418579,1.115192174911499
1.0308470726013184,0.9500000476837158,1.6803419589996338
1.0286369323730469,0.9650000333786011,1.1864619255065918
1.0540145635604858,0.9100000858306885,1.5489619970321655
1.0377191305160522,0.9300000667572021,2.144282102584839
1.036508321762085,0.9350000619888306,2.0073418617248535
1.0307503938674927,0.9650000333786011,1.1229020357131958
1.0384085178375244,0.9100000858306885,1.917802095413208
1.0274547338485718,0.9650000333786011,1.398292064666748
1.0420302152633667,0.9500000476837158,1.3322919607162476
1.0293117761611938,0.9550000429153442,2.133932113647461
1.024999976158142,0.9750000238418579,1.0744118690490723
1.024999976158142,0.9750000238418579,1.18887197971344
1.0449016094207764,0.9350000619888306,1.6017820835113525
1.0306199789047241,0.9600000381469727,1.4123520851135254
1.0332274436950684,0.9650000333786011,1.1654620170593262
1.0261309146881104,0.9700000286102295,1.1975018978118896
1.0501147508621216,0.9300000667572021,1.513862133026123
1.0521023273468018,0.9250000715255737,1.4663219451904297
1.0687347650527954,0.9100000858306885,1.5935620069503784
1.067986011505127,0.8950001001358032,1.8251820802688599
1.0536364316940308,0.9250000715255737,1.396191954612732
1.0459001064300537,0.940000057220459,1.3908718824386597
1.0428953170776367,0.940000057220459,1.4836219549179077
1.065641164779663,0.8950001001358032,1.7985919713974
1.065271258354187,0.9050000309944153,2.135822057723999
1.0655437707901,0.9000000953674316,1.9603019952774048
1.0318306684494019,0.9500000476837158,1.3349519968032837
1.0490620136260986,0.9150000810623169,1.8983219861984253
1.0273786783218384,0.9650000333786011,1.249292016029358
1.024999976158142,0.9750000238418579,1.0981820821762085
1.0266697406768799,0.9700000286102295,1.2206519842147827
1.0298489332199097,0.9650000333786011,1.1653120517730713
1.031793475151062,0.9600000381469727,1.2772620916366577
1.0527294874191284,0.9100000858306885,1.3908120393753052
1.0387989282608032,0.9450000524520874,1.2944320440292358
1.0596063137054443,0.9150000810623169,1.3172520399093628
1.0668797492980957,0.9000000953674316,1.3443119525909424
1.024999976158142,0.9750000238418579,1.0595719814300537
1.0346505641937256,0.9500000476837158,1.7829121351242065
1.024999976158142,0.9750000238418579,1.054192066192627
1.0287656784057617,0.9600000381469727,1.3590120077133179
1.0359936952590942,0.9450000524520874,1.3623720407485962
1.0407078266143799,0.940000057220459,1.6647220849990845
1.0436882972717285,0.9150000810623169,1.8236420154571533
1.036287784576416,0.9550000429153442,1.311561942100525
1.0309044122695923,0.9600000381469727,1.596351981163025
1.0436137914657593,0.9300000667572021,1.333981990814209
1.0473754405975342,0.9150000810623169,1.9322620630264282
1.026402235031128,0.9650000333786011,1.3028619289398193
1.061081886291504,0.8750000596046448,2.611231803894043
1.0288760662078857,0.9650000333786011,1.2848819494247437
1.0486904382705688,0.8950001001358032,2.431842088699341
1.0270150899887085,0.9700000286102295,1.2339919805526733
1.024999976158142,0.9750000238418579,1.1066319942474365
1.062237024307251,0.8899999856948853,2.565932035446167
1.0317363739013672,0.9600000381469727,1.2089719772338867
1.0575759410858154,0.9300000667572021,1.5257920026779175
1.0585978031158447,0.9250000715255737,1.5259519815444946
1.0535311698913574,0.9300000667572021,1.5743720531463623
1.0411733388900757,0.9200000762939453,1.5166720151901245
1.0530303716659546,0.9000000953674316,1.8705620765686035
1.0660070180892944,0.8850001096725464,1.8507620096206665
1.032382607460022,0.9550000429153442,1.211732029914856
1.0272271633148193,0.9700000286102295,1.238651990890503
1.029183030128479,0.9600000381469727,1.4853918552398682
1.0264633893966675,0.9700000286102295,1.092142105102539
1.024999976158142,0.9750000238418579,1.0528820753097534
1.0808128118515015,0.8600000739097595,3.3420121669769287
1.056133508682251,0.9250000715255737,2.463181972503662
1.0296224355697632,0.9650000333786011,1.1242620944976807
1.0521838665008545,0.9200000762939453,1.529621958732605
1.0389219522476196,0.9500000476837158,1.1541420221328735
1.031561255455017,0.9550000429153442,1.5469621419906616
1.0772144794464111,0.8550000190734863,1.7318319082260132
1.0315743684768677,0.9550000429153442,1.5288519859313965
1.0315172672271729,0.9550000429153442,1.2967320680618286
1.0461647510528564,0.9150000810623169,1.5756720304489136
1.0284191370010376,0.9650000333786011,1.559432029724121
1.0328798294067383,0.9500000476837158,1.7419719696044922
1.0301964282989502,0.9600000381469727,1.370352029800415
1.0370899438858032,0.9550000429153442,1.1683319807052612
1.040447473526001,0.9350000619888306,1.6306120157241821
1.0531617403030396,0.9000000953674316,1.9738121032714844
1.038663387298584,0.9450000524520874,1.2475820779800415
1.0369123220443726,0.9350000619888306,1.6565821170806885
1.0302261114120483,0.9650000333786011,1.1108119487762451
1.0351842641830444,0.9500000476837158,1.1451220512390137
1.0408852100372314,0.9300000667572021,1.3934919834136963
1.0326155424118042,0.9500000476837158,1.5168018341064453
1.024999976158142,0.9750000238418579,1.0871520042419434
1.0509073734283447,0.9300000667572021,1.5977119207382202
1.0475414991378784,0.9300000667572021,1.5192519426345825
1.0431904792785645,0.940000057220459,1.6276419162750244
1.0369269847869873,0.940000057220459,1.560581922531128
1.046119213104248,0.9100000858306885,2.801462173461914
1.0312104225158691,0.9650000333786011,1.131842017173767
1.038293719291687,0.9450000524520874,1.2910820245742798
1.0465930700302124,0.9200000762939453,1.5246719121932983
1.044299840927124,0.9350000619888306,1.8555220365524292
1.032941222190857,0.9550000429153442,1.3164520263671875
1.0311576128005981,0.9600000381469727,1.3861820697784424
1.032434344291687,0.9600000381469727,1.5279020071029663
1.0304977893829346,0.9650000333786011,1.169242024421692
1.0260000228881836,0.9700000286102295,1.09801185131073
1.050199031829834,0.9300000667572021,1.4983919858932495
1.057680368423462,0.9000000953674316,1.660591959953308
1.039068579673767,0.940000057220459,1.1890519857406616
1.0376447439193726,0.9450000524520874,1.3427419662475586
1.0276401042938232,0.9550000429153442,1.2128819227218628
1.0349329710006714,0.9550000429153442,1.0892419815063477
1.0581996440887451,0.8700000643730164,2.5403518676757812
1.0330746173858643,0.9600000381469727,1.2164219617843628
1.0435751676559448,0.9300000667572021,1.225682020187378
1.040847659111023,0.940000057220459,1.4913619756698608
1.0416847467422485,0.925000011920929,2.0425219535827637
1.0474988222122192,0.9500000476837158,1.1835319995880127
1.0518124103546143,0.9200000762939453,1.4436619281768799
1.0263510942459106,0.9700000286102295,1.1002520322799683
1.0425420999526978,0.9350000619888306,1.4906319379806519
1.0332469940185547,0.9550000429153442,1.297481894493103
1.024999976158142,0.9750000238418579,1.216502070426941
1.0494831800460815,0.9300000667572021,1.6981019973754883
1.0435190200805664,0.9200000762939453,1.744931936264038
1.0426967144012451,0.9550000429153442,1.2861320972442627
1.0287688970565796,0.9700000286102295,1.0930119752883911
1.029881238937378,0.9650000333786011,1.1219819784164429
1.024999976158142,0.9750000238418579,1.1074720621109009
1.0441597700119019,0.940000057220459,1.1899620294570923
1.0287628173828125,0.9600000381469727,1.470852017402649
1.0545381307601929,0.9050000309944153,2.0904619693756104
1.037892460823059,0.9500000476837158,1.190011978149414
1.0661486387252808,0.8449999690055847,2.5633320808410645
1.0320464372634888,0.9600000381469727,1.1509820222854614
1.024999976158142,0.9750000238418579,1.03849196434021
1.0271350145339966,0.9700000286102295,1.16336190700531
1.0285465717315674,0.9650000333786011,1.1189920902252197
1.0391771793365479,0.9150000810623169,2.1702818870544434
1.0694056749343872,0.8400000333786011,2.69966197013855
1.027097463607788,0.9650000333786011,1.4289220571517944
1.0273807048797607,0.9650000333786011,1.3149820566177368
1.0298746824264526,0.9600000381469727,1.291972041130066
1.0623630285263062,0.8950001001358032,1.580482006072998
1.049274206161499,0.9350000619888306,1.5604519844055176
1.024999976158142,0.9750000238418579,1.1353719234466553
1.024999976158142,0.9750000238418579,1.0903120040893555
1.0608949661254883,0.8700000643730164,1.7593719959259033
1.0311880111694336,0.9550000429153442,1.199842095375061
1.0326192378997803,0.9500000476837158,1.4096120595932007
1.0440086126327515,0.9300000071525574,1.7533220052719116
1.0546503067016602,0.9200000762939453,2.3094921112060547
1.0615113973617554,0.9000000953674316,2.1580421924591064
1.065009355545044,0.8800000548362732,2.6384220123291016
1.0264291763305664,0.9700000286102295,1.1183520555496216
1.0366572141647339,0.9450000524520874,1.409242033958435
1.0277981758117676,0.9550000429153442,1.6329320669174194
1.0264464616775513,0.9650000333786011,1.177381992340088
1.0419654846191406,0.9350000619888306,2.0186920166015625
1.073449969291687,0.8349999189376831,3.2377519607543945
1.061355471611023,0.9000000953674316,1.842851996421814
1.0541743040084839,0.8950001001358032,2.010561943054199
1.0273569822311401,0.9700000286102295,1.3257420063018799
1.0361964702606201,0.9500000476837158,1.3422319889068604
1.044680118560791,0.9300000667572021,1.9525620937347412
1.0328505039215088,0.9600000381469727,1.248412013053894
1.0445053577423096,0.9300000667572021,1.6121721267700195
1.0343819856643677,0.9450000524520874,1.4900119304656982
1.0599442720413208,0.9000000953674316,2.0047221183776855
1.0433143377304077,0.940000057220459,1.4386919736862183
1.050748586654663,0.9250000715255737,1.6348520517349243
1.0507285594940186,0.9150000810623169,1.6880420446395874
1.0545843839645386,0.8900001049041748,1.9939020872116089
1.044639229774475,0.9350000619888306,1.5951521396636963
1.0375789403915405,0.9500000476837158,1.2787621021270752
1.0460076332092285,0.9300000667572021,2.3672618865966797
1.024999976158142,0.9750000238418579,1.0817919969558716
1.0552664995193481,0.9000000357627869,2.632672071456909
1.0371917486190796,0.9500000476837158,1.501181960105896
1.028078556060791,0.9700000286102295,1.0747720003128052
1.042398452758789,0.940000057220459,1.6420419216156006
1.0308672189712524,0.9550000429153442,1.674921989440918
1.0343523025512695,0.9600000381469727,1.1849619150161743
1.032885193824768,0.940000057220459,1.6211521625518799
1.0341366529464722,0.9500000476837158,1.309891939163208
1.0285416841506958,0.9650000333786011,1.427422046661377
1.0303572416305542,0.9600000381469727,1.252392053604126
1.034897804260254,0.940000057220459,1.9792020320892334
1.0299253463745117,0.9650000333786011,1.2412420511245728
1.0445665121078491,0.9450000524520874,1.1809320449829102
1.024999976158142,0.9750000238418579,1.0519719123840332
1.024999976158142,0.9750000238418579,1.1327720880508423
1.0283234119415283,0.9650000333786011,1.1320619583129883
1.0706140995025635,0.9250000715255737,1.279892086982727
1.0292164087295532,0.9700000286102295,1.070881962776184
1.0263335704803467,0.9700000286102295,1.5232720375061035
1.0292164087295532,0.9700000286102295,1.172882080078125
1.0454776287078857,0.925000011920929,2.0404720306396484
1.024999976158142,0.9750000238418579,1.0676219463348389
1.0265971422195435,0.9700000286102295,1.169442057609558
1.027503252029419,0.9700000286102295,1.3211920261383057
1.024999976158142,0.9750000238418579,1.0378719568252563
1.0281903743743896,0.9650000333786011,1.26242196559906
1.0408291816711426,0.9500000476837158,1.3420519828796387
1.024999976158142,0.9750000238418579,1.1766120195388794
1.0308711528778076,0.9600000381469727,1.29557204246521
1.0365941524505615,0.940000057220459,1.6281019449234009
1.038144588470459,0.940000057220459,1.4531021118164062
1.048355221748352,0.9100000858306885,1.7330820560455322
1.0423085689544678,0.9350000619888306,1.2737619876861572
1.029297947883606,0.9650000333786011,1.1574920415878296
1.0341461896896362,0.9450000524520874,1.7679619789123535
1.046270489692688,0.9300000667572021,1.5497320890426636
1.0410434007644653,0.940000057220459,1.4133719205856323
1.024999976158142,0.9750000238418579,1.0770519971847534
1.0331497192382812,0.9650000333786011,1.14804208278656
1.024999976158142,0.9750000238418579,1.053731918334961
1.064203143119812,0.8800000548362732,2.3605618476867676
1.0270100831985474,0.9700000286102295,1.1041820049285889
1.0354053974151611,0.940000057220459,1.2159019708633423
1.039534330368042,0.940000057220459,1.2174118757247925
1.036034345626831,0.9500000476837158,1.119711995124817
1.024999976158142,0.9750000238418579,1.0683718919754028
1.0271377563476562,0.9650000333786011,1.123002052307129
1.051771879196167,0.9100000858306885,2.8594422340393066
1.024999976158142,0.9750000238418579,1.052172064781189
1.024999976158142,0.9750000238418579,1.0544819831848145
1.0649563074111938,0.8900001049041748,2.7198219299316406
1.049509882926941,0.9500000476837158,1.236441969871521
1.049509882926941,0.9500000476837158,1.236441969871521
1.0496593713760376,0.9150000810623169,1.5042920112609863
1.0403244495391846,0.9450000524520874,1.1616419553756714
1.032111406326294,0.9600000381469727,1.1581320762634277
1.0331429243087769,0.9550000429153442,1.248002052307129
1.0405408143997192,0.9200000762939453,1.6683118343353271
1.0392588376998901,0.9550000429153442,1.3368018865585327
1.024999976158142,0.9750000238418579,1.056712031364441
1.0437942743301392,0.940000057220459,1.5203620195388794
1.0259761810302734,0.9700000286102295,1.1871620416641235
1.0449401140213013,0.9350000619888306,1.6588020324707031
1.0395402908325195,0.9450000524520874,1.165321946144104
1.0500982999801636,0.9250000715255737,1.4112520217895508
1.0292742252349854,0.9600000381469727,1.3395419120788574
1.024999976158142,0.9750000238418579,1.2200220823287964
1.0381659269332886,0.9450000524520874,2.104222059249878
1.035208821296692,0.940000057220459,1.341891884803772
1.0269951820373535,0.9700000286102295,1.5335919857025146
1.053403377532959,0.9150000810623169,2.6206021308898926
1.0427935123443604,0.9100000858306885,2.2150819301605225
1.036781668663025,0.940000057220459,1.466181993484497
1.0403558015823364,0.9450000524520874,1.1765819787979126
1.039945125579834,0.9450000524520874,1.4530420303344727
1.0606181621551514,0.9000000357627869,2.006211996078491
1.0365394353866577,0.9450000524520874,1.699552059173584
1.024999976158142,0.9750000238418579,1.059912085533142
1.0283302068710327,0.9650000333786011,1.1519620418548584
1.0310181379318237,0.9600000381469727,1.1213819980621338
1.0426967144012451,0.9550000429153442,1.2884420156478882
1.03273606300354,0.9500000476837158,1.502682089805603
1.0387563705444336,0.940000057220459,1.3063820600509644
1.0425077676773071,0.9350000619888306,1.3749520778656006
1.024999976158142,0.9750000238418579,1.218972086906433
1.0292675495147705,0.9650000333786011,1.3442720174789429
1.024999976158142,0.9750000238418579,1.130181908607483
1.0264906883239746,0.9700000286102295,1.1661418676376343
1.024999976158142,0.9750000238418579,1.0508918762207031
1.0355453491210938,0.9600000381469727,1.2319419384002686
1.053114891052246,0.9250000715255737,1.5407320261001587
1.0332705974578857,0.9600000381469727,1.0831420421600342
1.024999976158142,0.9750000238418579,1.0366319417953491
1.0263456106185913,0.9700000286102295,1.2766920328140259
1.0380910634994507,0.940000057220459,1.3565919399261475
1.024999976158142,0.9750000238418579,1.1373920440673828
1.041243553161621,0.9450000524520874,1.4696420431137085
1.0308042764663696,0.9600000381469727,1.240541934967041
1.024999976158142,0.9750000238418579,1.0615519285202026
1.0608621835708618,0.9250000715255737,1.3023020029067993
1.024999976158142,0.9750000238418579,1.0637620687484741
1.0289283990859985,0.9650000333786011,1.1192219257354736
1.0464085340499878,0.9500000476837158,1.1950620412826538
1.0304521322250366,0.9600000381469727,1.1377819776535034
1.024999976158142,0.9750000238418579,1.237441897392273
1.0404869318008423,0.9450000524520874,1.3359819650650024
1.0294269323349,0.9650000333786011,1.0942518711090088
1.027500033378601,0.9700000286102295,1.0721919536590576
1.0363478660583496,0.9500000476837158,1.2112921476364136
1.0408366918563843,0.9500000476837158,1.321432113647461
1.0543594360351562,0.9100000858306885,1.886531949043274
1.024999976158142,0.9750000238418579,1.037471890449524
1.03331458568573,0.9500000476837158,1.4023820161819458
1.0369278192520142,0.9550000429153442,1.4076019525527954
1.0322176218032837,0.9450000524520874,1.2557320594787598
1.035657525062561,0.9500000476837158,1.463192105293274
1.0442041158676147,0.9450000524520874,1.377531886100769
1.0476765632629395,0.9200000166893005,2.000041961669922
1.0378931760787964,0.940000057220459,1.983862042427063
1.0465787649154663,0.925000011920929,2.3646419048309326
1.0371408462524414,0.9450000524520874,1.1338319778442383
1.0341784954071045,0.9600000381469727,1.041551947593689
1.0432250499725342,0.9350000619888306,1.956652045249939
1.0400919914245605,0.9500000476837158,1.3665519952774048
1.0292046070098877,0.9650000333786011,1.1704919338226318
1.027267336845398,0.9600000381469727,1.3022420406341553
1.024999976158142,0.9750000238418579,1.0629520416259766
1.024999976158142,0.9750000238418579,1.087522029876709
1.0314439535140991,0.9650000333786011,1.1292119026184082
1.03627610206604,0.9500000476837158,1.2761820554733276
1.0272786617279053,0.9700000286102295,1.1162821054458618
1.0307151079177856,0.9650000333786011,1.188202142715454
1.031036615371704,0.9600000381469727,1.2919819355010986
1.0419158935546875,0.940000057220459,1.6297121047973633
1.0532644987106323,0.9250000715255737,1.5798419713974
1.0339314937591553,0.9500000476837158,1.3698220252990723
1.024999976158142,0.9750000238418579,1.0707318782806396
1.045114278793335,0.9350000619888306,1.228201985359192
1.0262563228607178,0.9700000286102295,1.1056420803070068
1.0425430536270142,0.9450000524520874,1.1984220743179321
1.0448092222213745,0.9450000524520874,1.1809320449829102
1.024999976158142,0.9750000238418579,1.0855519771575928
1.042976975440979,0.9450000524520874,1.137882113456726
1.0469450950622559,0.940000057220459,1.2668720483779907
1.0405409336090088,0.940000057220459,1.5698120594024658
1.0298004150390625,0.9550000429153442,1.2016520500183105
1.0380712747573853,0.9550000429153442,1.2217320203781128
1.0277026891708374,0.9650000333786011,1.1584420204162598
1.0291666984558105,0.9600000381469727,1.1367119550704956
1.02822744846344,0.9700000286102295,1.156682014465332
1.0280429124832153,0.9700000286102295,1.0866018533706665
1.0267914533615112,0.9650000333786011,1.1554620265960693
1.038487195968628,0.940000057220459,1.3847620487213135
1.0285354852676392,0.9700000286102295,1.065891981124878
1.0474988222122192,0.9500000476837158,1.1835319995880127
1.0424015522003174,0.9350000619888306,1.558832049369812
1.0309314727783203,0.9600000381469727,1.2158820629119873
1.02984619140625,0.9650000333786011,1.1978920698165894
1.0359761714935303,0.9500000476837158,1.3352419137954712
1.024999976158142,0.9750000238418579,1.0929418802261353
1.0353773832321167,0.9550000429153442,1.3920120000839233
1.0269542932510376,0.9700000286102295,1.1168619394302368
1.024999976158142,0.9750000238418579,1.105691909790039
1.0416895151138306,0.9450000524520874,1.1720819473266602
1.0418826341629028,0.9500000476837158,1.0989019870758057
1.024999976158142,0.9750000238418579,1.0281320810317993
1.0418826341629028,0.9500000476837158,1.0989019870758057
1.0413801670074463,0.940000057220459,1.312522053718567
1.0372718572616577,0.940000057220459,1.7420819997787476
1.024999976158142,0.9750000238418579,1.1119319200515747
1.0272831916809082,0.9650000333786011,1.2857420444488525
1.045245885848999,0.940000057220459,1.3711320161819458
1.032720685005188,0.9650000333786011,1.0474621057510376
1.0271437168121338,0.9700000286102295,1.0311219692230225
1.0286198854446411,0.9650000333786011,1.1498219966888428
1.024999976158142,0.9750000238418579,1.0717918872833252
1.024999976158142,0.9750000238418579,1.1510319709777832
1.024999976158142,0.9750000238418579,1.0525020360946655
1.024999976158142,0.9750000238418579,1.0387219190597534
1.0518509149551392,0.9350000619888306,1.2551920413970947
1.0270100831985474,0.9700000286102295,1.05731201171875
1.031901478767395,0.9550000429153442,1.2923320531845093
1.0366226434707642,0.9550000429153442,1.0976320505142212
