246
135
145
344
48
232
167
14
255
454
121
326
12
102
52
64
380
492
78
72
220
498
179
372
190
38
282
261
473
467
432
273
108
399
478
91
429
433
343
366
341
138
401
462
381
345
409
318
384
51
304
77
201
73
423
424
283
139
303
389
458
316
20
130
499
185
338
446
238
227
314
160
464
495
342
175
192
11
329
71
195
274
460
406
264
367
331
67
383
100
396
116
368
222
17
44
109
333
22
126
162
482
362
61
194
210
373
32
408
70
438
427
252
176
156
250
236
239
457
188
15
417
402
249
258
223
95
28
18
365
268
31
110
320
297
203
123
260
92
86
377
416
74
248
63
410
75
170
80
83
