1.0354737043380737,0.9550000429153442,1.1215519905090332
1.0354737043380737,0.9550000429153442,1.1220020055770874
1.0490849018096924,0.8849999904632568,3.308091878890991
1.0320017337799072,0.9650000333786011,1.2663919925689697
1.0306593179702759,0.9600000381469727,1.57039213180542
1.0342291593551636,0.9500000476837158,1.1748220920562744
1.036550760269165,0.9500000476837158,1.1888020038604736
1.0303244590759277,0.9600000381469727,1.638132095336914
1.0364903211593628,0.9500000476837158,1.229282021522522
1.0405197143554688,0.9300000667572021,1.3893920183181763
1.0463407039642334,0.940000057220459,1.1556919813156128
1.0397053956985474,0.9500000476837158,1.329901933670044
1.0397053956985474,0.9500000476837158,1.329901933670044
1.0474810600280762,0.9200000762939453,1.6752920150756836
1.0445131063461304,0.9200000762939453,1.7955420017242432
1.1202788352966309,0.6700000166893005,4.33209228515625
1.028579831123352,0.9550000429153442,1.6365619897842407
1.0279462337493896,0.9700000286102295,1.1069920063018799
1.0314253568649292,0.940000057220459,1.5826420783996582
1.024999976158142,0.9750000238418579,1.0376219749450684
1.024999976158142,0.9750000238418579,1.059372067451477
1.024999976158142,0.9750000238418579,1.1022320985794067
1.0294445753097534,0.9650000333786011,1.1951020956039429
1.024999976158142,0.9750000238418579,1.1556819677352905
1.0262531042099,0.9700000286102295,1.2165319919586182
1.0517621040344238,0.8399999737739563,2.5654420852661133
1.0468658208847046,0.9350000619888306,1.6014219522476196
1.040168285369873,0.9350000619888306,1.7143020629882812
1.0294921398162842,0.9550000429153442,2.1814520359039307
1.0464462041854858,0.9200000762939453,1.8165720701217651
1.0271437168121338,0.9650000333786011,1.0529719591140747
1.0351239442825317,0.9500000476837158,1.4252020120620728
1.0432522296905518,0.9250000715255737,2.0580921173095703
1.0846285820007324,0.824999988079071,2.926392078399658
1.0444767475128174,0.9300000667572021,1.6138120889663696
1.0509172677993774,0.9050000309944153,1.7265421152114868
1.064318060874939,0.8550000190734863,2.4507219791412354
1.0447190999984741,0.9500000476837158,1.2447320222854614
1.0447190999984741,0.9500000476837158,1.2447320222854614
1.0567259788513184,0.8299999833106995,2.9049017429351807
1.0482350587844849,0.8650000095367432,2.8157522678375244
1.033445119857788,0.9450000524520874,1.5203320980072021
1.05130136013031,0.8800000548362732,3.834131956100464
1.0340237617492676,0.9500000476837158,2.063041925430298
1.0406800508499146,0.9450000524520874,1.19008207321167
1.1078104972839355,0.7099999785423279,4.099452495574951
1.037749171257019,0.9500000476837158,1.2057020664215088
1.0279821157455444,0.9650000333786011,1.0749520063400269
1.0279723405838013,0.9600000381469727,1.2580920457839966
1.046147108078003,0.9150000810623169,1.7103720903396606
1.024999976158142,0.9750000238418579,1.135282039642334
1.0278098583221436,0.9650000333786011,1.264422059059143
1.0635193586349487,0.8450000286102295,2.6116721630096436
1.0447278022766113,0.9350000619888306,1.8433419466018677
1.0398011207580566,0.9300000667572021,1.874101996421814
1.0385128259658813,0.9350000619888306,1.481052041053772
1.0292145013809204,0.9600000381469727,1.1544519662857056
1.0267120599746704,0.9700000286102295,1.125372052192688
1.0396654605865479,0.940000057220459,1.5893419981002808
1.024999976158142,0.9750000238418579,1.0263919830322266
1.0438880920410156,0.9250000715255737,1.89463210105896
1.0444695949554443,0.9250000715255737,1.8412219285964966
1.0403835773468018,0.9350000619888306,1.2632919549942017
1.029881477355957,0.9650000333786011,1.2478320598602295
1.044990062713623,0.9200000762939453,1.8939321041107178
1.0267326831817627,0.9700000286102295,1.1636919975280762
1.0258257389068604,0.9700000286102295,1.1221719980239868
1.0408951044082642,0.9250000715255737,2.193711996078491
1.0310089588165283,0.9500000476837158,1.4003921747207642
1.024999976158142,0.9750000238418579,1.0778720378875732
1.024999976158142,0.9750000238418579,1.0331718921661377
1.024999976158142,0.9750000238418579,1.1328520774841309
1.0413050651550293,0.9350000619888306,1.2900919914245605
1.0502830743789673,0.9300000667572021,1.758052110671997
1.027138590812683,0.9650000333786011,1.1126819849014282
1.0268950462341309,0.9650000333786011,1.2305519580841064
1.0358012914657593,0.9200000762939453,1.9488520622253418
1.035945177078247,0.940000057220459,1.3649520874023438
1.0219733715057373,0.9700000286102295,1.1185719966888428
1.0288136005401611,0.9650000333786011,1.2170720100402832
1.0417793989181519,0.9500000476837158,1.198322057723999
1.0199999809265137,0.9750000238418579,1.148331880569458
1.027871012687683,0.9650000333786011,1.2037320137023926
1.024999976158142,0.9750000238418579,1.247641921043396
1.0410569906234741,0.9200000762939453,2.0733420848846436
1.0540635585784912,0.8750001192092896,2.6699023246765137
1.024999976158142,0.9750000238418579,1.1264119148254395
1.0385432243347168,0.9500000476837158,1.2543519735336304
1.024999976158142,0.9750000238418579,1.1543420553207397
1.024999976158142,0.9750000238418579,1.058102011680603
1.0384130477905273,0.9550000429153442,1.3469120264053345
1.03242027759552,0.9600000381469727,1.4154019355773926
1.024999976158142,0.9750000238418579,1.0857419967651367
1.024999976158142,0.9750000238418579,1.0402220487594604
1.0394068956375122,0.9500000476837158,1.3700920343399048
1.0373878479003906,0.9550000429153442,1.220281958580017
1.024999976158142,0.9750000238418579,1.0652720928192139
1.0270986557006836,0.9600000381469727,1.2069519758224487
1.0423641204833984,0.940000057220459,1.2417221069335938
1.024999976158142,0.9750000238418579,1.0449719429016113
1.0448012351989746,0.9200000762939453,1.2880620956420898
1.0431727170944214,0.9350000619888306,1.260282039642334
1.0499812364578247,0.9150000810623169,1.2868919372558594
1.0477344989776611,0.8900001049041748,2.222141981124878
1.038725733757019,0.9500000476837158,1.1602619886398315
1.0414260625839233,0.9000000357627869,2.691392183303833
1.0525456666946411,0.8700001239776611,2.8697121143341064
1.0623630285263062,0.8750001192092896,2.549351930618286
1.0356000661849976,0.9550000429153442,1.2676820755004883
1.0300493240356445,0.9450000524520874,1.463852047920227
1.0266363620758057,0.9650000333786011,1.2475920915603638
1.0295226573944092,0.9700000286102295,1.0650019645690918
1.0301604270935059,0.9500000476837158,1.3822020292282104
1.0371214151382446,0.940000057220459,1.2600820064544678
1.029350996017456,0.9600000381469727,1.1494519710540771
1.0274745225906372,0.9650000333786011,1.1436020135879517
1.0345466136932373,0.9450000524520874,1.5151420831680298
1.0621591806411743,0.9200000762939453,1.3112620115280151
1.0603482723236084,0.9200000762939453,1.3112620115280151
1.024999976158142,0.9750000238418579,1.0649019479751587
1.0309609174728394,0.9500000476837158,1.6873821020126343
1.0391299724578857,0.9200000762939453,1.6055020093917847
1.050424575805664,0.9050000309944153,1.5579620599746704
1.0292187929153442,0.9600000381469727,1.2544019222259521
1.062562346458435,0.8550000190734863,1.8896020650863647
1.0436331033706665,0.9250000715255737,1.6310219764709473
1.0258005857467651,0.9700000286102295,1.25258207321167
1.055983304977417,0.9200000762939453,2.250472068786621
1.0633922815322876,0.9100000858306885,2.331331968307495
1.024999976158142,0.9750000238418579,1.1283119916915894
1.0281068086624146,0.9600000381469727,1.1599119901657104
1.0504467487335205,0.9200000762939453,1.9396120309829712
1.0445622205734253,0.9300000667572021,1.980092167854309
1.0726516246795654,0.8500000834465027,2.327481985092163
1.0366960763931274,0.9350000619888306,1.2487119436264038
1.040381908416748,0.9350000619888306,1.579092025756836
1.0566407442092896,0.8800000548362732,2.2717320919036865
1.0316787958145142,0.9550000429153442,1.4100421667099
1.044328212738037,0.9150000810623169,1.7435120344161987
1.0672606229782104,0.9250000715255737,1.2811120748519897
1.0681589841842651,0.9250000715255737,1.2811120748519897
1.024999976158142,0.9750000238418579,1.1184221506118774
1.0308470726013184,0.9500000476837158,1.7167218923568726
1.0277655124664307,0.9650000333786011,1.1972219944000244
1.0528018474578857,0.9100000858306885,1.5571619272232056
1.036489486694336,0.9300000667572021,1.9906319379806519
1.0360286235809326,0.9350000619888306,2.054971933364868
1.0288203954696655,0.9650000333786011,1.131392002105713
1.0364201068878174,0.9100000858306885,1.993622064590454
1.0267212390899658,0.9650000333786011,1.3235620260238647
1.0422338247299194,0.9500000476837158,1.3636819124221802
1.028460144996643,0.9550000429153442,2.1765921115875244
1.024999976158142,0.9750000238418579,1.0716519355773926
1.024999976158142,0.9750000238418579,1.2020119428634644
1.0449016094207764,0.9350000619888306,1.6269919872283936
1.028727412223816,0.9600000381469727,1.4150620698928833
1.031581163406372,0.9650000333786011,1.1744219064712524
1.0261309146881104,0.9700000286102295,1.193261981010437
1.0501147508621216,0.9300000667572021,1.5146020650863647
1.0521023273468018,0.9250000715255737,1.471221923828125
1.0644066333770752,0.9100000858306885,1.621392011642456
1.0686975717544556,0.8950001001358032,1.8446420431137085
1.052976369857788,0.9250000715255737,1.4268620014190674
1.0441323518753052,0.940000057220459,1.3862719535827637
1.0417239665985107,0.940000057220459,1.511572003364563
1.0642343759536743,0.8950001001358032,1.8469120264053345
1.0613998174667358,0.9050000309944153,2.1729021072387695
1.0610660314559937,0.9000000953674316,1.9911119937896729
1.0310182571411133,0.9500000476837158,1.302362084388733
1.0466657876968384,0.9150000810623169,1.7143020629882812
1.0273786783218384,0.9650000333786011,1.2503520250320435
1.024999976158142,0.9750000238418579,1.101631999015808
1.0216697454452515,0.9700000286102295,1.2225719690322876
1.0298489332199097,0.9650000333786011,1.1435920000076294
1.031793475151062,0.9600000381469727,1.2844220399856567
1.0513575077056885,0.9100000858306885,1.4137020111083984
1.0387989282608032,0.9450000524520874,1.3018420934677124
1.056777834892273,0.9150000810623169,1.3272520303726196
1.063567042350769,0.9000000953674316,1.3641319274902344
1.024999976158142,0.9750000238418579,1.0605319738388062
1.0346505641937256,0.9500000476837158,1.7917420864105225
1.024999976158142,0.9750000238418579,1.0545819997787476
1.027109146118164,0.9600000381469727,1.3392220735549927
1.0359936952590942,0.9450000524520874,1.3636419773101807
1.0399019718170166,0.940000057220459,1.6883020401000977
1.0429378747940063,0.9150000810623169,1.8707621097564697
1.036287784576416,0.9550000429153442,1.3161718845367432
1.0309044122695923,0.9600000381469727,1.596701979637146
1.0403212308883667,0.9300000667572021,1.342702031135559
1.045482873916626,0.9150000810623169,1.944952130317688
1.0256482362747192,0.9650000333786011,1.117751955986023
1.058081865310669,0.8750000596046448,2.7217319011688232
1.0288760662078857,0.9650000333786011,1.2773419618606567
1.0473647117614746,0.8950001001358032,2.5058419704437256
1.0270150899887085,0.9700000286102295,1.2348819971084595
1.024999976158142,0.9750000238418579,1.1117819547653198
1.0558689832687378,0.8899999856948853,2.6300621032714844
1.0305347442626953,0.9600000381469727,1.159761905670166
1.0551005601882935,0.9300000667572021,1.5349619388580322
1.0546932220458984,0.9250000715255737,1.5348119735717773
1.048531174659729,0.9300000667572021,1.5745121240615845
1.03695547580719,0.9200000762939453,1.5756919384002686
1.0530821084976196,0.9000000953674316,1.9334220886230469
1.0628641843795776,0.8850001096725464,1.8884520530700684
1.029882550239563,0.9550000429153442,1.195162057876587
1.0272271633148193,0.9700000286102295,1.2416019439697266
1.029183030128479,0.9600000381469727,1.5039918422698975
1.0264633893966675,0.9700000286102295,1.0946720838546753
1.024999976158142,0.9750000238418579,1.0431920289993286
1.0730538368225098,0.8600000739097595,3.567241907119751
1.0516401529312134,0.9250000715255737,2.600682020187378
1.0296224355697632,0.9650000333786011,1.1262019872665405
1.045485496520996,0.9200000762939453,1.54544198513031
1.0360934734344482,0.9500000476837158,1.1584820747375488
1.031561255455017,0.9550000429153442,1.5574721097946167
1.0731691122055054,0.8550000190734863,1.7547019720077515
1.0315743684768677,0.9550000429153442,1.5298919677734375
1.029221773147583,0.9550000429153442,1.325692057609558
1.0461647510528564,0.9150000810623169,1.5848020315170288
1.0284191370010376,0.9650000333786011,1.568071961402893
1.0325007438659668,0.9500000476837158,1.782931923866272
1.0282926559448242,0.9600000381469727,1.3193320035934448
1.0370899438858032,0.9550000429153442,1.1720019578933716
1.0385669469833374,0.9350000619888306,1.6805720329284668
1.0501729249954224,0.9000000953674316,2.016402006149292
1.0368443727493286,0.9450000524520874,1.247771978378296
1.0361064672470093,0.9350000619888306,1.6838021278381348
1.0302261114120483,0.9650000333786011,1.1144219636917114
1.0315414667129517,0.9500000476837158,1.1065119504928589
1.037941336631775,0.9300000667572021,1.3102819919586182
1.0326155424118042,0.9500000476837158,1.522161841392517
1.024999976158142,0.9750000238418579,1.0853019952774048
1.0509073734283447,0.9300000667572021,1.6023019552230835
1.0451828241348267,0.9300000667572021,1.544571876525879
1.0391322374343872,0.940000057220459,1.6639219522476196
1.0356061458587646,0.940000057220459,1.5849720239639282
1.0435034036636353,0.9100000858306885,2.8312020301818848
1.0304921865463257,0.9650000333786011,1.1336520910263062
1.0370657444000244,0.9450000524520874,1.299522042274475
1.0476096868515015,0.9200000762939453,1.560241937637329
1.0417444705963135,0.9350000619888306,1.8935121297836304
1.031569242477417,0.9550000429153442,1.3401820659637451
1.0297619104385376,0.9600000381469727,1.3980220556259155
1.0297340154647827,0.9600000381469727,1.5525619983673096
1.0254977941513062,0.9650000333786011,1.1703020334243774
1.024999976158142,0.9700000286102295,1.063801884651184
1.050199031829834,0.9300000667572021,1.4997220039367676
1.055981993675232,0.9000000953674316,1.6764119863510132
1.0376957654953003,0.940000057220459,1.189761996269226
1.034379482269287,0.9450000524520874,1.3418219089508057
1.0269571542739868,0.9550000429153442,1.2332119941711426
1.0349329710006714,0.9550000429153442,1.088271975517273
1.0547144412994385,0.8700000643730164,2.603101968765259
1.0308754444122314,0.9600000381469727,1.2186518907546997
1.0372594594955444,0.9300000667572021,1.2439619302749634
1.0398476123809814,0.940000057220459,1.5230519771575928
1.0402413606643677,0.925000011920929,2.065971851348877
1.043330430984497,0.9500000476837158,1.1616319417953491
1.047712802886963,0.9200000762939453,1.4665319919586182
1.024999976158142,0.9700000286102295,1.0710220336914062
1.0412821769714355,0.9350000619888306,1.521191954612732
1.0332469940185547,0.9550000429153442,1.2964918613433838
1.024999976158142,0.9750000238418579,1.2241520881652832
1.0494831800460815,0.9300000667572021,1.7041720151901245
1.040191888809204,0.9200000762939453,1.7806318998336792
1.0416666269302368,0.9550000429153442,1.2986220121383667
1.0287688970565796,0.9700000286102295,1.0955820083618164
1.029881238937378,0.9650000333786011,1.129281997680664
1.024999976158142,0.9750000238418579,1.1078120470046997
1.0411646366119385,0.940000057220459,1.1758519411087036
1.028221845626831,0.9600000381469727,1.4555120468139648
1.053737998008728,0.9050000309944153,2.1197121143341064
1.037892460823059,0.9500000476837158,1.1900619268417358
1.0647975206375122,0.8449999690055847,2.597301959991455
1.0320464372634888,0.9600000381469727,1.1524720191955566
1.024999976158142,0.9750000238418579,1.0390419960021973
1.0271350145339966,0.9700000286102295,1.1561219692230225
1.0261118412017822,0.9650000333786011,1.075282096862793
1.0391771793365479,0.9150000810623169,2.1776318550109863
1.0648051500320435,0.8400000333786011,2.7668819427490234
1.027097463607788,0.9650000333786011,1.4280520677566528
1.0273807048797607,0.9650000333786011,1.3148720264434814
1.0266766548156738,0.9600000381469727,1.3075519800186157
1.0583983659744263,0.8950001001358032,1.6144020557403564
1.0461556911468506,0.9350000619888306,1.568801999092102
1.024999976158142,0.9750000238418579,1.1443920135498047
1.024999976158142,0.9750000238418579,1.0883419513702393
1.058286190032959,0.8700000643730164,1.8048120737075806
1.0292283296585083,0.9550000429153442,1.21231210231781
1.0306501388549805,0.9500000476837158,1.2471120357513428
1.041426658630371,0.9300000071525574,1.7665719985961914
1.0519423484802246,0.9200000762939453,2.3644120693206787
1.0607966184616089,0.9000000953674316,2.224071979522705
1.061641812324524,0.8800000548362732,2.6908020973205566
1.0264291763305664,0.9700000286102295,1.1203820705413818
1.0354290008544922,0.9450000524520874,1.431141972541809
1.0273762941360474,0.9550000429153442,1.6715120077133179
1.0257289409637451,0.9650000333786011,1.1609619855880737
1.0419654846191406,0.9350000619888306,2.030302047729492
1.069630742073059,0.8349999189376831,3.432352066040039
1.05772066116333,0.9000000953674316,1.9296420812606812
1.0501139163970947,0.8950001001358032,2.0839619636535645
1.0273569822311401,0.9700000286102295,1.3535420894622803
1.0354365110397339,0.9500000476837158,1.3581420183181763
1.0396801233291626,0.9300000667572021,1.9569920301437378
1.0328505039215088,0.9600000381469727,1.2589019536972046
1.0410281419754028,0.9300000667572021,1.6518521308898926
1.0338635444641113,0.9450000524520874,1.510551929473877
1.0597301721572876,0.9000000953674316,2.020362138748169
1.0413190126419067,0.940000057220459,1.4286420345306396
1.0499348640441895,0.9250000715255737,1.6445220708847046
1.0504355430603027,0.9150000810623169,1.7384719848632812
1.0537735223770142,0.8900001049041748,2.0410821437835693
1.0445870161056519,0.9350000619888306,1.643402099609375
1.0370486974716187,0.9500000476837158,1.237022042274475
1.0444012880325317,0.9300000667572021,2.4087119102478027
1.024999976158142,0.9750000238418579,1.0844720602035522
1.053921103477478,0.9000000357627869,2.6858620643615723
1.0353052616119385,0.9500000476837158,1.4954419136047363
1.024999976158142,0.9700000286102295,1.0732721090316772
1.0389018058776855,0.940000057220459,1.6770519018173218
1.0308672189712524,0.9550000429153442,1.6906620264053345
1.0343523025512695,0.9600000381469727,1.1861518621444702
1.0304255485534668,0.940000057220459,1.6843221187591553
1.030637502670288,0.9500000476837158,1.1953219175338745
1.0285416841506958,0.9650000333786011,1.4472019672393799
1.0303572416305542,0.9600000381469727,1.2656420469284058
1.0341297388076782,0.940000057220459,2.0116119384765625
1.0299253463745117,0.9650000333786011,1.2505520582199097
1.044937252998352,0.9450000524520874,1.1864620447158813
1.024999976158142,0.9750000238418579,1.048271894454956
1.0199999809265137,0.9750000238418579,1.1340420246124268
1.0283234119415283,0.9650000333786011,1.1275819540023804
1.067216396331787,0.9250000715255737,1.2811120748519897
1.0281497240066528,0.9700000286102295,1.0594319105148315
1.0263335704803467,0.9700000286102295,1.5301320552825928
1.0281497240066528,0.9700000286102295,1.171052098274231
1.0442637205123901,0.925000011920929,2.049391984939575
1.024999976158142,0.9750000238418579,1.060312032699585
1.0265971422195435,0.9700000286102295,1.169532060623169
1.027503252029419,0.9700000286102295,1.322842001914978
1.024999976158142,0.9750000238418579,1.0352920293807983
1.0281903743743896,0.9650000333786011,1.2630219459533691
1.0360685586929321,0.9500000476837158,1.2977219820022583
1.024999976158142,0.9750000238418579,1.1745519638061523
1.0308711528778076,0.9600000381469727,1.285971999168396
1.036188006401062,0.940000057220459,1.6483319997787476
1.0351755619049072,0.940000057220459,1.34633207321167
1.0467369556427002,0.9100000858306885,1.7355220317840576
1.0385663509368896,0.9350000619888306,1.2680920362472534
1.0276111364364624,0.9650000333786011,1.1372820138931274
1.0341461896896362,0.9450000524520874,1.7859220504760742
1.045959234237671,0.9300000667572021,1.5691721439361572
1.0393708944320679,0.940000057220459,1.4417619705200195
1.024999976158142,0.9750000238418579,1.0782320499420166
1.0331497192382812,0.9650000333786011,1.1485620737075806
1.024999976158142,0.9750000238418579,1.0475019216537476
1.0616143941879272,0.8800000548362732,2.358071804046631
1.0269365310668945,0.9700000286102295,1.0743719339370728
1.0324763059616089,0.940000057220459,1.135011911392212
1.0380717515945435,0.940000057220459,1.2205818891525269
1.0352355241775513,0.9500000476837158,1.1230820417404175
1.024999976158142,0.9750000238418579,1.0643218755722046
1.0254123210906982,0.9650000333786011,1.061202049255371
1.0430537462234497,0.9100000858306885,2.978992223739624
1.0199999809265137,0.9750000238418579,1.0518521070480347
1.024999976158142,0.9750000238418579,1.0530920028686523
1.0539007186889648,0.8900001049041748,2.4589719772338867
1.0449999570846558,0.9500000476837158,1.2163820266723633
1.0449999570846558,0.9500000476837158,1.2163820266723633
1.0496593713760376,0.9150000810623169,1.5085420608520508
1.0379188060760498,0.9450000524520874,1.1651220321655273
1.032111406326294,0.9600000381469727,1.1567120552062988
1.0300878286361694,0.9550000429153442,1.1962920427322388
1.036873459815979,0.9200000762939453,1.7215019464492798
1.0360685586929321,0.9550000429153442,1.2996718883514404
1.024999976158142,0.9750000238418579,1.0577120780944824
1.0417536497116089,0.940000057220459,1.5445120334625244
1.0259761810302734,0.9700000286102295,1.1881120204925537
1.0422999858856201,0.9350000619888306,1.6908819675445557
1.0371346473693848,0.9450000524520874,1.174981951713562
1.0414650440216064,0.9250000715255737,1.4067120552062988
1.0292742252349854,0.9600000381469727,1.3450219631195068
1.024999976158142,0.9750000238418579,1.2351419925689697
1.0346949100494385,0.9450000524520874,2.220412015914917
1.0325679779052734,0.940000057220459,1.3736019134521484
1.0269951820373535,0.9700000286102295,1.533642053604126
1.0497068166732788,0.9150000810623169,2.7657220363616943
1.0405999422073364,0.9100000858306885,2.297492027282715
1.0343533754348755,0.940000057220459,1.3269519805908203
1.035690426826477,0.9450000524520874,1.1162619590759277
1.039945125579834,0.9450000524520874,1.4587219953536987
1.0570448637008667,0.9000000357627869,2.0454020500183105
1.0357890129089355,0.9450000524520874,1.7557320594787598
1.024999976158142,0.9750000238418579,1.0593219995498657
1.0283914804458618,0.9650000333786011,1.0904120206832886
1.029593586921692,0.9600000381469727,1.1251420974731445
1.0416666269302368,0.9550000429153442,1.3009319305419922
1.0303773880004883,0.9500000476837158,1.5228620767593384
1.0364371538162231,0.940000057220459,1.2728019952774048
1.0375077724456787,0.9350000619888306,1.3770720958709717
1.024999976158142,0.9750000238418579,1.1932820081710815
1.0292675495147705,0.9650000333786011,1.3445619344711304
1.024999976158142,0.9750000238418579,1.1335920095443726
1.0264906883239746,0.9700000286102295,1.1595319509506226
1.0199999809265137,0.9750000238418579,1.050191879272461
1.0355453491210938,0.9600000381469727,1.245002031326294
1.0493824481964111,0.9250000715255737,1.5719020366668701
1.031614899635315,0.9600000381469727,1.0657119750976562
1.024999976158142,0.9750000238418579,1.0329519510269165
1.0263456106185913,0.9700000286102295,1.2868120670318604
1.0352708101272583,0.940000057220459,1.3639119863510132
1.024999976158142,0.9750000238418579,1.143652081489563
1.0386615991592407,0.9450000524520874,1.4818120002746582
1.0308042764663696,0.9600000381469727,1.247372031211853
1.024999976158142,0.9750000238418579,1.057371973991394
1.0544298887252808,0.9250000715255737,1.3125619888305664
1.024999976158142,0.9750000238418579,1.0661519765853882
1.0290457010269165,0.9650000333786011,1.1234619617462158
1.0417793989181519,0.9500000476837158,1.198322057723999
1.026532769203186,0.9600000381469727,1.1168919801712036
1.024999976158142,0.9750000238418579,1.2427018880844116
1.038623571395874,0.9450000524520874,1.345892071723938
1.0265246629714966,0.9650000333786011,1.0867218971252441
1.024999976158142,0.9700000286102295,1.0749419927597046
1.0305455923080444,0.9500000476837158,1.1437420845031738
1.0405254364013672,0.9500000476837158,1.338252067565918
1.0543594360351562,0.9100000858306885,1.8898118734359741
1.024999976158142,0.9750000238418579,1.036801815032959
1.033136010169983,0.9500000476837158,1.4585820436477661
1.0369278192520142,0.9550000429153442,1.4229519367218018
1.0315015316009521,0.9450000524520874,1.2317219972610474
1.0326741933822632,0.9500000476837158,1.4933221340179443
1.0374363660812378,0.9450000524520874,1.372931957244873
1.045491337776184,0.9200000166893005,1.948632001876831
1.0363255739212036,0.940000057220459,2.0440120697021484
1.043305516242981,0.925000011920929,2.37935209274292
1.0350532531738281,0.9450000524520874,1.1124520301818848
1.0341784954071045,0.9600000381469727,1.0415619611740112
1.0400656461715698,0.9350000619888306,1.9622620344161987
1.0386009216308594,0.9500000476837158,1.308892011642456
1.027500033378601,0.9650000333786011,1.0658719539642334
1.027267336845398,0.9600000381469727,1.3085620403289795
1.024999976158142,0.9750000238418579,1.062242031097412
1.024999976158142,0.9750000238418579,1.0696920156478882
1.0314439535140991,0.9650000333786011,1.1270018815994263
1.029561161994934,0.9500000476837158,1.2894819974899292
1.0272786617279053,0.9700000286102295,1.117672085762024
1.0307151079177856,0.9650000333786011,1.1996320486068726
1.0299128293991089,0.9600000381469727,1.305911898612976
1.0330679416656494,0.940000057220459,1.6671620607376099
1.051478624343872,0.9250000715255737,1.6285120248794556
1.0339314937591553,0.9500000476837158,1.3759119510650635
1.024999976158142,0.9750000238418579,1.0689319372177124
1.045114278793335,0.9350000619888306,1.2310019731521606
1.0262563228607178,0.9700000286102295,1.1120420694351196
1.0395479202270508,0.9450000524520874,1.1843119859695435
1.044937252998352,0.9450000524520874,1.1864620447158813
1.024999976158142,0.9750000238418579,1.0920820236206055
1.042976975440979,0.9450000524520874,1.140112042427063
1.0443133115768433,0.940000057220459,1.28616201877594
1.0392515659332275,0.940000057220459,1.6092020273208618
1.0282750129699707,0.9550000429153442,1.2043020725250244
1.0380712747573853,0.9550000429153442,1.2273420095443726
1.0275589227676392,0.9650000333786011,1.119462013244629
1.0270025730133057,0.9600000381469727,1.085231900215149
1.0265811681747437,0.9700000286102295,1.1639620065689087
1.024999976158142,0.9700000286102295,1.0474419593811035
1.0261764526367188,0.9650000333786011,1.1320220232009888
1.0366804599761963,0.940000057220459,1.386512041091919
1.0285354852676392,0.9700000286102295,1.0668920278549194
1.043330430984497,0.9500000476837158,1.1616319417953491
1.0386097431182861,0.9350000619888306,1.5909219980239868
1.0309314727783203,0.9600000381469727,1.2202820777893066
1.02984619140625,0.9650000333786011,1.2006120681762695
1.0337769985198975,0.9500000476837158,1.337311863899231
1.024999976158142,0.9750000238418579,1.0924819707870483
1.0353773832321167,0.9550000429153442,1.399541974067688
1.0269542932510376,0.9700000286102295,1.1181219816207886
1.024999976158142,0.9750000238418579,1.1147619485855103
1.0416895151138306,0.9450000524520874,1.1735719442367554
1.0395256280899048,0.9500000476837158,1.1021119356155396
1.024999976158142,0.9750000238418579,1.0285420417785645
1.0395256280899048,0.9500000476837158,1.1021119356155396
1.0381382703781128,0.940000057220459,1.2895220518112183
1.0362986326217651,0.940000057220459,1.7891719341278076
1.0199999809265137,0.9750000238418579,1.1126818656921387
1.0275799036026,0.9650000333786011,1.315392017364502
1.0442631244659424,0.940000057220459,1.393612027168274
1.0295226573944092,0.9650000333786011,1.0309821367263794
1.0271437168121338,0.9700000286102295,1.0312420129776
1.0273569822311401,0.9650000333786011,1.1648520231246948
1.024999976158142,0.9750000238418579,1.0717918872833252
1.024999976158142,0.9750000238418579,1.1617820262908936
1.024999976158142,0.9750000238418579,1.0565720796585083
1.024999976158142,0.9750000238418579,1.036911964416504
1.0501106977462769,0.9350000619888306,1.2684019804000854
1.027721643447876,0.9700000286102295,1.0408720970153809
1.0267510414123535,0.9550000429153442,1.3212920427322388
1.0309200286865234,0.9550000429153442,1.1010020971298218
