1.1309999227523804,0.9890000820159912,1.128000259399414
1.0789998769760132,0.9940000772476196,1.128000020980835
1.2450000047683716,0.9950000643730164,1.1279995441436768
1.1290000677108765,0.9910001158714294,1.1280001401901245
1.0379999876022339,0.9950000643730164,1.1279999017715454
1.0900001525878906,0.9950000643730164,1.1280001401901245
1.0790001153945923,0.9950000643730164,1.1279999017715454
1.184000015258789,0.9910000562667847,1.1280001401901245
1.4919999837875366,0.987000048160553,1.1280001401901245
1.1010000705718994,0.9950000643730164,1.1279996633529663
1.5230001211166382,0.9890000820159912,1.128000020980835
1.3030000925064087,0.9900000691413879,1.128000020980835
1.287000060081482,0.9900001287460327,1.128000020980835
1.0839999914169312,0.9950000643730164,1.1279997825622559
1.066999912261963,0.9950000643730164,1.1279996633529663
1.1100001335144043,0.9900000095367432,1.1280001401901245
1.0600000619888306,0.9950000643730164,1.1279997825622559
1.0690001249313354,0.9950000643730164,1.128000259399414
1.1150000095367432,0.9950000643730164,1.1279999017715454
1.0609999895095825,0.9950000643730164,1.128000020980835
1.0649999380111694,0.9950000643730164,1.1280001401901245
1.1660000085830688,0.9940000772476196,1.128000020980835
1.0689998865127563,0.9950000643730164,1.128000020980835
1.0589998960494995,0.9950000643730164,1.128000259399414
1.062000036239624,0.9910000562667847,1.1279999017715454
1.027999997138977,0.9950000643730164,1.1279999017715454
1.055999994277954,0.9900001287460327,1.128000020980835
1.0500000715255737,0.9950000643730164,1.128000020980835
1.0320000648498535,0.9950000643730164,1.1279997825622559
1.059000015258789,0.9910001158714294,1.1279997825622559
1.040000081062317,0.9950000643730164,1.1279997825622559
1.0320000648498535,0.9950000643730164,1.1279997825622559
