63
507
1021
698
457
476
20
748
966
642
154
317
1036
885
883
480
750
538
676
18
264
988
957
76
560
391
291
383
878
513
85
259
161
674
611
555
1008
762
732
307
633
531
917
137
697
512
248
790
51
533
573
544
673
1056
482
530
813
817
112
227
833
979
99
704
821
952
339
722
340
740
618
874
378
1073
568
356
1005
95
73
508
982
644
551
191
509
763
736
1004
819
157
235
631
860
323
580
418
320
639
864
847
912
844
719
820
223
990
2
171
622
881
789
222
370
342
200
550
586
897
637
415
62
935
788
987
504
3
496
147
60
98
352
1025
907
409
834
426
1057
882
289
1042
366
610
1000
871
255
771
564
773
728
571
699
159
464
818
408
892
1032
448
173
576
453
922
375
876
215
367
245
812
1045
404
144
783
919
17
893
233
823
469
577
192
607
948
228
671
102
806
873
548
603
778
410
628
523
83
454
197
659
495
254
800
427
608
943
597
811
313
272
423
458
266
994
119
163
703
304
649
231
663
196
189
0
210
263
479
605
71
910
449
848
723
645
694
485
283
525
502
1076
315
567
505
42
767
199
54
250
678
269
604
866
268
889
229
497
152
1064
303
727
838
31
93
326
768
796
64
623
900
306
411
5
181
337
333
23
908
924
909
1074
44
929
734
741
249
498
357
165
441
330
636
861
38
361
724
346
74
619
178
891
901
392
1014
501
521
151
141
677
593
827
524
451
927
492
949
519
481
998
376
14
975
57
614
685
863
87
921
49
941
959
832
794
1028
638
438
148
729
397
475
406
400
766
600
296
997
310
12
170
121
336
1034
15
297
956
22
553
460
1071
702
344
627
1037
641
853
875
1053
224
1023
295
865
1049
241
542
398
286
932
537
422
364
92
775
599
650
886
978
149
33
759
714
1070
276
374
242
190
913
146
830
79
785
852
84
131
221
412
831
1017
34
654
939
104
430
780
779
467
972
277
1061
353
290
684
50
483
609
90
826
389
792
793
138
156
186
140
209
547
836
435
413
463
960
506
414
1038
849
598
995
185
206
894
630
16
556
735
46
354
153
510
27
962
499
696
267
420
1052
1062
695
462
399
721
1012
265
805
176
632
857
292
8
1065
549
183
432
1029
393
294
345
434
394
108
1020
347
973
532
616
487
445
142
657
311
201
706
128
680
145
688
396
1066
536
312
1063
419
355
78
436
1050
660
97
246
1018
160
470
478
934
444
625
132
1013
447
100
204
385
534
936
351
332
514
634
380
465
172
756
372
174
471
