1.092000126838684,0.9910001158714294,3.0000052452087402
1.1890000104904175,0.9910001158714294,2.999988079071045
2.010999917984009,0.9769999980926514,2.999995470046997
1.250999927520752,0.9930000901222229,3.0000014305114746
1.2070000171661377,0.9920001029968262,2.999995231628418
1.1899999380111694,0.9900000095367432,3.0000057220458984
1.1430000066757202,0.9900000691413879,2.999997138977051
1.1389999389648438,0.9920000433921814,3.0000057220458984
1.2389999628067017,0.9900000095367432,3.0000059604644775
1.253000020980835,0.9860000610351562,3.0000035762786865
1.1119999885559082,0.9879999756813049,3.0000059604644775
1.165000081062317,0.9900001287460327,3.0000057220458984
1.3679999113082886,0.9900001287460327,3.00000262260437
1.2480000257492065,0.984000027179718,3.0000061988830566
1.2730000019073486,0.984000027179718,2.9999969005584717
4.63700008392334,0.9340000152587891,3.0000030994415283
1.3619999885559082,0.9910000562667847,3.000002384185791
1.0750000476837158,0.9940000772476196,3.0000064373016357
1.25,0.9880000352859497,2.9999969005584717
1.0540000200271606,0.9950000643730164,3.0000057220458984
1.0740000009536743,0.9950000643730164,3.0000057220458984
1.0910000801086426,0.9950000643730164,3.0000057220458984
1.128000020980835,0.9930000901222229,3.0000014305114746
1.224000096321106,0.9950000643730164,2.99999737739563
1.0799999237060547,0.9940000772476196,3.0000052452087402
2.643000364303589,0.9679999351501465,3.0000030994415283
1.2239999771118164,0.987000048160553,3.00000262260437
1.2269999980926514,0.987000048160553,3.0000011920928955
1.312000036239624,0.9910000562667847,2.9999961853027344
1.462999939918518,0.9839999675750732,3.0000014305114746
1.069000005722046,0.9930000901222229,3.0000054836273193
1.4919999837875366,0.9900000691413879,2.999995231628418
1.4889999628067017,0.9850000739097595,2.9999969005584717
3.0369999408721924,0.9649999737739563,2.9999940395355225
1.6180000305175781,0.9859999418258667,2.999990701675415
1.946000099182129,0.9809999465942383,3.0
2.5370001792907715,0.9709999561309814,2.9999992847442627
1.183000087738037,0.9900001287460327,3.0000054836273193
1.2280000448226929,0.9900001287460327,3.0000011920928955
2.0320000648498535,0.965999960899353,2.9999988079071045
2.0230000019073486,0.9729999303817749,2.9999911785125732
1.1939998865127563,0.9890000224113464,2.9999969005584717
2.0959999561309814,0.9760000109672546,2.999995231628418
1.2040001153945923,0.9900000095367432,3.0000057220458984
1.2119998931884766,0.9890000820159912,2.9999969005584717
4.099999904632568,0.9420000314712524,3.0000011920928955
1.1759999990463257,0.9900001287460327,3.0000057220458984
1.1489999294281006,0.9930000901222229,3.0000040531158447
1.2019999027252197,0.9920001029968262,2.999988317489624
1.274999976158142,0.9829999804496765,2.9999969005584717
1.0940001010894775,0.9950000643730164,3.0000059604644775
1.061000108718872,0.9930000305175781,3.0000061988830566
1.937999963760376,0.968999981880188,3.0000030994415283
1.2269999980926514,0.9869999885559082,3.0000057220458984
1.3219999074935913,0.9860000610351562,2.9999969005584717
1.3310000896453857,0.987000048160553,3.0000040531158447
1.178999900817871,0.9920000433921814,3.0000052452087402
1.0809999704360962,0.9940000772476196,3.0000059604644775
1.315000057220459,0.9880000352859497,3.000004291534424
1.0279998779296875,0.9950000643730164,3.000004768371582
1.2990001440048218,0.9850000143051147,3.0000011920928955
1.6970000267028809,0.9850000143051147,2.9999969005584717
1.290000081062317,0.987000048160553,2.9999966621398926
1.2559999227523804,0.9930000901222229,3.000004291534424
1.2999999523162842,0.9839999675750732,3.0000057220458984
1.1769999265670776,0.9940000772476196,2.999997138977051
1.1299999952316284,0.9940000772476196,3.0000011920928955
1.9040000438690186,0.9850000143051147,2.9999966621398926
1.3310000896453857,0.9900000095367432,2.999997138977051
1.085999846458435,0.9950000643730164,3.0000061988830566
1.0529999732971191,0.9950000643730164,3.0000052452087402
1.190999984741211,0.9950000643730164,2.999990940093994
1.2190001010894775,0.9869999885559082,3.0000059604644775
1.2390000820159912,0.9860000610351562,3.0000009536743164
1.1769999265670776,0.9930000305175781,3.00000262260437
1.2350000143051147,0.9930000901222229,2.999988317489624
1.6589999198913574,0.984000027179718,2.9999990463256836
1.1309999227523804,0.9880000352859497,2.9999969005584717
1.0839999914169312,0.9940000772476196,2.9999966621398926
1.2440000772476196,0.9930000305175781,2.9999992847442627
1.3310000896453857,0.9900001287460327,2.999992847442627
1.1630001068115234,0.9950000643730164,3.0000052452087402
1.1340000629425049,0.9930000901222229,3.0000059604644775
1.1990000009536743,0.9950000643730164,2.999992609024048
1.2910000085830688,0.9839999675750732,3.0000011920928955
1.9650001525878906,0.9750000238418579,2.9999911785125732
1.0889999866485596,0.9950000643730164,3.0000061988830566
1.3329999446868896,0.9900000095367432,3.0000009536743164
1.152999997138977,0.9950000643730164,3.000002145767212
1.0789998769760132,0.9950000643730164,3.0000057220458984
1.1779999732971191,0.9910000562667847,3.0000016689300537
1.1399998664855957,0.9920000433921814,3.0000064373016357
1.0910000801086426,0.9950000643730164,3.0000059604644775
1.029999852180481,0.9950000643730164,3.0000054836273193
1.2999999523162842,0.9900000691413879,2.9999969005584717
1.2259999513626099,0.9910001158714294,2.999992609024048
1.100000023841858,0.9950000643730164,3.0000054836273193
1.1390000581741333,0.9920000433921814,3.0000059604644775
1.1920000314712524,0.9880000352859497,3.0000061988830566
1.0469999313354492,0.9950000643730164,3.0000059604644775
1.2010000944137573,0.9839999675750732,3.0000059604644775
1.194000005722046,0.9869999885559082,3.0000057220458984
1.2750000953674316,0.9829999208450317,3.0000014305114746
1.5230000019073486,0.9779999852180481,2.9999923706054688
1.128999948501587,0.9900001287460327,3.0000057220458984
1.4520000219345093,0.9799999594688416,2.999992847442627
3.7700002193450928,0.9740000367164612,2.9999969005584717
1.6600000858306885,0.9750000238418579,3.0000016689300537
1.1269999742507935,0.9910001158714294,3.0000052452087402
1.2649999856948853,0.9890000224113464,3.0000016689300537
1.2610000371932983,0.9930000901222229,3.000002145767212
1.0670000314712524,0.9940000772476196,3.0000014305114746
1.2160001993179321,0.9900000095367432,3.0000014305114746
1.2400000095367432,0.9880000352859497,2.9999992847442627
1.1150000095367432,0.9920001029968262,3.0000061988830566
1.1480000019073486,0.9930000901222229,3.0000059604644775
1.209999918937683,0.9890000820159912,3.0000040531158447
1.5000001192092896,0.9839999079704285,2.99999737739563
1.5160001516342163,0.9839999079704285,2.999997138977051
1.0810000896453857,0.9950000643730164,3.0000054836273193
1.2669999599456787,0.9900000691413879,3.000002384185791
1.277000069618225,0.9840000867843628,2.999995708465576
1.475000023841858,0.9810000658035278,2.999999761581421
1.1060000658035278,0.9920001029968262,3.000005006790161
1.840999960899353,0.9709999561309814,2.9999921321868896
1.347000002861023,0.9850000143051147,3.0000052452087402
1.3590002059936523,0.9940000772476196,2.999994993209839
2.2189998626708984,0.9839999079704285,2.9999969005584717
2.203000068664551,0.981999933719635,2.999990701675415
1.1329998970031738,0.9950000643730164,2.9999969005584717
1.1369999647140503,0.9920001029968262,3.0000011920928955
1.5380001068115234,0.984000027179718,2.9999966621398926
1.6490000486373901,0.9860000014305115,2.9999938011169434
2.2080001831054688,0.9700000286102295,2.999990224838257
1.1970000267028809,0.9869999885559082,3.0000011920928955
1.194000005722046,0.987000048160553,3.0000057220458984
1.5159999132156372,0.9760000109672546,3.0000057220458984
1.2649999856948853,0.9910000562667847,2.999992609024048
1.2910000085830688,0.9829999804496765,3.0000011920928955
1.3280000686645508,0.9849998950958252,3.0000014305114746
1.340000033378601,0.9849998950958252,3.0000011920928955
1.1710000038146973,0.9950000643730164,3.0000057220458984
1.3680001497268677,0.9900000095367432,3.0000009536743164
1.4250000715255737,0.9930000901222229,2.9999985694885254
1.378000020980835,0.9820000529289246,3.00000262260437
1.4580000638961792,0.9859999418258667,3.000005006790161
1.308000087738037,0.987000048160553,3.0000057220458984
1.0670000314712524,0.9930000901222229,3.0000054836273193
1.529999852180481,0.9819999933242798,2.9999959468841553
1.1109998226165771,0.9930000901222229,3.0000059604644775
1.1959999799728394,0.9900000691413879,3.000004291534424
1.252000093460083,0.9910001158714294,3.000004291534424
1.1109999418258667,0.9950000643730164,3.0000054836273193
1.3100000619888306,0.9950000643730164,2.999988555908203
1.3349997997283936,0.987000048160553,3.0000059604644775
1.1279999017715454,0.9920000433921814,3.0000054836273193
1.1029999256134033,0.9930000901222229,3.0000054836273193
1.1329998970031738,0.9940000772476196,3.000005006790161
1.2110000848770142,0.9860000014305115,3.0000011920928955
1.2080000638961792,0.9850000143051147,3.0000059604644775
1.3480000495910645,0.981999933719635,3.0000016689300537
1.5010000467300415,0.9790000319480896,2.999999523162842
1.2349998950958252,0.9850000143051147,2.9999966621398926
1.1790000200271606,0.9880000948905945,2.999997138977051
1.1430000066757202,0.9880000352859497,3.0000054836273193
1.4160000085830688,0.9789999723434448,3.0
1.5260000228881836,0.9809999465942383,3.000004291534424
1.3600001335144043,0.9799999594688416,3.0000011920928955
1.343000054359436,0.9900000691413879,2.999992847442627
1.314000129699707,0.9829999804496765,2.999992609024048
1.1000001430511475,0.9930000305175781,3.0000059604644775
1.0720000267028809,0.9950000643730164,3.0000057220458984
1.1419999599456787,0.9940000772476196,2.99999737739563
1.1480000019073486,0.9930000901222229,3.0000061988830566
1.1420000791549683,0.9920001029968262,3.0000061988830566
1.3910000324249268,0.9819999933242798,2.999999761581421
1.2599999904632568,0.9890000224113464,3.0000035762786865
1.212999939918518,0.9829999804496765,3.0000059604644775
1.2820000648498535,0.9799999594688416,3.0000059604644775
1.0800000429153442,0.9950000643730164,3.0000059604644775
1.440000057220459,0.9900000691413879,2.9999983310699463
1.062000036239624,0.9950000643730164,3.0000054836273193
1.0509999990463257,0.9920001029968262,3.0000054836273193
1.1449999809265137,0.9890000224113464,3.0000007152557373
1.2020000219345093,0.9880000352859497,3.0000007152557373
1.715000033378601,0.9829999804496765,3.000002861022949
1.0820001363754272,0.9909999966621399,3.0000052452087402
1.157999873161316,0.9920001029968262,3.0000057220458984
1.186000108718872,0.9860000014305115,3.0000059604644775
1.4690001010894775,0.9830000400543213,3.0000011920928955
1.1980000734329224,0.9930000305175781,3.0000011920928955
1.9060001373291016,0.9749999642372131,3.0000040531158447
1.1170001029968262,0.9930000901222229,3.0000059604644775
1.5809999704360962,0.9790000319480896,2.999988079071045
1.1420000791549683,0.9940000772476196,3.0000014305114746
1.1230000257492065,0.9950000643730164,2.9999969005584717
1.5369999408721924,0.9779999256134033,3.000004529953003
1.093000054359436,0.9920001029968262,3.0000052452087402
1.5460001230239868,0.9859999418258667,3.0000040531158447
1.662000060081482,0.9849998950958252,3.000004529953003
1.8260000944137573,0.9859999418258667,3.000000238418579
1.192000150680542,0.984000027179718,3.0000061988830566
1.4220001697540283,0.9799999594688416,2.999999761581421
1.3899999856948853,0.9769999980926514,3.0000052452087402
1.0859999656677246,0.9910000562667847,3.0000057220458984
1.2680000066757202,0.9940000772476196,2.999987840652466
1.152000069618225,0.9920000433921814,3.0000059604644775
1.0579999685287476,0.9940000772476196,3.000005006790161
1.0549999475479126,0.9950000643730164,3.0000057220458984
2.703000068664551,0.972000002861023,2.999994993209839
2.259000062942505,0.9849998950958252,2.9999990463256836
1.1039999723434448,0.9930000901222229,2.9999966621398926
1.3070000410079956,0.9839999675750732,3.0000054836273193
1.097999930381775,0.9900001287460327,3.0000057220458984
1.1610000133514404,0.9910000562667847,3.0000054836273193
1.4839999675750732,0.9709999561309814,3.0000057220458984
1.13100004196167,0.9910000562667847,3.0000057220458984
1.2760000228881836,0.9910000562667847,2.999992609024048
1.3289998769760132,0.9829999804496765,2.999988079071045
1.342000126838684,0.9930000901222229,2.9999964237213135
1.1770001649856567,0.9900000691413879,3.0000057220458984
1.1510001420974731,0.9920000433921814,3.0000059604644775
1.1080001592636108,0.9910001158714294,3.0000057220458984
1.3270000219345093,0.9869999885559082,2.9999969005584717
1.4279999732971191,0.9799999594688416,2.9999921321868896
1.1790001392364502,0.9890000224113464,3.0000052452087402
1.1740000247955322,0.9870001077651978,3.0000061988830566
1.13100004196167,0.9930000901222229,3.0000057220458984
1.1200000047683716,0.9900000095367432,3.0000052452087402
1.1770001649856567,0.9860000014305115,3.000001907348633
1.1490001678466797,0.9900000691413879,3.0000011920928955
1.0860000848770142,0.9950000643730164,3.0000057220458984
1.2289999723434448,0.9860000610351562,3.0000057220458984
1.2569998502731323,0.9859999418258667,3.0000054836273193
1.5199999809265137,0.9879999756813049,2.999997138977051
1.3089998960494995,0.9880000352859497,2.9999988079071045
2.0810000896453857,0.9819999933242798,3.0
1.0780000686645508,0.9930000901222229,3.0000054836273193
1.0920000076293945,0.9890000820159912,3.0000064373016357
1.1920000314712524,0.9839999079704285,3.0000014305114746
1.4219999313354492,0.9869999885559082,3.00000262260437
1.4140000343322754,0.9910001158714294,2.9999988079071045
1.3159998655319214,0.9920001029968262,2.9999938011169434
1.0740000009536743,0.9920001029968262,3.0000054836273193
1.0700000524520874,0.9930000305175781,3.0000057220458984
1.0419999361038208,0.9940000772476196,3.000005006790161
1.1520001888275146,0.9860000014305115,3.000005006790161
1.4530000686645508,0.9800000190734863,3.0000011920928955
1.0769999027252197,0.9880000352859497,3.000004768371582
1.1679999828338623,0.9890000224113464,3.0000064373016357
1.0740000009536743,0.9909999966621399,3.0000054836273193
1.1120001077651978,0.9910000562667847,3.0000061988830566
1.4200000762939453,0.9739999771118164,3.0000009536743164
1.100000023841858,0.9920001029968262,3.0000059604644775
1.2330000400543213,0.9860000014305115,2.9999966621398926
1.3060001134872437,0.9880000948905945,2.999997138977051
1.343999981880188,0.9850000739097595,2.9999959468841553
1.1810001134872437,0.9900001287460327,2.9999969005584717
1.159999966621399,0.9839999675750732,3.000005006790161
1.0839998722076416,0.9940000772476196,3.0000014305114746
1.1369999647140503,0.9870001077651978,3.000005006790161
1.0929999351501465,0.9910000562667847,3.0000054836273193
1.2289999723434448,0.9950000643730164,2.9999990463256836
1.4970000982284546,0.9860000014305115,2.9999988079071045
1.2929999828338623,0.9840000867843628,2.999998092651367
1.218000054359436,0.9910001158714294,2.999992609024048
1.0830000638961792,0.9940000772476196,3.0000059604644775
1.1000001430511475,0.9930000901222229,3.0000059604644775
1.0940001010894775,0.9950000643730164,2.9999988079071045
1.2450001239776611,0.9880000352859497,3.0000040531158447
1.2720000743865967,0.9920000433921814,3.0
1.3960000276565552,0.9810000061988831,3.0000016689300537
1.1679999828338623,0.9900000095367432,3.0000061988830566
1.9579999446868896,0.968999981880188,2.999999761581421
1.124000072479248,0.9920000433921814,3.0000057220458984
1.0410000085830688,0.9950000643730164,3.0000059604644775
1.124000072479248,0.9940000772476196,3.0000059604644775
1.0839999914169312,0.9930000305175781,3.0000057220458984
1.3879998922348022,0.9829999804496765,3.000002145767212
2.177999973297119,0.9679999947547913,2.999995470046997
1.3279999494552612,0.9930000901222229,3.0000040531158447
1.180999994277954,0.9930000901222229,3.0000038146972656
1.15500009059906,0.9920001029968262,3.0000059604644775
1.5460000038146973,0.9789999723434448,2.9999985694885254
1.2010000944137573,0.9869999885559082,3.0000040531158447
1.1109999418258667,0.9950000643730164,2.999997138977051
1.092999815940857,0.9950000643730164,3.0000059604644775
1.5550000667572021,0.9739999771118164,3.0000054836273193
1.1489999294281006,0.9909999966621399,3.0000052452087402
1.2009999752044678,0.9900000691413879,3.0000011920928955
1.2480000257492065,0.9860000014305115,3.0000061988830566
1.4610000848770142,0.984000027179718,2.999999523162842
1.3510000705718994,0.9800000786781311,2.999997138977051
1.502000093460083,0.9759999513626099,3.0000059604644775
1.0770000219345093,0.9940000772476196,3.0000052452087402
1.1700000762939453,0.9890000224113464,3.0000011920928955
1.0730000734329224,0.9910001158714294,3.0000052452087402
1.1209999322891235,0.9930000901222229,2.999997138977051
1.4169999361038208,0.9869999289512634,2.9999945163726807
1.8560000658035278,0.966999888420105,2.9999966621398926
1.5390000343322754,0.9799999594688416,2.999999761581421
1.3330001831054688,0.9789999723434448,2.9999964237213135
1.2549999952316284,0.9940000772476196,3.000002861022949
1.2029999494552612,0.9900000691413879,3.0000054836273193
1.2420001029968262,0.9860000610351562,2.999997615814209
1.1519999504089355,0.9920001029968262,3.0000009536743164
1.2080000638961792,0.9859999418258667,3.0000059604644775
1.2599998712539673,0.9890000224113464,2.999995708465576
1.3789998292922974,0.9800000190734863,3.0000030994415283
1.2950000762939453,0.9880000352859497,3.0000052452087402
1.334999918937683,0.9850000143051147,2.999992847442627
1.371000051498413,0.9829999208450317,2.9999969005584717
1.5310001373291016,0.9780000448226929,2.9999992847442627
1.2400001287460327,0.9869999885559082,2.9999923706054688
1.2630000114440918,0.9900000095367432,3.0000011920928955
1.3920000791549683,0.9860000014305115,2.9999942779541016
1.0450000762939453,0.9950000643730164,3.0000064373016357
1.3599998950958252,0.9799999594688416,2.999988079071045
1.1190000772476196,0.9900000691413879,3.0000057220458984
1.0779999494552612,0.9940000772476196,3.000001907348633
1.371000051498413,0.9880000352859497,2.9999969005584717
1.2360000610351562,0.9910000562667847,2.999988079071045
1.1129999160766602,0.9920001029968262,3.0000057220458984
1.2120000123977661,0.9880000352859497,3.0000057220458984
1.0959999561309814,0.9900000691413879,3.0000009536743164
1.1330000162124634,0.9930000901222229,3.0000064373016357
1.165000081062317,0.9920001029968262,3.0000059604644775
1.224000096321106,0.9880000352859497,3.000005006790161
1.124000072479248,0.9930000901222229,3.0000057220458984
1.306999921798706,0.9890000820159912,3.000004529953003
1.0680001974105835,0.9950000643730164,3.0000011920928955
1.093999981880188,0.9950000643730164,3.0000057220458984
1.1320000886917114,0.9930000901222229,3.0000054836273193
1.2760000228881836,0.9849998950958252,3.0000057220458984
1.0690001249313354,0.9940000772476196,3.0000057220458984
1.2340000867843628,0.9940000772476196,2.999987840652466
1.1590001583099365,0.9940000772476196,3.0000014305114746
1.2170000076293945,0.9850000143051147,3.0000057220458984
1.056999921798706,0.9950000643730164,3.0000054836273193
1.1069999933242798,0.9940000772476196,2.999999523162842
1.1260000467300415,0.9940000772476196,2.9999966621398926
1.0719999074935913,0.9950000643730164,3.0000061988830566
1.063999891281128,0.9930000305175781,3.000004529953003
1.4649999141693115,0.9900000691413879,2.999999523162842
1.3050001859664917,0.9950000643730164,2.999995470046997
1.0980000495910645,0.9920000433921814,3.0000059604644775
1.156999945640564,0.9880000352859497,3.0000061988830566
1.2970000505447388,0.9880000352859497,2.999999761581421
1.5609999895095825,0.9820000529289246,2.999997854232788
1.1759998798370361,0.9869999885559082,3.000001907348633
1.0950000286102295,0.9930000901222229,3.0000057220458984
1.2850000858306885,0.9890000224113464,2.999990940093994
1.335999846458435,0.9860000014305115,3.0000014305114746
1.3049999475479126,0.9880000352859497,3.0000038146972656
1.066999912261963,0.9950000643730164,3.0000054836273193
1.096000075340271,0.9930000901222229,2.999997138977051
1.0399999618530273,0.9950000643730164,3.000005006790161
1.3589999675750732,0.9759999513626099,2.999992609024048
1.0500000715255737,0.9940000772476196,3.0000059604644775
1.0989999771118164,0.9880000352859497,3.0000052452087402
1.0800000429153442,0.9880000352859497,3.000005006790161
1.0679999589920044,0.9900000095367432,3.0000061988830566
1.0850000381469727,0.9950000643730164,3.0000057220458984
1.0750000476837158,0.9930000305175781,2.9999969005584717
1.6589999198913574,0.9820000529289246,2.999995470046997
1.0600000619888306,0.9950000643730164,3.0000061988830566
1.0479999780654907,0.9950000643730164,3.0000057220458984
1.8930001258850098,0.9780000448226929,2.9999940395355225
1.2960000038146973,0.9900001287460327,2.999999523162842
1.3020000457763672,0.9900001287460327,2.999999761581421
1.2740000486373901,0.9830000400543213,3.0000059604644775
1.1080000400543213,0.9890000820159912,3.0000054836273193
1.062999963760376,0.9920001029968262,3.0000052452087402
1.1419999599456787,0.9910000562667847,3.0000016689300537
1.2310000658035278,0.9839999675750732,3.0000061988830566
1.277000069618225,0.9910001158714294,2.9999990463256836
1.0490000247955322,0.9950000643730164,3.000005006790161
1.222000002861023,0.9880000352859497,2.9999966621398926
1.084999918937683,0.9940000772476196,3.000002145767212
1.533000111579895,0.9869999885559082,3.000002861022949
1.1169999837875366,0.9890000224113464,3.0000054836273193
1.1779999732971191,0.9850000143051147,3.0000014305114746
1.0699999332427979,0.9920001029968262,3.000004768371582
1.1390000581741333,0.9950000643730164,2.999997138977051
1.277999997138977,0.9890000224113464,2.9999938011169434
1.125999927520752,0.9880000352859497,2.9999964237213135
1.0879998207092285,0.9940000772476196,3.0000054836273193
1.8320000171661377,0.9829999804496765,3.00000262260437
1.440999984741211,0.9819999933242798,3.0000007152557373
1.2280001640319824,0.9880000352859497,2.999992609024048
1.1290000677108765,0.9890000224113464,3.0000057220458984
1.1390000581741333,0.9890000224113464,3.0000059604644775
1.2699999809265137,0.9799999594688416,3.000001907348633
1.1619999408721924,0.9890000224113464,3.0000016689300537
1.0649999380111694,0.9950000643730164,3.0000064373016357
1.053999900817871,0.9930000901222229,3.0000052452087402
1.0870000123977661,0.9920001029968262,3.0000061988830566
1.1679999828338623,0.9910001158714294,2.99999737739563
1.1619999408721924,0.9900000691413879,2.999992847442627
1.1600000858306885,0.9880000948905945,2.99999737739563
1.1140000820159912,0.9869999289512634,3.0000057220458984
1.2510000467300415,0.9950000643730164,2.9999983310699463
1.1169999837875366,0.9930000305175781,3.0000052452087402
1.1209999322891235,0.9950000643730164,3.0000057220458984
1.0950000286102295,0.9940000772476196,2.9999961853027344
1.0329999923706055,0.9950000643730164,3.000004768371582
1.1209999322891235,0.9920001029968262,3.0000052452087402
1.1260000467300415,0.98499995470047,3.0000059604644775
1.068000078201294,0.9920001029968262,3.0000011920928955
1.0349998474121094,0.9950000643730164,3.000005006790161
1.1150000095367432,0.9940000772476196,3.0000054836273193
1.1570000648498535,0.9879999756813049,3.0000054836273193
1.1360000371932983,0.9950000643730164,2.9999966621398926
1.133000135421753,0.9890000224113464,3.0000054836273193
1.1469999551773071,0.9920001029968262,2.99999737739563
1.0650001764297485,0.9950000643730164,3.0000054836273193
1.3029999732971191,0.9849998950958252,2.9999966621398926
1.0779999494552612,0.9950000643730164,3.0000057220458984
1.0519999265670776,0.9930000901222229,3.0000057220458984
1.187999963760376,0.9900001287460327,3.0000054836273193
1.128000020980835,0.9920000433921814,3.0000054836273193
1.1950000524520874,0.9950000643730164,2.999997854232788
1.1109999418258667,0.9890000820159912,2.999997138977051
1.1380000114440918,0.9930000901222229,2.999995470046997
1.0479999780654907,0.9940000772476196,3.0000057220458984
1.0859999656677246,0.9900000691413879,3.0000054836273193
1.1869999170303345,0.9900001287460327,3.0000014305114746
1.4020001888275146,0.9819999933242798,2.999997615814209
1.0460000038146973,0.9950000643730164,3.0000052452087402
1.150999903678894,0.9900000095367432,3.0
1.1890000104904175,0.9910001158714294,3.0000038146972656
1.1329998970031738,0.9890000224113464,3.0000054836273193
1.1570000648498535,0.9900000691413879,2.99999737739563
1.1290000677108765,0.9890000820159912,2.999997138977051
1.2400000095367432,0.9840000867843628,2.9999969005584717
1.3049999475479126,0.9880000352859497,2.9999983310699463
1.1549999713897705,0.9850000739097595,3.000005006790161
1.0950000286102295,0.9890000224113464,3.0000054836273193
1.0870000123977661,0.9920001029968262,3.0000064373016357
1.152999997138977,0.9869999885559082,3.0000052452087402
1.1959999799728394,0.9900000691413879,3.0000059604644775
1.0730000734329224,0.9930000901222229,3.0000061988830566
1.1380000114440918,0.9920000433921814,2.9999964237213135
1.1110000610351562,0.9950000643730164,3.0000040531158447
1.087999939918518,0.9950000643730164,3.0000016689300537
1.0800000429153442,0.9930000901222229,3.0000054836273193
1.0889999866485596,0.9900000691413879,3.0000057220458984
1.0490000247955322,0.9940000772476196,3.000004768371582
1.1130000352859497,0.9930000901222229,2.9999969005584717
1.093999981880188,0.9920001029968262,3.0000057220458984
1.2119998931884766,0.9879999756813049,2.9999923706054688
1.2489999532699585,0.9850000739097595,2.9999992847442627
1.1060000658035278,0.9900000691413879,2.9999966621398926
1.053999900817871,0.9950000643730164,3.0000057220458984
1.1490000486373901,0.987000048160553,2.999997138977051
1.1059999465942383,0.9940000772476196,3.0000059604644775
1.1269999742507935,0.9890000820159912,3.0000059604644775
1.2890000343322754,0.9890000820159912,3.0000030994415283
1.0600000619888306,0.9950000643730164,3.000004529953003
1.08899986743927,0.9889999628067017,3.000005006790161
1.1399998664855957,0.9880000352859497,3.0000059604644775
1.1519999504089355,0.9879999756813049,3.0000059604644775
1.1119999885559082,0.9910000562667847,3.0000057220458984
1.0820000171661377,0.9910001158714294,3.0000059604644775
1.0629998445510864,0.9930000901222229,3.0000057220458984
1.0839998722076416,0.9920000433921814,3.0000064373016357
1.1050000190734863,0.9940000772476196,3.0000057220458984
1.0529999732971191,0.9940000772476196,3.0000059604644775
1.0679999589920044,0.9930000901222229,3.000004768371582
1.1820000410079956,0.9880000352859497,3.0000061988830566
1.0419999361038208,0.9940000772476196,3.000005006790161
1.1530001163482666,0.9900001287460327,2.9999966621398926
1.162000060081482,0.987000048160553,3.0000009536743164
1.0829999446868896,0.9920000433921814,3.000005006790161
1.0749999284744263,0.9930000901222229,3.0000011920928955
1.1090000867843628,0.9900000691413879,3.0000057220458984
1.0859999656677246,0.9950000643730164,2.999999523162842
1.1039999723434448,0.9910000562667847,3.0000057220458984
1.0770000219345093,0.9940000772476196,3.0000059604644775
1.053999900817871,0.9950000643730164,3.0000054836273193
1.069000005722046,0.9890000820159912,3.0000052452087402
1.0929999351501465,0.9900001287460327,3.0000054836273193
1.0570000410079956,0.9950000643730164,3.0000052452087402
1.0750000476837158,0.9900001287460327,3.000004768371582
1.0800000429153442,0.9880000352859497,3.0000052452087402
1.1339999437332153,0.9880000352859497,3.0000052452087402
1.062000036239624,0.9950000643730164,3.000005006790161
1.1219998598098755,0.9930000901222229,3.0000057220458984
1.0969998836517334,0.9880000352859497,3.0000057220458984
1.040000081062317,0.9930000901222229,3.0000054836273193
1.027999997138977,0.9940000772476196,3.0000052452087402
1.0780000686645508,0.9930000901222229,3.0000057220458984
1.062000036239624,0.9950000643730164,3.0000052452087402
1.1709998846054077,0.9950000643730164,3.000000238418579
1.0290000438690186,0.9950000643730164,3.0000057220458984
1.033000111579895,0.9950000643730164,3.000004768371582
1.1029999256134033,0.9869999885559082,3.0000054836273193
1.0260000228881836,0.9940000772476196,3.0000052452087402
1.0699999332427979,0.9910001158714294,3.000000476837158
1.040000081062317,0.9909999966621399,3.000004529953003
