239
830
860
277
228
657
259
390
3
954
412
267
237
784
209
635
832
614
492
348
863
417
204
199
653
542
564
549
1010
502
889
51
1009
911
580
977
667
595
945
34
192
765
271
636
957
146
336
1075
110
902
497
183
357
835
270
240
877
654
436
253
562
477
1008
341
1045
359
160
690
852
566
821
533
136
560
938
601
806
1063
870
592
884
455
177
72
402
621
589
319
661
287
1067
905
993
703
1051
756
407
210
288
558
760
909
612
32
499
509
927
840
268
372
962
956
510
677
2
1000
370
550
786
427
1003
841
816
353
379
350
195
634
931
71
1042
305
675
48
493
899
615
687
1033
855
935
284
995
948
697
119
351
725
148
894
445
14
770
172
883
552
1059
953
285
848
737
