259
845
767
670
730
975
745
942
1045
786
912
593
517
116
785
639
630
619
1048
716
869
965
64
291
877
143
1002
388
328
769
75
18
864
231
678
369
556
1006
686
925
401
450
817
860
1017
166
1077
954
866
1022
875
885
1014
107
147
757
504
315
567
272
578
299
428
1013
684
163
587
952
598
627
341
735
953
600
990
631
324
546
1005
930
219
27
314
996
475
378
225
601
331
820
434
399
747
410
950
717
536
263
921
947
380
581
1009
679
1074
344
21
651
61
293
173
329
629
201
583
714
545
209
0
271
202
951
46
932
340
115
887
193
108
69
718
524
84
203
613
888
4
183
140
494
174
330
855
411
977
713
537
96
192
216
759
151
515
751
229
662
691
732
576
159
729
471
124
420
97
112
190
967
889
300
602
909
322
711
109
54
35
643
1073
1007
623
168
426
1065
783
67
655
308
676
510
599
963
811
91
490
935
608
693
409
342
240
458
766
526
361
16
465
1051
661
292
568
647
760
372
269
487
221
302
895
594
834
77
424
709
831
433
451
161
187
397
572
153
469
130
915
880
1070
520
306
906
405
900
934
863
199
228
849
922
926
804
118
72
111
230
460
554
754
200
882
794
184
349
307
956
787
777
181
164
337
884
1076
677
261
419
764
309
442
284
1030
1062
539
836
731
708
365
902
680
332
822
948
564
607
206
610
121
253
898
47
780
482
961
944
8
137
617
857
80
139
457
395
916
136
770
774
618
555
194
827
132
437
186
318
969
