1.0354737043380737,0.9550000429153442,1.1205520629882812
1.0304737091064453,0.9600000381469727,1.1221320629119873
1.0503356456756592,0.8849999904632568,3.2974820137023926
1.0270017385482788,0.9700000286102295,1.2664719820022583
1.0306593179702759,0.9600000381469727,1.5691721439361572
1.0342291593551636,0.9550000429153442,1.1761120557785034
1.0315507650375366,0.9550000429153442,1.18887197971344
1.0253244638442993,0.9650000333786011,1.643272042274475
1.0370763540267944,0.9500000476837158,1.2264419794082642
1.0390491485595703,0.9350000619888306,1.3893420696258545
1.041340708732605,0.9450000524520874,1.155701994895935
1.0321201086044312,0.9600000381469727,1.3387420177459717
1.0321201086044312,0.9600000381469727,1.3387420177459717
1.0430089235305786,0.9350000619888306,1.6506919860839844
1.0369937419891357,0.9450000524520874,1.7655919790267944
1.1184002161026,0.7250000238418579,4.377101898193359
1.0242834091186523,0.9650000333786011,1.6527520418167114
1.0229462385177612,0.9750000238418579,1.1078219413757324
1.0264253616333008,0.9550000429153442,1.5859020948410034
1.0199999809265137,0.9800000190734863,1.037611961364746
1.0199999809265137,0.9800000190734863,1.0595120191574097
1.0199999809265137,0.9800000190734863,1.1023420095443726
1.024444580078125,0.9700000286102295,1.1981920003890991
1.0199999809265137,0.9800000190734863,1.1564018726348877
1.0212531089782715,0.9750000238418579,1.2165420055389404
1.0472235679626465,0.8499999642372131,2.587862014770508
1.0418658256530762,0.940000057220459,1.601722002029419
1.0418391227722168,0.940000057220459,1.7214821577072144
1.0291666984558105,0.9600000381469727,2.193502187728882
1.0464462041854858,0.9250000715255737,1.8141220808029175
1.0281412601470947,0.9650000333786011,1.07561194896698
1.0344674587249756,0.9550000429153442,1.423822045326233
1.0382522344589233,0.9350000619888306,2.045612096786499
1.0802634954452515,0.8550000190734863,2.9413421154022217
1.039476752281189,0.940000057220459,1.6206520795822144
1.045917272567749,0.9150000214576721,1.7333821058273315
1.059125304222107,0.8799999952316284,2.4668519496917725
1.0381379127502441,0.9600000381469727,1.244502067565918
1.041887879371643,0.9550000429153442,1.245252013206482
1.0505198240280151,0.8650000095367432,2.9161717891693115
1.0479258298873901,0.8850000500679016,2.853682041168213
1.0277234315872192,0.9550000429153442,1.5143020153045654
1.041250228881836,0.9000000357627869,3.825972080230713
1.0340237617492676,0.9500000476837158,2.0581319332122803
1.0356800556182861,0.9550000429153442,1.191122055053711
1.1032028198242188,0.75,4.09525203704834
1.0327491760253906,0.9600000381469727,1.2072420120239258
1.022982120513916,0.9750000238418579,1.0749919414520264
1.0279723405838013,0.9650000333786011,1.2559020519256592
1.0436681509017944,0.9350000619888306,1.724161982536316
1.024999976158142,0.9750000238418579,1.1337319612503052
1.0228098630905151,0.9700000286102295,1.2648121118545532
1.0631424188613892,0.8550000190734863,2.6105620861053467
1.0447278022766113,0.9350000619888306,1.8402419090270996
1.0398011207580566,0.9350000619888306,1.874101996421814
1.033512830734253,0.9450000524520874,1.4846020936965942
1.024214506149292,0.9650000333786011,1.1566219329833984
1.021712064743042,0.9750000238418579,1.1259520053863525
1.0346654653549194,0.9450000524520874,1.5936620235443115
1.024999976158142,0.9750000238418579,1.0262519121170044
1.0388880968093872,0.9350000619888306,1.893522024154663
1.038312315940857,0.940000057220459,1.852952003479004
1.0373563766479492,0.9500000476837158,1.2691419124603271
1.0248814821243286,0.9700000286102295,1.2516419887542725
1.0413131713867188,0.9300000667572021,1.8931620121002197
1.0217326879501343,0.9750000238418579,1.1652820110321045
1.020825743675232,0.9750000238418579,1.1210620403289795
1.0353847742080688,0.9350000619888306,2.198352098464966
1.0260089635849,0.9600000381469727,1.4061921834945679
1.0199999809265137,0.9800000190734863,1.0778919458389282
1.0199999809265137,0.9800000190734863,1.0330818891525269
1.0199999809265137,0.9800000190734863,1.1330020427703857
1.0367001295089722,0.9450000524520874,1.2905420064926147
1.0472302436828613,0.9350000619888306,1.7586820125579834
1.026986837387085,0.9700000286102295,1.1203820705413818
1.0218950510025024,0.9700000286102295,1.2305619716644287
1.0305380821228027,0.940000057220459,1.9726420640945435
1.035945177078247,0.9450000524520874,1.3660320043563843
1.0219733715057373,0.9750000238418579,1.1185719966888428
1.0238136053085327,0.9700000286102295,1.2212820053100586
1.0367794036865234,0.9600000381469727,1.198612093925476
1.0199999809265137,0.9800000190734863,1.148331880569458
1.0228710174560547,0.9700000286102295,1.2039719820022583
1.024999976158142,0.9750000238418579,1.2451519966125488
1.0394827127456665,0.9250000715255737,2.0681018829345703
1.0471073389053345,0.9050000905990601,2.6948423385620117
1.0199999809265137,0.9800000190734863,1.1276319026947021
1.0385432243347168,0.9500000476837158,1.2511919736862183
1.0199999809265137,0.9800000190734863,1.1575120687484741
1.024999976158142,0.9750000238418579,1.059062123298645
1.028816819190979,0.9650000333786011,1.3557920455932617
1.0274202823638916,0.9650000333786011,1.415761947631836
1.0199999809265137,0.9800000190734863,1.0863419771194458
1.0199999809265137,0.9800000190734863,1.0402320623397827
1.0394068956375122,0.9550000429153442,1.3705520629882812
1.0323878526687622,0.9650000333786011,1.2220219373703003
1.0199999809265137,0.9800000190734863,1.0655421018600464
1.0216363668441772,0.9750000238418579,1.2202919721603394
1.0443272590637207,0.940000057220459,1.2435320615768433
1.0199999809265137,0.9800000190734863,1.0449919700622559
1.0392557382583618,0.9300000667572021,1.2939720153808594
1.0421968698501587,0.940000057220459,1.2638219594955444
1.0430474281311035,0.9350000619888306,1.2914619445800781
1.0399216413497925,0.9200000762939453,2.2272419929504395
1.0371414422988892,0.9550000429153442,1.164381980895996
1.0368173122406006,0.9100000262260437,2.690202236175537
1.0471631288528442,0.8850001096725464,2.9088921546936035
1.0578868389129639,0.9000000953674316,2.567362070083618
1.0294215679168701,0.9650000333786011,1.2637220621109009
1.024552822113037,0.9650000333786011,1.4222819805145264
1.0216363668441772,0.9750000238418579,1.2536619901657104
1.0245226621627808,0.9750000238418579,1.0658819675445557
1.0251604318618774,0.9600000381469727,1.3828519582748413
1.0324153900146484,0.9500000476837158,1.2623519897460938
1.0243510007858276,0.9650000333786011,1.1496920585632324
1.0224745273590088,0.9750000238418579,1.1481519937515259
1.0279452800750732,0.9600000381469727,1.5135921239852905
1.0567314624786377,0.9350000619888306,1.3101019859313965
1.0695466995239258,0.9200000762939453,1.3107119798660278
1.0199999809265137,0.9800000190734863,1.0654819011688232
1.025960922241211,0.9650000333786011,1.7053320407867432
1.0349986553192139,0.940000057220459,1.6178020238876343
1.050424575805664,0.9100000262260437,1.5555020570755005
1.0242187976837158,0.9700000286102295,1.2544219493865967
1.0667515993118286,0.8750000596046448,1.8756120204925537
1.0380245447158813,0.9350000619888306,1.6396019458770752
1.0208005905151367,0.9750000238418579,1.255162000656128
1.0493202209472656,0.9350000619888306,2.2564120292663574
1.0644127130508423,0.9150000810623169,2.3372719287872314
1.0199999809265137,0.9800000190734863,1.1285820007324219
1.0225797891616821,0.9700000286102295,1.1674220561981201
1.045446753501892,0.9250000715255737,1.9449020624160767
1.0395622253417969,0.9350000619888306,1.9814621210098267
1.0673997402191162,0.8650000691413879,2.3406620025634766
1.031169056892395,0.9500000476837158,1.2579718828201294
1.0353819131851196,0.940000057220459,1.5802019834518433
1.052770972251892,0.9100000858306885,2.3149819374084473
1.027551531791687,0.9600000381469727,1.4209520816802979
1.0399177074432373,0.9300000667572021,1.7705520391464233
1.0677884817123413,0.9300000667572021,1.2819020748138428
1.0584229230880737,0.940000057220459,1.2826321125030518
1.0199999809265137,0.9800000190734863,1.12348210811615
1.02584707736969,0.9550000429153442,1.7170219421386719
1.022581934928894,0.9750000238418579,1.2003819942474365
1.0495270490646362,0.9150000810623169,1.5587719678878784
1.030400037765503,0.9450000524520874,1.9815119504928589
1.0315334796905518,0.940000057220459,2.0687618255615234
1.0264527797698975,0.9700000286102295,1.1347320079803467
1.0311875343322754,0.9300000667572021,2.012162208557129
1.022491455078125,0.9700000286102295,1.3282920122146606
1.032637596130371,0.9600000381469727,1.3725619316101074
1.028460144996643,0.9600000381469727,2.1629819869995117
1.0199999809265137,0.9800000190734863,1.0717219114303589
1.0199999809265137,0.9800000190734863,1.2039419412612915
1.039901614189148,0.940000057220459,1.630162000656128
1.0237274169921875,0.9700000286102295,1.4177320003509521
1.024999976158142,0.9750000238418579,1.1767818927764893
1.021130919456482,0.9750000238418579,1.1927319765090942
1.0451147556304932,0.9350000619888306,1.5146820545196533
1.0471023321151733,0.9300000667572021,1.471571922302246
1.056494951248169,0.9250000715255737,1.6166419982910156
1.0609759092330933,0.9050000905990601,1.8470920324325562
1.043931007385254,0.940000057220459,1.4354519844055176
1.0407990217208862,0.9450000524520874,1.3861418962478638
1.0417239665985107,0.9450000524520874,1.5035220384597778
1.0588411092758179,0.9050000905990601,1.8580219745635986
1.0627739429473877,0.9100000262260437,2.1650021076202393
1.0575504302978516,0.9100000858306885,1.994022011756897
1.0258123874664307,0.9600000381469727,1.3146820068359375
1.0411937236785889,0.9300000667572021,1.7151720523834229
1.02237868309021,0.9700000286102295,1.2505520582199097
1.0199999809265137,0.9800000190734863,1.1027920246124268
1.0216697454452515,0.9750000238418579,1.2225719690322876
1.0248489379882812,0.9700000286102295,1.1430820226669312
1.0267934799194336,0.9650000333786011,1.2848420143127441
1.04635751247406,0.9200000762939453,1.414631962776184
1.0337989330291748,0.9500000476837158,1.3027620315551758
1.056777834892273,0.9200000762939453,1.3247720003128052
1.0569003820419312,0.9150000810623169,1.364542007446289
1.024999976158142,0.9750000238418579,1.0602120161056519
1.0296505689620972,0.9550000429153442,1.7919321060180664
1.0199999809265137,0.9800000190734863,1.0545920133590698
1.0221091508865356,0.9700000286102295,1.3378920555114746
1.0309937000274658,0.9500000476837158,1.364601969718933
1.0349019765853882,0.9500000476837158,1.6887720823287964
1.0386772155761719,0.9200000762939453,1.8762520551681519
1.0312877893447876,0.9600000381469727,1.3161919116973877
1.0309044122695923,0.9600000381469727,1.5965819358825684
1.0403212308883667,0.940000057220459,1.3399219512939453
1.0404828786849976,0.9250000715255737,1.9490420818328857
1.0258679389953613,0.9700000286102295,1.1674219369888306
1.0525654554367065,0.89000004529953,2.735001802444458
1.0288760662078857,0.9650000333786011,1.2797518968582153
1.0426874160766602,0.9100000858306885,2.520012140274048
1.0270150899887085,0.9700000286102295,1.2352619171142578
1.0199999809265137,0.9800000190734863,1.112831950187683
1.0535264015197754,0.8999999761581421,2.6165120601654053
1.0249686241149902,0.9700000286102295,1.1674619913101196
1.050100564956665,0.940000057220459,1.5355520248413086
1.04969322681427,0.940000057220459,1.5355520248413086
1.048531174659729,0.9350000619888306,1.5745121240615845
1.0359517335891724,0.940000057220459,1.5667020082473755
1.0468143224716187,0.9150000810623169,1.934272050857544
1.0589087009429932,0.8950001001358032,1.88919198513031
1.029882550239563,0.9600000381469727,1.1959819793701172
1.022227168083191,0.9750000238418579,1.2417919635772705
1.0241830348968506,0.9650000333786011,1.5059518814086914
1.021463394165039,0.9750000238418579,1.0947120189666748
1.0199999809265137,0.9800000190734863,1.0437120199203491
1.0735533237457275,0.8800000548362732,3.6291120052337646
1.0447182655334473,0.940000057220459,2.5947020053863525
1.0246224403381348,0.9700000286102295,1.1269420385360718
1.0520936250686646,0.9200000762939453,1.5452219247817993
1.0360934734344482,0.9550000429153442,1.1578720808029175
1.0265612602233887,0.9600000381469727,1.5588921308517456
1.0720914602279663,0.8650000095367432,1.7555919885635376
1.0265743732452393,0.9600000381469727,1.5299019813537598
1.0257887840270996,0.9650000333786011,1.3219120502471924
1.0461647510528564,0.9150000810623169,1.5822120904922485
1.0234191417694092,0.9700000286102295,1.5697720050811768
1.0262408256530762,0.9600000381469727,1.7760920524597168
1.0292415618896484,0.9650000333786011,1.3275120258331299
1.0320899486541748,0.9600000381469727,1.1730719804763794
1.0343425273895264,0.9450000524520874,1.674362063407898
1.0472580194473267,0.9150000810623169,2.0280120372772217
1.0318443775177002,0.9550000429153442,1.248702049255371
1.0311064720153809,0.9450000524520874,1.684332013130188
1.0302261114120483,0.9650000333786011,1.1131019592285156
1.0265414714813232,0.9650000333786011,1.1094119548797607
1.0355205535888672,0.940000057220459,1.3125319480895996
1.0276155471801758,0.9550000429153442,1.522481918334961
1.0199999809265137,0.9800000190734863,1.0853520631790161
1.0459073781967163,0.9350000619888306,1.602591872215271
1.0401828289031982,0.940000057220459,1.545841932296753
1.0351685285568237,0.9500000476837158,1.672842025756836
1.032147765159607,0.9450000524520874,1.582521915435791
1.042309045791626,0.9250000715255737,2.8246421813964844
1.028471827507019,0.9700000286102295,1.1338520050048828
1.0388896465301514,0.9450000524520874,1.2996020317077637
1.0397748947143555,0.9350000619888306,1.562641978263855
1.0414613485336304,0.940000057220459,1.8937420845031738
1.0265692472457886,0.9650000333786011,1.3409920930862427
1.031428575515747,0.9600000381469727,1.3980519771575928
1.0279090404510498,0.9650000333786011,1.5551420450210571
1.0254977941513062,0.9700000286102295,1.1703020334243774
1.026584267616272,0.9700000286102295,1.07138192653656
1.050199031829834,0.9300000667572021,1.4988919496536255
1.0509819984436035,0.9100000858306885,1.6761919260025024
1.0347874164581299,0.9500000476837158,1.1898919343948364
1.034379482269287,0.9550000429153442,1.3416519165039062
1.022997260093689,0.9650000333786011,1.2316819429397583
1.0349329710006714,0.9550000429153442,1.0897419452667236
1.0526776313781738,0.8800000548362732,2.604221820831299
1.0245391130447388,0.9700000286102295,1.219351887702942
1.0346890687942505,0.9450000524520874,1.242982029914856
1.036431908607483,0.9450000524520874,1.5270220041275024
1.0368176698684692,0.9300000071525574,2.0671019554138184
1.0426087379455566,0.9550000429153442,1.1615920066833496
1.043752908706665,0.9300000667572021,1.4604120254516602
1.024999976158142,0.9750000238418579,1.0791820287704468
1.0412821769714355,0.940000057220459,1.528771996498108
1.0282469987869263,0.9600000381469727,1.2969719171524048
1.024999976158142,0.9750000238418579,1.222372055053711
1.0444831848144531,0.9350000619888306,1.7057819366455078
1.0342559814453125,0.940000057220459,1.7882919311523438
1.0382732152938843,0.9600000381469727,1.2955420017242432
1.0237689018249512,0.9750000238418579,1.0975520610809326
1.0248812437057495,0.9700000286102295,1.1292920112609863
1.0199999809265137,0.9800000190734863,1.1083821058273315
1.035364031791687,0.9500000476837158,1.1781020164489746
1.0223515033721924,0.9700000286102295,1.4577820301055908
1.0497806072235107,0.9100000262260437,2.108191967010498
1.037892460823059,0.9500000476837158,1.1898919343948364
1.0614540576934814,0.8499999642372131,2.601422071456909
1.0270464420318604,0.9650000333786011,1.1533219814300537
1.0199999809265137,0.9800000190734863,1.0390419960021973
1.0271350145339966,0.9700000286102295,1.157371997833252
1.0248706340789795,0.9700000286102295,1.082442045211792
1.0341771841049194,0.9200000762939453,2.1776819229125977
1.063002347946167,0.8550000190734863,2.769942045211792
1.027097463607788,0.9650000333786011,1.4294620752334595
1.0223807096481323,0.9700000286102295,1.3149420022964478
1.0246790647506714,0.9650000333786011,1.3085520267486572
1.0564422607421875,0.9050000905990601,1.6236120462417603
1.037257194519043,0.9500000476837158,1.5708320140838623
1.0199999809265137,0.9800000190734863,1.1450319290161133
1.0199999809265137,0.9800000190734863,1.0884519815444946
1.0554680824279785,0.8800000548362732,1.8114420175552368
1.0285066366195679,0.9650000333786011,1.2088121175765991
1.0259367227554321,0.9650000333786011,1.2390220165252686
1.03973388671875,0.9350000023841858,1.7678120136260986
1.0469423532485962,0.9300000667572021,2.369852066040039
1.0534151792526245,0.9100000858306885,2.234182119369507
1.0581765174865723,0.8950000405311584,2.733652114868164
1.0264291763305664,0.9700000286102295,1.1190719604492188
1.0304290056228638,0.9550000429153442,1.4349420070648193
1.022376298904419,0.9650000333786011,1.6890521049499512
1.0257289409637451,0.9700000286102295,1.1643919944763184
1.0369654893875122,0.940000057220459,2.03068208694458
1.0663224458694458,0.85999995470047,3.458522081375122
1.0534018278121948,0.9100000858306885,1.941372036933899
1.0451139211654663,0.9100000858306885,2.078871965408325
1.0223569869995117,0.9750000238418579,1.3596720695495605
1.0289931297302246,0.9650000333786011,1.3652520179748535
1.0396801233291626,0.9350000619888306,1.9569920301437378
1.0328505039215088,0.9600000381469727,1.2555320262908936
1.0344469547271729,0.9450000524520874,1.6585520505905151
1.028863549232483,0.9550000429153442,1.5126019716262817
1.0552808046340942,0.9050000905990601,2.0167322158813477
1.0414453744888306,0.9450000524520874,1.430101990699768
1.0443034172058105,0.9350000619888306,1.6474519968032837
1.0443192720413208,0.9250000715255737,1.744502067565918
1.0537735223770142,0.8950001001358032,2.0403621196746826
1.038023591041565,0.9450000524520874,1.6493721008300781
1.0314825773239136,0.9600000381469727,1.2381020784378052
1.0398677587509155,0.940000057220459,2.4110019207000732
1.024999976158142,0.9750000238418579,1.0841020345687866
1.050479769706726,0.9050000309944153,2.698482036590576
1.03030526638031,0.9600000381469727,1.499531865119934
1.0199999809265137,0.9800000190734863,1.0733520984649658
1.0339018106460571,0.9550000429153442,1.6848218441009521
1.025867223739624,0.9600000381469727,1.6910319328308105
1.0293523073196411,0.9650000333786011,1.1865519285202026
1.0317589044570923,0.9500000476837158,1.6858421564102173
1.0243464708328247,0.9700000286102295,1.1992119550704956
1.0235416889190674,0.9700000286102295,1.4523619413375854
1.0253572463989258,0.9650000333786011,1.2698520421981812
1.0284732580184937,0.9500000476837158,2.016822099685669
1.0249253511428833,0.9700000286102295,1.2514420747756958
1.0405380725860596,0.9550000429153442,1.183732032775879
1.0199999809265137,0.9800000190734863,1.048811912536621
1.024999976158142,0.9750000238418579,1.1336820125579834
1.0233234167099,0.9700000286102295,1.1279319524765015
1.0574803352355957,0.940000057220459,1.2819020748138428
1.029536247253418,0.9700000286102295,1.0591719150543213
1.0213335752487183,0.9750000238418579,1.530142068862915
1.0199999809265137,0.9800000190734863,1.1703120470046997
1.0426825284957886,0.9300000071525574,2.046571969985962
1.0199999809265137,0.9800000190734863,1.0605919361114502
1.021597146987915,0.9750000238418579,1.169551968574524
1.0225032567977905,0.9750000238418579,1.3230520486831665
1.024999976158142,0.9750000238418579,1.0362019538879395
1.0231903791427612,0.9700000286102295,1.2631020545959473
1.0303231477737427,0.9650000333786011,1.2982319593429565
1.0199999809265137,0.9800000190734863,1.175812005996704
1.0258711576461792,0.9650000333786011,1.2859820127487183
1.0318225622177124,0.9450000524520874,1.6497520208358765
1.0298486948013306,0.9550000429153442,1.3610420227050781
1.0484950542449951,0.9100000858306885,1.7293720245361328
1.0358490943908691,0.9500000476837158,1.2745319604873657
1.022611141204834,0.9750000238418579,1.1391119956970215
1.0291461944580078,0.9500000476837158,1.790362000465393
1.042285442352295,0.9350000619888306,1.570992112159729
1.0364843606948853,0.9450000524520874,1.4422019720077515
1.0199999809265137,0.9800000190734863,1.0782819986343384
1.0281497240066528,0.9700000286102295,1.1485720872879028
1.0199999809265137,0.9800000190734863,1.0473819971084595
1.0586072206497192,0.8950000405311584,2.3961918354034424
1.0199999809265137,0.9800000190734863,1.0767419338226318
1.0345995426177979,0.9450000524520874,1.142001986503601
1.033071756362915,0.9500000476837158,1.2214218378067017
1.0277354717254639,0.9650000333786011,1.124351978302002
1.0199999809265137,0.9800000190734863,1.0639618635177612
1.0221408605575562,0.9750000238418579,1.0542320013046265
1.0432102680206299,0.9250000715255737,2.9878122806549072
1.0199999809265137,0.9800000190734863,1.0518521070480347
1.0199999809265137,0.9800000190734863,1.0532219409942627
1.0515413284301758,0.9150000810623169,2.4682018756866455
1.0449999570846558,0.9550000429153442,1.216062068939209
1.0399999618530273,0.9600000381469727,1.2183420658111572
1.0446593761444092,0.9200000762939453,1.5085821151733398
1.0329188108444214,0.9550000429153442,1.1674920320510864
1.0271114110946655,0.9650000333786011,1.1573721170425415
1.0279074907302856,0.9600000381469727,1.1981920003890991
1.037840723991394,0.9350000619888306,1.7280819416046143
1.0303231477737427,0.9650000333786011,1.2998719215393066
1.0199999809265137,0.9800000190734863,1.0583220720291138
1.0360164642333984,0.9500000476837158,1.5507819652557373
1.0259761810302734,0.9700000286102295,1.1875619888305664
1.0353806018829346,0.9500000476837158,1.6985219717025757
1.0321346521377563,0.9550000429153442,1.17769193649292
1.039557695388794,0.940000057220459,1.4058420658111572
1.024274230003357,0.9650000333786011,1.3465819358825684
1.0199999809265137,0.9800000190734863,1.2366620302200317
1.03017258644104,0.9600000381469727,2.2642719745635986
1.0286078453063965,0.9550000429153442,1.3751718997955322
1.0269951820373535,0.9700000286102295,1.5336220264434814
1.04683256149292,0.9250000715255737,2.740432024002075
1.035599946975708,0.9300000667572021,2.309842109680176
1.0287425518035889,0.9600000381469727,1.3302019834518433
1.0281903743743896,0.9650000333786011,1.1201618909835815
1.0349451303482056,0.9500000476837158,1.460211992263794
1.053288221359253,0.9150000214576721,2.0502219200134277
1.031528353691101,0.9500000476837158,1.7486120462417603
1.0199999809265137,0.9800000190734863,1.0596920251846313
1.0221004486083984,0.9750000238418579,1.0877621173858643
1.029593586921692,0.9650000333786011,1.1257120370864868
1.0382732152938843,0.9600000381469727,1.3001819849014282
1.0253773927688599,0.9600000381469727,1.5240120887756348
1.029416799545288,0.9600000381469727,1.2740620374679565
1.0375077724456787,0.940000057220459,1.3770720958709717
1.0199999809265137,0.9800000190734863,1.193552017211914
1.024267554283142,0.9700000286102295,1.3445719480514526
1.0199999809265137,0.9800000190734863,1.1345919370651245
1.0214906930923462,0.9750000238418579,1.160141944885254
1.024999976158142,0.9750000238418579,1.050421953201294
1.0305453538894653,0.9650000333786011,1.2457020282745361
1.046359658241272,0.9350000619888306,1.5755020380020142
1.0282793045043945,0.9650000333786011,1.0656520128250122
1.024999976158142,0.9750000238418579,1.034511923789978
1.021345615386963,0.9750000238418579,1.287182092666626
1.0302708148956299,0.9550000429153442,1.3652119636535645
1.0199999809265137,0.9800000190734863,1.1460620164871216
1.0336616039276123,0.9550000429153442,1.4786220788955688
1.0258042812347412,0.9650000333786011,1.2474420070648193
1.0199999809265137,0.9800000190734863,1.0575319528579712
1.0530864000320435,0.9350000619888306,1.3142420053482056
1.0199999809265137,0.9800000190734863,1.0684120655059814
1.0229276418685913,0.9750000238418579,1.1224420070648193
1.0367794036865234,0.9600000381469727,1.198612093925476
1.024245262145996,0.9700000286102295,1.1224620342254639
1.0199999809265137,0.9800000190734863,1.243311882019043
1.0336235761642456,0.9550000429153442,1.3460019826889038
1.0265246629714966,0.9700000286102295,1.0861718654632568
1.0199999809265137,0.9800000190734863,1.0756919384002686
1.0288807153701782,0.9600000381469727,1.1433221101760864
1.034082055091858,0.9600000381469727,1.3345221281051636
1.0543594360351562,0.9100000858306885,1.8889318704605103
1.0199999809265137,0.9800000190734863,1.0375418663024902
1.0333565473556519,0.9550000429153442,1.4446721076965332
1.0369278192520142,0.9550000429153442,1.4188519716262817
1.0309042930603027,0.9500000476837158,1.2383520603179932
1.032006025314331,0.9600000381469727,1.4877920150756836
1.0391030311584473,0.9500000476837158,1.3738219738006592
1.045491337776184,0.925000011920929,1.9625020027160645
1.0363255739212036,0.9450000524520874,2.029572010040283
1.042715072631836,0.9300000071525574,2.38263201713562
1.0275532007217407,0.9600000381469727,1.1136820316314697
1.029178500175476,0.9650000333786011,1.041592001914978
1.04096257686615,0.940000057220459,1.9637119770050049
1.0400793552398682,0.9500000476837158,1.3078620433807373
1.0243011713027954,0.9700000286102295,1.063551902770996
1.0222673416137695,0.9650000333786011,1.3092421293258667
1.0199999809265137,0.9800000190734863,1.0626920461654663
1.0199999809265137,0.9800000190734863,1.068992018699646
1.0314439535140991,0.9650000333786011,1.1280819177627563
1.029561161994934,0.9600000381469727,1.2895020246505737
1.0222786664962769,0.9750000238418579,1.1176820993423462
1.0257151126861572,0.9700000286102295,1.1999820470809937
1.0241413116455078,0.9700000286102295,1.3103818893432617
1.0330679416656494,0.9550000429153442,1.6692720651626587
1.0419869422912598,0.9450000524520874,1.6308120489120483
1.0289314985275269,0.9550000429153442,1.3759620189666748
1.0199999809265137,0.9800000190734863,1.0689918994903564
1.0401142835617065,0.940000057220459,1.2315219640731812
1.0212563276290894,0.9750000238418579,1.1131221055984497
1.0387473106384277,0.9500000476837158,1.1849820613861084
1.0405380725860596,0.9550000429153442,1.1836819648742676
1.0199999809265137,0.9800000190734863,1.0929219722747803
1.042976975440979,0.9450000524520874,1.1394020318984985
1.0367313623428345,0.9550000429153442,1.2875020503997803
1.0378081798553467,0.9500000476837158,1.5999220609664917
1.0243667364120483,0.9650000333786011,1.2179820537567139
1.0330712795257568,0.9600000381469727,1.2290420532226562
1.0234555006027222,0.9700000286102295,1.1204019784927368
1.021132230758667,0.9750000238418579,1.0857019424438477
1.0199999809265137,0.9800000190734863,1.1655420064926147
1.0199999809265137,0.9800000190734863,1.0466818809509277
1.0223278999328613,0.9700000286102295,1.133952021598816
1.0309038162231445,0.9550000429153442,1.3948920965194702
1.0235354900360107,0.9750000238418579,1.06728196144104
1.0376087427139282,0.9600000381469727,1.1619619131088257
1.0407013893127441,0.940000057220459,1.5896620750427246
1.0309314727783203,0.9600000381469727,1.2190721035003662
1.0248461961746216,0.9700000286102295,1.2013620138168335
1.0274406671524048,0.9600000381469727,1.337951898574829
1.0199999809265137,0.9800000190734863,1.0924919843673706
1.0303773880004883,0.9600000381469727,1.4010119438171387
1.0219542980194092,0.9750000238418579,1.118962049484253
1.0199999809265137,0.9800000190734863,1.1151819229125977
1.0366895198822021,0.9500000476837158,1.1758419275283813
1.0395256280899048,0.9550000429153442,1.1007518768310547
1.0199999809265137,0.9800000190734863,1.0285720825195312
1.0345256328582764,0.9600000381469727,1.1022019386291504
1.0331382751464844,0.9500000476837158,1.2908620834350586
1.030683159828186,0.9550000429153442,1.7869919538497925
1.0199999809265137,0.9800000190734863,1.1126818656921387
1.0222208499908447,0.9700000286102295,1.3220319747924805
1.0381720066070557,0.9500000476837158,1.3901619911193848
1.0295226573944092,0.9700000286102295,1.0347321033477783
1.0221437215805054,0.9750000238418579,1.031332015991211
1.0238471031188965,0.9700000286102295,1.1593619585037231
1.0199999809265137,0.9800000190734863,1.0721518993377686
1.0199999809265137,0.9800000190734863,1.1645820140838623
1.0199999809265137,0.9800000190734863,1.05662202835083
1.024999976158142,0.9750000238418579,1.0368019342422485
1.0484440326690674,0.940000057220459,1.2666419744491577
1.0199999809265137,0.9800000190734863,1.0402820110321045
1.0267510414123535,0.9650000333786011,1.3261620998382568
1.0322250127792358,0.9600000381469727,1.103782057762146
