1946
4521
10363
1682
6029
5709
9608
5763
6272
3240
2718
6075
2307
2612
6067
6154
971
1129
8243
4072
4180
3197
7498
9126
5380
5560
15
4359
7159
1589
4615
1255
7485
1169
9245
4245
9329
4519
4712
270
7971
5100
4802
143
7442
389
4124
4569
5279
917
2632
9174
4446
9972
5627
2897
10126
2115
10518
3669
898
7237
8456
2749
3076
9144
5820
1417
5231
6084
5094
1424
8184
9709
8013
1282
3731
5722
2603
5278
2881
481
702
3291
9901
1801
5398
7636
7033
7827
5908
3758
4304
7416
9094
190
3388
6619
540
9491
4367
7486
968
1972
8426
5435
8131
4834
6189
7733
6765
6341
8359
3860
6728
8990
10195
5542
1893
8701
719
2241
5475
5222
3108
9626
2540
380
1346
9700
7294
4623
1596
5206
6686
4448
3835
2824
5149
3469
6116
8505
5774
6497
9997
4238
534
5339
5305
1110
5947
3594
6924
3239
2338
6143
3380
2990
8201
4781
7386
5864
6594
555
4164
6362
5927
10625
3534
6734
8246
8114
2691
1494
4631
3386
8634
2020
2569
757
8767
7071
929
981
10116
3857
4565
6520
9710
5938
2840
1432
9406
10413
5442
1396
1985
3957
4942
5898
10561
6210
3913
1679
4006
621
6945
8076
8808
8812
7707
9507
7866
565
6965
856
4624
689
5408
8523
2863
10171
1379
8930
9740
2839
4363
4054
6744
9112
2684
6376
8521
551
7790
5920
234
6426
2242
997
6124
7983
2176
3084
2963
7674
5910
6162
6253
1463
5451
4720
416
9168
7332
7781
1350
3559
1400
6863
1451
9167
6353
807
7678
6007
2102
8748
476
3203
292
10098
6461
6490
5207
5732
650
7208
3244
7682
7850
9820
4073
8216
1187
821
10058
4464
3258
443
9769
9606
7913
6893
9879
5725
4153
1680
2743
2862
4061
371
7151
7956
2374
9186
5804
4191
2084
5172
8815
1626
4524
3853
3304
2518
7890
3402
9292
7794
5232
1074
10481
4279
5282
5949
5424
6230
9647
598
9104
4931
10602
3301
5507
6078
7778
1652
4303
9065
8558
10291
4421
9990
2842
6918
10329
5326
2618
4731
9075
9649
6868
3601
4308
6953
2524
503
8667
6961
4666
6333
8041
9545
6630
2935
4494
6512
5876
291
3852
8602
10615
0
3198
9132
408
1133
7981
1883
7290
5331
4576
4618
2227
956
8576
2771
877
5266
231
8554
6020
6909
4173
6145
8393
10330
8656
1020
10428
6359
10011
852
7329
6455
1465
10346
9013
6720
3626
3904
8070
6604
9926
10616
10215
7426
7189
1921
8018
732
8375
4622
10156
7108
2869
1706
8884
8109
818
6080
872
9458
744
5702
10415
5960
7156
10274
550
3811
10090
8596
3152
1171
9283
2220
3661
4285
3531
9082
5501
8991
3351
3026
6584
7710
7187
3141
5566
8179
5752
5636
8624
9753
440
9836
6065
6297
2596
2721
630
7735
3405
7311
2144
4768
6577
9865
3227
1244
7585
5813
3296
6086
2995
2822
4488
10042
865
8081
5212
1142
238
5286
1547
6531
8972
3327
4
6873
2370
6510
4978
9228
5800
6281
4702
10550
2946
6546
2729
6305
6347
7706
5091
6307
9961
3252
3994
5103
9106
4246
9822
4766
984
3540
3232
5096
1010
2544
1200
2803
1751
2183
6867
10473
4606
6227
2816
9968
1716
927
6071
9622
8998
305
5987
5963
393
5066
10593
315
3263
8775
171
10176
5152
7257
7845
2833
1621
9610
9588
111
3134
5411
74
4296
9578
656
3350
5447
5483
7911
8352
3983
4544
4501
6702
6562
5662
696
10621
6699
6417
6444
8136
5459
5693
6987
3867
1532
1168
3267
1955
2913
3298
426
4699
3392
7816
1002
7213
7677
1290
3911
9260
3236
2080
2160
6761
5342
5384
1846
3435
6766
9612
6103
7456
174
699
6130
4486
6621
1872
1692
6949
1105
6026
128
4343
19
8654
10397
5557
10227
4455
7006
1672
236
3641
4110
8092
828
5209
3292
1484
6890
5975
991
795
3827
9321
8089
6835
5519
790
4152
7216
8358
4033
5883
9966
8466
1107
5982
4914
6044
5123
1040
6947
5081
377
10230
1115
3973
1241
7043
8283
5323
5946
885
6115
9257
3058
136
7879
6654
8281
4709
799
9081
10021
8069
584
9366
6119
5785
569
1719
2291
5020
55
539
10104
457
5141
6722
1356
2645
1239
10313
1343
6336
4305
10044
10275
4183
109
3771
8230
2638
7764
7614
3459
3451
5127
1066
5576
8854
1059
5184
8903
822
7429
8399
51
332
10517
2458
9680
1696
5208
7604
4714
9671
2663
5667
9377
3537
8447
4376
8712
5360
2525
9341
3148
7963
2284
8893
658
3422
7621
7093
2731
3317
9650
4017
10586
9694
9599
3713
8398
5821
7063
3745
2283
10535
9512
2788
4331
2730
1213
8876
10628
9918
1901
8915
8865
4401
6851
3344
4844
5377
2157
5680
1257
6459
5608
3128
4294
4681
1550
2630
10095
3725
8569
10150
3489
3
3942
2421
3962
3285
387
4257
7943
1515
7838
6809
4900
2646
3535
1249
1549
6827
6303
5136
10506
4831
3421
5657
1501
1299
8869
1563
8936
8093
10624
3481
9760
6689
2916
6814
6675
2373
3513
3776
4133
2328
8960
2655
1766
3685
7635
634
3472
9419
4468
8196
9935
3519
4274
6678
8137
6812
8500
1794
3106
7367
3019
9402
1943
4080
2243
5450
10
4358
3542
8387
9339
3254
2447
8492
3287
5613
1275
4267
10412
5887
7988
7465
1996
9807
2151
7657
3958
573
8191
8875
460
5069
3978
7184
5319
2680
9000
3154
9370
1871
1108
9131
813
7921
351
3810
2
1896
6445
6493
4310
1291
670
4600
8922
7796
3588
2944
10287
724
1613
9397
1877
2386
9540
9455
7492
8470
7770
1880
4149
10124
1306
9195
4590
1557
10505
4843
4203
10111
6326
2383
9365
4904
4539
1388
6027
9565
161
2658
5678
6908
6532
4876
9679
6960
203
9676
6149
7533
6866
6420
4987
2371
4534
7611
9535
1760
4905
3004
10027
5053
554
9983
2696
6318
2880
1748
7236
3883
9189
3881
1026
1705
4547
4498
8473
2083
8798
5528
9255
193
9281
6791
8885
1630
139
5660
6618
5978
2909
7167
2050
6780
5761
1006
1969
4794
7094
3190
4718
2464
2797
8279
9867
3417
1505
5386
9401
8511
9634
4925
714
7615
7627
6480
9244
216
4176
6816
9937
5296
8117
6327
9574
2498
5998
8367
4268
6542
7328
7768
1602
9576
4315
8677
5281
2686
127
8971
9549
10255
226
5569
5265
9658
6639
7836
4059
6147
9944
6489
533
2178
5482
5751
5071
6588
9913
5065
1954
8613
9951
9121
9643
1564
9338
4405
5884
1584
7666
2864
6735
5139
4117
2667
3204
726
6355
3403
3924
8591
7198
2543
5010
10251
5108
3385
9847
896
10569
7164
9012
9653
8268
1397
6833
4973
5389
6169
4056
9166
4252
8276
9224
7937
10581
6536
3457
8994
10064
7221
8983
1406
1539
1566
3211
1351
5769
2676
8647
1345
1953
4140
1935
8236
1056
2439
7731
5487
5425
7771
7875
1381
2107
5345
1875
7186
8008
3113
728
6758
2236
3091
4364
9246
4820
743
6366
649
6511
7153
2429
5272
1769
7489
6021
4076
7365
4508
7029
3335
8771
765
9299
6612
2468
489
9624
612
4613
4916
3284
4357
9352
9449
9264
2849
8925
941
7995
2389
7784
3522
4023
9215
4697
6943
6659
8079
5843
9410
5062
4805
2298
4087
4592
5418
4813
8165
6456
7358
8045
10520
3676
4089
4484
4882
5422
5867
3079
5468
2716
5936
1281
3874
948
6838
1675
7779
9216
6098
9550
4751
952
6519
5354
5443
2446
5028
280
2878
2961
3735
6023
8618
1292
4126
8684
6523
4814
9046
6357
2868
6558
3786
4707
10173
8630
1884
5122
10137
4715
9371
1825
8333
6329
7560
1015
7202
1824
1862
6009
5720
10524
1958
8304
37
4633
8937
5196
6698
8309
8497
1697
7932
2852
4461
512
5916
6672
2653
1024
9011
3926
2579
4293
9882
9791
3448
3433
255
7210
6858
5873
2217
407
5210
7673
2769
6273
4808
8992
5146
7783
1178
7734
6180
6361
9717
7537
1977
6316
8258
7190
6106
4736
4171
1362
7334
5041
9824
3710
6772
4088
9427
4373
4948
8689
10331
8631
4016
4378
9045
1311
9333
5493
9803
4513
9601
5001
2754
9521
10174
3460
8078
9636
7597
7384
8498
9868
3238
3523
5174
322
5928
1153
9642
5766
4827
2379
5307
1894
1212
5199
4701
7854
3028
10396
1559
1240
6995
8104
7059
8501
7837
8546
1952
5012
2007
3498
10204
7762
10459
1499
7061
9914
5432
1113
4886
6578
8734
10493
1641
881
3423
3428
5724
10250
3219
7484
6860
8322
2647
8822
9967
2063
4678
1063
9950
7224
7600
2917
8872
5831
4777
5957
1474
1758
3816
3604
7226
1658
3748
8874
3956
5832
8480
9766
9055
7483
6205
7649
4863
6288
7440
70
3456
9614
2297
4336
6876
9172
108
3109
2530
9696
7581
7914
615
454
5073
7705
9248
4205
8321
7313
10288
7852
2541
2649
3000
9660
5084
5201
3611
5328
1128
3939
4972
6916
8763
6716
7982
6051
7112
2620
8895
8250
9234
327
10566
2817
4562
1481
2900
445
2417
6285
3809
4314
2180
4299
1523
3824
866
4270
996
4523
10271
1315
7065
515
1733
2733
9403
1715
8805
1888
7352
10439
7502
1951
5943
10168
6372
71
7293
5775
5726
5290
6586
9613
9770
8335
1614
2161
3873
2934
1021
4705
7048
6614
3147
206
5113
9308
2438
461
6849
3607
2553
7030
1492
10082
2545
8672
241
9148
9009
7252
3445
6582
1498
1326
6370
920
914
7422
6932
4747
6969
5074
2508
6157
10240
10244
2351
2461
3829
9256
218
7817
32
9020
10311
7619
5359
5037
1452
9332
8973
1445
6616
10281
9344
2073
2166
10225
2595
6123
4796
2410
5568
3722
5964
2067
7379
6516
2299
4716
9998
8878
6017
8743
4150
9486
4597
8907
9864
179
7325
2871
4971
5704
7644
5921
5733
9619
8145
7446
2532
9373
3530
7165
4499
5573
7929
1493
6209
1075
5644
6554
2496
1167
7473
9644
10500
5554
9313
3902
64
2657
6279
10284
7322
4004
4957
9200
7089
7991
8508
5316
5548
6114
3283
2164
2167
7892
7459
6631
10341
10375
9150
4542
3583
837
5903
4994
5301
4182
3963
5710
247
189
7774
808
9657
1874
7321
6658
2269
6439
3655
3718
1324
4493
6414
1536
4529
2442
3518
4160
3247
949
10200
5655
6861
9743
2044
8084
9461
5413
9025
7803
2984
8820
5498
10470
2320
6284
9698
1185
7863
3585
5197
4342
3668
2344
7393
4388
9420
7721
9182
1782
9516
5791
5068
4365
9948
10538
6298
478
4686
5799
3188
9105
1809
3207
3921
9416
805
4034
1588
5899
3177
993
9669
8347
7000
8729
2751
9602
8985
8030
1594
3628
5705
9279
4029
1460
3279
278
4643
10117
1060
2834
8286
3966
5438
3614
2097
10314
1942
9661
4064
4344
9276
9327
86
10557
3756
9221
8385
10229
6880
7862
10030
5491
1853
10120
2173
3985
8974
6468
742
4338
3698
1699
7727
2726
6549
3724
6161
6656
6925
9354
2820
2629
8916
6295
1640
7915
2768
8965
5042
7563
3947
10231
10219
7545
7369
8256
8696
4266
3452
9799
10220
752
10276
6410
7017
9181
6514
8777
10512
5321
5423
4910
9604
4861
7265
5444
2454
958
3896
6524
5397
6606
7460
8422
156
10070
431
2452
3701
4145
6738
10451
9672
2513
4745
9034
3767
6076
5718
10603
1775
8300
7637
5517
7933
9810
2560
5854
6193
1163
160
10080
3314
730
1126
4011
7840
6391
9960
6003
8687
9202
6472
1355
8933
3712
1438
6228
3775
2247
7350
10009
3557
2512
7207
7516
6483
3124
4097
10085
110
4161
7691
5673
2009
1008
2661
4427
8555
7955
10102
6662
1430
9682
16
8294
480
6394
4730
9064
301
6732
2882
3200
233
4179
4460
2313
9047
10013
7194
7517
10294
6872
5743
8388
8112
3937
6109
563
2571
2907
3788
8585
9367
8138
78
4198
1220
6553
5731
2300
6843
3477
8111
10527
2419
264
4951
5367
6314
1627
1046
7140
7506
5489
2202
3571
9994
8481
7185
5492
2905
3303
2626
1336
4047
2505
8913
1
5670
582
926
4912
3093
10123
3160
10539
9993
6453
4330
9014
2890
9382
8722
9033
225
5793
5045
4535
2201
5504
335
5532
6025
1279
8943
7608
8806
5988
474
9605
1678
9973
3525
3598
8189
1421
5470
9741
9582
2994
2535
259
9315
9721
9407
9781
9411
7023
5218
1348
5838
998
1793
4481
2324
7272
2802
8900
1879
5124
8674
7782
8027
1268
10092
1308
10221
548
2487
5602
2872
874
1976
6475
1207
9902
2466
452
4639
3812
10596
7564
10407
9322
3404
217
4480
1036
8318
4726
8680
4926
6782
9718
3968
7941
3251
8665
10246
5429
8416
2679
4134
4588
779
2177
6877
2504
2281
9298
7491
2813
4583
5558
258
7085
6054
4220
6901
1053
7761
4557
8022
4739
1632
5599
2974
9
8632
8253
8685
2958
10016
4422
9073
6217
4156
661
1540
2295
6753
6989
4915
138
2928
1072
1401
10020
3759
954
9424
5794
5006
8174
6704
4253
788
1835
2194
4800
2309
2190
4104
10367
3814
8370
7910
9219
5922
8222
848
6416
9872
764
986
7171
4966
10073
3750
7742
319
4292
6257
1425
5807
1502
1900
2418
4158
4258
10358
6164
6428
5575
9506
6338
6693
6504
9947
9010
9623
9369
5293
1702
10426
3413
4964
5875
8835
9423
6990
8054
1939
1929
5101
9272
9976
6724
9448
8620
5355
7952
3689
2860
6211
3400
9575
122
2092
9282
9573
9351
6978
10096
22
3453
493
517
8287
7716
1735
1752
1569
7273
2159
6669
7183
3819
1861
987
8912
4710
1791
9778
8463
5746
8514
2257
9958
1238
7196
8034
8459
8450
3049
1792
4582
8337
6649
3901
212
6177
8127
4581
10405
7865
1820
9764
3993
3573
9133
8144
1827
2865
6354
6844
4254
5148
6095
9835
9655
1829
1987
268
2927
5852
8125
5249
8423
4525
333
10472
5698
7168
116
2136
187
2552
1604
162
3632
2142
5242
3948
4765
711
8128
7909
6628
6260
5758
3605
8797
3438
4909
7298
3615
8164
6012
5656
7647
679
6
961
9425
868
8749
8986
10433
9852
1583
716
10386
9476
9899
1579
2087
8228
65
2476
2770
1833
6396
1165
9940
5737
1331
7923
6956
1395
8020
977
2602
7344
3592
10059
2099
2511
5135
9043
6823
1086
4043
1248
7824
1276
8966
1025
908
496
5572
8194
7081
9957
9809
5736
3684
1385
8579
6709
4841
10248
9877
5111
282
6063
9763
8269
1962
6113
1841
755
2912
7289
3463
1774
9737
8187
8254
4070
9041
9380
4215
3742
115
5055
4804
3416
4537
38
2239
404
1232
269
8248
3132
1868
3951
937
7360
4840
8963
4872
9999
7215
6712
10403
1860
9061
5369
4729
5767
4955
2296
4002
3228
5363
6784
7847
3815
4667
7821
4786
5999
9386
1968
5230
9080
4928
5564
5021
2592
4042
131
4416
3102
1130
2899
7992
10151
252
8479
3085
2197
3572
7414
3473
7697
10205
4963
8214
4324
7788
9331
3591
3213
7966
2983
1721
9263
6233
3907
8044
4641
7990
6430
7275
10548
9394
9436
4206
8671
9483
7576
3140
1483
3823
3925
6959
7452
7934
5535
2103
6395
3280
10462
10264
3382
1340
379
6151
8340
9284
10159
2973
1371
5652
8954
2932
9530
7434
2578
3828
9638
6743
876
1375
4945
7070
4328
7775
8097
3176
7526
1756
5070
6204
8482
3161
7857
9477
5395
4694
485
8271
591
7587
3278
300
6066
1950
6389
2191
683
4189
7345
10324
5869
4941
1382
376
3515
8368
9345
4170
4264
10568
8662
3307
4752
4795
10089
5137
4443
5409
7548
6778
4349
3634
4992
498
1710
2169
3483
1674
1787
1061
2118
197
1517
7687
8377
657
8355
4630
8702
5456
3919
5914
2763
3552
1325
4939
2635
10541
925
6039
7720
4958
2738
2841
8267
10323
7212
5131
3822
4217
5538
3979
3437
9247
3990
9464
688
8997
722
4350
444
8603
5853
312
3548
1188
7264
6470
4913
4632
5745
7709
6792
2068
9714
9355
935
1811
4332
1940
5057
6938
4601
1265
8133
9817
798
6707
7590
9037
3432
3521
9388
9364
5181
3508
7250
7916
520
4375
3157
5665
3193
1312
945
9711
2854
1636
1352
7575
7118
7527
6175
8134
8121
9241
1677
2406
5300
6982
6692
6306
545
6589
793
5143
1112
3003
7142
2644
2002
6267
10035
1482
5897
1635
6265
2237
5929
1975
6661
6436
1961
10374
6935
2258
7005
9776
8284
3981
9487
2105
5890
3511
2290
2499
4584
1819
7458
7501
9955
579
9774
6402
5950
1304
6192
3877
8577
5584
2966
2329
3162
4138
2043
9929
2493
5633
2146
9988
18
5428
2162
2330
8870
1844
6801
7508
7525
5082
2497
2765
3202
633
1664
5659
5051
8707
8432
9975
4679
9291
2203
1317
4970
5651
3465
1307
6488
1558
6653
9941
6889
7994
77
8077
5520
10483
6741
8323
9268
6163
4614
9855
2082
8170
87
48
2109
9547
7686
2189
2875
1102
5494
263
9457
10188
10388
6435
1980
1922
385
1527
3397
10037
4722
3992
8564
8116
3067
4387
4932
9019
10551
7675
10272
2088
1191
7623
8102
6360
9592
273
3870
3897
922
3354
2472
7144
7928
1143
5676
2495
5858
6900
2072
5757
4190
83
7449
8063
1353
3117
256
7336
9875
8673
3155
5823
8299
1941
7058
4144
8305
8791
9293
5276
3999
8307
6676
3723
2622
4277
8770
5930
5427
2198
9962
8160
8366
9269
7435
2501
4505
10580
9744
4143
1284
8421
2078
5017
1206
9675
9992
5689
326
2910
9498
6419
8061
2614
99
9142
8715
5634
4202
6694
8598
5694
7229
2827
3717
4748
7815
4256
9208
9129
6674
7746
4811
7172
7822
6501
1111
6438
8804
8096
5388
5687
6268
7283
6559
5211
1785
10563
9560
10157
2918
10455
6173
2926
654
3282
3818
5324
9177
183
2412
884
4169
5351
8051
1127
9375
2585
3223
1689
8862
4201
10146
10476
1245
3773
6158
134
3486
9109
7143
2939
5840
3813
6040
10618
7248
7511
7917
6855
8637
6643
2705
7155
3444
9832
10209
3081
6726
2141
4885
8877
3040
3208
1717
3169
9254
4617
79
1573
5959
680
9805
964
7116
2989
2577
2996
609
3561
7338
4536
2340
7718
436
3862
7900
1288
3355
3411
8374
1366
8848
5497
2354
8713
6069
3977
8066
8332
6187
3325
8099
944
6973
1522
3616
6330
8993
4382
3842
4392
2015
3377
306
4737
378
5289
9362
2677
10074
2734
9984
6097
5373
1700
10395
8014
7083
10267
9472
397
2377
1777
10377
35
180
9713
2364
2076
4783
2341
1223
8955
6088
479
1518
7828
5254
2608
9087
6263
6513
10278
5817
4101
1570
858
10105
9058
6994
10049
9567
9050
10055
1870
4510
814
3865
7341
528
1992
10343
10366
237
4014
9306
681
1214
4374
5268
9716
4389
5933
5805
5630
3693
7349
2375
4708
5485
8391
4306
1078
3916
8272
8238
1510
2134
10607
2104
3341
4868
9566
6101
186
1591
9848
309
6213
7522
8295
707
6899
5509
1546
2218
7425
622
5105
10354
7632
2950
3034
6081
10553
2818
3374
9066
560
8694
1377
7543
1653
1648
8987
1090
3793
1669
9788
5900
4221
9309
6641
9155
8988
7820
1938
8989
8844
2310
3666
10053
6826
308
5416
3833
1934
849
497
1738
5755
3711
2941
557
4823
6203
1017
4867
2514
767
7753
9591
8611
1856
313
10148
8297
7870
6245
7062
1354
4775
3556
7126
9631
2273
6200
367
8024
356
7711
4568
6983
5117
8657
10452
4368
6822
3663
8773
33
9590
1189
8827
7965
614
7396
7671
2126
6082
10031
4428
140
5385
7339
7574
5577
1804
9159
2058
7454
5500
1181
9977
4607
6565
5285
395
4224
6603
5953
9006
1280
4871
5019
3593
2555
2333
7645
1357
6206
9532
3319
3785
9719
2031
9119
5619
2038
5802
8428
10256
8540
592
6984
3760
4083
3101
6441
3270
7209
7694
9873
10001
5503
5844
3217
5187
4159
867
1889
531
364
1423
7962
3570
9797
363
2489
9664
3103
2700
1838
5110
781
9188
2783
2480
3462
1991
1413
2609
9908
5366
8778
5616
9447
338
4848
7799
9861
9199
3375
5632
7617
10409
6462
2081
8324
6543
9965
1338
5770
1321
7326
8923
9787
3554
5214
7625
2831
9422
6770
10410
6981
5047
686
6232
7853
8239
2477
441
6457
4779
5827
2402
3953
2303
9113
8853
8261
942
5248
8040
6789
5550
4399
3630
1897
3847
1339
4738
4031
1910
2422
3470
1881
7985
6293
7700
1667
9502
9996
2204
3271
3300
7618
3935
7769
6056
9468
500
3506
6627
7922
1576
7812
92
4977
9363
3425
3394
8583
2024
663
2251
5312
7488
9336
1763
1643
2717
803
9505
2725
4943
2185
5906
6750
9768
605
10208
6378
9100
9023
8669
4758
349
1732
3191
2740
3082
6759
1534
9122
3331
583
7409
6921
5226
4921
3610
7919
10119
2040
7758
7744
2775
8628
3964
3671
2175
6884
2013
2488
5392
8526
6731
6946
6937
6986
5130
4979
3063
7381
1840
2149
4271
7813
5308
4184
7495
5322
10154
4113
870
10054
6344
7300
154
8188
3858
133
3621
1323
7749
8825
7197
8522
778
995
4346
10109
3334
10385
7926
4728
1776
6442
7650
223
488
7139
903
7626
7419
4478
1045
8640
8002
2143
3888
4862
4593
535
823
4574
2039
8
5460
751
4538
1963
2641
76
4242
5653
6601
9036
1902
4782
2482
8760
3941
723
892
2999
8072
8619
9628
1734
5005
10060
10045
3393
5940
9903
2478
7145
3273
1259
8496
7315
9438
449
8725
5138
3159
7080
7267
8513
9297
4327
2637
9598
8035
6239
593
7664
715
8607
9497
8444
7639
274
1228
606
10075
4317
5004
4967
1065
5880
4792
6290
5016
3311
4552
2153
8698
7161
10297
8429
10181
6479
10097
2029
8733
5107
2531
6006
10222
1149
9102
7643
1261
8220
10507
3670
9405
10384
2550
10547
2209
6927
10292
3012
3487
4218
499
9790
5849
6854
9635
3938
7335
1266
8711
2887
8237
838
4297
1916
8532
6052
419
9663
6625
8752
188
970
4495
7316
3419
574
8901
10441
164
546
8039
8952
486
2895
6829
5941
7475
2101
3233
2985
8537
7309
6368
8406
1140
5015
1289
2359
5772
748
5683
6302
5234
1528
96
9907
2991
3512
9459
3770
10345
10525
5904
8967
2576
2589
4269
6575
8563
3972
8842
9978
10198
7549
6881
8433
7556
1742
8486
8739
5506
4626
2440
2089
3133
3501
9866
6859
2184
8033
1344
4013
5220
2279
6033
4125
6718
4082
745
2314
10463
5349
2527
2539
9670
1622
6155
84
1231
7949
847
5553
6968
10369
5712
7476
2652
9236
3352
2811
3795
7362
749
3376
5803
8892
1403
9285
2021
1514
8465
9522
10076
5277
5036
8274
4564
1637
5592
6852
1960
10002
7163
9206
7895
4235
7181
1305
2444
9869
9277
3800
4058
10317
2707
5049
2264
575
4139
9077
9088
8776
1970
9349
2761
6637
7146
5870
63
5151
4213
9927
10237
4642
6749
1654
947
3878
8838
5352
1802
5481
5976
7500
482
9755
1533
5991
9586
434
9617
1865
636
10290
7728
4922
4223
20
6505
5945
6648
10571
7902
2724
7110
6384
9278
6971
10193
4178
4456
458
7726
1895
6014
8871
4231
589
3909
3493
1084
3135
10477
3367
3804
3222
10423
3348
8458
7370
6494
1808
9387
9580
230
130
10010
1869
3235
3967
3195
4115
3677
7987
1252
1436
7974
1631
7714
8560
4020
3910
969
9528
5406
106
3606
5238
9238
7285
7763
7743
9859
8718
9140
10402
1418
9511
81
9757
6774
2604
5524
794
1018
3631
4041
473
5570
875
60
4482
2245
9414
3854
7712
2698
3644
830
5815
7109
34
9504
3538
9183
253
9845
862
985
465
8781
1720
5834
4287
10083
10368
1081
5361
9296
150
6819
9076
841
6399
3378
7097
4658
3072
8750
9490
8946
2948
9204
7078
8561
6871
9032
6443
10468
1368
8650
5723
5471
8897
662
8891
2998
4837
9467
1170
3912
5747
8260
285
2450
4838
6527
9991
7891
1162
118
7701
8356
8799
1814
2271
2903
4383
9460
4935
2077
3952
7307
2892
2561
10446
6856
2285
7514
8614
7107
8977
7397
7999
4919
2363
7136
4400
7244
4457
8031
6576
6580
7076
8980
3426
2388
3220
9097
1866
2228
2449
4724
1698
10079
6126
7087
7601
3884
8177
8080
2906
7715
1778
9871
6555
9553
3206
1298
9906
283
1104
9517
2521
3866
353
227
4406
207
747
2791
8700
7346
9500
8310
6484
9896
697
9141
10122
7232
3653
5780
641
1186
2922
3256
4483
5269
8302
3242
673
7342
10293
3001
9134
5161
967
3170
7028
7141
4689
3090
75
7950
5344
4640
4135
8648
9203
5182
3167
4167
7745
7885
8709
2322
1057
9303
7374
2710
8342
8969
6492
8754
2396
9887
766
8159
5469
2507
3464
5002
3221
7655
3105
4887
7420
8435
7802
5372
4665
9893
6172
2486
3031
6407
4372
6269
10332
3769
2404
607
8503
1531
6181
10496
7805
10266
8573
6529
4479
5798
8158
152
7480
1708
5341
7036
6385
6557
8818
7936
9615
4077
10114
9169
5703
9989
1642
8769
10061
10540
9842
10444
2008
6448
3412
5549
1762
5672
6671
1019
9583
8290
9915
8108
8143
5886
4361
5317
6552
5159
355
2095
4351
1537
10435
7371
7839
597
2326
4784
8666
1586
7888
2248
3743
4757
7551
3068
10162
4587
6714
9090
3876
6159
9651
10056
6701
1297
4649
9209
7306
3164
3225
3340
4810
9954
5374
4755
1085
286
3401
5313
7905
9175
3443
6683
3533
6670
8351
8823
10106
8795
9079
888
10488
1790
8105
978
5461
221
3945
10236
3353
7135
10197
4209
639
2832
1151
2656
5637
2277
5251
9720
5246
8792
362
10108
5333
960
7567
5463
1904
3381
4732
10555
423
8329
5502
3418
295
10379
5808
2393
7103
3272
5086
8405
9695
4826
6645
159
7540
10335
1898
1772
4746
10421
287
1125
7234
2779
2400
2633
4208
8425
6036
7835
1603
5871
9418
1328
10261
5076
10110
4580
2762
4239
1521
2866
9724
4742
9529
7996
5784
2660
8978
7653
5204
1009
8691
6090
9435
2139
2570
10265
7552
7544
9538
9028
7713
734
10130
1722
9554
2911
5646
6183
3627
5701
3179
3070
6679
6471
2982
8289
1807
10576
916
10252
1585
3112
3933
1590
9953
7842
6328
4396
513
7254
2701
3295
10115
347
4566
5545
1949
6093
4114
8984
9304
5951
9704
4473
8150
8951
6611
8737
8932
7479
2049
8468
7959
7403
6599
1109
10062
9708
8552
10434
2116
10511
4210
8517
7088
8455
9044
8180
464
2619
5256
9952
7702
1480
8234
7380
8642
5891
3740
1759
9587
1887
3514
9307
4021
9674
4492
7206
8474
1665
2367
2301
5695
9697
10414
9641
10299
3868
6345
4527
910
7060
905
7871
120
3069
325
1083
6463
8373
9262
9916
5
1055
9881
10194
6346
3774
3954
7262
3664
928
10158
10542
9062
2465
4865
9804
10199
208
2246
8424
7978
8565
2593
166
3959
4835
5288
1625
7423
5531
5126
9432
2348
8682
7595
199
8948
6221
4467
1623
168
4852
1983
4369
5092
4555
3645
1154
7685
4898
4100
7299
5810
9910
1030
6739
5589
3658
7661
9086
7075
1043
3144
1226
1441
2263
704
323
8301
9128
4391
6781
9212
10380
7002
9510
6907
3142
1633
7738
6691
394
7406
8716
4280
8918
2214
5530
8879
3660
625
2809
1595
3461
9637
10546
3850
1821
1530
6652
354
3796
10257
1073
3869
8921
10526
2226
2294
6573
695
6001
4655
7113
10318
5295
8178
10305
2028
1822
7271
8494
7908
4015
9775
2542
8502
9890
8400
8741
7281
249
10501
1391
3738
3332
10161
9220
3633
7050
7889
3544
7337
6019
1158
10308
9465
374
5052
4604
2921
5952
5009
3545
8019
6089
3936
6634
703
10562
5640
1342
1447
9552
2122
4763
463
7372
432
10461
1629
56
6190
10036
9379
6215
126
819
9692
5932
1106
9596
10552
6803
1012
10365
2112
2703
7245
4693
2573
2949
8627
1845
7695
7279
396
3178
1578
5679
5306
7504
5981
10360
8625
2163
5597
7583
8232
7624
2158
9533
2252
1553
4120
1601
2479
2358
3181
3100
2773
1771
8852
9840
1905
1457
468
114
288
700
5571
9839
4825
9230
9518
4829
8717
5309
5795
6312
1203
8970
8790
3315
5594
7740
9632
2407
5150
816
3361
4222
4700
8208
3014
1567
8006
6294
7175
6988
10425
5641
6919
4953
9374
1435
9683
7519
6888
1982
943
10280
9378
3099
7620
6335
2855
43
6883
6000
953
6156
2789
10326
7493
2943
8401
7035
2954
2048
1358
7266
6560
9392
9938
9154
2035
7973
7964
7154
10573
1145
1885
864
2877
3249
7188
6839
1033
1199
5177
3642
10192
10598
8392
9454
10383
10599
1651
4281
5967
3864
1503
4740
10160
5848
8728
4762
8262
8285
8266
5510
5040
10601
6299
314
2131
2551
4127
5227
1718
2355
4965
1903
9404
588
6892
1449
10605
1684
829
5829
7117
5615
2041
6673
2128
8334
204
1685
5544
9357
6422
4635
7737
88
6283
9982
7200
1984
3395
3110
384
7806
69
3174
1764
3024
5809
1014
9101
564
3415
3648
811
7096
2581
5018
9440
507
6570
321
1597
7056
4692
484
8864
7883
4790
8883
147
10241
1359
3011
1611
8845
9811
5465
8531
3836
5984
6685
3075
8927
4663
3797
2599
9482
6710
5968
9318
9242
9197
3649
8265
9443
4858
10536
8615
5595
6933
845
4380
8794
2254
7176
8233
5515
5287
5391
1713
895
9005
3801
6830
2244
6985
5176
9734
7830
4040
5034
2975
3095
4908
8605
9923
10132
825
5477
1575
7542
1812
5822
8533
9071
93
2776
8185
329
10025
10584
3379
1271
8793
9227
9156
9739
3293
731
7659
6754
9110
8814
10071
3991
1673
9876
1077
4335
8311
6482
1725
1254
4789
4780
4888
6948
1294
4086
5985
6171
9597
4897
447
4295
5067
3656
9537
4418
7550
8542
3789
6958
2556
3048
8959
5526
2154
9846
328
3007
7021
9789
4340
8858
7324
4132
3781
2713
10015
10093
6247
6176
6767
5989
9904
2205
4309
2859
10600
3780
8443
2424
8594
211
10471
9880
5474
5631
5782
29
6351
2792
7843
4988
1743
8518
3849
6725
6386
7612
1273
733
386
6715
6842
8690
7907
8240
1543
7893
6805
2113
1646
2091
8742
8493
8376
2411
3840
7077
10235
3532
45
9870
9185
1606
6730
5236
8349
5582
5370
6590
4046
209
3333
453
10484
6677
9430
5537
7872
6828
5783
8049
3346
6913
5329
4685
3683
6214
4878
1222
4933
3714
842
5505
9585
5261
2346
7223
9390
3485
9851
4677
1704
2174
1414
4172
8681
3288
4465
409
7392
7051
5730
2756
6198
6262
8315
6289
6930
5552
750
2940
3172
8255
117
462
8317
7376
931
3342
350
6241
5591
8697
9752
7654
1608
7064
1440
6002
3790
2582
3429
9096
5626
2616
4404
3275
10416
10282
8509
2311
3185
9534
7924
911
10370
181
3635
4395
7546
10310
6506
804
5099
4874
5362
5878
10594
4452
1335
6048
5581
5436
5816
552
6874
2042
740
2428
6243
1161
1459
1917
5490
1295
6477
6569
1210
3087
4563
4090
239
1277
9330
1912
760
8263
2119
4436
7020
2548
4877
9240
3932
6469
5684
5923
9160
3041
2607
8849
9409
10537
6950
6440
1616
4012
3010
4123
2879
10613
640
3720
316
6799
3053
6640
8601
4085
3210
7288
4662
3467
9317
1393
6188
6602
4394
5063
8906
10357
1850
7856
4415
4764
348
671
6771
4791
1485
2823
6491
7986
4276
2127
9147
10419
5847
177
4839
7724
7047
7979
36
2145
4044
5169
5267
5859
7217
4403
8675
2120
5797
5600
10069
806
5294
9007
9314
1373
8038
3845
6301
4787
2805
2681
8223
5777
3484
1208
677
1660
7967
3454
5340
369
6747
8786
3553
23
4118
2123
4074
1263
1067
6755
5167
2557
3917
3806
3551
7507
9389
1166
1855
5735
6061
3974
5971
7012
889
6142
6515
9526
3324
6806
8193
10167
