8716
2927
3922
8100
8543
7690
3724
10303
8937
8901
8261
7857
6234
6716
6371
3193
5528
1643
8400
6138
3899
5348
5531
2759
7479
8186
3901
8532
6515
7964
4067
2648
5855
1365
5498
8733
4292
1329
825
6396
4854
9951
3181
9653
11
3276
6703
5940
444
315
4089
10001
8531
5966
4495
1721
8256
6680
10261
10153
6278
8586
2281
1520
6378
9845
5295
5514
8939
1792
10108
3800
656
9392
7599
8425
8488
9166
6539
258
4160
8429
6986
607
2431
8640
1257
8078
10299
1554
4837
5755
4853
9026
3369
7460
6618
7395
5331
7202
3035
7987
10414
8168
829
6122
6530
1095
4394
8415
1892
4918
6478
7002
9904
1871
2545
9577
7214
1610
6099
8132
4236
1299
476
10169
1989
7911
8784
2044
10492
4174
7314
852
6865
1897
4072
2294
7425
3338
370
2311
7620
2634
8163
2754
8253
917
7084
2922
143
4009
8435
9916
2094
7716
5872
2099
6704
6997
9410
6664
10561
5114
350
6489
3704
4719
6360
4405
9814
4306
9733
5230
3924
5434
8660
8650
10427
178
2495
2880
6010
3451
4709
1727
9049
1324
1116
8579
5973
112
2561
1411
9743
7487
10255
9537
182
1516
8843
3580
6279
5852
5684
847
8258
9651
5876
3255
4473
9186
4678
6787
4411
10270
2808
6690
7361
5790
2701
5712
4996
8951
1986
7035
7561
245
9896
6188
8275
5899
8654
6935
6737
4326
3643
4270
3311
8209
10046
7784
5235
1020
4092
6009
4923
461
5483
351
1606
1177
6862
3192
10473
7304
2154
10574
7572
9962
6817
2610
4042
2245
433
1976
10313
3793
4436
8677
2360
6561
9700
5809
6194
9252
2772
2930
3721
10549
8098
768
10483
3332
5256
970
7239
8384
7658
9991
289
4636
8773
7126
8029
1479
7692
6417
9881
4059
7843
7063
446
5512
872
5819
5704
8023
636
4579
3657
6562
3105
9109
5385
7803
9621
9346
5550
1848
5959
8459
7710
1893
2713
4777
3387
4643
1956
6734
1060
5380
7576
7767
8792
1801
10253
5669
6548
5164
6430
4663
7366
2472
1194
9014
1946
10142
8245
7608
2596
3049
6914
6739
702
792
8627
7422
1010
1031
787
1349
9623
10607
5171
3421
3227
10125
8555
2631
6353
7668
5418
27
1294
6408
9922
436
192
3204
6319
8805
7083
4621
7491
7852
10336
3301
775
7034
7055
7281
801
2384
7623
5213
2914
7452
497
10122
2468
5836
877
1817
1631
4412
6950
6650
7132
1263
8077
5967
9021
1396
1567
7081
4191
9808
1853
1675
1514
6655
8605
2062
9989
1578
9078
8874
5614
2441
7259
9741
9788
10502
9486
8777
6094
2411
1557
6601
9210
1214
7199
7377
1512
3042
2504
2657
3914
303
10186
1658
170
5814
8925
7544
2133
7709
8590
5190
2849
2994
64
24
5248
5097
8588
713
6100
1239
5766
755
5795
5267
2047
10468
134
1122
4129
5875
7274
8527
4260
5588
6774
6244
7094
465
7861
5429
1123
7136
0
412
9542
4733
3845
10346
9218
8726
10212
3889
7794
3578
2932
8165
5217
1788
8465
422
9846
7942
6351
8826
10077
2712
2269
9945
8379
2925
10215
6788
6304
2131
8809
3404
5906
8327
10498
4298
2508
