1.0940001010894775,0.9910001158714294,3.0000052452087402
1.1899999380111694,0.9910001158714294,2.999988079071045
1.9930000305175781,0.9769999980926514,2.999995470046997
1.2499998807907104,0.9930000901222229,2.999997138977051
1.1949999332427979,0.9920001029968262,2.999997138977051
1.187999963760376,0.9900000095367432,3.0000057220458984
1.1460000276565552,0.9900000691413879,3.0000016689300537
1.1359999179840088,0.9920000433921814,3.0000057220458984
1.2249999046325684,0.9900000095367432,3.0000061988830566
1.2610000371932983,0.9860000610351562,3.0000033378601074
1.1119999885559082,0.9879999756813049,3.0000059604644775
1.2010000944137573,0.9900001287460327,3.0000011920928955
1.3839999437332153,0.9900001287460327,3.00000262260437
1.2350000143051147,0.984000027179718,3.0000061988830566
1.2660000324249268,0.984000027179718,2.999997138977051
4.553000450134277,0.9340000152587891,3.000002861022949
1.3579999208450317,0.9910000562667847,3.000002384185791
1.0740001201629639,0.9940000772476196,3.0000061988830566
1.250999927520752,0.9880000352859497,2.9999969005584717
1.0570000410079956,0.9950000643730164,3.0000057220458984
1.0759999752044678,0.9950000643730164,3.0000054836273193
1.0890001058578491,0.9950000643730164,3.0000057220458984
1.1169999837875366,0.9930000901222229,3.0000057220458984
1.2230000495910645,0.9950000643730164,2.99999737739563
1.0819998979568481,0.9940000772476196,3.0000054836273193
2.6660003662109375,0.9679999351501465,3.000002861022949
1.2259999513626099,0.987000048160553,3.000002384185791
1.2239999771118164,0.987000048160553,2.9999966621398926
1.3100000619888306,0.9910000562667847,2.9999961853027344
1.4550000429153442,0.9839999675750732,3.0000011920928955
1.0670000314712524,0.9930000901222229,3.0000052452087402
1.4900000095367432,0.9900000691413879,2.999995231628418
1.468000054359436,0.9850000739097595,2.9999969005584717
2.993000030517578,0.9649999737739563,2.9999940395355225
1.5929999351501465,0.9859999418258667,2.999990940093994
1.8950001001358032,0.9809999465942383,2.999997138977051
2.502000093460083,0.9709999561309814,2.9999990463256836
1.1780000925064087,0.9900001287460327,3.0000057220458984
1.2300000190734863,0.9900001287460327,3.0000014305114746
1.9920001029968262,0.965999960899353,2.9999985694885254
2.011000156402588,0.9729999303817749,2.9999911785125732
1.1949999332427979,0.9890000224113464,2.9999969005584717
2.197000026702881,0.9760000109672546,2.999994993209839
1.2080001831054688,0.9900000095367432,3.0000057220458984
1.2079999446868896,0.9890000820159912,2.9999969005584717
3.98799991607666,0.9420000314712524,2.999999523162842
1.162000060081482,0.9900001287460327,3.0000054836273193
1.1359999179840088,0.9930000901222229,3.000004291534424
1.215999960899353,0.9920001029968262,2.999988079071045
1.281000018119812,0.9829999804496765,2.9999969005584717
1.095000147819519,0.9950000643730164,3.0000059604644775
1.061000108718872,0.9930000305175781,3.0000061988830566
1.9459999799728394,0.968999981880188,3.0000030994415283
1.2310000658035278,0.9869999885559082,3.0000057220458984
1.3319998979568481,0.9860000610351562,2.9999966621398926
1.3190001249313354,0.987000048160553,3.0000040531158447
1.1709998846054077,0.9920000433921814,3.000005006790161
1.0839999914169312,0.9940000772476196,3.0000059604644775
1.320000171661377,0.9880000352859497,3.000004291534424
1.024999976158142,0.9950000643730164,3.000004529953003
1.3040001392364502,0.9850000143051147,3.0000009536743164
1.6740000247955322,0.9850000143051147,2.9999966621398926
1.2850000858306885,0.987000048160553,2.999997138977051
1.2580000162124634,0.9930000901222229,3.0000040531158447
1.3029999732971191,0.9839999675750732,3.0000057220458984
1.180999994277954,0.9940000772476196,2.999992609024048
1.121000051498413,0.9940000772476196,3.0000011920928955
1.8799999952316284,0.9850000143051147,2.9999969005584717
1.3389999866485596,0.9900000095367432,3.0000016689300537
1.085999846458435,0.9950000643730164,3.0000061988830566
1.0509999990463257,0.9950000643730164,3.0000052452087402
1.1929999589920044,0.9950000643730164,2.999990701675415
1.2120000123977661,0.9869999885559082,3.0000057220458984
1.2350000143051147,0.9860000610351562,3.0000011920928955
1.1689999103546143,0.9930000305175781,3.000002861022949
1.2339999675750732,0.9930000901222229,2.999988079071045
1.6890000104904175,0.984000027179718,2.9999990463256836
1.1299999952316284,0.9880000352859497,2.9999969005584717
1.0850000381469727,0.9940000772476196,2.9999966621398926
1.2630001306533813,0.9930000305175781,2.9999992847442627
1.3300001621246338,0.9900001287460327,2.999997138977051
1.1630001068115234,0.9950000643730164,3.0000054836273193
1.1320000886917114,0.9930000901222229,3.0000059604644775
1.2009999752044678,0.9950000643730164,2.999995470046997
1.3029999732971191,0.9839999675750732,3.0000011920928955
1.976000189781189,0.9750000238418579,2.999987840652466
1.093000054359436,0.9950000643730164,3.0000061988830566
1.3399999141693115,0.9900000095367432,3.0000009536743164
1.1540000438690186,0.9950000643730164,3.000002145767212
1.0839998722076416,0.9950000643730164,3.0000057220458984
1.2050000429153442,0.9910000562667847,3.0000040531158447
1.1369999647140503,0.9920000433921814,3.000006675720215
1.092000126838684,0.9950000643730164,3.0000061988830566
1.0279998779296875,0.9950000643730164,3.0000052452087402
1.3009999990463257,0.9900000691413879,2.999997138977051
1.2280000448226929,0.9910001158714294,2.999992609024048
1.100000023841858,0.9950000643730164,3.0000052452087402
1.1440000534057617,0.9920000433921814,3.0000059604644775
1.1670000553131104,0.9880000352859497,3.0000059604644775
1.0469999313354492,0.9950000643730164,3.0000057220458984
1.2120000123977661,0.9839999675750732,3.0000059604644775
1.187999963760376,0.9869999885559082,3.0000057220458984
1.3030000925064087,0.9829999208450317,2.999997138977051
1.5069999694824219,0.9779999852180481,2.9999923706054688
1.122999906539917,0.9900001287460327,3.0000054836273193
1.462999939918518,0.9799999594688416,2.999992847442627
3.8520002365112305,0.9740000367164612,2.9999966621398926
1.6600000858306885,0.9750000238418579,3.0000016689300537
1.1299999952316284,0.9910001158714294,3.0000052452087402
1.315999984741211,0.9890000224113464,2.999999761581421
1.2570000886917114,0.9930000901222229,3.000002145767212
1.0679999589920044,0.9940000772476196,3.0000016689300537
1.2160001993179321,0.9900000095367432,3.0000014305114746
1.1970000267028809,0.9880000352859497,3.0000009536743164
1.1079999208450317,0.9920001029968262,3.0000061988830566
1.1369999647140503,0.9930000901222229,3.0000057220458984
1.1829999685287476,0.9890000820159912,3.0000038146972656
1.5200001001358032,0.9839999079704285,2.99999737739563
1.540000081062317,0.9839999079704285,2.999997138977051
1.0840001106262207,0.9950000643730164,3.0000054836273193
1.3389999866485596,0.9900000691413879,2.999999523162842
1.2680001258850098,0.9840000867843628,2.999995708465576
1.4760000705718994,0.9810000658035278,2.999999761581421
1.1170001029968262,0.9920001029968262,3.000004768371582
1.7630000114440918,0.9709999561309814,2.9999923706054688
1.340999960899353,0.9850000143051147,3.0000052452087402
1.3610001802444458,0.9940000772476196,2.999990940093994
2.174999952316284,0.9839999079704285,2.9999969005584717
2.174999952316284,0.981999933719635,2.9999935626983643
1.1309999227523804,0.9950000643730164,2.9999969005584717
1.1409999132156372,0.9920001029968262,3.0000011920928955
1.5410001277923584,0.984000027179718,2.9999966621398926
1.6490000486373901,0.9860000014305115,2.9999935626983643
2.3520002365112305,0.9700000286102295,2.999990940093994
1.1980000734329224,0.9869999885559082,3.0000011920928955
1.1910001039505005,0.987000048160553,3.0000057220458984
1.5180000066757202,0.9760000109672546,3.0000040531158447
1.2690000534057617,0.9910000562667847,2.999992847442627
1.287000060081482,0.9829999804496765,3.0000057220458984
1.3209999799728394,0.9849998950958252,3.0000014305114746
1.3359999656677246,0.9849998950958252,3.0000011920928955
1.1820000410079956,0.9950000643730164,3.0000057220458984
1.3640000820159912,0.9900000095367432,3.0000009536743164
1.4300000667572021,0.9930000901222229,2.9999985694885254
1.375,0.9820000529289246,3.00000262260437
1.4450000524520874,0.9859999418258667,3.000004529953003
1.3090001344680786,0.987000048160553,3.0000057220458984
1.0709999799728394,0.9930000901222229,3.0000054836273193
1.5309998989105225,0.9819999933242798,2.9999959468841553
1.113999843597412,0.9930000901222229,3.0000057220458984
1.2070000171661377,0.9900000691413879,3.0000040531158447
1.2480000257492065,0.9910001158714294,3.0000054836273193
1.1099998950958252,0.9950000643730164,3.0000052452087402
1.2950000762939453,0.9950000643730164,2.999988317489624
1.33899986743927,0.987000048160553,3.0000061988830566
1.1339999437332153,0.9920000433921814,3.0000054836273193
1.1059999465942383,0.9930000901222229,3.0000057220458984
1.1319999694824219,0.9940000772476196,3.000005006790161
1.2139999866485596,0.9860000014305115,3.0000009536743164
1.2070001363754272,0.9850000143051147,3.0000059604644775
1.3580000400543213,0.981999933719635,3.0000014305114746
1.5130001306533813,0.9790000319480896,2.999999523162842
1.2379999160766602,0.9850000143051147,2.9999966621398926
1.1800000667572021,0.9880000948905945,2.999997138977051
1.1409999132156372,0.9880000352859497,3.0000052452087402
1.4190000295639038,0.9789999723434448,3.0
1.5329999923706055,0.9809999465942383,3.00000262260437
1.380000114440918,0.9799999594688416,3.0000009536743164
1.343000054359436,0.9900000691413879,2.999992847442627
1.2990001440048218,0.9829999804496765,2.9999969005584717
1.098000168800354,0.9930000305175781,3.0000059604644775
1.0740000009536743,0.9950000643730164,3.0000054836273193
1.1409999132156372,0.9940000772476196,2.999997615814209
1.156000018119812,0.9930000901222229,3.0000061988830566
1.1440000534057617,0.9920001029968262,3.0000061988830566
1.40500009059906,0.9819999933242798,2.999999761581421
1.2580000162124634,0.9890000224113464,3.0000038146972656
1.215999960899353,0.9829999804496765,3.0000061988830566
1.2930001020431519,0.9799999594688416,3.000001907348633
1.0880000591278076,0.9950000643730164,3.0000059604644775
1.434000015258789,0.9900000691413879,2.9999983310699463
1.0640000104904175,0.9950000643730164,3.0000054836273193
1.0540000200271606,0.9920001029968262,3.0000054836273193
1.1440000534057617,0.9890000224113464,3.0000007152557373
1.2020000219345093,0.9880000352859497,3.000000476837158
1.722000002861023,0.9829999804496765,3.000002861022949
1.0810000896453857,0.9909999966621399,3.0000052452087402
1.1589999198913574,0.9920001029968262,3.0000057220458984
1.1910001039505005,0.9860000014305115,3.0000057220458984
1.475000023841858,0.9830000400543213,3.0000009536743164
1.184000015258789,0.9930000305175781,3.0000009536743164
1.8930001258850098,0.9749999642372131,3.0000040531158447
1.1180001497268677,0.9930000901222229,3.0000059604644775
1.5729999542236328,0.9790000319480896,2.999988079071045
1.1440000534057617,0.9940000772476196,3.0000014305114746
1.125999927520752,0.9950000643730164,2.9999969005584717
1.5369999408721924,0.9779999256134033,3.000004291534424
1.0920000076293945,0.9920001029968262,3.0000052452087402
1.5450000762939453,0.9859999418258667,3.0000038146972656
1.6610000133514404,0.9849998950958252,3.000004529953003
1.8260000944137573,0.9859999418258667,3.000000238418579
1.1940001249313354,0.984000027179718,3.0000059604644775
1.4120001792907715,0.9799999594688416,3.00000262260437
1.3830000162124634,0.9769999980926514,3.0000052452087402
1.0889999866485596,0.9910000562667847,3.0000057220458984
1.2690000534057617,0.9940000772476196,2.9999921321868896
1.1540000438690186,0.9920000433921814,3.0000059604644775
1.0589998960494995,0.9940000772476196,3.000005006790161
1.053999900817871,0.9950000643730164,3.0000057220458984
2.7760000228881836,0.972000002861023,2.9999959468841553
2.245000123977661,0.9849998950958252,2.9999992847442627
1.1050000190734863,0.9930000901222229,2.9999966621398926
1.3070000410079956,0.9839999675750732,3.0000054836273193
1.097999930381775,0.9900001287460327,3.0000057220458984
1.156999945640564,0.9910000562667847,3.0000057220458984
1.4839999675750732,0.9709999561309814,3.0000059604644775
1.130000114440918,0.9910000562667847,3.0000057220458984
1.2540000677108765,0.9910000562667847,2.999992847442627
1.3269999027252197,0.9829999804496765,2.999988079071045
1.346000075340271,0.9930000901222229,2.9999964237213135
1.1850001811981201,0.9900000691413879,3.0000054836273193
1.1740001440048218,0.9920000433921814,3.0000011920928955
1.1100001335144043,0.9910001158714294,3.0000057220458984
1.3420000076293945,0.9869999885559082,2.9999969005584717
1.4159998893737793,0.9799999594688416,2.9999921321868896
1.1750001907348633,0.9890000224113464,3.0000052452087402
1.1750000715255737,0.9870001077651978,3.0000061988830566
1.1320000886917114,0.9930000901222229,3.0000059604644775
1.1190000772476196,0.9900000095367432,3.0000054836273193
1.2070001363754272,0.9860000014305115,3.000001907348633
1.15500009059906,0.9900000691413879,3.0000011920928955
1.093000054359436,0.9950000643730164,3.0000059604644775
1.2280000448226929,0.9860000610351562,3.0000054836273193
1.2569998502731323,0.9859999418258667,3.0000054836273193
1.5509999990463257,0.9879999756813049,2.999997615814209
1.303999900817871,0.9880000352859497,2.9999988079071045
2.0820000171661377,0.9819999933242798,3.0
1.0759999752044678,0.9930000901222229,3.000005006790161
1.0829999446868896,0.9890000820159912,3.0000059604644775
1.1890000104904175,0.9839999079704285,3.0000014305114746
1.4239999055862427,0.9869999885559082,3.00000262260437
1.409000039100647,0.9910001158714294,2.9999990463256836
1.3139997720718384,0.9920001029968262,2.9999938011169434
1.0809999704360962,0.9920001029968262,3.0000054836273193
1.0700000524520874,0.9930000305175781,3.0000057220458984
1.0459998846054077,0.9940000772476196,3.000005006790161
1.1520001888275146,0.9860000014305115,3.000005006790161
1.4500000476837158,0.9800000190734863,3.0000011920928955
1.0769999027252197,0.9880000352859497,3.000004768371582
1.1679999828338623,0.9890000224113464,3.0000064373016357
1.0850000381469727,0.9909999966621399,3.0000054836273193
1.1070001125335693,0.9910000562667847,3.0000057220458984
1.4270000457763672,0.9739999771118164,3.0000009536743164
1.0980000495910645,0.9920001029968262,3.0000059604644775
1.224000096321106,0.9860000014305115,2.9999969005584717
1.3060001134872437,0.9880000948905945,2.9999969005584717
1.347000002861023,0.9850000739097595,2.9999959468841553
1.1820001602172852,0.9900001287460327,2.999997138977051
1.1589999198913574,0.9839999675750732,3.0000052452087402
1.084999918937683,0.9940000772476196,3.0000014305114746
1.1319999694824219,0.9870001077651978,3.000005006790161
1.0929999351501465,0.9910000562667847,3.0000059604644775
1.2289999723434448,0.9950000643730164,2.9999990463256836
1.498000144958496,0.9860000014305115,2.9999988079071045
1.312000036239624,0.9840000867843628,2.999998092651367
1.2200000286102295,0.9910001158714294,2.999992609024048
1.0820000171661377,0.9940000772476196,3.0000061988830566
1.1010000705718994,0.9930000901222229,3.0000057220458984
1.1019999980926514,0.9950000643730164,2.9999985694885254
1.2370001077651978,0.9880000352859497,3.0000038146972656
1.2670000791549683,0.9920000433921814,3.0
1.3860000371932983,0.9810000061988831,3.0000061988830566
1.1660000085830688,0.9900000095367432,3.0000061988830566
1.9579999446868896,0.968999981880188,3.0
1.1200000047683716,0.9920000433921814,3.0000059604644775
1.040000081062317,0.9950000643730164,3.0000059604644775
1.130000114440918,0.9940000772476196,3.0000059604644775
1.1080000400543213,0.9930000305175781,3.0000059604644775
1.3869999647140503,0.9829999804496765,3.000002384185791
2.1540000438690186,0.9679999947547913,2.9999988079071045
1.3459999561309814,0.9930000901222229,3.0000040531158447
1.1779999732971191,0.9930000901222229,3.0000035762786865
1.1490000486373901,0.9920001029968262,3.0000059604644775
1.5479999780654907,0.9789999723434448,2.9999985694885254
1.2380000352859497,0.9869999885559082,3.0000040531158447
1.1109999418258667,0.9950000643730164,2.9999969005584717
1.0909998416900635,0.9950000643730164,3.0000057220458984
1.5460000038146973,0.9739999771118164,3.0000052452087402
1.1379998922348022,0.9909999966621399,3.0000057220458984
1.2280000448226929,0.9900000691413879,3.0000011920928955
1.2489999532699585,0.9860000014305115,3.0000064373016357
1.446000099182129,0.984000027179718,2.999999523162842
1.3540000915527344,0.9800000786781311,2.999997138977051
1.498000144958496,0.9759999513626099,3.0000057220458984
1.0770000219345093,0.9940000772476196,3.0000052452087402
1.1710000038146973,0.9890000224113464,3.0000009536743164
1.0720000267028809,0.9910001158714294,3.0000052452087402
1.1209999322891235,0.9930000901222229,2.99999737739563
1.4209998846054077,0.9869999289512634,2.9999945163726807
1.90500009059906,0.966999888420105,2.9999966621398926
1.533000111579895,0.9799999594688416,3.000002861022949
1.3340001106262207,0.9789999723434448,2.9999966621398926
1.2599999904632568,0.9940000772476196,3.000002861022949
1.1990000009536743,0.9900000691413879,3.0000054836273193
1.2400000095367432,0.9860000610351562,2.999997615814209
1.1369999647140503,0.9920001029968262,3.0000052452087402
1.2080000638961792,0.9859999418258667,3.0000057220458984
1.2549998760223389,0.9890000224113464,2.9999983310699463
1.376999855041504,0.9800000190734863,3.000002861022949
1.2899999618530273,0.9880000352859497,3.0000052452087402
1.3320000171661377,0.9850000143051147,2.999992847442627
1.3590000867843628,0.9829999208450317,3.0000011920928955
1.5310001373291016,0.9780000448226929,2.9999992847442627
1.2350001335144043,0.9869999885559082,2.999992609024048
1.2419999837875366,0.9900000095367432,3.0000057220458984
1.4140000343322754,0.9860000014305115,2.9999940395355225
1.0490001440048218,0.9950000643730164,3.0000061988830566
1.3609998226165771,0.9799999594688416,2.999988079071045
1.1340000629425049,0.9900000691413879,3.0000059604644775
1.0859999656677246,0.9940000772476196,3.0000016689300537
1.377000093460083,0.9880000352859497,2.9999966621398926
1.2440000772476196,0.9910000562667847,2.999988317489624
1.1099998950958252,0.9920001029968262,3.0000054836273193
1.2280000448226929,0.9880000352859497,3.0000057220458984
1.0929999351501465,0.9900000691413879,3.0000054836273193
1.11899995803833,0.9930000901222229,3.000006675720215
1.158000111579895,0.9920001029968262,3.0000057220458984
1.2140001058578491,0.9880000352859497,3.000005006790161
1.1200001239776611,0.9930000901222229,3.0000052452087402
1.3239998817443848,0.9890000820159912,3.000004291534424
1.070000171661377,0.9950000643730164,3.0000011920928955
1.093999981880188,0.9950000643730164,3.0000057220458984
1.130000114440918,0.9930000901222229,3.0000057220458984
1.2739999294281006,0.9849998950958252,3.0000057220458984
1.0790001153945923,0.9940000772476196,3.0000059604644775
1.2390000820159912,0.9940000772476196,2.999987840652466
1.1730000972747803,0.9940000772476196,3.0000011920928955
1.221000075340271,0.9850000143051147,3.0000057220458984
1.0549999475479126,0.9950000643730164,3.0000054836273193
1.1100000143051147,0.9940000772476196,2.9999992847442627
1.123000144958496,0.9940000772476196,2.9999966621398926
1.0640000104904175,0.9950000643730164,3.0000057220458984
1.0659998655319214,0.9930000305175781,3.000004529953003
1.4779999256134033,0.9900000691413879,2.999999523162842
1.2800002098083496,0.9950000643730164,2.999995708465576
1.0959999561309814,0.9920000433921814,3.0000059604644775
1.156000018119812,0.9880000352859497,3.0000061988830566
1.2949999570846558,0.9880000352859497,2.999999761581421
1.5820000171661377,0.9820000529289246,2.999998092651367
1.1809998750686646,0.9869999885559082,3.000001907348633
1.096000075340271,0.9930000901222229,3.0000059604644775
1.343000054359436,0.9890000224113464,2.9999938011169434
1.3269999027252197,0.9860000014305115,3.0000054836273193
1.305999994277954,0.9880000352859497,3.0000040531158447
1.066999912261963,0.9950000643730164,3.0000054836273193
1.0980000495910645,0.9930000901222229,2.99999737739563
1.0389999151229858,0.9950000643730164,3.000005006790161
1.3730000257492065,0.9759999513626099,2.999992609024048
1.055999994277954,0.9940000772476196,3.0000057220458984
1.0889999866485596,0.9880000352859497,3.000004768371582
1.0770001411437988,0.9880000352859497,3.000005006790161
1.0709999799728394,0.9900000095367432,3.0000059604644775
1.1080000400543213,0.9950000643730164,3.0000011920928955
1.0820000171661377,0.9930000305175781,3.0000016689300537
1.6209999322891235,0.9820000529289246,2.999995470046997
1.0590001344680786,0.9950000643730164,3.0000061988830566
1.0470000505447388,0.9950000643730164,3.0000057220458984
1.6760001182556152,0.9780000448226929,2.9999942779541016
1.3330000638961792,0.9900001287460327,2.999999761581421
1.3200000524520874,0.9900001287460327,2.999999761581421
1.2730000019073486,0.9830000400543213,3.0000064373016357
1.1019999980926514,0.9890000820159912,3.0000054836273193
1.059000015258789,0.9920001029968262,3.000005006790161
1.1309999227523804,0.9910000562667847,3.0000014305114746
1.2190001010894775,0.9839999675750732,3.0000059604644775
1.2640000581741333,0.9910001158714294,3.0000035762786865
1.0510001182556152,0.9950000643730164,3.000005006790161
1.215999960899353,0.9880000352859497,2.9999966621398926
1.0869998931884766,0.9940000772476196,2.99999737739563
1.5150001049041748,0.9869999885559082,3.0000009536743164
1.1149998903274536,0.9890000224113464,3.0000057220458984
1.1690000295639038,0.9850000143051147,3.0000011920928955
1.0729999542236328,0.9920001029968262,3.000004768371582
1.1460000276565552,0.9950000643730164,2.9999969005584717
1.2990000247955322,0.9890000224113464,2.9999935626983643
1.1230000257492065,0.9880000352859497,3.0000007152557373
1.084999918937683,0.9940000772476196,3.0000054836273193
1.8519999980926514,0.9829999804496765,3.00000262260437
1.4169999361038208,0.9819999933242798,3.0000009536743164
1.2390000820159912,0.9880000352859497,2.9999923706054688
1.0970001220703125,0.9890000224113464,3.0000057220458984
1.1349999904632568,0.9890000224113464,3.0000059604644775
1.2400000095367432,0.9799999594688416,3.0000064373016357
1.159000039100647,0.9890000224113464,3.0000061988830566
1.0649999380111694,0.9950000643730164,3.0000064373016357
1.0549999475479126,0.9930000901222229,3.0000052452087402
1.0959999561309814,0.9920001029968262,3.0000059604644775
1.1720000505447388,0.9910001158714294,2.99999737739563
1.1619999408721924,0.9900000691413879,2.999993085861206
1.1600000858306885,0.9880000948905945,2.999997138977051
1.1150000095367432,0.9869999289512634,3.0000054836273193
1.2369999885559082,0.9950000643730164,3.00000262260437
1.1149998903274536,0.9930000305175781,3.0000052452087402
1.1200000047683716,0.9950000643730164,3.0000059604644775
1.0989999771118164,0.9940000772476196,2.9999964237213135
1.0320000648498535,0.9950000643730164,3.000005006790161
1.11899995803833,0.9920001029968262,3.000005006790161
1.124000072479248,0.98499995470047,3.0000059604644775
1.0670000314712524,0.9920001029968262,3.0000011920928955
1.0349998474121094,0.9950000643730164,3.000005006790161
1.1069999933242798,0.9940000772476196,3.0000057220458984
1.156000018119812,0.9879999756813049,3.0000054836273193
1.1330000162124634,0.9950000643730164,2.9999969005584717
1.1340000629425049,0.9890000224113464,3.0000052452087402
1.1489999294281006,0.9920001029968262,2.999997138977051
1.0620001554489136,0.9950000643730164,3.0000054836273193
1.2999999523162842,0.9849998950958252,2.9999964237213135
1.0719999074935913,0.9950000643730164,3.0000057220458984
1.0479998588562012,0.9930000901222229,3.0000052452087402
1.1839998960494995,0.9900001287460327,3.0000054836273193
1.100000023841858,0.9920000433921814,3.0000054836273193
1.1929999589920044,0.9950000643730164,2.999997854232788
1.121000051498413,0.9890000820159912,2.999997138977051
1.1019999980926514,0.9930000901222229,2.999997138977051
1.0540000200271606,0.9940000772476196,3.0000057220458984
1.09499990940094,0.9900000691413879,3.0000057220458984
1.1769999265670776,0.9900001287460327,3.0000014305114746
1.4030001163482666,0.9819999933242798,2.999997854232788
1.055999994277954,0.9950000643730164,3.000005006790161
1.1589998006820679,0.9900000095367432,2.999995231628418
1.187000036239624,0.9910001158714294,3.0000038146972656
1.1179999113082886,0.9890000224113464,3.0000059604644775
1.190000057220459,0.9900000691413879,2.999997138977051
1.130000114440918,0.9890000820159912,2.999997138977051
1.25600004196167,0.9840000867843628,2.9999969005584717
1.2989999055862427,0.9880000352859497,2.999998092651367
1.1679999828338623,0.9850000739097595,3.0000052452087402
1.0929999351501465,0.9890000224113464,3.0000054836273193
1.087999939918518,0.9920001029968262,3.0000064373016357
1.1480000019073486,0.9869999885559082,3.0000052452087402
1.2020000219345093,0.9900000691413879,3.0000057220458984
1.068000078201294,0.9930000901222229,3.0000061988830566
1.1349999904632568,0.9920000433921814,2.9999964237213135
1.1230000257492065,0.9950000643730164,3.0000059604644775
1.093999981880188,0.9950000643730164,3.0000016689300537
1.0750000476837158,0.9930000901222229,3.0000054836273193
1.0889999866485596,0.9900000691413879,3.0000057220458984
1.0499999523162842,0.9940000772476196,3.000004768371582
1.1110000610351562,0.9930000901222229,2.999997138977051
1.093999981880188,0.9920001029968262,3.0000059604644775
1.2119998931884766,0.9879999756813049,2.999992609024048
1.2359999418258667,0.9850000739097595,2.9999992847442627
1.1090000867843628,0.9900000691413879,2.9999969005584717
1.0519999265670776,0.9950000643730164,3.0000057220458984
1.152000069618225,0.987000048160553,2.999997138977051
1.0959999561309814,0.9940000772476196,3.0000011920928955
1.1150000095367432,0.9890000820159912,3.0000054836273193
1.25600004196167,0.9890000820159912,3.0000035762786865
1.0579999685287476,0.9950000643730164,3.000004529953003
1.08899986743927,0.9889999628067017,3.0000052452087402
1.1359999179840088,0.9880000352859497,3.0000057220458984
1.156000018119812,0.9879999756813049,3.0000057220458984
1.100000023841858,0.9910000562667847,3.0000057220458984
1.0810000896453857,0.9910001158714294,3.0000057220458984
1.0659998655319214,0.9930000901222229,3.0000057220458984
1.0809998512268066,0.9920000433921814,3.0000061988830566
1.1069999933242798,0.9940000772476196,3.0000057220458984
1.0509999990463257,0.9940000772476196,3.0000057220458984
1.0649999380111694,0.9930000901222229,3.000004768371582
1.180999994277954,0.9880000352859497,3.0000061988830566
1.0449999570846558,0.9940000772476196,3.000005006790161
1.1530001163482666,0.9900001287460327,2.9999964237213135
1.165000081062317,0.987000048160553,3.0000007152557373
1.0839999914169312,0.9920000433921814,3.000005006790161
1.0749999284744263,0.9930000901222229,3.0000011920928955
1.1090000867843628,0.9900000691413879,3.0000054836273193
1.0889999866485596,0.9950000643730164,2.999999761581421
1.1059999465942383,0.9910000562667847,3.0000054836273193
1.0729999542236328,0.9940000772476196,3.0000057220458984
1.0559998750686646,0.9950000643730164,3.0000054836273193
1.0699999332427979,0.9890000820159912,3.000005006790161
1.090999960899353,0.9900001287460327,3.0000052452087402
1.0500000715255737,0.9950000643730164,3.0000011920928955
1.0730000734329224,0.9900001287460327,3.000004768371582
1.0839999914169312,0.9880000352859497,3.0000052452087402
1.1339999437332153,0.9880000352859497,3.000005006790161
1.0649999380111694,0.9950000643730164,3.0000052452087402
1.122999906539917,0.9930000901222229,3.0000057220458984
1.0969998836517334,0.9880000352859497,3.0000054836273193
1.0440000295639038,0.9930000901222229,3.0000054836273193
1.024999976158142,0.9940000772476196,3.0000052452087402
1.0839999914169312,0.9930000901222229,3.0000057220458984
1.0590001344680786,0.9950000643730164,3.0000052452087402
1.1579999923706055,0.9950000643730164,3.0
1.0320000648498535,0.9950000643730164,3.0000054836273193
1.03000009059906,0.9950000643730164,3.000004768371582
1.1059999465942383,0.9869999885559082,3.0000054836273193
1.0369999408721924,0.9940000772476196,3.0000052452087402
1.0589998960494995,0.9910001158714294,3.0000052452087402
1.03600013256073,0.9909999966621399,3.000004529953003
