957
890
996
190
177
988
442
508
807
673
1051
694
853
805
369
562
836
103
829
261
809
892
760
882
824
483
626
223
570
684
935
205
759
637
367
690
2
151
691
661
998
754
1029
224
352
1032
977
541
685
400
405
793
409
134
323
34
167
1065
149
173
519
393
232
748
183
714
100
199
735
429
522
521
558
838
611
0
498
1
543
474
36
454
308
971
104
208
598
47
571
672
578
53
184
1015
835
30
463
513
282
844
916
1058
782
219
1020
480
613
781
484
897
619
757
1034
983
298
801
272
92
355
344
1023
944
241
313
537
453
464
478
163
739
76
771
198
138
1056
80
81
295
762
606
444
166
319
179
650
417
165
960
15
939
526
879
49
68
216
1027
680
168
635
831
461
588
422
380
676
475
1005
868
200
501
399
808
245
191
264
471
1063
827
359
1062
345
937
972
857
899
545
620
625
93
765
340
1054
490
688
502
952
24
174
645
1013
412
883
378
1009
830
664
1000
9
192
312
1036
965
171
362
1052
26
745
549
707
548
555
667
301
269
58
586
866
222
1011
133
655
884
293
1012
307
41
254
796
356
712
119
810
581
98
419
391
492
455
750
708
135
432
592
1040
896
974
346
1072
489
600
75
1008
920
87
309
274
32
560
1022
608
67
989
486
55
729
18
632
740
1026
906
291
880
287
237
1033
418
156
950
1064
114
709
726
511
136
413
792
488
622
445
978
122
1060
450
756
901
955
908
692
338
823
924
646
524
1039
1003
452
687
737
589
379
424
19
859
938
601
615
348
197
389
523
533
318
65
520
330
554
402
804
116
306
682
145
736
10
919
719
536
321
64
947
1050
481
1045
52
148
732
305
509
110
711
113
794
741
981
239
590
930
649
696
371
251
35
788
546
585
132
917
354
1006
959
395
587
702
785
503
875
334
112
861
46
436
118
891
23
322
407
811
11
102
194
368
550
242
414
566
268
799
864
504
213
932
912
846
1007
777
946
220
1028
834
833
710
561
877
651
494
731
164
203
324
713
911
8
984
12
398
728
780
886
506
427
350
387
914
873
518
925
25
186
189
997
817
94
438
787
273
933
818
738
813
202
311
271
865
230
644
642
39
1055
848
618
639
767
431
353
439
263
425
652
962
514
289
862
921
551
698
460
961
259
766
448
142
256
668
683
374
671
497
61
510
1017
531
141
898
569
768
847
603
336
325
516
677
59
733
255
856
495
1046
594
7
1041
491
633
657
139
814
825
125
449
1068
716
929
130
528
968
296
466
1075
366
987
