1.0304737091064453,0.9600000381469727,1.1221320629119873
1.0304737091064453,0.9600000381469727,1.1221320629119873
1.0453356504440308,0.8899999856948853,3.2941319942474365
1.0320017337799072,0.9650000333786011,1.2638119459152222
1.0306593179702759,0.9600000381469727,1.5678220987319946
1.0361536741256714,0.9500000476837158,1.177582025527954
1.0315507650375366,0.9550000429153442,1.18887197971344
1.0253244638442993,0.9650000333786011,1.643272042274475
1.0289902687072754,0.9600000381469727,1.2295619249343872
1.0390491485595703,0.9350000619888306,1.3910120725631714
1.0463407039642334,0.940000057220459,1.1555520296096802
1.0366454124450684,0.9550000429153442,1.3187319040298462
1.0366454124450684,0.9550000429153442,1.321631908416748
1.0426266193389893,0.9300000667572021,1.8155720233917236
1.0426750183105469,0.9300000667572021,1.7733819484710693
1.1138744354248047,0.7350000143051147,4.2187418937683105
1.0295370817184448,0.9600000381469727,1.6146520376205444
1.0229462385177612,0.9750000238418579,1.1078219413757324
1.0314253568649292,0.9500000476837158,1.5667821168899536
1.024999976158142,0.9750000238418579,1.043031930923462
1.0199999809265137,0.9800000190734863,1.0595120191574097
1.0199999809265137,0.9800000190734863,1.1023420095443726
1.0294445753097534,0.9650000333786011,1.180712103843689
1.0199999809265137,0.9800000190734863,1.1564018726348877
1.0262531042099,0.9700000286102295,1.2168020009994507
1.0515905618667603,0.8499999642372131,2.5024619102478027
1.0468658208847046,0.9350000619888306,1.599892020225525
1.038164496421814,0.940000057220459,1.682292103767395
1.0248699188232422,0.9600000381469727,2.1964221000671387
1.0464462041854858,0.9250000715255737,1.8109420537948608
1.0231412649154663,0.9700000286102295,1.1047619581222534
1.0357507467269897,0.9500000476837158,1.427191972732544
1.0463576316833496,0.9250000715255737,2.0334320068359375
1.0872985124588013,0.8400000333786011,2.8964521884918213
1.0422300100326538,0.9350000619888306,1.604512095451355
1.0536705255508423,0.9050000309944153,1.7104921340942383
1.0688644647598267,0.8600000143051147,2.432011842727661
1.0431379079818726,0.9550000429153442,1.2396420240402222
1.0381379127502441,0.9600000381469727,1.245252013206482
1.0578850507736206,0.8500000238418579,2.8394618034362793
1.040891408920288,0.9000000357627869,2.7308220863342285
1.0277234315872192,0.9550000429153442,1.5083720684051514
1.0440270900726318,0.89000004529953,3.7913219928741455
1.0290237665176392,0.9550000429153442,2.0642120838165283
1.0406800508499146,0.9500000476837158,1.1866320371627808
1.116664171218872,0.7300000190734863,4.010962009429932
1.0419660806655884,0.9500000476837158,1.214392066001892
1.0260440111160278,0.9700000286102295,1.0745819807052612
1.0229723453521729,0.9700000286102295,1.2640020847320557
1.039334774017334,0.9350000619888306,1.7123520374298096
1.0199999809265137,0.9800000190734863,1.1352919340133667
1.0278098583221436,0.9650000333786011,1.2630120515823364
1.0601801872253418,0.8550000190734863,2.605452060699463
1.0447278022766113,0.9350000619888306,1.8367819786071777
1.0398011207580566,0.9350000619888306,1.874101996421814
1.0385128259658813,0.940000057220459,1.4647821187973022
1.024214506149292,0.9650000333786011,1.1566219329833984
1.021712064743042,0.9750000238418579,1.1259520053863525
1.0396654605865479,0.940000057220459,1.5804319381713867
1.0199999809265137,0.9800000190734863,1.025771975517273
1.0438880920410156,0.9300000667572021,1.8880621194839478
1.048183798789978,0.9250000715255737,1.8109219074249268
1.0435798168182373,0.9450000524520874,1.2595419883728027
1.029881477355957,0.9650000333786011,1.2433019876480103
1.0448426008224487,0.9250000715255737,1.8907020092010498
1.0217326879501343,0.9750000238418579,1.1652820110321045
1.020825743675232,0.9750000238418579,1.1210620403289795
1.0363541841506958,0.9300000667572021,2.198352098464966
1.031982421875,0.9500000476837158,1.4274921417236328
1.0199999809265137,0.9800000190734863,1.0778919458389282
1.024999976158142,0.9750000238418579,1.0339919328689575
1.0199999809265137,0.9800000190734863,1.1330020427703857
1.0367001295089722,0.9450000524520874,1.309101939201355
1.0427011251449585,0.940000057220459,1.7518720626831055
1.029980182647705,0.9650000333786011,1.1158020496368408
1.0268950462341309,0.9650000333786011,1.2258219718933105
1.0313224792480469,0.9350000619888306,1.9497519731521606
1.035945177078247,0.9450000524520874,1.3655720949172974
1.0219733715057373,0.9750000238418579,1.1185719966888428
1.0238136053085327,0.9700000286102295,1.2212820053100586
1.0367794036865234,0.9600000381469727,1.1974120140075684
1.0199999809265137,0.9800000190734863,1.148331880569458
1.027871012687683,0.9650000333786011,1.2032520771026611
1.024999976158142,0.9750000238418579,1.2412019968032837
1.0352343320846558,0.9350000619888306,2.0780820846557617
1.0521306991577148,0.8850001096725464,2.637282371520996
1.024999976158142,0.9750000238418579,1.1241419315338135
1.0335432291030884,0.9550000429153442,1.255281925201416
1.024999976158142,0.9750000238418579,1.1476119756698608
1.024999976158142,0.9750000238418579,1.059502124786377
1.0388168096542358,0.9550000429153442,1.3256120681762695
1.0274202823638916,0.9650000333786011,1.415761947631836
1.024999976158142,0.9750000238418579,1.0829319953918457
1.024999976158142,0.9750000238418579,1.040992021560669
1.0394068956375122,0.9550000429153442,1.369312047958374
1.0373878479003906,0.9600000381469727,1.2195019721984863
1.0199999809265137,0.9800000190734863,1.0655421018600464
1.0216363668441772,0.9750000238418579,1.2080919742584229
1.0393272638320923,0.9450000524520874,1.2442420721054077
1.024999976158142,0.9750000238418579,1.0445019006729126
1.0461922883987427,0.9200000762939453,1.2882120609283447
1.0421968698501587,0.940000057220459,1.2599520683288574
1.0499838590621948,0.9250000715255737,1.294321894645691
1.0453159809112549,0.9000000953674316,2.180922031402588
1.0337257385253906,0.9600000381469727,1.164381980895996
1.0420085191726685,0.9050000309944153,2.6529221534729004
1.0508097410202026,0.8850001096725464,2.772242307662964
1.0675759315490723,0.880000114440918,2.552851915359497
1.0344215631484985,0.9600000381469727,1.2594621181488037
1.0307518243789673,0.9550000429153442,1.4629720449447632
1.0216363668441772,0.9750000238418579,1.2536619901657104
1.0295226573944092,0.9700000286102295,1.0637320280075073
1.0301604270935059,0.9550000429153442,1.3891719579696655
1.0358452796936035,0.9450000524520874,1.2592120170593262
1.0243510007858276,0.9650000333786011,1.1496920585632324
1.0239371061325073,0.9700000286102295,1.1481519937515259
1.0365097522735596,0.9500000476837158,1.500502109527588
1.0701020956039429,0.9200000762939453,1.317162036895752
1.0606683492660522,0.9300000667572021,1.306831955909729
1.024999976158142,0.9750000238418579,1.0660419464111328
1.0309609174728394,0.9600000381469727,1.6437220573425293
1.0365062952041626,0.9300000667572021,1.5929020643234253
1.052465796470642,0.9050000309944153,1.5535019636154175
1.0242187976837158,0.9700000286102295,1.252761960029602
1.0647286176681519,0.8800000548362732,1.851472020149231
1.0380245447158813,0.9350000619888306,1.6396019458770752
1.0208005905151367,0.9750000238418579,1.255162000656128
1.0493202209472656,0.9350000619888306,2.2442920207977295
1.0594127178192139,0.9200000762939453,2.350921869277954
1.024999976158142,0.9750000238418579,1.1273119449615479
1.0275797843933105,0.9650000333786011,1.1625120639801025
1.0504467487335205,0.9200000762939453,1.9316420555114746
1.0395622253417969,0.9350000619888306,1.9814621210098267
1.063364863395691,0.8700000643730164,2.329171895980835
1.0332391262054443,0.9450000524520874,1.2579718828201294
1.040381908416748,0.9350000619888306,1.5734519958496094
1.0626670122146606,0.8950001001358032,2.228502035140991
1.0325515270233154,0.9550000429153442,1.4156521558761597
1.0458523035049438,0.9200000762939453,1.7332119941711426
1.0677884817123413,0.9300000667572021,1.2806720733642578
1.0684229135513306,0.9300000667572021,1.2808620929718018
1.0199999809265137,0.9800000190734863,1.12348210811615
1.0308470726013184,0.9500000476837158,1.6917718648910522
1.0236634016036987,0.9700000286102295,1.1956219673156738
1.0545270442962646,0.9100000858306885,1.554751992225647
1.03128981590271,0.940000057220459,1.9815119504928589
1.0315334796905518,0.940000057220459,2.0687618255615234
1.0314527750015259,0.9650000333786011,1.1267520189285278
1.03825843334198,0.9150000810623169,1.9676021337509155
1.0274914503097534,0.9650000333786011,1.3622020483016968
1.0376375913619995,0.9550000429153442,1.350361943244934
1.0234601497650146,0.9650000333786011,2.179311990737915
1.0199999809265137,0.9800000190734863,1.0717219114303589
1.024999976158142,0.9750000238418579,1.194111943244934
1.039901614189148,0.940000057220459,1.630162000656128
1.028727412223816,0.9650000333786011,1.4130120277404785
1.0283968448638916,0.9700000286102295,1.1734919548034668
1.0261309146881104,0.9700000286102295,1.1950819492340088
1.0501147508621216,0.9300000667572021,1.5139720439910889
1.0471023321151733,0.9300000667572021,1.471571922302246
1.0603933334350586,0.9200000762939453,1.6180520057678223
1.0696024894714355,0.8950001001358032,1.828342080116272
1.0516961812973022,0.9300000667572021,1.4073619842529297
1.0391323566436768,0.9500000476837158,1.3861619234085083
1.0367239713668823,0.9500000476837158,1.501412034034729
1.0660265684127808,0.8950001001358032,1.8294720649719238
1.058875560760498,0.9150000214576721,2.1570920944213867
1.0634031295776367,0.9050000905990601,1.9875520467758179
1.032165765762329,0.9500000476837158,1.3022019863128662
1.0467016696929932,0.9250000715255737,1.785871982574463
1.0273786783218384,0.9650000333786011,1.2494720220565796
1.0199999809265137,0.9800000190734863,1.1027920246124268
1.0266697406768799,0.9700000286102295,1.2214720249176025
1.0298489332199097,0.9650000333786011,1.1602720022201538
1.0267934799194336,0.9650000333786011,1.2848420143127441
1.0479143857955933,0.9150000810623169,1.414631962776184
1.0387989282608032,0.9450000524520874,1.2965620756149292
1.056777834892273,0.9200000762939453,1.321802020072937
1.0610034465789795,0.9100000858306885,1.3606319427490234
1.024999976158142,0.9750000238418579,1.059872031211853
1.0296505689620972,0.9550000429153442,1.7919321060180664
1.024999976158142,0.9750000238418579,1.053812026977539
1.0242159366607666,0.9650000333786011,1.3378920555114746
1.0359936952590942,0.9450000524520874,1.3619420528411865
1.0349019765853882,0.9500000476837158,1.6834020614624023
1.037937879562378,0.9250000715255737,1.8698220252990723
1.0312877893447876,0.9600000381469727,1.3161919116973877
1.0259044170379639,0.9650000333786011,1.5967119932174683
1.0424063205718994,0.9350000619888306,1.3359119892120361
1.0478665828704834,0.9150000810623169,1.9373821020126343
1.024999976158142,0.9750000238418579,1.1115819215774536
1.0596736669540405,0.8800000548362732,2.656291961669922
1.0238760709762573,0.9700000286102295,1.2760119438171387
1.0479646921157837,0.9000000953674316,2.484272003173828
1.02201509475708,0.9750000238418579,1.236311912536621
1.0199999809265137,0.9800000190734863,1.112831950187683
1.0571082830429077,0.8949999809265137,2.6063621044158936
1.027007818222046,0.9650000333786011,1.160391926765442
1.0586470365524292,0.9300000667572021,1.5272819995880127
1.055324912071228,0.9300000667572021,1.5263819694519043
1.048531174659729,0.9350000619888306,1.5745121240615845
1.0319737195968628,0.940000057220459,1.5438319444656372
1.051814317703247,0.9100000858306885,1.8949321508407593
1.0587502717971802,0.8950001001358032,1.8803119659423828
1.0248825550079346,0.9650000333786011,1.1953920125961304
1.0272271633148193,0.9700000286102295,1.2387620210647583
1.029183030128479,0.9600000381469727,1.4892418384552002
1.021463394165039,0.9750000238418579,1.0947120189666748
1.024999976158142,0.9750000238418579,1.0474520921707153
1.0695886611938477,0.8800000548362732,3.5451619625091553
1.0581684112548828,0.9250000715255737,2.567622184753418
1.0246224403381348,0.9700000286102295,1.1269420385360718
1.0470936298370361,0.9250000715255737,1.5462119579315186
1.0360934734344482,0.9550000429153442,1.1569920778274536
1.0265612602233887,0.9600000381469727,1.5588921308517456
1.068169116973877,0.8700000047683716,1.7476519346237183
1.0265743732452393,0.9600000381469727,1.5299019813537598
1.0270395278930664,0.9600000381469727,1.3072320222854614
1.041164755821228,0.9200000762939453,1.5851320028305054
1.0234191417694092,0.9700000286102295,1.5697720050811768
1.0281554460525513,0.9550000429153442,1.7666919231414795
1.0275819301605225,0.9700000286102295,1.3171319961547852
1.0320899486541748,0.9600000381469727,1.1730719804763794
1.0325186252593994,0.9500000476837158,1.6832319498062134
1.048732876777649,0.9100000858306885,2.023102045059204
1.0341756343841553,0.9500000476837158,1.2471719980239868
1.0324028730392456,0.940000057220459,1.684332013130188
1.02522611618042,0.9700000286102295,1.1148020029067993
1.0265414714813232,0.9650000333786011,1.1067620515823364
1.0372880697250366,0.940000057220459,1.3249620199203491
1.0326155424118042,0.9500000476837158,1.5175418853759766
1.024999976158142,0.9750000238418579,1.0863120555877686
1.0459073781967163,0.9350000619888306,1.602591872215271
1.0478198528289795,0.9300000667572021,1.535871982574463
1.0401685237884521,0.9450000524520874,1.638442039489746
1.032147765159607,0.9450000524520874,1.5718820095062256
1.044860601425171,0.9200000762939453,2.7971720695495605
1.028471827507019,0.9700000286102295,1.1314821243286133
1.0388896465301514,0.9450000524520874,1.3002920150756836
1.0421319007873535,0.9300000667572021,1.5692219734191895
1.0414613485336304,0.940000057220459,1.8876920938491821
1.0265692472457886,0.9650000333786011,1.3310120105743408
1.0264285802841187,0.9650000333786011,1.3916020393371582
1.0329090356826782,0.9600000381469727,1.5493220090866089
1.0304977893829346,0.9650000333786011,1.1699520349502563
1.0199999809265137,0.9800000190734863,1.0630018711090088
1.0451990365982056,0.9350000619888306,1.499891996383667
1.055981993675232,0.9050000905990601,1.6662219762802124
1.0393074750900269,0.9450000524520874,1.187641978263855
1.032059907913208,0.9550000429153442,1.3432220220565796
1.028813123703003,0.9550000429153442,1.2228319644927979
1.0349329710006714,0.9550000429153442,1.0898919105529785
1.0554728507995605,0.8800000548362732,2.5644919872283936
1.0328123569488525,0.9600000381469727,1.2170319557189941
1.0375735759735107,0.9450000524520874,1.2322520017623901
1.034847617149353,0.9500000476837158,1.528991937637329
1.0352413654327393,0.9350000023841858,2.0671019554138184
1.0426087379455566,0.9550000429153442,1.1631219387054443
1.043752908706665,0.9300000667572021,1.459481954574585
1.024999976158142,0.9750000238418579,1.0880920886993408
1.0362821817398071,0.9450000524520874,1.5015919208526611
1.0332469940185547,0.9550000429153442,1.2967618703842163
1.0199999809265137,0.9800000190734863,1.2253221273422241
1.0444831848144531,0.9350000619888306,1.7057819366455078
1.0422635078430176,0.9250000715255737,1.75832200050354
1.0382732152938843,0.9600000381469727,1.2922420501708984
1.0237689018249512,0.9750000238418579,1.0975520610809326
1.029881238937378,0.9650000333786011,1.1248819828033447
1.024999976158142,0.9750000238418579,1.1060020923614502
1.0393502712249756,0.9450000524520874,1.17631196975708
1.024351716041565,0.9650000333786011,1.4541521072387695
1.0547806024551392,0.9050000309944153,2.110352039337158
1.037892460823059,0.9500000476837158,1.1896319389343262
1.0614540576934814,0.8499999642372131,2.601422071456909
1.0270464420318604,0.9650000333786011,1.1533219814300537
1.024999976158142,0.9750000238418579,1.0384819507598877
1.0221350193023682,0.9750000238418579,1.15585196018219
1.0248706340789795,0.9700000286102295,1.0897220373153687
1.0341771841049194,0.9200000762939453,2.1776819229125977
1.0713181495666504,0.8400000333786011,2.715941905975342
1.0220974683761597,0.9700000286102295,1.430272102355957
1.0223807096481323,0.9700000286102295,1.3149420022964478
1.0266766548156738,0.9650000333786011,1.3014620542526245
1.0543718338012695,0.9050000905990601,1.5997419357299805
1.0467063188552856,0.940000057220459,1.557331919670105
1.0199999809265137,0.9800000190734863,1.1450319290161133
1.024999976158142,0.9750000238418579,1.0884120464324951
1.0517394542694092,0.89000004529953,1.8067619800567627
1.0297473669052124,0.9600000381469727,1.1996821165084839
1.0261390209197998,0.9650000333786011,1.2445420026779175
1.0364266633987427,0.9399999976158142,1.7606220245361328
1.0469423532485962,0.9300000667572021,2.3571319580078125
1.058415174484253,0.9050000905990601,2.1823720932006836
1.0631765127182007,0.89000004529953,2.692972183227539
1.0264291763305664,0.9700000286102295,1.1180419921875
1.03709876537323,0.9450000524520874,1.4212419986724854
1.0273762941360474,0.9600000381469727,1.6870020627975464
1.0257289409637451,0.9700000286102295,1.166301965713501
1.0369654893875122,0.940000057220459,2.03068208694458
1.0703922510147095,0.8549999594688416,3.333672046661377
1.06032133102417,0.9050000905990601,1.9042620658874512
1.0527948141098022,0.9000000953674316,2.084092140197754
1.0223569869995117,0.9750000238418579,1.3596720695495605
1.039049744606018,0.9500000476837158,1.3567620515823364
1.0396801233291626,0.9350000619888306,1.9569920301437378
1.0278505086898804,0.9650000333786011,1.2617219686508179
1.0433809757232666,0.9350000619888306,1.643112063407898
1.028863549232483,0.9550000429153442,1.4995919466018677
1.0552808046340942,0.9050000905990601,2.0129520893096924
1.043449878692627,0.940000057220459,1.4306720495224
1.049303412437439,0.9300000667572021,1.6342520713806152
1.0430785417556763,0.9300000667572021,1.7215020656585693
1.0498778820037842,0.8950001001358032,2.048352003097534
1.036508321762085,0.9500000476837158,1.6493721008300781
1.036482572555542,0.9550000429153442,1.2391819953918457
1.044867753982544,0.9350000619888306,2.3878719806671143
1.0199999809265137,0.9800000190734863,1.0853420495986938
1.0554797649383545,0.9000000357627869,2.647982120513916
1.0353052616119385,0.9550000429153442,1.5066518783569336
1.0230618715286255,0.9750000238418579,1.0734421014785767
1.036070466041565,0.9500000476837158,1.663801908493042
1.0308672189712524,0.9550000429153442,1.6814119815826416
1.0293523073196411,0.9650000333786011,1.1865519285202026
1.0262951850891113,0.9550000429153442,1.6765921115875244
1.0263688564300537,0.9600000381469727,1.1992119550704956
1.0235416889190674,0.9700000286102295,1.4523619413375854
1.0253572463989258,0.9650000333786011,1.2698520421981812
1.0347565412521362,0.940000057220459,1.9895020723342896
1.0299253463745117,0.9650000333786011,1.241292119026184
1.0405380725860596,0.9550000429153442,1.1829719543457031
1.0199999809265137,0.9800000190734863,1.048811912536621
1.024999976158142,0.9750000238418579,1.1332520246505737
1.0233234167099,0.9700000286102295,1.1279319524765015
1.0674803256988525,0.9300000667572021,1.28206205368042
1.0199999809265137,0.9800000190734863,1.0587818622589111
1.0213335752487183,0.9750000238418579,1.530142068862915
1.029536247253418,0.9700000286102295,1.166882038116455
1.0376825332641602,0.9350000023841858,2.05019211769104
1.024999976158142,0.9750000238418579,1.0624619722366333
1.021597146987915,0.9750000238418579,1.169551968574524
1.027503252029419,0.9700000286102295,1.3218320608139038
1.024999976158142,0.9750000238418579,1.0365619659423828
1.0231903791427612,0.9700000286102295,1.2631020545959473
1.0358566045761108,0.9550000429153442,1.2982319593429565
1.024999976158142,0.9750000238418579,1.172711968421936
1.0308711528778076,0.9600000381469727,1.2902820110321045
1.0352073907852173,0.9450000524520874,1.6559820175170898
1.0384721755981445,0.940000057220459,1.4042021036148071
1.0434950590133667,0.9150000810623169,1.7320220470428467
1.036636471748352,0.9450000524520874,1.267001986503601
1.0297185182571411,0.9650000333786011,1.1381319761276245
1.0341461896896362,0.9450000524520874,1.7732720375061035
1.042285442352295,0.9350000619888306,1.5677721500396729
1.0364843606948853,0.9450000524520874,1.4531019926071167
1.024999976158142,0.9750000238418579,1.0770220756530762
1.0331497192382812,0.9650000333786011,1.1479719877243042
1.024999976158142,0.9750000238418579,1.0505119562149048
1.0562981367111206,0.9000000357627869,2.377701997756958
1.024999976158142,0.9750000238418579,1.0900319814682007
1.0354740619659424,0.9450000524520874,1.1517219543457031
1.033071756362915,0.9500000476837158,1.2188218832015991
1.030117154121399,0.9600000381469727,1.1171220541000366
1.0199999809265137,0.9800000190734863,1.0639618635177612
1.0221408605575562,0.9750000238418579,1.0542320013046265
1.0476157665252686,0.9200000762939453,2.884002208709717
1.0199999809265137,0.9800000190734863,1.0518521070480347
1.0199999809265137,0.9800000190734863,1.0532219409942627
1.0573935508728027,0.9050000905990601,2.497501850128174
1.0399999618530273,0.9600000381469727,1.2123119831085205
1.0498685836791992,0.9500000476837158,1.2123119831085205
1.0446593761444092,0.9200000762939453,1.5085821151733398
1.0364220142364502,0.9500000476837158,1.1674920320510864
1.032111406326294,0.9600000381469727,1.1560420989990234
1.025087833404541,0.9650000333786011,1.1981920003890991
1.0398046970367432,0.9250000715255737,1.7117018699645996
1.035323143005371,0.9600000381469727,1.3175519704818726
1.024999976158142,0.9750000238418579,1.057412028312683
1.0410164594650269,0.9450000524520874,1.5475620031356812
1.0259761810302734,0.9700000286102295,1.1874920129776
1.0370900630950928,0.9450000524520874,1.6985219717025757
1.0371346473693848,0.9500000476837158,1.1686218976974487
1.0454846620559692,0.9350000619888306,1.38099205493927
1.0292742252349854,0.9600000381469727,1.3419419527053833
1.0199999809265137,0.9800000190734863,1.2366620302200317
1.0370060205459595,0.9500000476837158,2.211822032928467
1.0280150175094604,0.9550000429153442,1.3554219007492065
1.021995186805725,0.9750000238418579,1.533742070198059
1.0451828241348267,0.9250000715255737,2.7316019535064697
1.0431784391403198,0.9150000810623169,2.246011972427368
1.0359258651733398,0.9450000524520874,1.3574119806289673
1.0368976593017578,0.9500000476837158,1.1137619018554688
1.039945125579834,0.9450000524520874,1.4513520002365112
1.0582882165908813,0.9100000262260437,2.035261869430542
1.0365283489227295,0.9450000524520874,1.7556920051574707
1.024999976158142,0.9750000238418579,1.0588420629501343
1.0221004486083984,0.9750000238418579,1.1079421043395996
1.0245935916900635,0.9700000286102295,1.1283020973205566
1.0432732105255127,0.9550000429153442,1.292091965675354
1.0253773927688599,0.9600000381469727,1.5150620937347412
1.0352399349212646,0.9500000476837158,1.2709920406341553
1.0375077724456787,0.940000057220459,1.3770720958709717
1.024999976158142,0.9750000238418579,1.2039920091629028
1.0292675495147705,0.9650000333786011,1.3444119691848755
1.024999976158142,0.9750000238418579,1.1311919689178467
1.0264906883239746,0.9700000286102295,1.1631019115447998
1.0199999809265137,0.9800000190734863,1.050191879272461
1.0355453491210938,0.9600000381469727,1.2358219623565674
1.0513596534729004,0.9300000667572021,1.5553319454193115
1.0282793045043945,0.9650000333786011,1.0656520128250122
1.024999976158142,0.9750000238418579,1.0359818935394287
1.021345615386963,0.9750000238418579,1.287182092666626
1.0319374799728394,0.9500000476837158,1.3630419969558716
1.024999976158142,0.9750000238418579,1.1385620832443237
1.0369688272476196,0.9500000476837158,1.4829519987106323
1.0258042812347412,0.9650000333786011,1.2474420070648193
1.024999976158142,0.9750000238418579,1.0607119798660278
1.0569647550582886,0.9300000667572021,1.3080120086669922
1.024999976158142,0.9750000238418579,1.064642071723938
1.0293598175048828,0.9650000333786011,1.118332028388977
1.0417793989181519,0.9550000429153442,1.198612093925476
1.0241012573242188,0.9700000286102295,1.1219019889831543
1.024999976158142,0.9750000238418579,1.2393718957901
1.0412216186523438,0.9450000524520874,1.3415720462799072
1.0215246677398682,0.9750000238418579,1.087541937828064
1.024999976158142,0.9750000238418579,1.071921944618225
1.026200294494629,0.9650000333786011,1.1702121496200562
1.0368516445159912,0.9550000429153442,1.3295921087265015
1.0493594408035278,0.9150000810623169,1.8899619579315186
1.024999976158142,0.9750000238418579,1.0371118783950806
1.0333565473556519,0.9550000429153442,1.4249320030212402
1.0319278240203857,0.9600000381469727,1.4249719381332397
1.0259042978286743,0.9550000429153442,1.244502067565918
1.0367904901504517,0.9500000476837158,1.4710121154785156
1.0391030311584473,0.9500000476837158,1.3728018999099731
1.0404913425445557,0.9300000071525574,1.949671983718872
1.0363255739212036,0.9450000524520874,2.0052120685577393
1.0477150678634644,0.925000011920929,2.377131938934326
1.0325531959533691,0.9550000429153442,1.1189219951629639
1.0341784954071045,0.9600000381469727,1.041491985321045
1.04096257686615,0.940000057220459,1.961411952972412
1.0386009216308594,0.9550000429153442,1.3060120344161987
1.0243011713027954,0.9700000286102295,1.1121618747711182
1.0222673416137695,0.9650000333786011,1.3092421293258667
1.024999976158142,0.9750000238418579,1.0618619918823242
1.024999976158142,0.9750000238418579,1.075842022895813
1.0264439582824707,0.9700000286102295,1.1270519495010376
1.029561161994934,0.9600000381469727,1.280701994895935
1.0222786664962769,0.9750000238418579,1.1176820993423462
1.0307151079177856,0.9650000333786011,1.1925621032714844
1.0241413116455078,0.9700000286102295,1.301191806793213
1.039537787437439,0.9450000524520874,1.6650121212005615
1.0522286891937256,0.9300000667572021,1.594871997833252
1.0339314937591553,0.9500000476837158,1.3716119527816772
1.0199999809265137,0.9800000190734863,1.0689918994903564
1.0401142835617065,0.940000057220459,1.2315219640731812
1.0212563276290894,0.9750000238418579,1.1131221055984497
1.037733554840088,0.9500000476837158,1.1867120265960693
1.0435432195663452,0.9500000476837158,1.1826820373535156
1.024999976158142,0.9750000238418579,1.0876820087432861
1.0379769802093506,0.9500000476837158,1.1404820680618286
1.0412604808807373,0.9500000476837158,1.2890020608901978
1.033990740776062,0.9500000476837158,1.6075220108032227
1.0279723405838013,0.9650000333786011,1.2114720344543457
1.0330712795257568,0.9600000381469727,1.2290420532226562
1.0234555006027222,0.9700000286102295,1.1309419870376587
1.0231324434280396,0.9700000286102295,1.1054319143295288
1.0233968496322632,0.9750000238418579,1.1609519720077515
1.024999976158142,0.9750000238418579,1.0503818988800049
1.0223278999328613,0.9700000286102295,1.1355420351028442
1.031970739364624,0.9500000476837158,1.4016220569610596
1.0285354852676392,0.9700000286102295,1.065451979637146
1.0426087379455566,0.9550000429153442,1.1631219387054443
1.0407013893127441,0.940000057220459,1.5857020616531372
1.025931477546692,0.9650000333786011,1.22064208984375
1.02984619140625,0.9650000333786011,1.1992220878601074
1.0307139158248901,0.9550000429153442,1.337371826171875
1.0199999809265137,0.9800000190734863,1.0924919843673706
1.0303773880004883,0.9600000381469727,1.4010119438171387
1.0269542932510376,0.9700000286102295,1.1177220344543457
1.024999976158142,0.9750000238418579,1.1077018976211548
1.0416895151138306,0.9450000524520874,1.1714318990707397
1.037412405014038,0.9550000429153442,1.1022019386291504
1.024999976158142,0.9750000238418579,1.0280920267105103
1.0395256280899048,0.9550000429153442,1.0987919569015503
1.036182165145874,0.9450000524520874,1.2932720184326172
1.0317742824554443,0.9500000476837158,1.7762819528579712
1.0199999809265137,0.9800000190734863,1.1126818656921387
1.0272208452224731,0.9650000333786011,1.3130220174789429
1.0453076362609863,0.940000057220459,1.3931820392608643
1.0295226573944092,0.9700000286102295,1.0332121849060059
1.0221437215805054,0.9750000238418579,1.031332015991211
1.0223569869995117,0.9750000238418579,1.1679120063781738
1.0199999809265137,0.9800000190734863,1.0721518993377686
1.024999976158142,0.9750000238418579,1.1510319709777832
1.024999976158142,0.9750000238418579,1.0538721084594727
1.0199999809265137,0.9800000190734863,1.0370019674301147
1.0525470972061157,0.9350000619888306,1.2586719989776611
1.0236265659332275,0.9750000238418579,1.0494520664215088
1.031751036643982,0.9600000381469727,1.302022099494934
1.0309200286865234,0.9650000333786011,1.0951220989227295
