1.0380306243896484,0.9500000476837158,1.0867207050323486
1.0270800590515137,0.9700000286102295,1.0750019550323486
1.0199999809265137,0.9800000190734863,1.1689083576202393
1.0313308238983154,0.9600000381469727,1.0735957622528076
1.024999976158142,0.9750000238418579,1.0320332050323486
1.024999976158142,0.9750000238418579,1.0435959100723267
1.024999976158142,0.9750000238418579,1.0326581001281738
1.0375635623931885,0.9550000429153442,1.2304707765579224
1.0378144979476929,0.9450000524520874,1.8287519216537476
1.024999976158142,0.9750000238418579,1.0709394216537476
1.038329839706421,0.9550000429153442,1.6550019979476929
1.0374572277069092,0.9550000429153442,1.6550019979476929
1.0287507772445679,0.9550000429153442,1.4490644931793213
1.0199999809265137,0.9800000190734863,1.0440644025802612
1.024999976158142,0.9750000238418579,1.0417206287384033
1.0372639894485474,0.9550000429153442,1.2257832288742065
1.0199999809265137,0.9800000190734863,1.0242207050323486
1.024999976158142,0.9750000238418579,1.0346895456314087
1.0199999809265137,0.9800000190734863,1.0520331859588623
1.024999976158142,0.9750000238418579,1.0387519598007202
1.0199999809265137,0.9800000190734863,1.0350018739700317
1.0221220254898071,0.9750000238418579,1.0551581382751465
1.0199999809265137,0.9800000190734863,1.0265644788742065
1.0199999809265137,0.9800000190734863,1.0476582050323486
1.030432105064392,0.9600000381469727,1.1675019264221191
1.024999976158142,0.9750000238418579,1.0257833003997803
1.0409085750579834,0.9500000476837158,1.0729707479476929
1.024999976158142,0.9750000238418579,1.0307832956314087
1.024999976158142,0.9750000238418579,1.0275019407272339
1.0363308191299438,0.9550000429153442,1.0715645551681519
1.0199999809265137,0.9800000190734863,1.0445332527160645
1.0199999809265137,0.9800000190734863,1.011095643043518
