1.0357693433761597,0.9550000429153442,1.0685957670211792
1.0270800590515137,0.9700000286102295,1.0726583003997803
1.024999976158142,0.9750000238418579,1.1600021123886108
1.0363308191299438,0.9550000429153442,1.0720332860946655
1.024999976158142,0.9750000238418579,1.0303144454956055
1.024999976158142,0.9750000238418579,1.0395333766937256
1.024999976158142,0.9750000238418579,1.0321893692016602
1.0375635623931885,0.9550000429153442,1.2264082431793213
1.0378144979476929,0.9450000524520874,1.8062520027160645
1.024999976158142,0.9750000238418579,1.068126916885376
1.0406477451324463,0.9500000476837158,1.6550019979476929
1.0374572277069092,0.9550000429153442,1.6550019979476929
1.0323158502578735,0.9550000429153442,1.4389082193374634
1.024999976158142,0.9750000238418579,1.043283224105835
1.0199999809265137,0.9800000190734863,1.0320332050323486
1.0372639894485474,0.9550000429153442,1.2257832288742065
1.0199999809265137,0.9800000190734863,1.0242207050323486
1.0199999809265137,0.9800000190734863,1.0292208194732666
1.024999976158142,0.9750000238418579,1.0568768978118896
1.0199999809265137,0.9800000190734863,1.0365644693374634
1.0199999809265137,0.9800000190734863,1.0350018739700317
1.0199999809265137,0.9800000190734863,1.0443769693374634
1.024999976158142,0.9750000238418579,1.0229706764221191
1.0199999809265137,0.9800000190734863,1.0476582050323486
1.030432105064392,0.9600000381469727,1.1675019264221191
1.0199999809265137,0.9800000190734863,1.0259395837783813
1.0409085750579834,0.9500000476837158,1.0685957670211792
1.0199999809265137,0.9800000190734863,1.034064531326294
1.024999976158142,0.9750000238418579,1.0278143882751465
1.0363308191299438,0.9550000429153442,1.0710957050323486
1.024999976158142,0.9750000238418579,1.043595790863037
1.0199999809265137,0.9800000190734863,1.011095643043518
