464
478
397
374
421
53
32
69
515
225
224
300
472
94
202
263
320
115
291
445
137
139
110
380
226
395
345
27
501
260
245
279
379
265
75
204
42
57
352
25
144
275
283
56
469
84
296
134
409
125
81
21
276
277
463
450
377
195
448
485
336
312
315
476
417
92
105
149
127
198
318
58
285
328
297
187
188
475
474
467
171
157
4
521
350
163
405
444
102
152
176
267
6
391
490
358
8
316
430
205
428
519
243
340
162
221
313
142
203
1
366
208
220
362
60
403
19
128
116
332
30
229
274
169
488
317
103
111
63
80
517
322
479
256
9
523
321
287
426
24
439
147
512
219
126
331
329
241
325
209
150
375
41
294
212
411
207
394
