466
896
53
3
2
299
760
933
249
936
951
416
966
79
165
322
167
443
903
440
42
577
618
596
1068
117
155
928
433
898
483
649
20
228
872
686
718
550
677
540
585
652
362
206
304
980
1039
179
818
495
779
46
629
931
978
100
162
463
62
1036
282
125
1056
81
889
364
150
256
807
796
541
279
716
1001
507
129
29
771
386
446
906
1028
970
449
77
1046
27
947
467
195
1031
394
1019
17
835
848
861
804
1004
863
71
309
988
971
266
295
376
39
506
18
163
525
171
13
32
675
192
133
757
569
1007
194
468
290
367
715
985
628
222
734
927
622
868
532
997
90
554
1070
460
840
902
1021
281
855
324
676
34
140
138
342
154
95
797
210
844
191
119
428
1029
817
858
