271
10273
3114
2066
456
796
533
8168
3500
8388
10539
5148
5585
10280
5965
10326
7282
7228
2842
10114
8665
6578
3582
2517
6022
1623
4112
7972
1106
1201
9306
6110
2462
9968
8506
5236
10589
4085
4413
664
5141
7833
5371
9261
4550
3783
9784
7681
7190
2560
2576
7160
1005
10036
2610
4770
6904
4355
3069
6212
5619
7289
5593
5070
3586
3912
3883
929
8805
7448
10121
9182
5601
2196
2678
2441
4946
7785
5211
5782
10314
1482
317
5758
8908
8656
5326
2344
9444
5065
7538
65
8984
5156
9423
3686
6915
5971
10173
4811
2747
9296
8997
5166
2635
1146
4075
7661
6289
4405
7373
3762
3952
9731
2033
1911
6491
4336
4364
488
6908
4739
6962
4127
4271
1663
9943
3241
8020
4524
8163
1214
3822
5038
4525
7742
2719
3413
6888
10414
5857
7980
4945
9630
8397
10110
5942
1976
900
6752
3078
7279
5854
6722
7827
6650
6719
689
2909
1756
9747
1966
316
3633
9907
5333
9844
3551
1803
2504
1665
9132
10437
6594
6146
8642
5972
1908
6590
5206
1836
2269
10119
7137
945
2052
4289
242
9358
3062
6917
9765
1368
7992
946
4339
304
4796
2978
711
6823
7225
8376
4552
324
8795
856
7816
10515
2437
2032
4757
6404
3725
9893
894
4707
8659
8342
7958
7317
5364
10062
5486
9572
7461
5446
428
9040
4721
762
4221
1138
1331
10574
5195
3360
8589
373
9665
9397
5319
3096
10513
5516
832
764
278
1903
6303
7960
3710
6041
2722
8476
7470
6044
5941
1585
9581
5102
3587
4765
6660
1926
3421
10265
10048
10179
6376
6284
1851
8927
1373
8370
9136
9231
8233
4515
4628
3392
5325
4894
3534
7400
1514
1854
7403
5918
4516
6073
2267
5353
3829
3641
4077
828
3482
7609
10516
436
3219
1125
9459
5456
1753
6416
2227
2103
1071
3472
531
2337
7416
7543
9176
6254
8808
3224
4896
9693
4430
8267
9806
7166
5048
403
1937
4109
1951
853
7812
7748
7939
4146
215
10161
6789
7296
9415
10025
418
4117
1433
8514
7724
9478
2829
9969
508
4353
1043
6293
7516
5547
4540
3368
5370
1434
1593
1983
8108
4106
4440
8666
7076
4722
9150
1977
7952
1404
772
9432
5425
3597
5493
1985
4031
1621
5299
8820
9926
7139
8159
6526
1327
4194
7179
545
2125
7113
10423
7889
1667
5443
5303
491
4255
5462
5849
3584
2907
1532
5173
6694
2703
10229
10421
4205
10044
9337
3175
7377
5594
3131
9889
3178
3838
10325
5896
2423
1550
2531
4955
8137
6693
4612
9021
3885
829
2278
5710
10457
9786
9157
9471
4253
261
3430
7138
5025
1284
9091
8627
1703
8674
4014
7938
408
1398
4093
1542
1749
9230
1453
9802
6501
915
8001
1904
8948
4732
5068
8800
3097
5010
3391
7235
1645
8880
5866
9371
4861
1200
6165
2500
2115
1379
7236
7469
2407
9353
8980
4691
3735
4703
1136
1454
9005
4591
3889
3234
105
9704
4760
4766
10373
10197
3748
10043
3766
1385
1427
10607
10171
2258
534
3032
6009
6931
6226
8047
9970
9681
730
1381
6499
6101
7105
3708
9441
5039
7323
650
6537
7080
4667
642
9773
3825
1366
8428
2482
9207
1573
6881
5424
9537
767
10174
10603
5994
8702
2977
5709
4057
4876
9490
2591
9953
6424
8334
7475
1133
5781
7944
4738
8815
6231
10361
725
10180
8091
4761
5047
2852
6759
4728
1122
4839
7389
2362
2982
6275
6547
6813
8329
6852
5298
9533
6595
10352
3758
1590
7693
145
298
4571
4185
6889
5766
10230
9206
4503
6385
3329
790
9945
2974
2590
7438
10393
4288
8512
2453
8743
5075
4212
1508
4278
834
232
4294
7326
3669
848
7560
4111
2945
6353
6030
4871
7819
972
2474
7990
8133
172
553
7451
1095
2147
6318
237
2349
192
1561
1899
8092
10363
8465
7171
2791
3242
7588
7197
9911
2430
5247
9961
8154
4371
10533
3759
3446
9772
2683
8121
696
732
2880
6983
1838
9006
5355
7143
558
51
8641
5806
6616
9724
7237
4999
4460
1203
7760
3108
571
8897
6957
5993
5076
4958
6986
9567
3000
5755
6907
8087
1674
2759
6401
2369
7916
9528
3707
9980
4186
9085
1458
3865
6209
6371
9448
4653
7049
3501
2193
1216
8987
5879
10388
3694
7501
5712
177
2251
7414
2363
2668
1863
2789
5189
3619
1896
1960
654
2788
3414
7870
2075
113
10186
7713
9081
6046
4848
1333
4315
10600
9915
789
7499
7585
6220
10209
7398
7402
3664
7302
3808
407
8228
4426
9174
5943
414
6994
3959
8278
5973
1882
246
10320
8093
6070
5525
1419
131
5143
7215
410
4675
4642
3130
10075
7731
6095
7140
5312
3474
5265
3642
185
7669
9480
9400
10458
9287
1867
3548
7955
2694
8628
2234
8104
2905
166
10318
218
3953
2298
2589
2927
8083
6703
6781
7429
3324
1169
718
593
1414
10528
694
2762
8048
7573
8926
3962
6952
3093
8838
636
308
6415
5293
6747
5948
8731
7024
7493
1980
5368
10304
2305
7507
9204
6169
9460
66
1845
5045
3390
3522
5561
9740
2663
10066
3763
7810
2049
1964
10478
2644
943
2920
3003
5302
1850
1860
1592
1684
1858
4338
2496
2815
2501
7355
952
1668
1679
7766
2192
8148
1301
7853
5136
7633
9839
550
940
10269
9780
7240
9242
8391
6405
9641
886
7334
5556
5008
2616
2983
8061
9546
6766
6137
1535
5578
4244
2352
7492
8379
7689
7251
9024
5901
8596
2114
594
6729
1304
9541
7786
2148
7620
9305
5192
9659
8146
4677
5692
3022
2004
4347
9033
5363
5507
8760
5210
3617
5749
7561
8779
1134
4007
5135
7861
3033
44
8396
1774
5183
7806
6408
6955
10037
8424
6744
1204
2828
9316
7376
6438
10617
5225
409
8235
967
5317
7457
1732
2561
653
9791
8883
2465
2720
1302
4169
464
9442
3564
1108
6884
3132
9616
423
1424
8610
8545
3220
6551
9431
6243
8072
7937
5296
2242
9720
4204
2013
6560
4450
7028
9188
605
9944
5444
1547
260
1232
3015
2768
2109
3752
7460
7070
5488
3625
4485
7211
6020
557
5641
8704
10282
1847
7997
5466
2031
5621
10147
1723
45
8882
8301
2639
4639
1261
7843
6394
154
887
7542
4579
5930
5946
587
2126
9599
1392
9434
5304
8299
5851
6542
9529
5890
4160
17
2743
3544
4555
9487
1538
1706
9269
8572
4307
7875
8847
3945
6234
10018
191
2039
784
3979
4099
7911
10286
5332
2580
2836
2205
1470
10614
2999
2394
9767
9663
1330
9450
716
6769
3256
7999
3659
5427
8333
1288
5671
6329
2340
9885
355
2321
8708
9706
357
4239
2551
8274
5091
548
5775
7773
333
10377
6184
4923
6010
8186
8395
4720
2047
3481
6364
7245
6511
1141
8676
3252
1811
1816
8207
6597
4553
10355
9699
7045
6282
4175
7949
4957
5951
9716
1921
7261
2592
3660
5158
7970
9042
3643
3090
3623
5955
5400
10045
898
7308
9884
1525
374
4622
8670
5253
6093
9250
7964
7908
3905
4196
6267
5467
2153
9072
5194
6949
10376
8037
6741
434
4101
2127
7904
2980
6787
9656
5451
2164
5392
4258
176
4968
4819
5682
41
916
9381
417
1501
5764
494
6864
10057
4058
3652
568
7303
182
8819
6247
9734
1003
9402
4250
2244
7703
3100
10127
3310
7601
10015
6709
4875
3397
9124
3679
6506
6540
2519
584
339
5640
9258
4700
10368
5837
2685
2597
7319
6382
438
6869
7725
3583
6658
8113
6861
10183
6738
7668
2498
102
9262
5352
4741
6643
899
2212
4226
903
2628
659
3259
10206
6782
9650
6933
5542
1608
5549
1931
6006
5064
9492
1804
1814
4098
2310
9592
6378
7890
7273
4421
5924
9777
3646
481
3538
10334
5205
3918
9215
9534
9178
7526
1543
5952
7864
3709
8639
7086
10381
8618
4163
3379
1776
3682
4620
2611
10472
8762
8339
8007
9098
9399
3049
8904
4919
3348
5778
2459
8282
10356
7465
7419
3636
5059
4787
2416
4154
360
2686
125
4809
1253
2041
8211
4805
6498
375
956
5465
3349
4716
4633
8725
4798
7935
2493
8712
6163
10487
7185
7082
9493
5209
10112
3086
5685
10108
2529
3098
1748
741
10011
6780
1497
6997
10141
7995
8632
1584
3053
4076
6872
5176
1376
493
498
2291
2072
867
3993
2821
2406
2939
7839
1402
250
7335
5138
3099
5801
8812
5150
5063
2921
857
54
5501
8660
9026
4108
1093
1655
5405
4292
7055
7413
6397
6677
7410
2018
2918
6179
8499
5903
238
8707
5528
5725
6987
7027
8672
7106
7177
10063
4211
1033
1112
7353
1772
4855
3280
76
6697
267
5956
10610
5527
6922
3094
9109
4023
8130
9845
3985
9315
8466
1362
4495
5281
10201
8330
7443
6096
6959
9707
5331
7859
2415
6087
6998
9759
6978
2609
950
2622
544
10581
5983
7779
6778
10128
768
4665
4573
9172
750
3318
1145
3029
7792
1849
6252
6621
8998
8986
1371
1323
5373
10155
4921
9373
10350
1008
6330
9671
4472
9348
8416
5783
2134
10236
8204
5689
4980
10271
4065
3494
3490
9906
1948
6954
4548
2289
5868
9891
6699
713
7437
5330
6112
10288
4001
3820
5217
1462
5139
9737
8689
7155
10383
8529
8564
8890
9995
3987
2456
8152
2086
2574
6847
5245
8491
10251
1819
9810
3989
5471
3323
7684
6104
5989
10188
10500
8613
8324
370
5235
4632
3674
6213
5934
2851
5602
8540
10481
8498
1162
6102
5936
3970
6855
7365
4569
10591
87
6859
10199
1612
3853
6105
4706
5301
6725
4129
1846
3498
3559
5087
2220
3547
8444
5472
3092
9023
9697
259
3864
8701
4068
157
2876
2783
8500
5767
9312
5271
743
602
3332
8304
5105
4863
9609
9637
4044
6613
4964
6458
8966
5938
5721
5347
1168
4897
6534
9270
6886
7626
10558
928
1296
6834
747
3930
3355
4476
4053
3227
1342
163
2178
6487
5273
3568
7052
7434
10416
5815
2221
10418
10336
377
6970
484
532
1147
5190
3157
3882
1110
4051
8631
4039
5633
3955
6164
7226
1502
1710
1025
9300
10548
8974
9542
3192
927
10013
858
6032
5067
9256
9356
6188
4775
3857
9278
1086
3341
10328
8187
4978
5142
3044
597
8259
10465
6516
1599
8215
8128
4374
4419
9530
9425
8158
5708
1430
10413
3716
7946
8473
6276
10520
6235
8616
1472
10030
10405
2229
12
7454
5839
422
6017
3874
2681
4187
3463
10099
2834
4119
3250
8196
5649
10389
5763
4311
3572
3607
5089
5469
9896
1173
7117
5212
9284
9933
4676
4782
4298
4481
10332
9328
3618
6918
10538
5830
1953
6530
2701
8693
7677
9283
5624
3316
1504
1007
7674
6448
3502
9334
3722
10172
6054
8440
2460
2900
4838
3122
10408
9410
8961
4652
2818
1531
7720
290
2875
964
5414
1179
9336
9549
1963
9797
7752
10629
7578
6553
8747
4914
5681
8718
10535
4672
5772
3513
2076
6468
8958
2688
3977
10017
4453
10166
8387
7836
1030
9486
6685
9950
1176
5460
965
2341
818
5662
9289
8060
6170
7349
4982
4802
3110
5668
7608
622
109
9177
3166
3546
1991
3574
430
2235
2862
7405
4136
8788
10264
2807
9711
7657
1591
10570
7529
5632
10253
3777
8462
1344
5705
4570
1196
2359
8680
4158
4102
7380
6407
3195
8173
914
7095
6068
8830
70
4850
2040
8401
2990
3447
6969
5559
10151
8461
8768
1683
2223
8911
445
5570
6742
9774
5391
6080
4167
1795
3489
6623
1633
1582
6575
6561
1998
4685
7882
2566
5622
4918
299
5388
1589
2427
7554
2350
6270
9036
5676
5182
6259
2301
6636
8507
603
6026
3042
7837
2710
4234
5096
5490
10599
5612
398
9725
2335
7087
8686
7914
7387
8598
6807
485
10104
9579
3030
2123
6127
6767
503
4950
560
8758
6927
3448
2257
9071
2545
9202
1750
4375
2481
2361
4801
580
6911
5722
1682
9367
6615
1
225
5228
1314
10148
9684
4638
691
6502
9701
1065
9247
10
8029
1949
6121
7896
3255
4379
7327
286
106
1984
5122
9661
5073
5807
1891
1500
9267
5393
2965
7425
10475
1341
253
5350
5238
8079
8934
6586
3790
9374
8900
10400
9485
5731
10503
10241
8164
8234
4328
3300
217
5151
9949
7530
3170
454
4349
186
1119
2410
4702
10580
4235
6258
3743
6166
3567
4027
1835
3649
7018
6116
6368
715
7971
890
5579
10033
7754
2748
3305
4092
2317
4352
2765
4323
9279
6846
7969
1630
5589
5251
2324
3870
9445
4508
10391
9277
10300
3285
1235
120
8438
3005
6085
3272
4916
9244
5704
1735
8959
4664
9429
2409
7539
472
6003
9788
4666
1384
9733
4751
8570
8933
6312
5575
7784
2810
4768
9323
7427
300
5117
4873
167
519
7813
6591
1294
3602
4320
8161
7085
10224
255
615
3931
9930
3321
5889
9690
9475
3199
6018
6728
1709
512
2950
6705
5261
5346
604
9955
6097
9679
10620
155
1403
8315
10430
9481
3427
7141
7396
2502
4905
10126
3673
708
2717
8765
4824
6452
9750
10504
5823
1240
517
416
7718
2805
3515
3331
9506
897
10435
9039
159
7632
10575
6423
10348
1298
4079
4245
7985
7344
9352
2964
7945
10086
2113
10583
4121
10456
466
8126
64
8295
10167
958
9840
9990
922
78
934
6287
10526
4972
1429
56
1546
6863
939
881
3148
5794
2776
5977
8180
5012
2431
1865
3179
5222
9320
2994
5834
4683
6768
3816
3954
6965
2533
4081
6308
6244
5644
8012
7062
2823
10089
8750
6117
6850
3741
10022
5529
7182
6617
3519
9465
8729
8006
4595
7933
3908
59
6292
3357
1262
5935
2200
9843
9586
8619
2489
1111
3347
7162
5145
439
855
7053
3426
9286
9302
3495
2915
10364
9947
5508
3596
6566
5113
5928
2096
10193
628
3626
4376
7764
8210
4985
9364
8791
7687
1968
3850
9424
8249
798
5914
947
4564
5729
10178
1766
6803
8867
6190
7392
850
7926
2894
147
6060
9877
9527
3462
7521
79
4437
5287
9647
3209
8179
4480
8711
8447
7424
4997
5922
5157
9181
462
6140
811
656
4820
6783
5382
509
1570
5609
5910
9064
152
9583
2319
10219
8851
9812
4611
9131
10085
5452
7271
6584
126
7320
1010
2203
1059
5945
5344
1788
1172
9939
9363
7670
228
5401
1425
362
2890
9060
4087
470
7463
4484
6625
8767
1654
7962
5453
8675
6853
6004
4680
10132
8780
1690
3655
6572
6480
1722
8070
6370
8435
9879
2063
3699
8648
5367
753
10133
10103
756
4827
6214
4975
9218
4634
1340
10612
6296
9993
876
9122
3991
4247
6057
3364
2725
1485
34
3137
6882
4800
921
4028
5848
3116
3578
5454
7476
7275
8543
4886
10624
7362
9515
10005
9848
3404
4465
1537
1244
6856
5925
396
9197
3354
2692
4883
9059
5659
2006
7466
3831
7737
4274
10020
9600
8818
3728
9860
1826
8176
1777
1375
6383
7756
6792
1941
7488
1370
5054
8303
10021
6273
527
735
9339
9563
7883
5282
678
6384
1902
7359
6765
7120
7025
7002
9103
118
8095
8223
2598
6356
1248
7339
4534
9391
2867
5464
3805
6581
4005
8807
1564
5717
8382
791
2906
4771
782
2603
4660
5126
2326
10000
143
9801
8723
6133
4993
1549
5280
7315
1583
996
9796
6895
6661
6326
9863
492
6432
75
27
2346
1001
2354
2154
9255
4343
2424
2923
2428
7243
7329
60
7181
2246
8084
4743
2204
7252
3334
9133
4225
8372
9544
7901
8806
1760
7187
5372
9918
5984
7264
9803
3577
2112
9627
8611
1036
3801
9041
7084
4248
8030
5101
8311
9473
4378
8981
717
281
5268
4657
1410
5082
8503
9852
7379
7043
9998
5677
8063
5548
5358
7029
7292
6250
6174
7357
9882
5329
4
780
4781
686
10385
8188
2176
4148
2993
4684
1792
127
8799
7940
2413
3146
9956
22
2734
4785
2837
7386
6113
9825
5745
8454
9816
1151
2143
1422
3929
8349
5226
2001
5631
4661
10422
8637
4582
3638
7321
2439
1540
825
9556
8726
7360
5240
4408
6028
10410
1443
7176
7421
5503
4024
8661
9722
8602
5811
1227
8522
639
3386
7759
726
9635
8773
551
1355
3014
8268
1243
4312
4103
10335
4038
7627
966
3504
6930
4758
1770
7986
216
3238
8772
4872
2279
9096
2454
116
8160
8947
6916
331
902
6061
2042
8003
2534
9332
5871
4932
4556
2544
6686
3307
3737
284
9808
6532
6736
474
10597
5259
1694
4387
2263
4067
7698
483
9295
7099
2157
183
7230
1832
1952
1641
7270
4488
6277
1466
8175
5891
1697
5573
5169
8657
1070
875
3998
6570
2372
4636
4446
1363
7234
8338
1487
2914
10308
1603
3112
1481
2117
6563
7092
5216
879
585
8643
243
826
8559
1184
9708
6701
2967
6653
5824
7309
3511
1332
8477
8478
10546
3294
606
7532
9730
10339
10396
1914
7708
2189
2543
8802
7943
4557
895
7525
7146
9881
2924
669
6263
1995
5537
8360
2705
9590
5672
10590
2542
2276
7577
885
8356
9468
1822
729
1461
6497
10255
7905
9565
6199
8766
2020
4237
3770
5567
5751
1767
3807
5500
8662
3497
9211
5980
7202
5003
6150
10561
2878
5231
9427
595
2382
139
3651
2679
2767
3573
3493
8075
2395
497
9899
9856
7399
337
10248
5660
8485
1716
9948
4029
10050
2682
2473
1702
10268
8016
5982
6316
2188
4402
5894
9063
9705
10131
195
2486
5657
1092
2891
1516
5680
3346
8189
3851
9941
7145
10118
3115
7974
8495
9643
1471
306
2248
5754
8049
10595
7918
6177
1265
161
2524
3336
5700
4854
1807
3369
3592
1513
9144
2225
7071
8119
8455
3228
68
10194
3237
2718
7301
5165
3286
10054
336
3432
2662
8845
1361
6841
5736
4025
4812
9435
1884
10153
5187
7109
2353
3075
363
8398
5617
590
4201
2062
5399
7430
2209
10443
4829
5084
5386
6529
9240
9311
1182
7519
1711
7800
297
3924
8169
6740
1739
5628
516
4502
8952
5627
5318
1870
3045
3273
8922
5354
2528
4062
502
9386
2630
10375
5768
9967
10212
4779
3371
2274
9851
6620
1051
721
6796
6973
9236
10482
1843
6543
7709
6989
3982
4752
6500
340
1906
2604
386
8132
2120
10404
9642
6630
3431
500
6607
9732
9691
5759
10378
1317
9898
892
6898
7618
4507
6940
9090
2094
221
10026
2581
10222
3774
8905
5740
5002
1290
8120
6049
1742
2328
3016
10331
5361
9100
2873
7893
10594
8886
7536
596
8912
5842
8577
5489
5653
6557
2339
3680
7103
1161
9666
8411
1862
1067
1171
4533
1300
4280
6014
877
4335
10046
6065
9049
4736
385
5060
3080
1015
8590
4936
9420
2952
2012
5530
8419
7260
2102
2971
10200
5555
5790
6652
2286
7948
3684
1126
4727
2510
6905
174
6788
6920
4030
10337
2417
5829
42
8135
7869
10214
7902
1428
10010
2373
6053
5362
4417
5306
252
9168
7996
1140
7224
6056
10047
395
8527
1719
10283
10578
7284
9965
2306
8513
2659
9055
8239
8681
114
959
5234
148
5335
7363
5517
3070
541
309
258
5257
6549
6123
9065
8407
1123
9158
3059
2893
2613
6715
7641
1268
5551
9192
3934
9518
4754
10483
8901
190
10311
10106
8988
9217
4128
6224
9229
7826
4935
8318
3514
5181
1962
1180
9698
2183
8587
8574
4316
10009
8745
8450
8827
2745
5786
7136
3264
9464
5434
5864
1568
4995
5203
82
3043
9453
7721
3745
7058
1187
10205
2067
1129
8090
3091
1622
6656
4452
7874
4651
10625
2273
47
6897
10618
4380
2631
635
4473
10130
7818
5001
23
6845
9640
6253
8914
10550
3780
3201
10415
5186
4078
1923
475
7683
3271
8763
4095
3434
7388
5154
33
7740
452
4865
1660
3136
5440
7774
7485
8064
10211
5397
5
8414
9110
5463
3051
6495
10322
8734
4351
1456
8532
4640
8573
3119
538
5336
6193
619
4138
3027
6576
9009
4909
391
3149
3089
10374
3704
334
179
7490
2627
8738
8647
4209
9294
3936
7897
8504
9532
4346
4734
9751
4268
6639
4384
7288
4396
3021
6490
2853
2338
1185
6446
7039
3579
10434
9721
9804
9308
4917
7920
9299
8308
3124
4447
9822
10082
7988
8054
7548
2943
3107
1045
2958
9032
6900
10573
6562
9404
2665
800
562
1885
4358
8340
8025
10532
7790
2265
2567
5964
1056
1195
5249
276
81
7020
9605
2468
4040
1650
9351
8581
1158
10256
6396
3698
3002
4519
1405
6892
8427
8459
6634
9489
5513
5277
4695
135
8453
1646
3041
1959
3018
10087
3456
8389
2899
6031
4072
2661
9050
3104
7291
5538
2390
4055
8876
6272
9156
8848
8139
3145
6430
7535
5155
3277
8652
905
5987
1446
5338
4566
8664
1556
3279
2736
7219
80
10341
2811
3531
9999
8441
5724
2064
1307
6114
3563
2976
3350
9689
7439
2979
1223
697
7496
8771
5498
2088
10117
1601
9407
7480
3736
4960
1075
130
6943
663
555
1109
2676
7009
6314
2402
2607
2806
3593
1397
4514
2761
1191
4637
1796
3731
8868
1247
4296
8941
9559
4630
3803
5389
5314
6680
7295
5629
9504
10120
7372
8098
6366
3486
6901
7789
55
4241
7212
5950
1217
3893
7401
90
770
4506
6825
700
3117
1105
5652
6829
2903
4104
5020
3417
4279
2525
6410
9726
6979
1640
3956
7747
2689
4603
9203
1211
9439
1078
5420
7491
2180
5343
3806
5809
4836
9871
2294
6349
2786
1544
3207
5606
1866
4105
7976
9814
2287
883
10464
10245
2141
3353
4181
5477
586
2131
2845
2364
6678
5776
1357
10509
1808
2391
2946
673
6706
5816
283
2799
6654
8909
6285
6837
7445
7755
9022
4792
8174
3401
7851
8213
5654
1839
5492
8445
842
8008
2687
5753
9045
2170
2083
9837
3520
8578
3246
7556
4272
9923
10292
7533
5374
405
2556
5342
693
1848
6657
3409
3171
7794
2399
8366
295
5223
6522
4944
9903
4942
579
10585
7581
4308
8147
9928
3351
1989
1417
8136
2512
8263
7210
335
564
4826
5072
2393
7743
2738
5278
9568
6977
985
7069
1283
1018
9638
2884
6854
6509
1346
1457
6659
5521
1380
2181
4799
7678
427
5285
24
4910
3621
3174
2156
175
2827
1681
819
8678
3508
1746
1387
1572
9248
8907
9101
3320
8157
313
476
9392
4372
1181
970
10073
8663
50
8264
8888
10333
7909
3282
4913
138
4840
4837
640
7950
4344
7336
4230
2422
4581
2457
6340
6109
8489
6554
1225
1841
6450
2648
2371
2798
9126
9155
2256
3539
3056
6944
9052
10134
2358
4497
3374
935
10626
9604
5033
4034
4256
8624
6663
1786
5140
9201
751
7928
4600
10571
6352
3441
6763
5673
2054
3293
1464
1230
4219
10305
6836
2565
7066
6840
4410
4907
2056
6037
2128
7446
805
4959
3450
9140
5519
6208
6718
3854
6047
432
10343
4330
4217
6413
6025
993
6824
6712
1651
4673
629
5250
1186
6347
7638
8494
1166
8856
10436
1094
4056
2490
6122
9274
9718
2600
4969
2518
5267
6635
7751
5168
6361
6877
761
9594
4392
6758
7546
8034
4227
9268
7061
10392
3678
6467
6910
6141
7325
681
4590
1089
2487
5266
10038
2989
918
8714
8843
165
6558
4191
10453
6175
9359
8520
2151
9266
5819
529
10557
6381
4404
6524
9841
563
4303
1530
8692
8862
10511
6083
2908
5449
10433
4803
7772
3204
5337
4599
10306
7407
5827
233
7417
8042
987
7356
8535
3340
7481
3849
7036
2228
2121
9416
3013
4144
8785
6488
8769
7993
7574
5808
975
9333
10072
3172
1483
1297
4293
7233
10542
9239
8325
9205
1548
8915
10092
8969
9227
8359
9793
6327
2172
5858
9000
244
9106
6472
9557
1435
2420
5098
9347
9539
2987
839
9752
7348
9974
3028
8460
4080
5825
3938
4930
8385
3139
5587
3163
1378
9069
7238
10365
4558
6938
2327
1255
10523
2727
702
8754
6624
4614
4604
4847
7919
5407
3076
8028
110
4596
10455
7183
9714
9589
5412
2097
4246
269
9322
5307
1624
6545
523
6844
2239
2838
5687
10052
2859
4304
7367
1636
5604
5826
1859
9952
8889
6283
6679
7623
4851
5690
6299
9833
499
46
5430
9446
444
5416
5642
3455
6358
9756
2009
3229
5635
7108
10203
7123
6016
9554
671
2158
5553
7059
7420
8230
1098
10084
8869
6644
986
4291
1413
4898
347
4393
8505
3612
3010
4084
285
5723
9954
2997
7923
2887
3338
6883
1801
3858
7782
7216
103
247
1720
3405
4461
1226
6648
6152
3058
7442
10547
2136
8761
4747
507
8036
7767
3461
2029
4432
5899
5664
2960
5040
10027
3150
457
93
8085
6228
3971
9175
7966
5620
2513
9632
5487
413
6007
1480
401
7239
6926
7
7081
5760
9001
7824
2547
7553
2320
840
4689
7722
2380
6865
3589
6118
5800
4856
2728
8270
5963
7662
6772
8614
5130
2099
3262
9785
8051
9902
5090
8350
6186
9910
7254
10582
3995
5305
6953
8486
4496
2443
8162
119
2573
6108
2122
8177
10123
10448
2729
7232
189
378
8335
5274
8786
3079
7322
1747
10237
4671
5031
4890
2553
1324
7771
2466
7894
8910
4773
7514
4755
9412
8442
8822
1274
6268
7659
3909
3916
8197
6115
4694
4377
8916
1518
3437
7673
5540
8193
4584
5042
9421
9746
7265
4749
9523
5254
7305
5813
8439
1303
2048
706
6637
2079
10135
4455
5960
2929
3590
7012
4309
4467
7645
8828
9875
4000
112
5149
9111
5435
6236
2312
1773
1669
9376
2935
9888
3443
3376
5518
9755
6605
5741
2384
10068
8713
6471
4470
2896
8005
4668
2506
9221
10604
4088
1254
187
9662
8992
8542
3339
6138
1408
1372
6817
326
866
1994
10249
10309
10514
4737
4825
349
3449
6710
6909
8258
3524
6618
9917
6422
4188
2332
8252
5163
7130
5793
9629
1932
9016
5119
3429
9936
361
3169
5566
9360
5132
2499
5437
3826
8383
7241
7606
9500
4977
4388
10420
3196
10215
1000
4327
1928
8248
2163
7672
1855
9414
10316
5252
1809
2538
6971
4494
7622
2784
652
3687
3477
10177
8553
7931
134
6395
5028
4624
3764
3950
7631
7189
9979
10474
6333
7227
3570
6809
5021
868
8925
4082
1064
10129
7267
3423
7549
6454
2677
6393
213
7735
3622
4529
7169
8752
9550
8496
2308
10562
7494
2124
7605
7364
7614
1312
1775
9597
10473
4821
9011
3160
3127
7544
364
9340
8138
7599
1049
6232
8790
9502
7102
10452
390
1888
6631
9865
1345
3484
7607
7719
8409
1351
821
14
2036
6649
2342
10244
9280
7820
1477
6945
7338
7841
8195
3399
5875
4360
3019
4777
10116
7768
6176
633
9220
1918
3947
3471
8265
6202
9728
435
2856
7734
5534
1048
2557
8816
7825
5833
8116
7032
8854
6878
1901
5898
8740
5856
6531
1252
19
7034
3718
8
8293
6587
8584
6793
1295
7158
6966
1006
5026
272
8209
2968
7558
5895
2988
4022
5883
4625
8291
6762
9304
4797
9887
3778
4329
1652
1263
4297
3639
9389
9180
5550
6851
4746
7406
1279
4808
3935
2296
5051
3943
738
1724
3102
8688
9383
9254
10425
6414
9484
8621
10499
3289
8850
2885
8353
7775
9672
1759
6092
1587
5995
7266
2021
6455
3811
3951
3191
4354
8451
3815
941
3999
2933
5707
8251
7537
10056
1825
7150
5902
5385
8417
3920
4229
8646
2846
7041
3742
2485
1019
5419
4619
10329
1023
6849
1609
1649
4021
651
4712
737
9313
3532
1271
5524
5846
2882
2445
3530
2848
9002
9076
4576
6903
8305
6298
5171
7665
4428
1656
661
2953
870
8468
6286
7646
4173
9870
888
4479
1193
1012
2003
4048
5180
443
6773
7886
8046
9282
8490
6304
4238
8231
2184
1910
2290
2941
2311
8067
739
1002
5544
6100
4621
10077
2074
2595
2824
1900
6457
1771
4189
6912
6990
8425
1909
8968
3221
7441
5027
1769
5468
2778
2435
5032
4678
7131
2724
132
5349
9667
6947
2934
2070
8973
6960
6459
10049
1698
4970
1455
1527
394
5836
7482
982
7259
2981
9890
7888
9580
7814
4708
282
208
1308
773
684
9243
1614
7704
6569
2403
5360
7201
8864
8201
720
4934
4107
524
7456
3974
6761
1935
10107
3809
4504
1055
9758
7127
6690
1222
10274
2171
3986
4149
8464
4110
2043
6559
7801
9194
2572
2674
2101
1035
8181
5351
6739
6442
2669
6748
8699
7205
8171
9682
9602
9167
1084
9858
5229
6463
2016
6223
2449
4120
9491
10556
7159
6826
2397
9702
8796
6367
5459
1177
5018
3071
6716
200
490
5340
3526
3760
1754
5897
9145
4539
7462
3632
9137
7209
2771
4012
8960
6799
4833
5071
5461
6261
4532
7369
5258
1898
2898
771
212
2883
7135
1878
9366
6124
8746
9913
8951
1653
4874
9235
2723
6345
2107
9387
570
8172
1676
5877
10494
3299
6481
3217
3025
2202
37
486
6131
9276
10088
1149
7299
49
2440
2864
984
9417
4912
4161
9619
4064
6008
4429
2365
6645
10553
4177
6544
7428
4759
6106
10235
9505
9127
5887
8585
8287
9562
6520
5727
1637
7741
2355
817
3439
9375
8954
1852
8562
668
2492
3064
6456
5746
7453
6402
948
9598
6237
9411
1526
758
9112
48
3037
3933
6451
4586
5959
2206
3278
10158
10065
9329
1541
7565
1871
8347
3476
786
9696
7332
9092
7163
5445
3696
5906
6830
7655
3872
8977
9901
8027
1628
5845
6143
1034
2400
10257
1661
1150
7164
9895
3615
5869
6460
9620
4091
1955
13
9184
833
8446
9519
8111
3142
10272
9129
6216
8262
10461
919
10159
2026
933
4398
8946
8373
788
2387
2351
4756
9293
6082
2177
2325
10380
4845
3835
7101
273
2527
647
5643
1741
9428
4431
4598
249
2698
872
5403
5289
6419
1299
219
9658
10227
5088
8224
2356
4423
2892
6192
7592
2699
8257
6700
4546
5327
9097
227
6360
2874
1276
3647
3562
9123
1555
7540
6674
9855
10471
10232
8302
8606
9331
9046
859
6373
5863
2870
8547
4116
2005
3452
7637
2442
5686
8546
1727
806
8501
8394
3946
3458
6249
4321
5198
7518
5770
4616
4714
7121
8102
8056
2360
5997
6775
5077
1505
9099
2804
10168
3782
891
1258
10081
7352
2996
3415
5215
10353
7116
10097
7884
5818
3897
6732
8071
4719
3012
257
10351
3257
100
3419
2090
6269
4381
937
2144
4369
4011
2711
6921
5260
1627
8310
3677
8685
7038
7663
5583
8649
3981
1689
10204
1521
8052
1972
10164
6248
9497
10006
7973
3420
6493
9454
1115
4361
3077
10406
7310
1014
4267
5733
10402
8118
8469
1784
92
2835
7184
10344
5147
2653
10536
7994
8528
7294
7506
5311
8040
7331
8859
2336
3565
8950
8369
7361
7242
2726
7060
2253
9648
6094
3290
6873
3140
245
8691
329
4587
3600
4730
4036
2145
6539
9736
5780
9245
6577
2986
911
9987
1842
4176
2334
9654
7374
9522
2554
7214
5852
325
3910
2330
6528
9318
896
9161
4724
1494
9018
655
3188
9015
3344
4893
8254
8612
8371
3730
5539
10384
10247
1396
10569
10411
4513
3428
8292
5571
8588
5798
5711
2243
4843
4816
5730
9141
7274
1578
6835
8728
8592
9384
10598
4658
6091
3133
3681
4141
9437
7517
3702
9208
7848
9975
223
1945
2210
9831
9909
7680
1325
2292
5838
8077
6288
5104
5648
4852
254
1607
10576
9914
6440
3109
4448
4441
8944
8935
1672
9038
1079
5279
8541
4927
7126
4813
2175
7382
10324
7753
1675
5552
4562
1135
4357
1929
4789
9191
303
2568
3569
2299
8055
2133
9639
2708
9669
1763
10277
8810
9121
3861
7078
7350
7229
7877
1559
2030
3454
7956
3303
5523
2624
7838
9754
511
3663
7717
6564
9764
6317
1987
2911
256
6749
4054
4319
3723
9925
5880
7635
1552
8364
1160
5185
10540
4456
5796
4170
1052
8266
6695
680
2011
2277
4403
10074
4416
5441
5560
4275
9477
10338
1170
9517
2378
5313
32
6642
7168
2461
2313
1157
1016
5283
6839
9511
10312
8458
10220
5802
2766
124
5270
1072
4033
10259
5111
2633
9560
5276
1353
7154
3161
6968
547
7647
1085
9739
9924
631
9842
9495
2250
442
