1.0870001316070557,0.9910001158714294,3.000004768371582
1.190999984741211,0.9910001158714294,2.999992609024048
2.003000020980835,0.9769999980926514,2.999995470046997
1.253999948501587,0.9930000901222229,2.999997138977051
1.187999963760376,0.9920001029968262,2.9999969005584717
1.184000015258789,0.9900000095367432,3.0000057220458984
1.1460000276565552,0.9900000691413879,2.99999737739563
1.1349998712539673,0.9920000433921814,3.0000054836273193
1.2299998998641968,0.9900000095367432,3.0000059604644775
1.2580000162124634,0.9860000610351562,3.0000035762786865
1.1139999628067017,0.9879999756813049,3.0000059604644775
1.1760001182556152,0.9900001287460327,3.0000054836273193
1.33899986743927,0.9900001287460327,3.000004291534424
1.2589999437332153,0.984000027179718,3.0000061988830566
1.2929999828338623,0.984000027179718,2.999997138977051
4.944000244140625,0.9340000152587891,3.00000262260437
1.3489999771118164,0.9910000562667847,3.000002384185791
1.071000099182129,0.9940000772476196,3.0000064373016357
1.2529999017715454,0.9880000352859497,3.0000014305114746
1.0549999475479126,0.9950000643730164,3.0000057220458984
1.0670000314712524,0.9950000643730164,3.0000054836273193
1.0940001010894775,0.9950000643730164,3.0000057220458984
1.1360000371932983,0.9930000901222229,3.0000014305114746
1.224000096321106,0.9950000643730164,2.999999761581421
1.0819998979568481,0.9940000772476196,3.0000054836273193
2.6670002937316895,0.9679999351501465,3.0000030994415283
1.2269999980926514,0.987000048160553,3.000002384185791
1.2269999980926514,0.987000048160553,3.0000014305114746
1.3170000314712524,0.9910000562667847,2.9999961853027344
1.4589999914169312,0.9839999675750732,3.0000014305114746
1.069000005722046,0.9930000901222229,3.0000054836273193
1.5099999904632568,0.9900000691413879,2.9999983310699463
1.4270000457763672,0.9850000739097595,2.9999969005584717
2.942000150680542,0.9649999737739563,2.9999940395355225
1.597999930381775,0.9859999418258667,2.999990701675415
1.9180001020431519,0.9809999465942383,2.99999737739563
2.561000108718872,0.9709999561309814,2.9999983310699463
1.1850001811981201,0.9900001287460327,3.0000057220458984
1.2269999980926514,0.9900001287460327,3.0000014305114746
2.0190000534057617,0.965999960899353,2.9999985694885254
2.0410001277923584,0.9729999303817749,2.9999911785125732
1.191999912261963,0.9890000224113464,2.9999969005584717
2.127000093460083,0.9760000109672546,2.999995470046997
1.2090001106262207,0.9900000095367432,3.0000057220458984
1.2179999351501465,0.9890000820159912,2.9999969005584717
3.9769997596740723,0.9420000314712524,2.9999992847442627
1.1729999780654907,0.9900001287460327,3.0000054836273193
1.1589999198913574,0.9930000901222229,3.000004291534424
1.2079999446868896,0.9920001029968262,2.999988079071045
1.2669999599456787,0.9829999804496765,2.9999969005584717
1.0930001735687256,0.9950000643730164,3.0000061988830566
1.062000036239624,0.9930000305175781,3.0000061988830566
1.9579999446868896,0.968999981880188,3.0000030994415283
1.2269999980926514,0.9869999885559082,3.0000054836273193
1.3259999752044678,0.9860000610351562,2.9999969005584717
1.317000150680542,0.987000048160553,3.0000040531158447
1.1899999380111694,0.9920000433921814,3.0000052452087402
1.0820000171661377,0.9940000772476196,3.0000059604644775
1.311000108718872,0.9880000352859497,3.000004529953003
1.024999976158142,0.9950000643730164,3.000004529953003
1.3060001134872437,0.9850000143051147,3.0000009536743164
1.680999994277954,0.9850000143051147,2.9999966621398926
1.2910001277923584,0.987000048160553,2.9999966621398926
1.2549999952316284,0.9930000901222229,3.000004291534424
1.3019999265670776,0.9839999675750732,3.0000057220458984
1.1729999780654907,0.9940000772476196,2.999992609024048
1.128000020980835,0.9940000772476196,3.0000014305114746
1.9010000228881836,0.9850000143051147,2.9999966621398926
1.3260000944137573,0.9900000095367432,3.0000014305114746
1.0849997997283936,0.9950000643730164,3.0000064373016357
1.0520000457763672,0.9950000643730164,3.0000052452087402
1.190999984741211,0.9950000643730164,2.999990940093994
1.2110000848770142,0.9869999885559082,3.0000059604644775
1.2360000610351562,0.9860000610351562,3.0000011920928955
1.1689999103546143,0.9930000305175781,3.000002861022949
1.2359999418258667,0.9930000901222229,2.999988079071045
1.6610000133514404,0.984000027179718,2.9999990463256836
1.128000020980835,0.9880000352859497,2.9999969005584717
1.0850000381469727,0.9940000772476196,2.9999966621398926
1.254000186920166,0.9930000305175781,2.9999992847442627
1.3310000896453857,0.9900001287460327,2.999997138977051
1.162000060081482,0.9950000643730164,3.0000052452087402
1.1330000162124634,0.9930000901222229,3.0000059604644775
1.1979999542236328,0.9950000643730164,2.999995470046997
1.2949999570846558,0.9839999675750732,3.0000011920928955
1.946000099182129,0.9750000238418579,2.9999911785125732
1.0880000591278076,0.9950000643730164,3.0000059604644775
1.3319998979568481,0.9900000095367432,3.0000007152557373
1.162000060081482,0.9950000643730164,3.000002145767212
1.0859999656677246,0.9950000643730164,3.0000057220458984
1.159999966621399,0.9910000562667847,3.0000061988830566
1.1399998664855957,0.9920000433921814,3.000006675720215
1.0890001058578491,0.9950000643730164,3.0000059604644775
1.030999779701233,0.9950000643730164,3.0000052452087402
1.2929999828338623,0.9900000691413879,2.999997138977051
1.222000002861023,0.9910001158714294,2.999992609024048
1.0980000495910645,0.9950000643730164,3.0000052452087402
1.1399999856948853,0.9920000433921814,3.0000061988830566
1.1700000762939453,0.9880000352859497,3.0000061988830566
1.0469999313354492,0.9950000643730164,3.0000057220458984
1.2060000896453857,0.9839999675750732,3.0000057220458984
1.2020000219345093,0.9869999885559082,3.0000059604644775
1.2960001230239868,0.9829999208450317,2.9999969005584717
1.5099999904632568,0.9779999852180481,2.999992609024048
1.1349998712539673,0.9900001287460327,3.0000054836273193
1.4670000076293945,0.9799999594688416,2.999992609024048
3.7980003356933594,0.9740000367164612,2.9999966621398926
1.6500000953674316,0.9750000238418579,3.0000035762786865
1.1269999742507935,0.9910001158714294,3.0000052452087402
1.2949999570846558,0.9890000224113464,3.0000014305114746
1.2470000982284546,0.9930000901222229,3.000002145767212
1.0670000314712524,0.9940000772476196,2.999997138977051
1.2120001316070557,0.9900000095367432,3.0000014305114746
1.2489999532699585,0.9880000352859497,2.9999990463256836
1.1049998998641968,0.9920001029968262,3.0000061988830566
1.1380000114440918,0.9930000901222229,3.0000059604644775
1.152999997138977,0.9890000820159912,3.0000054836273193
1.5090000629425049,0.9839999079704285,2.99999737739563
1.539000153541565,0.9839999079704285,2.9999969005584717
1.0850000381469727,0.9950000643730164,3.0000057220458984
1.2760000228881836,0.9900000691413879,3.000002145767212
1.2600001096725464,0.9840000867843628,3.0
1.4730000495910645,0.9810000658035278,2.999999761581421
1.1070001125335693,0.9920001029968262,3.000005006790161
1.815999984741211,0.9709999561309814,2.9999923706054688
1.3559999465942383,0.9850000143051147,3.0000052452087402
1.3570002317428589,0.9940000772476196,2.999995231628418
2.1640000343322754,0.9839999079704285,2.9999966621398926
2.1730000972747803,0.981999933719635,2.999990701675415
1.1329998970031738,0.9950000643730164,2.9999969005584717
1.1379998922348022,0.9920001029968262,3.0000014305114746
1.5470001697540283,0.984000027179718,2.999997138977051
1.659000039100647,0.9860000014305115,2.9999935626983643
2.2320001125335693,0.9700000286102295,2.999990701675415
1.2100000381469727,0.9869999885559082,3.0000011920928955
1.1920000314712524,0.987000048160553,3.0000059604644775
1.49399995803833,0.9760000109672546,3.000004291534424
1.2700001001358032,0.9910000562667847,2.999992847442627
1.2899999618530273,0.9829999804496765,3.0000057220458984
1.3260000944137573,0.9849998950958252,3.0000014305114746
1.3370000123977661,0.9849998950958252,3.0000011920928955
1.1800000667572021,0.9950000643730164,3.0000014305114746
1.3760000467300415,0.9900000095367432,3.0000007152557373
1.465000033378601,0.9930000901222229,2.999995470046997
1.3799999952316284,0.9820000529289246,3.000002384185791
1.4760000705718994,0.9859999418258667,3.000004768371582
1.3020000457763672,0.987000048160553,3.0000057220458984
1.0860000848770142,0.9930000901222229,3.0000054836273193
1.5219999551773071,0.9819999933242798,2.9999961853027344
1.1119998693466187,0.9930000901222229,3.0000057220458984
1.1480000019073486,0.9900000691413879,3.0000061988830566
1.2350000143051147,0.9910001158714294,3.0000054836273193
1.1139999628067017,0.9950000643730164,3.0000052452087402
1.312000036239624,0.9950000643730164,2.999988555908203
1.3439998626708984,0.987000048160553,3.0000059604644775
1.1339999437332153,0.9920000433921814,3.0000057220458984
1.0989999771118164,0.9930000901222229,3.0000057220458984
1.1319999694824219,0.9940000772476196,3.000005006790161
1.2100000381469727,0.9860000014305115,3.0000011920928955
1.2060000896453857,0.9850000143051147,3.0000059604644775
1.3519999980926514,0.981999933719635,3.0000014305114746
1.5010000467300415,0.9790000319480896,2.9999992847442627
1.24399995803833,0.9850000143051147,2.9999966621398926
1.1779999732971191,0.9880000948905945,2.99999737739563
1.1399999856948853,0.9880000352859497,3.0000052452087402
1.4110000133514404,0.9789999723434448,3.0
1.5180000066757202,0.9809999465942383,3.000004291534424
1.3700001239776611,0.9799999594688416,3.0000011920928955
1.340000033378601,0.9900000691413879,2.999992847442627
1.3260000944137573,0.9829999804496765,2.9999923706054688
1.099000096321106,0.9930000305175781,3.0000061988830566
1.068000078201294,0.9950000643730164,3.0000052452087402
1.1439999341964722,0.9940000772476196,2.99999737739563
1.149999976158142,0.9930000901222229,3.0000061988830566
1.1440000534057617,0.9920001029968262,3.0000061988830566
1.3960000276565552,0.9819999933242798,2.999999761581421
1.2620000839233398,0.9890000224113464,3.0000038146972656
1.216999888420105,0.9829999804496765,3.0000061988830566
1.2850000858306885,0.9799999594688416,3.0000061988830566
1.0839999914169312,0.9950000643730164,3.0000061988830566
1.434000015258789,0.9900000691413879,2.9999983310699463
1.065000057220459,0.9950000643730164,3.0000054836273193
1.0540000200271606,0.9920001029968262,3.0000054836273193
1.1449999809265137,0.9890000224113464,3.0000007152557373
1.1999999284744263,0.9880000352859497,3.000000476837158
1.6850000619888306,0.9829999804496765,3.00000262260437
1.0810000896453857,0.9909999966621399,3.0000052452087402
1.156999945640564,0.9920001029968262,3.0000059604644775
1.1850000619888306,0.9860000014305115,3.0000057220458984
1.4620000123977661,0.9830000400543213,3.0000009536743164
1.1970000267028809,0.9930000305175781,3.0000011920928955
1.8980001211166382,0.9749999642372131,3.0
1.1180001497268677,0.9930000901222229,3.0000059604644775
1.593999981880188,0.9790000319480896,2.9999921321868896
1.1399999856948853,0.9940000772476196,3.000001907348633
1.128000020980835,0.9950000643730164,2.9999966621398926
1.5920000076293945,0.9779999256134033,3.00000262260437
1.1010000705718994,0.9920001029968262,3.0000052452087402
1.5500000715255737,0.9859999418258667,3.0000040531158447
1.6690000295639038,0.9849998950958252,3.000004768371582
1.8260000944137573,0.9859999418258667,3.000000238418579
1.186000108718872,0.984000027179718,3.0000061988830566
1.4180001020431519,0.9799999594688416,3.000004291534424
1.3899999856948853,0.9769999980926514,3.0000052452087402
1.0839999914169312,0.9910000562667847,3.0000057220458984
1.2710000276565552,0.9940000772476196,2.999987840652466
1.1400001049041748,0.9920000433921814,3.0000059604644775
1.0589998960494995,0.9940000772476196,3.000005006790161
1.0499998331069946,0.9950000643730164,3.0000059604644775
2.693000078201294,0.972000002861023,2.9999959468841553
2.2160000801086426,0.9849998950958252,3.0000011920928955
1.1060000658035278,0.9930000901222229,2.9999966621398926
1.3030000925064087,0.9839999675750732,3.0000054836273193
1.1019999980926514,0.9900001287460327,3.0000057220458984
1.153999924659729,0.9910000562667847,3.0000057220458984
1.4789999723434448,0.9709999561309814,3.0000059604644775
1.130000114440918,0.9910000562667847,3.0000057220458984
1.2750000953674316,0.9910000562667847,2.999992847442627
1.3269999027252197,0.9829999804496765,2.999988079071045
1.342000126838684,0.9930000901222229,2.9999966621398926
1.1850001811981201,0.9900000691413879,3.0000057220458984
1.1750000715255737,0.9920000433921814,3.0000059604644775
1.1080001592636108,0.9910001158714294,3.0000057220458984
1.3030000925064087,0.9869999885559082,2.9999966621398926
1.4269999265670776,0.9799999594688416,2.9999921321868896
1.1790001392364502,0.9890000224113464,3.0000054836273193
1.1700000762939453,0.9870001077651978,3.0000061988830566
1.1349999904632568,0.9930000901222229,3.0000057220458984
1.1160000562667847,0.9900000095367432,3.0000054836273193
1.162000060081482,0.9860000014305115,3.0000016689300537
1.1530001163482666,0.9900000691413879,3.0000009536743164
1.090000033378601,0.9950000643730164,3.0000057220458984
1.2289999723434448,0.9860000610351562,3.0000057220458984
1.2559999227523804,0.9859999418258667,3.0000054836273193
1.5219999551773071,0.9879999756813049,2.999997138977051
1.309999942779541,0.9880000352859497,2.9999985694885254
2.1050000190734863,0.9819999933242798,3.0
1.0780000686645508,0.9930000901222229,3.000005006790161
1.0839999914169312,0.9890000820159912,3.0000059604644775
1.1950000524520874,0.9839999079704285,3.0000014305114746
1.4179999828338623,0.9869999885559082,3.000002861022949
1.409000039100647,0.9910001158714294,2.9999985694885254
1.3259998559951782,0.9920001029968262,2.9999940395355225
1.0799999237060547,0.9920001029968262,3.0000054836273193
1.068000078201294,0.9930000305175781,3.0000057220458984
1.0419999361038208,0.9940000772476196,3.000005006790161
1.1530001163482666,0.9860000014305115,3.000004768371582
1.440999984741211,0.9800000190734863,3.0000011920928955
1.0799999237060547,0.9880000352859497,3.000004768371582
1.180999994277954,0.9890000224113464,3.0000064373016357
1.0730000734329224,0.9909999966621399,3.000005006790161
1.1070001125335693,0.9910000562667847,3.0000057220458984
1.4410001039505005,0.9739999771118164,3.0000009536743164
1.096000075340271,0.9920001029968262,3.0000057220458984
1.190000057220459,0.9860000014305115,2.9999966621398926
1.3070001602172852,0.9880000948905945,2.9999969005584717
1.3450000286102295,0.9850000739097595,2.9999959468841553
1.189000129699707,0.9900001287460327,2.999997138977051
1.159999966621399,0.9839999675750732,3.000005006790161
1.0749999284744263,0.9940000772476196,3.0000059604644775
1.1360000371932983,0.9870001077651978,3.000005006790161
1.0899999141693115,0.9910000562667847,3.0000054836273193
1.2289999723434448,0.9950000643730164,2.9999990463256836
1.4950001239776611,0.9860000014305115,2.9999990463256836
1.3079999685287476,0.9840000867843628,2.9999983310699463
1.225000023841858,0.9910001158714294,2.999992609024048
1.0820000171661377,0.9940000772476196,3.0000059604644775
1.102000117301941,0.9930000901222229,3.0000059604644775
1.0950000286102295,0.9950000643730164,2.9999988079071045
1.2190001010894775,0.9880000352859497,3.0000059604644775
1.2620000839233398,0.9920000433921814,3.0
1.3880000114440918,0.9810000061988831,3.0000061988830566
1.1669999361038208,0.9900000095367432,3.0000061988830566
1.9529999494552612,0.968999981880188,2.999999761581421
1.1190000772476196,0.9920000433921814,3.0000057220458984
1.0420000553131104,0.9950000643730164,3.0000059604644775
1.128000020980835,0.9940000772476196,3.0000059604644775
1.100000023841858,0.9930000305175781,3.0000057220458984
1.3879998922348022,0.9829999804496765,3.000002145767212
2.1570000648498535,0.9679999947547913,2.9999988079071045
1.337999939918518,0.9930000901222229,3.0000040531158447
1.1799999475479126,0.9930000901222229,3.0000035762786865
1.156000018119812,0.9920001029968262,3.0000059604644775
1.5240000486373901,0.9789999723434448,2.9999985694885254
1.2200000286102295,0.9869999885559082,3.000004291534424
1.1079999208450317,0.9950000643730164,2.9999969005584717
1.085999846458435,0.9950000643730164,3.0000059604644775
1.5490000247955322,0.9739999771118164,3.000005006790161
1.150999903678894,0.9909999966621399,3.0000054836273193
1.1990000009536743,0.9900000691413879,3.0000014305114746
1.246999979019165,0.9860000014305115,3.0000061988830566
1.4540001153945923,0.984000027179718,2.999999761581421
1.3580000400543213,0.9800000786781311,2.99999737739563
1.5060001611709595,0.9759999513626099,3.0000057220458984
1.0750000476837158,0.9940000772476196,3.000005006790161
1.1720000505447388,0.9890000224113464,3.0000009536743164
1.0730000734329224,0.9910001158714294,3.0000052452087402
1.1209999322891235,0.9930000901222229,2.99999737739563
1.4159998893737793,0.9869999289512634,2.9999945163726807
1.877000093460083,0.966999888420105,2.9999964237213135
1.5480000972747803,0.9799999594688416,3.00000262260437
1.3340001106262207,0.9789999723434448,2.9999969005584717
1.2330000400543213,0.9940000772476196,3.000002861022949
1.1920000314712524,0.9900000691413879,3.0000054836273193
1.2430000305175781,0.9860000610351562,2.99999737739563
1.1299998760223389,0.9920001029968262,3.0000052452087402
1.2100000381469727,0.9859999418258667,3.0000061988830566
1.2549998760223389,0.9890000224113464,2.9999983310699463
1.3749998807907104,0.9800000190734863,3.000002861022949
1.3029999732971191,0.9880000352859497,3.0000057220458984
1.3289999961853027,0.9850000143051147,2.999992609024048
1.374000072479248,0.9829999208450317,2.9999969005584717
1.5350000858306885,0.9780000448226929,2.9999990463256836
1.2420001029968262,0.9869999885559082,2.999992609024048
1.2669999599456787,0.9900000095367432,3.0000014305114746
1.3960000276565552,0.9860000014305115,2.9999938011169434
1.0470000505447388,0.9950000643730164,3.0000057220458984
1.3619998693466187,0.9799999594688416,2.999988317489624
1.1250001192092896,0.9900000691413879,3.0000059604644775
1.0859999656677246,0.9940000772476196,3.000001907348633
1.3630000352859497,0.9880000352859497,2.9999966621398926
1.2380001544952393,0.9910000562667847,2.999988079071045
1.1099998950958252,0.9920001029968262,3.0000057220458984
1.215000033378601,0.9880000352859497,3.0000057220458984
1.084999918937683,0.9900000691413879,3.0000054836273193
1.1299999952316284,0.9930000901222229,3.0000064373016357
1.1640000343322754,0.9920001029968262,3.0000057220458984
1.224000096321106,0.9880000352859497,3.000005006790161
1.1220000982284546,0.9930000901222229,3.0000054836273193
1.334999918937683,0.9890000820159912,3.000004291534424
1.070000171661377,0.9950000643730164,3.0000011920928955
1.093999981880188,0.9950000643730164,3.0000057220458984
1.1290000677108765,0.9930000901222229,3.0000059604644775
1.2710000276565552,0.9849998950958252,3.0000057220458984
1.0690001249313354,0.9940000772476196,3.0000057220458984
1.2320001125335693,0.9940000772476196,2.999987840652466
1.1590001583099365,0.9940000772476196,3.0000011920928955
1.218000054359436,0.9850000143051147,3.0000057220458984
1.0559998750686646,0.9950000643730164,3.0000054836273193
1.1089999675750732,0.9940000772476196,2.9999992847442627
1.127000093460083,0.9940000772476196,2.9999966621398926
1.066999912261963,0.9950000643730164,3.0000057220458984
1.066999912261963,0.9930000305175781,3.000004529953003
1.4819999933242798,0.9900000691413879,2.999999761581421
1.320000171661377,0.9950000643730164,2.9999966621398926
1.097000002861023,0.9920000433921814,3.0000057220458984
1.1540000438690186,0.9880000352859497,3.0000064373016357
1.281000018119812,0.9880000352859497,2.999999761581421
1.597000002861023,0.9820000529289246,2.999997854232788
1.2429999113082886,0.9869999885559082,3.0000016689300537
1.099000096321106,0.9930000901222229,3.0000059604644775
1.346000075340271,0.9890000224113464,2.9999935626983643
1.3309998512268066,0.9860000014305115,3.0000014305114746
1.3019999265670776,0.9880000352859497,3.0000038146972656
1.066999912261963,0.9950000643730164,3.0000054836273193
1.0980000495910645,0.9930000901222229,2.999997138977051
1.0439999103546143,0.9950000643730164,3.0000052452087402
1.3700000047683716,0.9759999513626099,2.9999923706054688
1.0540000200271606,0.9940000772476196,3.0000057220458984
1.1039999723434448,0.9880000352859497,3.0000052452087402
1.0820001363754272,0.9880000352859497,3.000005006790161
1.0699999332427979,0.9900000095367432,3.0000061988830566
1.0809999704360962,0.9950000643730164,3.0000057220458984
1.0889999866485596,0.9930000305175781,3.0000016689300537
1.584999918937683,0.9820000529289246,2.999995231628418
1.061000108718872,0.9950000643730164,3.0000059604644775
1.0490000247955322,0.9950000643730164,3.0000052452087402
1.9100000858306885,0.9780000448226929,2.9999942779541016
1.2829999923706055,0.9900001287460327,2.999999761581421
1.2799999713897705,0.9900001287460327,2.999999761581421
1.2710000276565552,0.9830000400543213,3.0000059604644775
1.1039999723434448,0.9890000820159912,3.0000054836273193
1.059999942779541,0.9920001029968262,3.0000054836273193
1.1399999856948853,0.9910000562667847,3.0000011920928955
1.2420001029968262,0.9839999675750732,3.0000059604644775
1.2720000743865967,0.9910001158714294,3.0000035762786865
1.0500000715255737,0.9950000643730164,3.000005006790161
1.2209999561309814,0.9880000352859497,2.9999966621398926
1.085999846458435,0.9940000772476196,2.99999737739563
1.533000111579895,0.9869999885559082,3.00000262260437
1.1139999628067017,0.9890000224113464,3.0000057220458984
1.187000036239624,0.9850000143051147,3.0000011920928955
1.0749999284744263,0.9920001029968262,3.000004768371582
1.1380000114440918,0.9950000643730164,2.999997138977051
1.3109999895095825,0.9890000224113464,2.9999940395355225
1.1230000257492065,0.9880000352859497,3.0000007152557373
1.085999846458435,0.9940000772476196,3.0000054836273193
1.8040000200271606,0.9829999804496765,3.000002861022949
1.4160000085830688,0.9819999933242798,3.0000009536743164
1.2460001707077026,0.9880000352859497,2.9999923706054688
1.1010000705718994,0.9890000224113464,3.0000057220458984
1.1349999904632568,0.9890000224113464,3.0000059604644775
1.2549999952316284,0.9799999594688416,3.0000016689300537
1.1690000295639038,0.9890000224113464,3.0000016689300537
1.0679999589920044,0.9950000643730164,3.0000061988830566
1.0439999103546143,0.9930000901222229,3.0000054836273193
1.0870000123977661,0.9920001029968262,3.0000059604644775
1.1729999780654907,0.9910001158714294,2.99999737739563
1.1559998989105225,0.9900000691413879,2.999988555908203
1.183000087738037,0.9880000948905945,2.999997138977051
1.1150000095367432,0.9869999289512634,3.0000054836273193
1.2330000400543213,0.9950000643730164,3.000002384185791
1.1149998903274536,0.9930000305175781,3.0000052452087402
1.11899995803833,0.9950000643730164,3.0000059604644775
1.0950000286102295,0.9940000772476196,2.9999966621398926
1.0329999923706055,0.9950000643730164,3.000004768371582
1.1149998903274536,0.9920001029968262,3.000005006790161
1.130000114440918,0.98499995470047,3.0000057220458984
1.0670000314712524,0.9920001029968262,3.0000011920928955
1.0339999198913574,0.9950000643730164,3.000005006790161
1.1050000190734863,0.9940000772476196,3.0000054836273193
1.1649999618530273,0.9879999756813049,3.0000052452087402
1.1370000839233398,0.9950000643730164,2.9999969005584717
1.1350001096725464,0.9890000224113464,3.0000052452087402
1.1489999294281006,0.9920001029968262,2.999997138977051
1.0560001134872437,0.9950000643730164,3.0000052452087402
1.2969999313354492,0.9849998950958252,2.9999964237213135
1.0769999027252197,0.9950000643730164,3.0000057220458984
1.0459998846054077,0.9930000901222229,3.0000052452087402
1.185999870300293,0.9900001287460327,3.0000052452087402
1.1030000448226929,0.9920000433921814,3.0000052452087402
1.1979999542236328,0.9950000643730164,2.999997854232788
1.1150000095367432,0.9890000820159912,2.999997138977051
1.1050000190734863,0.9930000901222229,2.999997138977051
1.0470000505447388,0.9940000772476196,3.0000054836273193
1.1089999675750732,0.9900000691413879,3.0000054836273193
1.181999921798706,0.9900001287460327,3.0000014305114746
1.404000163078308,0.9819999933242798,2.999997615814209
1.0519999265670776,0.9950000643730164,3.000005006790161
1.1649998426437378,0.9900000095367432,2.999995231628418
1.1850000619888306,0.9910001158714294,3.0000038146972656
1.128999948501587,0.9890000224113464,3.0000059604644775
1.1729999780654907,0.9900000691413879,2.999997138977051
1.130000114440918,0.9890000820159912,2.999997138977051
1.2359999418258667,0.9840000867843628,2.9999966621398926
1.2989999055862427,0.9880000352859497,2.9999983310699463
1.1579999923706055,0.9850000739097595,3.000005006790161
1.090000033378601,0.9890000224113464,3.0000054836273193
1.087999939918518,0.9920001029968262,3.0000064373016357
1.1489999294281006,0.9869999885559082,3.000005006790161
1.1990000009536743,0.9900000691413879,3.0000057220458984
1.0780000686645508,0.9930000901222229,3.0000061988830566
1.1360000371932983,0.9920000433921814,2.9999964237213135
1.1190000772476196,0.9950000643730164,3.0000057220458984
1.09499990940094,0.9950000643730164,3.0000014305114746
1.0780000686645508,0.9930000901222229,3.0000054836273193
1.0880000591278076,0.9900000691413879,3.0000057220458984
1.0479999780654907,0.9940000772476196,3.000004768371582
1.1069999933242798,0.9930000901222229,2.9999966621398926
1.090999960899353,0.9920001029968262,3.0000057220458984
1.2149999141693115,0.9879999756813049,2.999992609024048
1.2350000143051147,0.9850000739097595,2.9999992847442627
1.1090000867843628,0.9900000691413879,2.9999966621398926
1.053999900817871,0.9950000643730164,3.0000057220458984
1.152000069618225,0.987000048160553,2.999997138977051
1.0989999771118164,0.9940000772476196,3.0000011920928955
1.1239999532699585,0.9890000820159912,3.0000059604644775
1.2580000162124634,0.9890000820159912,3.0000035762786865
1.0570000410079956,0.9950000643730164,3.000004529953003
1.090999960899353,0.9889999628067017,3.0000052452087402
1.1349998712539673,0.9880000352859497,3.0000059604644775
1.1399999856948853,0.9879999756813049,3.0000057220458984
1.097000002861023,0.9910000562667847,3.0000052452087402
1.0780000686645508,0.9910001158714294,3.0000057220458984
1.0619999170303345,0.9930000901222229,3.0000057220458984
1.0929999351501465,0.9920000433921814,3.0000061988830566
1.1039999723434448,0.9940000772476196,3.0000057220458984
1.0419999361038208,0.9940000772476196,3.0000054836273193
1.0709998607635498,0.9930000901222229,3.000004529953003
1.1820000410079956,0.9880000352859497,3.0000059604644775
1.0439999103546143,0.9940000772476196,3.0000052452087402
1.156000018119812,0.9900001287460327,2.9999966621398926
1.159999966621399,0.987000048160553,2.9999964237213135
1.0809999704360962,0.9920000433921814,3.000005006790161
1.0739998817443848,0.9930000901222229,3.0000014305114746
1.1060000658035278,0.9900000691413879,3.0000057220458984
1.0839999914169312,0.9950000643730164,2.999999523162842
1.1039999723434448,0.9910000562667847,3.0000054836273193
1.0799999237060547,0.9940000772476196,3.0000057220458984
1.0559998750686646,0.9950000643730164,3.0000054836273193
1.0649999380111694,0.9890000820159912,3.000004768371582
1.093999981880188,0.9900001287460327,3.0000052452087402
1.0500000715255737,0.9950000643730164,3.0000011920928955
1.0750000476837158,0.9900001287460327,3.000004768371582
1.0789999961853027,0.9880000352859497,3.0000052452087402
1.1369999647140503,0.9880000352859497,3.000005006790161
1.062999963760376,0.9950000643730164,3.000005006790161
1.1299998760223389,0.9930000901222229,3.0000054836273193
1.097999930381775,0.9880000352859497,3.0000057220458984
1.0550000667572021,0.9930000901222229,3.0000054836273193
1.0260000228881836,0.9940000772476196,3.0000052452087402
1.0800000429153442,0.9930000901222229,3.0000054836273193
1.0480000972747803,0.9950000643730164,3.0000052452087402
1.1589999198913574,0.9950000643730164,3.000000238418579
1.0290000438690186,0.9950000643730164,3.0000057220458984
1.029000163078308,0.9950000643730164,3.000004768371582
1.1089999675750732,0.9869999885559082,3.0000059604644775
1.034999966621399,0.9940000772476196,3.000005006790161
1.0699999332427979,0.9910001158714294,3.000000476837158
1.0380001068115234,0.9909999966621399,3.000004768371582
