1.0430306196212769,0.9450000524520874,1.0756269693374634
1.0270800590515137,0.9700000286102295,1.0768769979476929
1.024999976158142,0.9750000238418579,1.1550021171569824
1.0363308191299438,0.9550000429153442,1.0734394788742065
1.0199999809265137,0.9800000190734863,1.0323456525802612
1.024999976158142,0.9750000238418579,1.0415645837783813
1.024999976158142,0.9750000238418579,1.0325019359588623
1.0375635623931885,0.9550000429153442,1.2273457050323486
1.041567325592041,0.9350000619888306,1.7851581573486328
1.0199999809265137,0.9800000190734863,1.0687519311904907
1.0433298349380493,0.9500000476837158,1.5734394788742065
1.0374572277069092,0.9550000429153442,1.6550019979476929
1.0337507724761963,0.9500000476837158,1.3839082717895508
1.024999976158142,0.9750000238418579,1.0484395027160645
1.024999976158142,0.9750000238418579,1.0395331382751465
1.0372639894485474,0.9550000429153442,1.2257832288742065
1.024999976158142,0.9750000238418579,1.023751974105835
1.024999976158142,0.9750000238418579,1.0346895456314087
1.024999976158142,0.9750000238418579,1.0575019121170044
1.0199999809265137,0.9800000190734863,1.0365644693374634
1.0199999809265137,0.9800000190734863,1.0350018739700317
1.0199999809265137,0.9800000190734863,1.055001974105835
1.024999976158142,0.9750000238418579,1.0232832431793213
1.024999976158142,0.9750000238418579,1.0459394454956055
1.0354321002960205,0.9550000429153442,1.1653144359588623
1.0199999809265137,0.9800000190734863,1.0259395837783813
1.0409085750579834,0.9500000476837158,1.0756269693374634
1.024999976158142,0.9750000238418579,1.030158281326294
1.024999976158142,0.9750000238418579,1.0268769264221191
1.0313308238983154,0.9600000381469727,1.0735957622528076
1.0199999809265137,0.9800000190734863,1.0445332527160645
1.024999976158142,0.9750000238418579,1.015001893043518
