71
509
506
526
113
269
22
303
27
132
513
400
314
524
363
148
13
108
399
274
315
59
294
172
412
193
14
343
120
176
232
203
184
174
20
196
368
118
378
302
242
98
354
146
15
26
419
409
454
7
31
82
270
290
60
386
2
379
67
338
422
398
250
186
456
28
356
142
217
259
64
129
425
492
165
41
447
502
435
241
477
12
112
328
114
433
475
207
285
503
128
34
4
187
371
423
402
55
413
440
147
180
444
23
169
83
96
222
472
117
501
171
238
231
126
418
304
226
106
491
258
24
441
453
288
245
153
486
48
10
321
266
395
340
523
316
29
137
495
189
394
370
157
482
324
490
110
154
282
95
150
478
355
342
37
268
515
465
273
81
312
326
224
508
177
483
104
178
325
489
517
122
228
438
405
462
424
56
197
341
520
308
140
141
51
124
281
296
135
408
333
504
263
170
94
212
256
426
518
317
347
42
473
11
260
277
121
183
407
420
437
175
234
434
432
484
373
17
476
93
107
151
92
329
455
367
131
105
470
293
396
384
311
264
6
330
200
460
431
25
297
262
446
480
44
267
392
21
123
280
335
39
430
33
208
519
284
353
498
463
80
192
254
391
