1.1019999980926514,0.9890000820159912,1.128000259399414
1.0709998607635498,0.9940000772476196,1.128000020980835
1.2400000095367432,0.9950000643730164,1.1279995441436768
1.1290000677108765,0.9910001158714294,1.1280001401901245
1.034999966621399,0.9950000643730164,1.1279999017715454
1.0870001316070557,0.9950000643730164,1.1280001401901245
1.0740001201629639,0.9950000643730164,1.1279999017715454
1.1540000438690186,0.9910000562667847,1.1280001401901245
1.4499999284744263,0.987000048160553,1.1280001401901245
1.0890001058578491,0.9950000643730164,1.1279995441436768
1.4840002059936523,0.9890000820159912,1.1279997825622559
1.2750000953674316,0.9900000691413879,1.1279997825622559
1.2680001258850098,0.9900001287460327,1.128000020980835
1.065999984741211,0.9950000643730164,1.1279997825622559
1.0609999895095825,0.9950000643730164,1.1279996633529663
1.1100001335144043,0.9900000095367432,1.1280001401901245
1.0520000457763672,0.9950000643730164,1.1279997825622559
1.0520001649856567,0.9950000643730164,1.128000259399414
1.1019999980926514,0.9950000643730164,1.1279999017715454
1.0579999685287476,0.9950000643730164,1.128000020980835
1.0579999685287476,0.9950000643730164,1.128000259399414
1.1349999904632568,0.9940000772476196,1.128000020980835
1.054999828338623,0.9950000643730164,1.128000020980835
1.0529998540878296,0.9950000643730164,1.128000259399414
1.0579999685287476,0.9910000562667847,1.1279999017715454
1.027999997138977,0.9950000643730164,1.1279999017715454
1.0469999313354492,0.9900001287460327,1.128000020980835
1.0429999828338623,0.9950000643730164,1.128000020980835
1.03000009059906,0.9950000643730164,1.1279997825622559
1.0520000457763672,0.9910001158714294,1.1279997825622559
1.031000018119812,0.9950000643730164,1.1279997825622559
1.0290000438690186,0.9950000643730164,1.1279997825622559
