220
438
324
50
274
460
104
199
346
266
193
302
446
17
154
485
78
304
229
323
479
124
152
316
387
397
77
375
400
491
284
484
139
364
106
386
392
497
228
115
200
315
54
160
55
496
49
360
0
82
184
108
236
166
240
170
291
374
24
245
419
237
119
321
407
62
350
453
445
344
233
203
211
332
365
283
105
79
118
263
7
210
163
467
275
424
208
381
328
140
372
254
322
261
299
483
58
89
162
256
486
3
128
472
87
26
377
248
93
34
97
414
252
232
101
61
23
135
466
498
22
18
458
74
112
425
295
281
493
405
429
399
417
4
44
64
309
279
461
56
357
164
358
201
179
196
434
13
384
272
293
46
52
48
165
436
102
440
311
308
418
192
353
426
456
444
123
30
423
378
422
450
410
415
330
45
178
325
376
35
487
435
19
420
462
122
185
198
482
235
84
158
300
224
130
214
65
147
371
16
95
33
213
421
276
116
362
85
343
471
264
455
1
310
6
110
313
273
75
260
188
390
249
327
379
297
342
369
473
338
88
368
125
218
492
334
131
215
194
352
393
38
333
430
29
290
117
103
42
480
