494
436
305
311
459
50
81
238
208
373
160
369
240
330
303
267
446
188
114
0
434
357
342
328
13
347
51
314
95
48
279
214
80
445
170
182
129
234
116
259
198
297
77
339
144
341
175
409
124
118
135
76
229
210
158
202
192
181
24
109
440
141
262
378
266
367
87
150
46
427
329
280
156
59
256
335
177
356
45
344
385
54
265
176
120
127
201
82
454
456
361
56
25
49
323
41
83
449
230
88
433
236
78
258
153
117
371
345
237
346
290
287
122
43
461
404
304
75
203
467
435
146
121
172
460
248
428
490
272
62
251
162
173
480
374
336
281
166
184
447
326
327
193
108
226
413
439
466
479
100
207
211
112
29
444
30
143
419
206
482
351
493
399
190
90
68
200
99
67
366
15
131
306
180
11
119
106
6
275
74
35
417
380
217
23
382
291
293
97
194
478
218
360
19
44
455
348
387
288
73
464
152
396
36
441
383
485
340
139
221
250
28
123
334
282
20
390
442
185
232
289
220
12
384
316
66
372
39
429
471
133
8
16
462
42
363
432
470
32
18
388
219
450
425
189
155
231
204
58
1
225
40
416
270
338
438
484
492
286
430
134
483
355
174
3
424
151
410
96
263
147
171
195
437
331
93
167
260
196
140
370
55
451
222
159
394
495
353
362
115
113
247
85
197
325
301
474
38
191
412
244
154
104
169
377
392
393
246
126
5
401
165
261
411
105
213
463
145
309
255
130
358
465
102
52
31
212
53
249
488
365
164
317
352
403
319
405
253
101
315
402
243
497
64
312
183
343
137
324
63
453
389
136
391
60
274
415
110
7
418
498
94
407
376
421
86
27
264
79
70
400
308
458
473
452
