80
387
944
606
362
1053
291
703
933
590
92
352
204
148
529
318
551
549
114
153
296
222
600
834
1030
56
828
862
559
279
1001
53
272
289
454
882
953
163
895
721
832
176
57
74
76
697
384
1013
278
687
121
210
319
260
852
759
149
725
221
472
951
563
955
782
707
938
421
1029
642
648
893
394
323
962
612
88
929
534
420
927
196
248
382
777
764
757
49
13
414
977
982
85
164
1044
18
987
609
358
660
259
677
594
220
767
348
174
670
947
674
150
373
517
453
778
844
334
573
242
896
611
541
21
300
1015
653
936
263
441
120
180
763
682
380
516
605
912
571
68
669
639
570
799
816
567
718
15
381
9
437
937
393
819
72
171
861
36
370
95
877
309
734
926
970
613
964
760
332
965
1003
473
597
769
924
918
511
335
812
540
652
496
269
637
837
865
506
73
424
532
754
98
520
741
184
10
255
101
1014
168
61
116
270
6
593
679
31
793
104
808
960
711
615
1033
765
617
1063
610
522
378
7
11
1006
784
409
651
310
621
338
336
446
500
851
438
320
480
1042
998
948
871
1007
331
958
1061
218
138
589
836
288
1018
807
129
675
565
97
326
183
806
177
351
588
818
739
51
577
468
14
839
467
258
503
386
798
478
905
143
823
465
705
537
34
792
324
728
238
709
91
820
271
533
159
426
509
343
952
139
578
442
161
915
82
572
1069
999
775
361
552
643
911
62
719
299
290
973
890
123
814
928
226
627
173
282
579
614
40
392
111
44
804
477
580
1021
645
1038
536
445
901
693
463
241
731
825
423
81
340
232
239
874
740
963
59
585
264
284
821
989
304
1011
145
292
941
922
89
32
917
620
404
632
866
802
546
251
175
342
4
916
623
461
8
26
234
1000
256
1064
169
227
712
512
722
547
971
77
619
676
369
170
71
515
231
770
788
1072
698
847
1040
691
429
850
747
1052
267
581
1074
701
830
975
942
412
401
307
158
732
849
432
396
1020
1023
527
833
881
601
1066
919
55
17
885
275
801
133
43
494
452
399
785
481
281
398
756
939
189
375
283
179
602
723
524
243
859
657
42
268
957
65
744
447
79
1024
768
113
96
1065
54
118
195
236
872
501
646
716
508
981
735
130
191
666
889
364
568
254
869
359
439
780
622
1012
773
845
209
914
100
107
946
673
1009
663
436
870
649
349
544
418
410
513
727
122
659
430
715
402
495
796
856
379
662
519
19
974
425
376
357
225
395
664
582
249
681
902
1067
898
408
194
