1.0395312309265137,0.9450000524520874,1.0684394836425781
1.0270800590515137,0.9700000286102295,1.0671895742416382
1.024999976158142,0.9750000238418579,1.168439507484436
1.0363308191299438,0.9550000429153442,1.0734394788742065
1.024999976158142,0.9750000238418579,1.031564474105835
1.024999976158142,0.9750000238418579,1.0373458862304688
1.024999976158142,0.9750000238418579,1.030626893043518
1.0375635623931885,0.9550000429153442,1.2370332479476929
1.0378144979476929,0.9350000619888306,1.8321894407272339
1.024999976158142,0.9750000238418579,1.0673457384109497
1.0433298349380493,0.9450000524520874,1.638595700263977
1.0424572229385376,0.9500000476837158,1.6490644216537476
1.0323158502578735,0.9500000476837158,1.4407832622528076
1.024999976158142,0.9750000238418579,1.0429706573486328
1.024999976158142,0.9750000238418579,1.0314081907272339
1.0372639894485474,0.9500000476837158,1.2257832288742065
1.024999976158142,0.9750000238418579,1.023751974105835
1.024999976158142,0.9750000238418579,1.028752088546753
1.024999976158142,0.9750000238418579,1.0532830953598022
1.024999976158142,0.9750000238418579,1.0364081859588623
1.024999976158142,0.9750000238418579,1.0346893072128296
1.024999976158142,0.9700000286102295,1.0418769121170044
1.024999976158142,0.9750000238418579,1.0251582860946655
1.024999976158142,0.9750000238418579,1.0470331907272339
1.0354321002960205,0.9550000429153442,1.1670331954956055
1.0199999809265137,0.9750000238418579,1.0259395837783813
1.0395312309265137,0.9500000476837158,1.0679707527160645
1.024999976158142,0.9750000238418579,1.0334395170211792
1.0199999809265137,0.9750000238418579,1.029064416885376
1.0363308191299438,0.9550000429153442,1.0725020170211792
1.024999976158142,0.9750000238418579,1.0442206859588623
1.024999976158142,0.9750000238418579,1.0109394788742065
