1.0408753156661987,0.9450000524520874,1.0996894836425781
1.0270800590515137,0.9700000286102295,1.0743770599365234
1.024999976158142,0.9750000238418579,1.1604708433151245
1.0363308191299438,0.9550000429153442,1.074533224105835
1.024999976158142,0.9750000238418579,1.031720757484436
1.024999976158142,0.9750000238418579,1.0435959100723267
1.024999976158142,0.9750000238418579,1.0317206382751465
1.0375635623931885,0.9550000429153442,1.2321895360946655
1.0400419235229492,0.9350000619888306,1.7857831716537476
1.024999976158142,0.9750000238418579,1.066720724105835
1.0447604656219482,0.9450000524520874,1.598127007484436
1.0424572229385376,0.9500000476837158,1.6393769979476929
1.033112645149231,0.9500000476837158,1.4139082431793213
1.024999976158142,0.9750000238418579,1.0398457050323486
1.024999976158142,0.9750000238418579,1.0412518978118896
1.0422639846801758,0.9500000476837158,1.2253144979476929
1.024999976158142,0.9750000238418579,1.023751974105835
1.024999976158142,0.9750000238418579,1.0282832384109497
1.024999976158142,0.9750000238418579,1.0559394359588623
1.024999976158142,0.9750000238418579,1.0385956764221191
1.024999976158142,0.9750000238418579,1.0360956192016602
1.0252515077590942,0.9700000286102295,1.0818769931793213
1.024999976158142,0.9750000238418579,1.0229706764221191
1.024999976158142,0.9750000238418579,1.0457831621170044
1.0354321002960205,0.9550000429153442,1.165626883506775
1.024999976158142,0.9750000238418579,1.0254708528518677
1.040623664855957,0.9500000476837158,1.0645332336425781
1.024999976158142,0.9750000238418579,1.0310958623886108
1.024999976158142,0.9750000238418579,1.0282831192016602
1.0363308191299438,0.9550000429153442,1.0720332860946655
1.024999976158142,0.9750000238418579,1.043283224105835
1.024999976158142,0.9750000238418579,1.013439416885376
