1.0357693433761597,0.9550000429153442,1.0934394598007202
1.0220800638198853,0.9750000238418579,1.0679707527160645
1.0199999809265137,0.9800000190734863,1.1689083576202393
1.0363308191299438,0.9550000429153442,1.074689507484436
1.0199999809265137,0.9800000190734863,1.0323456525802612
1.024999976158142,0.9750000238418579,1.0432833433151245
1.024999976158142,0.9750000238418579,1.032033085823059
1.03256356716156,0.9600000381469727,1.2404707670211792
1.0342494249343872,0.9450000524520874,1.8515644073486328
1.0199999809265137,0.9800000190734863,1.0687519311904907
1.038329839706421,0.9550000429153442,1.6550019979476929
1.0374572277069092,0.9550000429153442,1.6550019979476929
1.0273158550262451,0.9600000381469727,1.4367207288742065
1.024999976158142,0.9750000238418579,1.044689416885376
1.0199999809265137,0.9800000190734863,1.0320332050323486
1.0372639894485474,0.9550000429153442,1.2257832288742065
1.0199999809265137,0.9800000190734863,1.0242207050323486
1.0199999809265137,0.9800000190734863,1.0292208194732666
1.0199999809265137,0.9800000190734863,1.0520331859588623
1.0199999809265137,0.9800000190734863,1.0365644693374634
1.024999976158142,0.9750000238418579,1.0354706048965454
1.0271220207214355,0.9700000286102295,1.0859395265579224
1.0199999809265137,0.9800000190734863,1.0265644788742065
1.0199999809265137,0.9800000190734863,1.0476582050323486
1.030432105064392,0.9600000381469727,1.1675019264221191
1.0199999809265137,0.9800000190734863,1.0259395837783813
1.0336472988128662,0.9600000381469727,1.0717207193374634
1.024999976158142,0.9750000238418579,1.0315645933151245
1.0199999809265137,0.9800000190734863,1.029064416885376
1.0313308238983154,0.9600000381469727,1.0735957622528076
1.0199999809265137,0.9800000190734863,1.0445332527160645
1.0199999809265137,0.9800000190734863,1.011095643043518
