906
688
128
424
739
1025
154
401
937
1004
726
695
18
773
49
442
976
191
61
444
575
11
943
735
877
193
1063
195
378
62
234
675
241
714
803
246
175
607
846
144
334
871
627
474
156
609
893
55
1056
457
178
118
458
421
146
71
534
411
148
455
608
396
703
853
463
968
65
493
383
452
644
436
380
647
930
866
689
1043
783
934
973
447
471
347
758
786
109
567
582
409
1065
207
670
111
285
667
932
174
701
729
966
911
539
283
810
770
482
2
543
400
202
864
307
909
702
306
691
131
850
135
530
15
508
881
894
571
780
1075
394
501
645
840
196
413
878
961
39
1028
875
600
918
889
270
68
693
738
540
556
821
767
730
223
768
369
822
991
43
190
372
658
563
172
649
656
124
26
581
100
751
414
1027
324
669
835
727
1003
337
938
928
787
801
25
419
912
101
333
216
323
363
796
500
315
882
525
59
213
255
1042
926
217
73
754
844
610
774
375
765
637
225
795
1061
149
653
449
240
268
242
522
606
233
161
573
972
485
35
836
705
625
132
490
1074
418
367
570
598
437
1069
924
851
927
120
314
908
828
221
426
278
232
936
602
720
915
862
960
259
634
766
1060
52
312
197
782
1020
614
167
177
224
613
818
896
1009
325
261
965
355
724
93
1076
21
459
366
706
139
856
165
155
955
433
663
746
1067
97
826
777
808
990
719
266
1031
605
980
469
671
794
410
48
604
861
899
105
902
892
368
616
713
941
185
317
596
809
22
594
813
946
974
489
903
659
711
660
6
406
137
103
523
652
680
939
555
519
158
258
827
568
699
775
632
67
141
666
16
772
916
1041
648
19
125
520
183
722
679
761
789
335
589
638
788
734
1013
454
389
66
584
814
910
7
1008
516
160
152
382
438
848
696
407
271
929
692
299
529
507
70
747
708
526
823
145
298
345
742
962
150
731
77
1048
577
343
446
837
192
199
47
112
98
38
612
281
390
977
863
921
106
958
381
1068
219
237
641
1049
755
286
293
81
117
445
72
985
842
115
163
740
340
741
811
716
230
890
664
448
623
127
116
957
933
245
211
377
388
113
736
558
186
1047
256
487
544
472
84
964
1033
914
287
963
1055
157
723
205
23
1050
365
879
849
971
753
715
86
867
672
635
694
559
1057
981
639
215
537
677
815
423
310
959
313
142
53
280
1017
687
858
370
831
542
1038
743
793
620
771
646
891
621
952
136
140
1006
341
122
64
1039
778
502
759
40
1014
599
685
275
316
947
104
812
496
505
681
838
593
1036
50
1054
336
868
762
585
395
629
626
42
356
913
179
277
630
63
1053
467
0
781
1024
60
900
760
24
484
441
940
668
94
785
800
478
1000
37
291
536
402
922
949
69
592
302
350
8
951
907
456
408
498
790
1005
970
1022
362
138
451
470
295
769
54
376
428
588
998
34
566
430
36
967
503
865
373
898
784
435
992
829
44
744
415
538
188
301
198
29
615
721
954
88
238
885
153
628
686
945
764
85
220
1026
491
204
164
1001
872
28
725
888
619
650
222
254
876
797
709
860
920
129
617
32
956
465
565
480
535
57
201
180
683
476
901
824
475
562
509
130
273
1034
481
272
830
51
248
374
17
425
265
90
181
13
294
1077
737
1066
1070
1051
14
561
361
1
601
792
752
319
553
557
342
994
5
987
417
247
305
880
284
1015
887
550
1072
733
486
226
579
791
95
654
684
1035
488
640
643
591
854
427
162
87
855
440
895
511
816
1059
1064
756
513
603
799
20
468
364
883
371
209
166
243
869
346
674
807
203
1011
208
993
171
655
1058
804
1002
304
1030
453
874
462
897
580
483
78
56
276
564
405
750
576
978
339
817
229
832
942
578
587
379
728
3
322
460
710
10
905
657
279
552
329
