1011
179
81
800
274
276
543
563
916
536
1049
909
587
815
236
946
981
758
871
932
1000
685
627
709
641
753
703
924
251
891
422
241
497
546
116
166
363
468
1010
207
524
511
47
152
734
114
464
866
1035
841
347
66
548
972
327
736
635
700
1027
186
362
912
875
844
1034
484
429
686
565
150
194
669
261
318
507
814
184
682
147
906
255
1053
140
94
577
93
767
854
283
701
591
556
210
225
233
937
7
330
1029
1056
135
29
611
155
544
265
332
250
379
1023
796
101
231
183
485
1070
21
526
580
1004
564
353
0
788
952
963
341
966
1013
288
904
170
328
589
648
821
446
50
889
96
552
1072
68
182
1043
683
95
167
281
595
629
269
616
141
457
658
284
57
735
128
1040
831
781
657
894
551
257
754
1052
541
722
579
41
572
1039
942
885
908
538
58
256
258
309
882
789
575
377
428
768
449
532
803
622
688
1048
939
833
161
956
246
989
383
750
988
893
855
919
345
91
892
634
604
1074
612
559
220
1042
791
977
991
725
873
176
624
357
790
798
374
881
44
555
201
402
291
42
636
940
146
765
864
376
80
883
118
307
838
18
43
262
321
499
399
302
816
547
240
259
98
504
649
837
435
9
1058
948
770
208
836
913
712
463
432
63
740
407
441
992
474
802
185
586
737
13
852
489
846
84
707
501
245
732
822
99
122
691
594
967
361
1051
88
4
733
130
809
1044
178
987
8
181
370
156
143
645
190
59
723
334
89
235
1001
878
676
1030
