6549
2644
10232
949
7289
6553
1075
10603
326
8071
1745
5409
5984
6361
1713
5366
6543
5091
6671
10284
2349
3778
537
3572
3963
6714
7847
6646
8390
5742
3452
9009
3151
2958
4096
2077
328
6038
9208
7592
6702
2675
6339
7590
8544
8342
6660
10610
8525
4154
2893
4520
10621
4879
3628
9734
3045
5543
10494
2716
306
9441
9324
3007
8135
5415
3731
6508
8261
6436
3020
5634
315
6131
6021
8430
9524
8035
2192
657
6387
7055
6946
2115
10355
2230
1385
7993
7515
5450
1748
1398
474
10172
10331
8716
7261
2129
4411
5925
4180
4725
6322
9116
8969
7787
1853
7357
10572
9016
10439
9653
9816
3032
7571
6091
3429
929
9143
6169
5285
6045
276
3212
9349
1093
7086
583
6792
9608
7596
4996
7291
6281
1312
194
9038
7429
994
506
9941
5327
729
5789
3978
3354
10212
8996
87
5202
3964
6798
3409
10371
5457
2980
5679
2467
10034
9233
1665
8324
7926
2743
3757
3460
10556
7806
3896
8429
6969
4414
4862
176
2316
10217
7691
9495
4563
9398
6779
4831
5912
7874
3756
8292
8632
5058
483
916
2245
975
7564
1717
2632
5163
6132
4381
8176
5232
6431
2340
6320
7427
2289
5469
10291
3876
6331
9591
2793
999
34
4512
5987
9643
9268
9416
8349
3472
7012
5022
8346
7312
5380
8579
6822
4028
7405
9796
10377
6217
2218
3135
7298
5329
9803
1230
278
2067
65
308
1311
4042
10175
7557
6412
2913
4989
4771
2734
8294
9863
4984
3242
6182
7538
7986
5335
8675
882
1236
8865
3512
6226
7991
9976
9496
5370
5930
1166
9123
10089
116
5673
2037
6046
908
4000
9457
3714
3613
3692
8070
2701
6704
571
9504
2256
5744
1760
7578
9320
3340
6478
5678
4336
6474
7665
5739
5725
7901
1082
10505
1416
6051
2647
815
1899
46
3773
7081
10587
2750
9757
6680
983
9308
7919
5087
6678
7074
1039
3041
10479
3408
5804
2227
7767
5018
2526
8843
786
2
2336
2114
6294
7252
5613
4700
99
10073
665
5761
369
8226
7134
5919
8235
2544
8133
361
5174
6679
4388
4321
697
8360
6852
10339
2557
4425
4976
6926
10026
7235
7785
462
9168
7735
8407
718
9779
4216
2656
5261
9749
6401
8979
4450
4035
8370
3211
8363
8478
5225
3753
9217
7347
3018
3202
4791
1239
172
10033
325
6177
1470
4867
759
3273
7391
1088
10627
5479
3448
3370
10174
3719
5277
6667
6488
1744
1427
461
10596
7336
7881
10602
9322
5323
3766
4742
8810
808
523
673
1826
5994
10235
4408
1092
612
8305
2419
1340
2263
6104
8898
8177
5541
6895
5774
6784
7274
9706
8857
7093
2713
7416
6760
5201
933
6597
4807
2512
1527
9871
6164
7383
2119
2562
7505
7989
9128
7442
7664
8693
4734
5049
6790
6437
1056
4859
9712
8385
5125
695
197
4352
4473
3172
8456
5008
2932
2810
2359
8741
10420
682
6026
9338
1016
8659
7032
9414
2206
6121
896
9553
4881
3989
2358
6420
8260
2587
8607
4282
9613
5286
3636
3654
206
9339
5038
8882
183
9945
9604
5626
2497
3571
4970
7029
5199
2668
4882
9705
4704
4084
3850
7543
3050
4344
3130
6559
270
8020
3195
550
9113
2106
3379
1786
1593
9394
9061
4525
1237
2900
10167
54
16
8173
2646
4641
911
505
10096
8621
7742
4424
5525
248
8600
7239
7813
6262
2735
1662
10372
1111
8521
5959
8183
717
5437
2472
1072
7978
5807
8650
5336
6711
2662
1804
7358
8009
3040
8002
1516
5433
7203
10168
8578
1489
9384
8248
262
2608
10446
9323
1002
6910
4088
8378
4229
3098
7044
9915
6849
2393
6650
3373
5955
8905
2543
8986
355
5436
8924
9471
6434
1150
1977
9727
5703
1521
2072
10219
5666
7900
1898
4901
10330
4328
4156
6930
751
570
3150
1692
7366
2134
3096
7070
7636
4913
8734
8062
1542
7189
6446
4306
3277
4109
741
10444
5215
8704
4210
251
2547
3198
7119
347
7602
8462
8638
5235
5682
6459
8798
2101
1415
6628
2032
1228
457
4460
8936
4852
2896
1928
548
200
9922
5949
5629
7484
8779
3022
7588
2986
8889
2268
9788
5677
6853
3622
9167
6403
8803
5304
7455
4485
10087
5129
830
2001
3145
5377
6687
4653
9443
9047
25
5869
2152
1512
5084
7343
4496
7842
4257
6773
8489
7533
3120
1076
6703
2834
5219
1738
4359
7556
9541
8058
7472
3556
5575
902
6241
5708
1673
1405
2994
7145
1749
6522
2614
1478
6345
5399
10281
4346
1679
4075
4033
1620
4923
3923
2601
165
9017
835
2867
3577
7706
10129
8812
10352
5542
9433
6686
1474
7713
7567
6729
1463
3216
6746
1967
5107
4081
3589
1480
1858
6159
4048
10594
1974
8099
5603
3721
9600
6724
9735
6065
6879
5649
4573
2301
6752
9630
3871
9331
7529
387
3384
3767
10557
2767
2862
6299
1848
5197
9023
8512
5978
5585
7267
2049
7818
9685
7613
3324
3396
53
7995
6883
3187
8957
9827
1334
4552
600
5690
3682
8194
10173
7946
561
7337
639
9305
6496
680
7725
7966
1047
5651
8052
8400
3803
9722
4604
4696
5527
9059
3993
1442
1034
2031
1904
9448
10177
6525
404
1565
9782
1996
228
6980
3737
10183
5586
8860
7483
3011
9216
7773
4693
5027
4856
702
4368
9248
8234
8393
2033
3201
275
10418
69
9057
2532
4633
662
1301
4855
7729
168
4213
331
715
4249
7082
653
1243
642
3812
4373
1338
5121
8908
2455
2719
9850
7382
524
4317
5657
7426
7219
2177
4637
7031
5434
9068
769
4451
9142
2332
8232
6334
891
1629
5353
1479
4371
1577
10399
7716
2676
9501
6048
831
1851
1089
5900
3220
6717
1742
10583
2047
10191
2920
9184
470
6113
1098
9127
7246
9232
1694
8785
5417
8130
7166
2946
9484
8213
7430
10566
1229
4541
2179
1049
5308
9761
371
1821
1425
3092
6071
8151
9301
10236
7153
77
9469
630
4549
9520
7942
2348
6087
4508
3776
3225
8739
8143
8253
7161
3116
203
9714
4593
6887
9569
1835
631
6492
5535
9927
2480
8984
1006
9315
6357
2390
4140
1806
5794
8955
5103
10351
940
5704
880
3257
872
7669
8868
3431
2657
4516
9901
9241
4280
5056
1486
7458
4476
40
5825
9201
4013
5211
2085
210
8032
1185
2571
6145
6666
3383
1011
5835
36
512
8683
4944
9260
2193
5471
4582
1208
7281
3174
1553
4659
6072
103
9130
1718
9647
494
2944
3046
6452
5929
8136
2005
3943
10424
189
8482
2208
2247
1943
1867
7021
2560
7838
3255
3161
10530
9262
3931
5549
8030
9334
2853
2384
6457
4662
9491
4135
8026
10417
9991
5878
2042
3741
834
3309
2987
1274
7136
700
1714
8191
9907
2477
760
10528
7519
10105
2428
1115
2380
8410
2395
1548
9861
5619
8265
4489
4005
9058
8106
9386
661
8333
2420
9085
218
264
687
7052
5160
8727
8656
3531
5932
4007
10609
6295
6395
4141
8498
3520
5162
9299
5070
7884
4113
9275
83
3746
6509
5274
8015
4312
3450
8084
4892
2804
6369
6517
4271
8800
1711
6336
1005
6312
3275
8588
7102
6837
5688
6810
1793
1827
8542
10154
1060
1854
3177
1585
4347
8652
5842
7394
7006
9488
1529
8222
4458
2849
7920
3238
5465
1036
3017
3105
1896
6813
4688
8434
4645
2038
8940
3099
3372
3288
9968
7747
1018
659
9021
10246
3009
9269
6875
6934
957
9272
4936
149
651
5905
9329
3590
4150
2007
4264
9518
8195
424
5799
4565
3438
9935
2278
5687
3653
9794
7835
3524
10008
5787
2553
9719
7054
2871
10252
3962
4428
3724
2663
8443
1136
8016
9802
2144
3003
1688
10260
8468
3258
5997
3057
8861
540
9048
3352
4199
2707
4935
3293
3143
2542
4533
8744
2511
7007
8720
3881
9887
92
6017
707
2507
5758
3178
2309
8890
4513
7714
10311
6254
554
3862
4837
3377
9406
9366
7879
9900
1008
1750
10086
3933
2313
5344
5291
463
3005
4610
390
8875
7255
9623
10515
10409
9312
1989
442
7421
2116
8901
812
8653
3950
8259
289
1560
9535
1423
6761
7751
7799
2504
3893
8479
772
9537
8237
5443
2850
8641
3779
6625
269
526
3645
4416
3048
4357
5659
6349
2222
10176
6861
4522
1298
7603
9873
6115
6695
930
4706
4686
5456
9949
2096
7801
6820
9239
6537
8516
5768
5319
5770
578
1895
9525
4600
10394
10076
6925
5808
3302
795
2916
10127
8308
6171
5599
6149
9820
8077
9660
1505
2783
10626
3699
6247
3153
750
9378
2022
8207
6763
1782
9977
842
2406
8141
64
4733
3942
3421
8765
10084
6523
6179
3538
329
3981
7654
6664
7883
4897
6941
5801
6588
4721
3775
7591
1699
4843
1856
9330
2120
1485
334
3697
6261
1134
5803
5169
5941
2004
1497
4430
3774
4238
2368
8879
7508
3611
9012
5812
9451
7387
6658
9473
2478
9134
9926
9031
5249
9972
979
3509
1252
6635
6612
10195
1701
3759
9427
182
5172
7688
41
1674
2978
3081
4025
6880
9198
1209
2481
2649
4982
3994
9614
8406
412
8044
1824
10366
6932
8620
8522
10585
1133
1809
10013
950
2852
7342
10093
10148
5379
1466
10063
7282
10080
151
4218
5720
8883
4826
9493
5964
5532
5741
8956
4510
5146
9404
5829
7091
5552
3752
9990
1158
3806
4274
6411
6878
3439
309
7521
6656
9055
3083
6229
3443
10106
458
7493
1795
2805
6187
5311
2979
3693
1841
8202
9261
5374
5661
8575
4687
7734
4206
3907
7808
5874
4534
10451
2457
10396
2674
3189
7823
10043
7025
5250
2386
7694
703
5301
1240
6622
9447
3959
10048
452
1306
2890
4372
6734
293
5817
3186
3689
8695
5299
621
2435
579
6467
5403
7288
5578
155
2595
9910
5004
7271
304
4796
4806
7335
2966
137
3501
3919
5864
5338
3457
2329
9090
1304
6073
655
9027
5357
7893
7401
9958
10354
4735
8530
1255
7013
7831
3387
7254
6876
1979
9946
7744
3620
886
1501
6869
8331
7933
6735
5148
5152
7878
7004
2439
4474
7934
1112
9857
6438
8674
3631
8608
9108
5990
6009
3925
9555
3250
1109
9776
9150
9511
5747
6328
5516
2878
9053
4737
3532
5756
1271
3984
845
4966
1510
3986
601
5726
4438
5468
9804
2658
6998
4714
737
8340
9825
5128
4974
2931
9699
9485
5138
10400
2926
9242
4433
6967
5061
9924
409
10338
9156
10069
4705
1493
7278
5600
828
3770
2450
9680
9809
7439
6772
1257
104
5040
8299
7682
4511
8012
5077
5021
2528
7890
1923
10321
5212
7930
6933
8559
2366
3566
6874
1582
666
4988
2493
3062
7177
1213
8169
2821
10015
708
8782
5737
2036
709
9244
3657
4692
3985
3625
431
185
9289
8612
4783
9035
6078
6809
8896
1117
2214
10480
7798
388
1819
590
3827
8185
1214
2342
2509
9080
1880
9039
10259
6007
1249
833
3440
6479
8688
3054
9385
7380
9172
5041
359
4878
3414
8581
3036
6750
925
10592
9452
1370
10360
1348
8990
9196
527
10016
5647
6409
8172
10422
4847
6806
2695
2157
5150
5609
5846
3371
9413
2597
4201
6866
8435
6062
6894
5738
6672
9355
1180
3318
4182
448
10580
9271
8961
3562
958
623
1971
5824
8736
8278
3406
2988
1206
9189
1931
6706
9573
7619
9169
6694
2720
5272
7762
10575
1324
384
8998
8758
85
5170
2462
4868
1200
8712
8634
2486
9879
3723
4094
3561
9224
8163
8921
2373
2943
3722
7179
3282
1495
8424
5669
811
4591
762
8372
1069
3455
1864
4969
5000
681
3521
4015
6383
1639
1524
9284
395
10264
2438
10350
2705
5269
4442
5298
3191
9288
9778
8218
1303
2201
161
4861
6593
10559
8007
6954
5066
1615
7932
8692
3085
6032
3228
8748
3638
222
2754
7969
5514
6970
4972
1741
6725
7494
2637
2773
4812
7873
1997
6288
1799
5405
1517
4949
3502
7530
2525
10134
5891
8384
4667
3938
7099
9923
9754
9463
2367
8531
4685
383
1410
7582
10471
8726
1350
829
10445
6958
8543
1846
2385
5680
339
1549
8159
9898
981
6153
4046
1755
5982
3486
10620
6943
3392
5521
2995
9834
4069
2910
575
9276
4909
5902
581
10365
5118
1224
2259
4572
8425
1630
9902
6323
5701
6990
7909
3854
5444
8506
446
1844
5980
1122
2546
4823
8397
8252
3726
6116
8527
8964
3690
163
1584
8801
4052
2517
6859
9231
10
9862
3568
10577
153
6063
4010
5231
4655
10276
6579
9486
6160
3422
9897
5207
4872
8067
4657
97
4817
7160
2079
2060
7804
7730
2073
1803
1743
2558
10115
10171
1163
3427
10315
5576
10035
10114
3224
4062
1429
2399
3066
5419
5511
8064
4291
6858
723
3356
5945
10261
1372
6034
5131
8982
7971
10057
5463
1823
1396
1053
2310
796
5024
6150
5952
1155
4536
5640
9291
10553
2071
4174
6536
1563
402
7844
8762
3304
5246
5223
3924
5046
9602
701
378
9052
7095
2221
8583
4224
9247
10483
3272
7372
877
3167
6591
1332
3357
1453
5533
6972
7905
1260
1684
1869
475
4945
10050
9642
1842
8757
10368
5039
1970
1785
3051
8754
1120
9962
2615
2752
6986
7653
2430
8158
9620
3626
8426
10055
8872
8328
1722
8783
10529
5388
7386
8820
1555
4914
9998
10582
4363
2550
644
8325
7627
4777
2207
857
1107
989
9456
734
6648
451
3495
2771
1720
253
3886
2057
3365
8967
7666
1283
7951
1309
1952
2426
3535
120
6531
543
4330
9855
3419
2300
10268
2171
6222
5454
4276
8361
469
75
855
6506
10343
6191
3958
1025
7737
10305
9663
5967
5751
854
1661
5360
1831
8685
6985
10466
5598
873
6371
6953
7502
852
4752
9440
195
1707
4849
3720
6430
2379
1837
3695
4937
259
9432
8822
1870
574
1139
3718
860
3518
6423
1110
3869
919
3643
7150
8415
10555
8403
10208
3745
3035
5
3594
414
9103
5637
9582
8005
4929
1245
6681
9235
10065
3016
2604
9565
8756
4618
9774
10588
2416
7764
6516
5342
3920
9538
7705
559
2108
8444
7907
6835
4250
7061
9335
8121
2320
6144
9593
5302
3807
9506
6060
1567
4630
874
6510
9959
9872
8188
6049
2066
3565
3262
5766
4596
6889
2050
1697
4754
4356
9287
7444
10450
4634
616
3664
2141
4397
5241
7157
3182
7711
2400
8166
5953
8649
1451
2000
6317
7315
1295
106
113
2965
5293
10550
7346
4455
2827
1266
7686
8484
3666
9753
9558
4220
4468
7227
4748
6344
307
5962
6636
10443
3074
8745
7011
1356
7107
3169
152
4322
9209
8545
5818
8551
8794
3750
10416
8541
4691
2131
9639
4651
4841
7196
1598
4529
5191
4259
10576
6892
4233
5965
4505
8552
10242
8916
3184
7449
6
2537
2123
8538
340
7147
2586
4258
6824
2012
6192
7723
8718
1889
9435
3586
7269
5755
4739
14
10495
358
10151
10283
7141
429
4029
4939
4538
758
4814
6937
3679
3708
2600
5108
2197
4746
2250
3929
5390
6359
8251
6022
1342
1435
4418
4918
2229
814
9654
4409
1488
6417
8719
8965
9109
676
1399
2851
3975
7855
4319
8881
6278
1993
1365
3100
6052
4026
9369
8784
2298
128
5227
5880
9318
5321
4833
5567
2975
1280
2996
4179
2347
935
9844
4773
4326
8786
1583
5860
4738
5683
6243
9005
1010
9930
52
1328
7676
5104
4774
9135
5605
5393
7438
5966
7976
9775
6524
7648
843
1991
2183
4480
1448
8497
887
131
990
8029
2433
7090
5783
4635
6418
6258
1173
5230
9856
2712
656
9694
1057
397
8037
7210
6777
9574
1330
4367
9800
2802
5512
357
8639
4208
532
6817
8557
8061
1388
10117
2469
144
4781
9158
5460
8464
4612
2700
4646
5203
9681
3743
6690
4333
3285
8422
4098
3241
6111
7318
4736
9002
1246
2240
2228
2753
716
5633
6206
10436
301
5873
10465
6673
8673
5401
8645
7440
5442
766
7296
8369
4560
9728
2952
3200
2100
7537
3680
3118
217
5349
4032
7253
7098
10031
5889
7368
6945
7186
2973
3310
1037
8270
3339
7651
3593
10204
5786
4483
968
2239
235
10359
1162
2409
9943
3368
8050
9718
2292
4652
4103
1554
9742
3110
2985
555
9211
9395
2095
10164
148
9657
8672
8563
6463
10318
3445
1296
5009
8377
4905
1545
121
1004
2762
5591
9560
8586
5561
3362
3321
3551
9007
2746
5019
7765
9601
4948
6086
10092
1168
3804
7404
5494
5184
6453
8405
4574
9747
9175
10223
6042
7036
1959
1121
2927
9529
4267
7539
10107
3185
5861
8314
922
341
401
5587
10322
1432
10564
3564
3095
1336
9729
1308
9932
10088
6245
2086
1774
3430
2328
5711
6402
3180
2262
10578
3649
9166
6974
5242
5088
2529
5989
3913
10227
8676
5914
739
2728
10314
2778
10256
7332
4495
7489
822
8826
9101
3800
420
10497
7939
5324
1875
8212
849
1651
3122
1768
3810
6274
2933
3660
2666
3019
2234
6630
10374
10442
5044
8677
7003
9716
8449
211
9397
502
7941
1170
7309
2224
1374
8343
6332
7715
6001
7490
2315
3926
4157
5855
1371
5260
9028
9193
1950
4851
1455
8316
312
9997
5685
10469
6203
4054
10597
1865
4027
10103
5958
5057
2977
3867
3442
4916
7024
800
124
10045
5753
996
8912
2308
356
10198
1508
2881
2143
7921
5294
861
7620
3901
5796
10477
816
9503
1476
1452
4973
5759
9206
1199
915
9185
391
2565
6762
4375
6487
3136
7117
2448
8206
9077
6804
8451
9980
4500
5974
3730
1849
8112
6397
3474
9561
2476
2876
450
9444
4253
3246
4682
2698
8272
6651
7606
4349
6319
5001
5746
10060
5221
10282
1893
3139
8329
3511
9182
1573
6505
5449
9325
9030
7495
9648
9071
6971
7453
56
4608
4801
1729
4404
7825
6059
4720
8595
3944
1600
1247
5042
3982
1141
5996
4169
9481
1040
3052
9011
1546
1777
5554
8146
9362
1067
3159
9368
9822
5316
8926
4776
5282
883
1766
8300
261
4845
1698
2008
10509
7133
4120
8063
9987
8518
2454
6307
8087
2059
3179
8698
6771
6227
820
9744
3437
646
43
5658
8655
2593
3468
5534
4523
799
5416
6503
159
3977
3685
5252
5792
1189
5079
6154
400
6599
9936
6230
8547
10604
10159
9132
8347
10119
10615
8871
6903
2273
2498
9847
9531
7790
7531
8100
3012
9599
798
2796
4464
3433
9470
7065
4392
7922
2569
7807
4850
8605
9446
477
7251
3514
7062
114
5498
5722
6624
9752
7866
249
7780
2407
1193
196
878
10216
6454
4247
8524
2167
900
9513
904
2225
4636
10017
2302
3665
3209
8769
8315
8753
5947
9738
1561
9426
2811
10068
2244
8630
5208
5523
3575
947
1395
1622
1148
7681
10039
3979
9327
9564
3976
6494
4799
3912
3183
6330
5899
3148
6728
8078
353
7229
327
9227
6906
8364
9559
8053
970
4465
1146
9644
9050
8827
8447
4057
7647
3469
3784
8631
10056
980
944
229
7180
6603
4452
7067
1086
9703
1165
764
8045
5110
9194
5345
9967
7392
9828
7497
3781
7132
2213
3667
4599
3864
1681
3331
10586
5648
1612
10102
2789
3902
8684
5602
4828
1730
5765
8024
8561
3817
9321
1097
1127
1299
7217
10493
7574
2473
6271
