1.0940001010894775,0.9910001158714294,3.0000052452087402
1.1920000314712524,0.9910001158714294,2.9999923706054688
2.0369999408721924,0.9769999980926514,2.9999914169311523
1.2529999017715454,0.9930000901222229,3.0000016689300537
1.2109999656677246,0.9920001029968262,2.999995470046997
1.1959999799728394,0.9900000095367432,3.0000057220458984
1.1489999294281006,0.9900000691413879,3.0000016689300537
1.1399998664855957,0.9920000433921814,3.0000059604644775
1.2419999837875366,0.9900000095367432,3.0000057220458984
1.2620000839233398,0.9860000610351562,3.0000033378601074
1.1129999160766602,0.9879999756813049,3.0000059604644775
1.2350001335144043,0.9900001287460327,3.0000011920928955
1.4279999732971191,0.9900001287460327,3.00000262260437
1.2689999341964722,0.984000027179718,3.0000064373016357
1.3029999732971191,0.984000027179718,2.9999969005584717
4.754000186920166,0.9340000152587891,3.000002861022949
1.375,0.9910000562667847,3.000002145767212
1.0750000476837158,0.9940000772476196,3.0000064373016357
1.2589999437332153,0.9880000352859497,3.0000014305114746
1.0570000410079956,0.9950000643730164,3.0000057220458984
1.0820000171661377,0.9950000643730164,3.0000054836273193
1.0910000801086426,0.9950000643730164,3.0000059604644775
1.1540000438690186,0.9930000901222229,3.0000014305114746
1.2280000448226929,0.9950000643730164,2.999997138977051
1.0829998254776,0.9940000772476196,3.0000052452087402
2.7190003395080566,0.9679999351501465,3.0000030994415283
1.2269999980926514,0.987000048160553,3.000002384185791
1.225000023841858,0.987000048160553,2.9999966621398926
1.315000057220459,0.9910000562667847,2.9999961853027344
1.465000033378601,0.9839999675750732,3.0000014305114746
1.069000005722046,0.9930000901222229,3.0000054836273193
1.503000020980835,0.9900000691413879,2.999995470046997
1.4429999589920044,0.9850000739097595,2.9999969005584717
2.9850001335144043,0.9649999737739563,2.9999940395355225
1.6239999532699585,0.9859999418258667,2.999990701675415
1.936000108718872,0.9809999465942383,2.99999737739563
2.575000047683716,0.9709999561309814,2.9999990463256836
1.186000108718872,0.9900001287460327,3.0000057220458984
1.2300000190734863,0.9900001287460327,3.0000014305114746
2.0889999866485596,0.965999960899353,2.9999988079071045
2.078000068664551,0.9729999303817749,2.9999911785125732
1.1949999332427979,0.9890000224113464,2.9999969005584717
2.299999952316284,0.9760000109672546,2.999995231628418
1.2130001783370972,0.9900000095367432,3.0000014305114746
1.2239998579025269,0.9890000820159912,2.9999969005584717
3.879999876022339,0.9420000314712524,2.999999523162842
1.1759999990463257,0.9900001287460327,3.0000054836273193
1.1649999618530273,0.9930000901222229,3.000004291534424
1.2179999351501465,0.9920001029968262,2.9999923706054688
1.3229999542236328,0.9829999804496765,2.9999966621398926
1.0940001010894775,0.9950000643730164,3.0000061988830566
1.0630000829696655,0.9930000305175781,3.0000061988830566
1.9739999771118164,0.968999981880188,3.000002861022949
1.2280000448226929,0.9869999885559082,3.0000054836273193
1.3279999494552612,0.9860000610351562,2.9999966621398926
1.3380000591278076,0.987000048160553,3.0000040531158447
1.191999912261963,0.9920000433921814,3.0000052452087402
1.0850000381469727,0.9940000772476196,3.0000059604644775
1.315000057220459,0.9880000352859497,3.000004529953003
1.0269999504089355,0.9950000643730164,3.000004768371582
1.3100000619888306,0.9850000143051147,3.0000011920928955
1.7140001058578491,0.9850000143051147,2.9999966621398926
1.3170000314712524,0.987000048160553,2.999997138977051
1.2589999437332153,0.9930000901222229,3.0000040531158447
1.3089998960494995,0.9839999675750732,3.0000057220458984
1.187999963760376,0.9940000772476196,2.999992609024048
1.1440000534057617,0.9940000772476196,3.0000014305114746
1.8910000324249268,0.9850000143051147,2.9999969005584717
1.347000002861023,0.9900000095367432,3.0000014305114746
1.085999846458435,0.9950000643730164,3.0000061988830566
1.0520000457763672,0.9950000643730164,3.0000052452087402
1.191999912261963,0.9950000643730164,2.999990940093994
1.2230000495910645,0.9869999885559082,3.0000059604644775
1.2430000305175781,0.9860000610351562,3.0000011920928955
1.1829999685287476,0.9930000305175781,3.00000262260437
1.2380000352859497,0.9930000901222229,2.999988079071045
1.690999984741211,0.984000027179718,2.9999990463256836
1.1299999952316284,0.9880000352859497,2.9999969005584717
1.0850000381469727,0.9940000772476196,2.9999966621398926
1.2390000820159912,0.9930000305175781,2.9999966621398926
1.3320001363754272,0.9900001287460327,2.999997138977051
1.1640000343322754,0.9950000643730164,3.0000052452087402
1.1360000371932983,0.9930000901222229,3.0000059604644775
1.1999999284744263,0.9950000643730164,2.999995470046997
1.3079999685287476,0.9839999675750732,3.0000014305114746
2.016000270843506,0.9750000238418579,2.9999911785125732
1.093999981880188,0.9950000643730164,3.0000059604644775
1.33899986743927,0.9900000095367432,3.0000009536743164
1.1740000247955322,0.9950000643730164,3.0000038146972656
1.0929999351501465,0.9950000643730164,3.0000057220458984
1.2120000123977661,0.9910000562667847,3.0000016689300537
1.1429998874664307,0.9920000433921814,3.0000064373016357
1.0910000801086426,0.9950000643730164,3.0000059604644775
1.030999779701233,0.9950000643730164,3.0000052452087402
1.2939999103546143,0.9900000691413879,2.999997138977051
1.2239999771118164,0.9910001158714294,2.999992609024048
1.1059999465942383,0.9950000643730164,3.0000054836273193
1.1470000743865967,0.9920000433921814,3.0000059604644775
1.1859999895095825,0.9880000352859497,3.0000061988830566
1.0499999523162842,0.9950000643730164,3.0000057220458984
1.222000002861023,0.9839999675750732,3.0000057220458984
1.2050000429153442,0.9869999885559082,3.0000059604644775
1.3230000734329224,0.9829999208450317,2.999997138977051
1.5460000038146973,0.9779999852180481,2.9999923706054688
1.1309999227523804,0.9900001287460327,3.0000057220458984
1.4830000400543213,0.9799999594688416,2.999992609024048
3.9890003204345703,0.9740000367164612,2.9999966621398926
1.7070000171661377,0.9750000238418579,3.0000016689300537
1.1319999694824219,0.9910001158714294,3.0000052452087402
1.3219999074935913,0.9890000224113464,2.999999761581421
1.2660000324249268,0.9930000901222229,3.000002145767212
1.0670000314712524,0.9940000772476196,3.0000014305114746
1.2140001058578491,0.9900000095367432,3.0000014305114746
1.2319999933242798,0.9880000352859497,2.9999990463256836
1.1089999675750732,0.9920001029968262,3.0000059604644775
1.1519999504089355,0.9930000901222229,3.0000057220458984
1.2269999980926514,0.9890000820159912,3.0000040531158447
1.5130000114440918,0.9839999079704285,2.99999737739563
1.5370001792907715,0.9839999079704285,2.999997138977051
1.0850000381469727,0.9950000643730164,3.0000057220458984
1.3209999799728394,0.9900000691413879,3.0000038146972656
1.277000069618225,0.9840000867843628,3.0
1.4810000658035278,0.9810000658035278,2.999999761581421
1.1180000305175781,0.9920001029968262,3.000005006790161
1.8539999723434448,0.9709999561309814,2.9999921321868896
1.347000002861023,0.9850000143051147,3.0000052452087402
1.3630001544952393,0.9940000772476196,2.9999935626983643
2.2109999656677246,0.9839999079704285,2.9999969005584717
2.25600004196167,0.981999933719635,2.999990701675415
1.1349999904632568,0.9950000643730164,2.9999969005584717
1.1389999389648438,0.9920001029968262,3.0000011920928955
1.5510001182556152,0.984000027179718,2.9999969005584717
1.65500009059906,0.9860000014305115,2.9999935626983643
2.4160001277923584,0.9700000286102295,2.999987840652466
1.2230000495910645,0.9869999885559082,3.0000011920928955
1.1920000314712524,0.987000048160553,3.0000057220458984
1.472999930381775,0.9760000109672546,3.0000040531158447
1.2640000581741333,0.9910000562667847,2.999992847442627
1.2979999780654907,0.9829999804496765,3.0000059604644775
1.3260000944137573,0.9849998950958252,3.0000014305114746
1.3450000286102295,0.9849998950958252,3.0000011920928955
1.1820000410079956,0.9950000643730164,3.0000057220458984
1.380000114440918,0.9900000095367432,3.0000007152557373
1.4530000686645508,0.9930000901222229,2.9999988079071045
1.3830000162124634,0.9820000529289246,3.000002384185791
1.4660000801086426,0.9859999418258667,3.000004768371582
1.321000099182129,0.987000048160553,3.0000059604644775
1.0789999961853027,0.9930000901222229,3.0000054836273193
1.5419999361038208,0.9819999933242798,2.9999959468841553
1.1279997825622559,0.9930000901222229,3.0000054836273193
1.2110000848770142,0.9900000691413879,3.000004291534424
1.2700001001358032,0.9910001158714294,3.0000054836273193
1.1139999628067017,0.9950000643730164,3.0000052452087402
1.3330000638961792,0.9950000643730164,2.999988317489624
1.3469998836517334,0.987000048160553,3.0000061988830566
1.1299999952316284,0.9920000433921814,3.0000054836273193
1.1079999208450317,0.9930000901222229,3.0000057220458984
1.1339999437332153,0.9940000772476196,3.000005006790161
1.2139999866485596,0.9860000014305115,3.0000014305114746
1.2060000896453857,0.9850000143051147,3.0000059604644775
1.3550000190734863,0.981999933719635,3.0000016689300537
1.53000009059906,0.9790000319480896,2.9999992847442627
1.2669999599456787,0.9850000143051147,2.9999966621398926
1.1790000200271606,0.9880000948905945,2.999997138977051
1.1459999084472656,0.9880000352859497,3.0000054836273193
1.4290000200271606,0.9789999723434448,3.0
1.5540000200271606,0.9809999465942383,3.00000262260437
1.3770002126693726,0.9799999594688416,3.0000011920928955
1.3550000190734863,0.9900000691413879,2.999992847442627
1.3350001573562622,0.9829999804496765,2.9999969005584717
1.098000168800354,0.9930000305175781,3.0000059604644775
1.0720000267028809,0.9950000643730164,3.0000057220458984
1.1439999341964722,0.9940000772476196,2.99999737739563
1.162000060081482,0.9930000901222229,3.0000059604644775
1.1450001001358032,0.9920001029968262,3.0000059604644775
1.4030001163482666,0.9819999933242798,2.999999523162842
1.2710000276565552,0.9890000224113464,3.000004291534424
1.2239999771118164,0.9829999804496765,3.0000059604644775
1.2880001068115234,0.9799999594688416,3.0000059604644775
1.0839999914169312,0.9950000643730164,3.0000059604644775
1.443000078201294,0.9900000691413879,2.999998092651367
1.0640000104904175,0.9950000643730164,3.0000054836273193
1.055999994277954,0.9920001029968262,3.0000052452087402
1.1460000276565552,0.9890000224113464,3.0000007152557373
1.2039999961853027,0.9880000352859497,3.000000476837158
1.7450000047683716,0.9829999804496765,3.000002861022949
1.0800001621246338,0.9909999966621399,3.0000054836273193
1.1589999198913574,0.9920001029968262,3.0000057220458984
1.2050000429153442,0.9860000014305115,3.0000059604644775
1.4610000848770142,0.9830000400543213,3.0000054836273193
1.2100000381469727,0.9930000305175781,3.0000011920928955
1.940000057220459,0.9749999642372131,3.0000038146972656
1.1200001239776611,0.9930000901222229,3.0000054836273193
1.6080000400543213,0.9790000319480896,2.999988079071045
1.1450001001358032,0.9940000772476196,3.0000014305114746
1.128999948501587,0.9950000643730164,2.9999969005584717
1.6180000305175781,0.9779999256134033,3.00000262260437
1.1050000190734863,0.9920001029968262,3.0000057220458984
1.5520000457763672,0.9859999418258667,3.0000040531158447
1.6779999732971191,0.9849998950958252,3.000004768371582
1.8270000219345093,0.9859999418258667,3.000000238418579
1.2050000429153442,0.984000027179718,3.0000061988830566
1.4560000896453857,0.9799999594688416,3.0000040531158447
1.3980000019073486,0.9769999980926514,3.0000052452087402
1.0870000123977661,0.9910000562667847,3.0000057220458984
1.2710000276565552,0.9940000772476196,2.9999923706054688
1.16100013256073,0.9920000433921814,3.0000059604644775
1.059999942779541,0.9940000772476196,3.000005006790161
1.060999870300293,0.9950000643730164,3.0000057220458984
2.7930002212524414,0.972000002861023,2.9999947547912598
2.324000120162964,0.9849998950958252,2.9999992847442627
1.1060000658035278,0.9930000901222229,2.9999966621398926
1.305999994277954,0.9839999675750732,3.0000054836273193
1.1029999256134033,0.9900001287460327,3.0000057220458984
1.1619999408721924,0.9910000562667847,3.0000057220458984
1.4829999208450317,0.9709999561309814,3.0000057220458984
1.13100004196167,0.9910000562667847,3.0000057220458984
1.315000057220459,0.9910000562667847,2.999992609024048
1.3309998512268066,0.9829999804496765,2.999987840652466
1.3550001382827759,0.9930000901222229,2.9999964237213135
1.1850001811981201,0.9900000691413879,3.0000057220458984
1.186000108718872,0.9920000433921814,3.0000014305114746
1.1120001077651978,0.9910001158714294,3.0000057220458984
1.3389999866485596,0.9869999885559082,2.9999969005584717
1.4229999780654907,0.9799999594688416,2.9999921321868896
1.1780002117156982,0.9890000224113464,3.0000052452087402
1.1759999990463257,0.9870001077651978,3.0000061988830566
1.1460000276565552,0.9930000901222229,3.0000059604644775
1.1180000305175781,0.9900000095367432,3.0000054836273193
1.1880000829696655,0.9860000014305115,3.0000016689300537
1.1670001745224,0.9900000691413879,2.9999969005584717
1.0980000495910645,0.9950000643730164,3.0000057220458984
1.2300000190734863,0.9860000610351562,3.0000057220458984
1.2669998407363892,0.9859999418258667,3.0000057220458984
1.534999966621399,0.9879999756813049,2.999997138977051
1.3259998559951782,0.9880000352859497,2.9999985694885254
2.111999988555908,0.9819999933242798,3.0
1.0859999656677246,0.9930000901222229,3.0000054836273193
1.0839999914169312,0.9890000820159912,3.0000059604644775
1.1959999799728394,0.9839999079704285,3.0000014305114746
1.431999921798706,0.9869999885559082,3.00000262260437
1.4179999828338623,0.9910001158714294,2.9999988079071045
1.3249998092651367,0.9920001029968262,2.9999940395355225
1.0839999914169312,0.9920001029968262,3.0000054836273193
1.0740001201629639,0.9930000305175781,3.0000057220458984
1.0469999313354492,0.9940000772476196,3.000005006790161
1.15500009059906,0.9860000014305115,3.000005006790161
1.4520000219345093,0.9800000190734863,3.0000011920928955
1.0859999656677246,0.9880000352859497,3.000004768371582
1.1759999990463257,0.9890000224113464,3.0000061988830566
1.0830000638961792,0.9909999966621399,3.0000052452087402
1.1130000352859497,0.9910000562667847,3.0000061988830566
1.4470000267028809,0.9739999771118164,3.0000007152557373
1.099000096321106,0.9920001029968262,3.0000059604644775
1.2670000791549683,0.9860000014305115,2.9999969005584717
1.311000108718872,0.9880000948905945,2.9999969005584717
1.3459999561309814,0.9850000739097595,2.9999959468841553
1.196000099182129,0.9900001287460327,2.999997138977051
1.159999966621399,0.9839999675750732,3.000005006790161
1.1029999256134033,0.9940000772476196,3.0000014305114746
1.1410000324249268,0.9870001077651978,3.000005006790161
1.0969998836517334,0.9910000562667847,3.0000054836273193
1.2289999723434448,0.9950000643730164,2.9999990463256836
1.4970000982284546,0.9860000014305115,2.9999988079071045
1.3339999914169312,0.9840000867843628,2.9999983310699463
1.227000117301941,0.9910001158714294,2.999992609024048
1.0839999914169312,0.9940000772476196,3.0000057220458984
1.1000001430511475,0.9930000901222229,3.0000059604644775
1.1060000658035278,0.9950000643730164,2.9999985694885254
1.2500001192092896,0.9880000352859497,3.0000059604644775
1.2880001068115234,0.9920000433921814,2.999999761581421
1.4110000133514404,0.9810000061988831,3.0000016689300537
1.1699999570846558,0.9900000095367432,3.0000061988830566
1.968999981880188,0.968999981880188,3.0
1.1220000982284546,0.9920000433921814,3.0000057220458984
1.040000081062317,0.9950000643730164,3.0000059604644775
1.127000093460083,0.9940000772476196,3.0000059604644775
1.0980000495910645,0.9930000305175781,3.0000054836273193
1.3879998922348022,0.9829999804496765,3.000002145767212
2.186000108718872,0.9679999947547913,2.9999988079071045
1.3549998998641968,0.9930000901222229,3.0000038146972656
1.178999900817871,0.9930000901222229,3.0000035762786865
1.162000060081482,0.9920001029968262,3.0000061988830566
1.5820000171661377,0.9789999723434448,2.9999940395355225
1.2300000190734863,0.9869999885559082,3.0000040531158447
1.1139999628067017,0.9950000643730164,2.999997138977051
1.1029998064041138,0.9950000643730164,3.0000059604644775
1.562000036239624,0.9739999771118164,3.000005006790161
1.1679999828338623,0.9909999966621399,3.0000054836273193
1.2260000705718994,0.9900000691413879,3.0000011920928955
1.25,0.9860000014305115,3.0000061988830566
1.4500000476837158,0.984000027179718,2.999999761581421
1.3660000562667847,0.9800000786781311,2.99999737739563
1.5210001468658447,0.9759999513626099,3.0000057220458984
1.0789999961853027,0.9940000772476196,3.0000052452087402
1.1850000619888306,0.9890000224113464,3.0000009536743164
1.0740000009536743,0.9910001158714294,3.0000052452087402
1.1139999628067017,0.9930000901222229,3.000001907348633
1.4199999570846558,0.9869999289512634,2.9999945163726807
1.9450000524520874,0.966999888420105,2.9999964237213135
1.565000057220459,0.9799999594688416,3.0000030994415283
1.3500001430511475,0.9789999723434448,2.9999969005584717
1.25600004196167,0.9940000772476196,3.000002861022949
1.1920000314712524,0.9900000691413879,3.0000054836273193
1.2430000305175781,0.9860000610351562,2.99999737739563
1.1449998617172241,0.9920001029968262,3.0000052452087402
1.2200000286102295,0.9859999418258667,3.0000057220458984
1.276999831199646,0.9890000224113464,2.999995470046997
1.376999855041504,0.9800000190734863,3.000002861022949
1.319000005722046,0.9880000352859497,3.0000052452087402
1.3420000076293945,0.9850000143051147,2.999997138977051
1.3900001049041748,0.9829999208450317,2.9999969005584717
1.53600013256073,0.9780000448226929,2.9999990463256836
1.2450001239776611,0.9869999885559082,2.999992609024048
1.2879999876022339,0.9900000095367432,3.0000011920928955
1.4250000715255737,0.9860000014305115,2.9999940395355225
1.0480000972747803,0.9950000643730164,3.0000057220458984
1.3649998903274536,0.9799999594688416,2.999992609024048
1.1430001258850098,0.9900000691413879,3.0000059604644775
1.090000033378601,0.9940000772476196,3.0000016689300537
1.3850001096725464,0.9880000352859497,3.0000011920928955
1.2460001707077026,0.9910000562667847,2.999988079071045
1.1139999628067017,0.9920001029968262,3.0000054836273193
1.2489999532699585,0.9880000352859497,3.0000054836273193
1.0999999046325684,0.9900000691413879,3.0000007152557373
1.1360000371932983,0.9930000901222229,3.0000061988830566
1.1630001068115234,0.9920001029968262,3.0000059604644775
1.2290000915527344,0.9880000352859497,3.0000052452087402
1.1250001192092896,0.9930000901222229,3.0000057220458984
1.3639999628067017,0.9890000820159912,3.0000040531158447
1.071000099182129,0.9950000643730164,3.0000014305114746
1.0959999561309814,0.9950000643730164,3.0000059604644775
1.130000114440918,0.9930000901222229,3.0000054836273193
1.284999966621399,0.9849998950958252,3.0000057220458984
1.0800000429153442,0.9940000772476196,3.0000059604644775
1.2390000820159912,0.9940000772476196,2.999988079071045
1.1700000762939453,0.9940000772476196,3.0000014305114746
1.225000023841858,0.9850000143051147,3.0000057220458984
1.0579999685287476,0.9950000643730164,3.0000054836273193
1.1079999208450317,0.9940000772476196,2.9999992847442627
1.127000093460083,0.9940000772476196,2.9999966621398926
1.0679999589920044,0.9950000643730164,3.0000057220458984
1.066999912261963,0.9930000305175781,3.000004529953003
1.4839999675750732,0.9900000691413879,2.999999761581421
1.3120001554489136,0.9950000643730164,2.999995708465576
1.1069999933242798,0.9920000433921814,3.0000059604644775
1.1549999713897705,0.9880000352859497,3.0000061988830566
1.3240000009536743,0.9880000352859497,2.999999761581421
1.6200000047683716,0.9820000529289246,2.999998092651367
1.2219998836517334,0.9869999885559082,3.000001907348633
1.1090000867843628,0.9930000901222229,3.0000059604644775
1.349000096321106,0.9890000224113464,2.9999938011169434
1.34499990940094,0.9860000014305115,3.0000014305114746
1.2999999523162842,0.9880000352859497,3.0000038146972656
1.069000005722046,0.9950000643730164,3.0000054836273193
1.0989999771118164,0.9930000901222229,2.999997138977051
1.0469999313354492,0.9950000643730164,3.0000054836273193
1.378000020980835,0.9759999513626099,2.9999923706054688
1.058000087738037,0.9940000772476196,3.0000057220458984
1.1080000400543213,0.9880000352859497,3.0000052452087402
1.0790001153945923,0.9880000352859497,3.000005006790161
1.0779999494552612,0.9900000095367432,3.0000059604644775
1.1110000610351562,0.9950000643730164,3.0000014305114746
1.1089999675750732,0.9930000305175781,2.999997138977051
1.6659998893737793,0.9820000529289246,2.999992609024048
1.062000036239624,0.9950000643730164,3.0000061988830566
1.0490000247955322,0.9950000643730164,3.0000052452087402
1.8540000915527344,0.9780000448226929,2.9999942779541016
1.340000033378601,0.9900001287460327,2.999999761581421
1.3140000104904175,0.9900001287460327,2.999999523162842
1.2710000276565552,0.9830000400543213,3.0000064373016357
1.1110000610351562,0.9890000820159912,3.0000054836273193
1.0619999170303345,0.9920001029968262,3.0000054836273193
1.1389999389648438,0.9910000562667847,3.0000014305114746
1.2510000467300415,0.9839999675750732,3.0000057220458984
1.277000069618225,0.9910001158714294,3.0000035762786865
1.0500000715255737,0.9950000643730164,3.000005006790161
1.2259999513626099,0.9880000352859497,2.9999969005584717
1.0869998931884766,0.9940000772476196,2.999997615814209
1.5590001344680786,0.9869999885559082,3.000002384185791
1.122999906539917,0.9890000224113464,3.0000057220458984
1.2039999961853027,0.9850000143051147,3.0000011920928955
1.0770000219345093,0.9920001029968262,3.000004768371582
1.1519999504089355,0.9950000643730164,2.999997138977051
1.3079999685287476,0.9890000224113464,2.9999938011169434
1.1319999694824219,0.9880000352859497,3.0000009536743164
1.0869998931884766,0.9940000772476196,3.0000054836273193
1.8990000486373901,0.9829999804496765,3.00000262260437
1.4529999494552612,0.9819999933242798,3.0000052452087402
1.2570000886917114,0.9880000352859497,2.999992609024048
1.1010000705718994,0.9890000224113464,3.0000057220458984
1.1360000371932983,0.9890000224113464,3.0000057220458984
1.2580000162124634,0.9799999594688416,3.0000064373016357
1.1770000457763672,0.9890000224113464,3.000001907348633
1.0709999799728394,0.9950000643730164,3.0000064373016357
1.059999942779541,0.9930000901222229,3.0000052452087402
1.0989999771118164,0.9920001029968262,3.0000059604644775
1.1779999732971191,0.9910001158714294,2.99999737739563
1.157999873161316,0.9900000691413879,2.999988317489624
1.1850000619888306,0.9880000948905945,2.999997138977051
1.1150000095367432,0.9869999289512634,3.0000054836273193
1.2580000162124634,0.9950000643730164,2.9999983310699463
1.1149998903274536,0.9930000305175781,3.0000052452087402
1.1200000047683716,0.9950000643730164,3.0000059604644775
1.100000023841858,0.9940000772476196,2.9999966621398926
1.0329999923706055,0.9950000643730164,3.000004768371582
1.121999979019165,0.9920001029968262,3.0000052452087402
1.1290000677108765,0.98499995470047,3.0000057220458984
1.0820000171661377,0.9920001029968262,3.0000011920928955
1.0339999198913574,0.9950000643730164,3.000005006790161
1.1080000400543213,0.9940000772476196,3.0000054836273193
1.1850000619888306,0.9879999756813049,3.0000052452087402
1.1390000581741333,0.9950000643730164,2.9999966621398926
1.1380001306533813,0.9890000224113464,3.0000052452087402
1.1489999294281006,0.9920001029968262,2.999997138977051
1.068000078201294,0.9950000643730164,3.000005006790161
1.2999999523162842,0.9849998950958252,2.9999969005584717
1.0819998979568481,0.9950000643730164,3.0000057220458984
1.056999921798706,0.9930000901222229,3.0000057220458984
1.1869999170303345,0.9900001287460327,3.0000052452087402
1.125,0.9920000433921814,3.0000054836273193
1.1979999542236328,0.9950000643730164,2.999997854232788
1.121999979019165,0.9890000820159912,2.99999737739563
1.1570000648498535,0.9930000901222229,2.999995470046997
1.0509999990463257,0.9940000772476196,3.0000054836273193
1.1050000190734863,0.9900000691413879,3.0000054836273193
1.191999912261963,0.9900001287460327,3.0000016689300537
1.404000163078308,0.9819999933242798,2.999997854232788
1.0540000200271606,0.9950000643730164,3.000005006790161
1.1699998378753662,0.9900000095367432,2.999995470046997
1.193000078201294,0.9910001158714294,3.0000038146972656
1.1339999437332153,0.9890000224113464,3.0000059604644775
1.2030000686645508,0.9900000691413879,2.999997138977051
1.130000114440918,0.9890000820159912,2.999997138977051
1.253999948501587,0.9840000867843628,2.9999966621398926
1.309999942779541,0.9880000352859497,2.9999983310699463
1.159000039100647,0.9850000739097595,3.000004768371582
1.1089999675750732,0.9890000224113464,3.0000052452087402
1.0899999141693115,0.9920001029968262,3.0000064373016357
1.1660000085830688,0.9869999885559082,3.0000052452087402
1.2050000429153442,0.9900000691413879,3.0000059604644775
1.068000078201294,0.9930000901222229,3.0000064373016357
1.1349999904632568,0.9920000433921814,2.9999964237213135
1.1260000467300415,0.9950000643730164,3.0000040531158447
1.093999981880188,0.9950000643730164,3.0000016689300537
1.0860000848770142,0.9930000901222229,3.0000054836273193
1.093000054359436,0.9900000691413879,3.0000057220458984
1.0479999780654907,0.9940000772476196,3.000004768371582
1.1119999885559082,0.9930000901222229,2.9999964237213135
1.0950000286102295,0.9920001029968262,3.0000057220458984
1.222000002861023,0.9879999756813049,2.9999923706054688
1.250999927520752,0.9850000739097595,2.9999990463256836
1.1120001077651978,0.9900000691413879,2.9999969005584717
1.0529999732971191,0.9950000643730164,3.0000057220458984
1.152999997138977,0.987000048160553,2.999997138977051
1.1069999933242798,0.9940000772476196,3.0000014305114746
1.1449999809265137,0.9890000820159912,3.0000011920928955
1.3370001316070557,0.9890000820159912,3.0000007152557373
1.062000036239624,0.9950000643730164,3.000004529953003
1.0939998626708984,0.9889999628067017,3.000005006790161
1.1419998407363892,0.9880000352859497,3.0000057220458984
1.1439999341964722,0.9879999756813049,3.0000059604644775
1.1059999465942383,0.9910000562667847,3.0000057220458984
1.0820000171661377,0.9910001158714294,3.0000059604644775
1.0769999027252197,0.9930000901222229,3.0000054836273193
1.0969998836517334,0.9920000433921814,3.0000064373016357
1.1089999675750732,0.9940000772476196,3.0000057220458984
1.0419999361038208,0.9940000772476196,3.0000054836273193
1.0839998722076416,0.9930000901222229,3.000005006790161
1.194000005722046,0.9880000352859497,3.0000059604644775
1.0469999313354492,0.9940000772476196,3.000005006790161
1.1710000038146973,0.9900001287460327,2.9999969005584717
1.1629999876022339,0.987000048160553,3.0000011920928955
1.0859999656677246,0.9920000433921814,3.000005006790161
1.0749999284744263,0.9930000901222229,3.0000011920928955
1.1120001077651978,0.9900000691413879,3.0000057220458984
1.0899999141693115,0.9950000643730164,2.999999523162842
1.1080000400543213,0.9910000562667847,3.0000054836273193
1.0770000219345093,0.9940000772476196,3.0000059604644775
1.057999849319458,0.9950000643730164,3.0000057220458984
1.0759999752044678,0.9890000820159912,3.0000052452087402
1.1009999513626099,0.9900001287460327,3.0000052452087402
1.0570000410079956,0.9950000643730164,3.0000052452087402
1.0800000429153442,0.9900001287460327,3.000004768371582
1.090000033378601,0.9880000352859497,3.0000052452087402
1.1439999341964722,0.9880000352859497,3.0000052452087402
1.0649999380111694,0.9950000643730164,3.000005006790161
1.1329998970031738,0.9930000901222229,3.0000057220458984
1.1049998998641968,0.9880000352859497,3.0000057220458984
1.0520000457763672,0.9930000901222229,3.0000054836273193
1.028999924659729,0.9940000772476196,3.0000052452087402
1.0880000591278076,0.9930000901222229,3.0000052452087402
1.065000057220459,0.9950000643730164,3.0000054836273193
1.1739999055862427,0.9950000643730164,2.99999737739563
1.031000018119812,0.9950000643730164,3.0000057220458984
1.029000163078308,0.9950000643730164,3.000004768371582
1.1089999675750732,0.9869999885559082,3.0000054836273193
1.0479999780654907,0.9940000772476196,3.0000052452087402
1.0740000009536743,0.9910001158714294,3.000000238418579
1.0380001068115234,0.9909999966621399,3.000004768371582
