7938
1981
9274
5852
6915
734
785
597
7316
6812
2318
10146
7195
4796
1469
2368
3692
6006
9902
4847
76
9831
7017
9695
7444
617
6290
5403
4341
10011
5690
7877
3933
6580
3704
5429
3960
2121
5385
4061
8217
4911
7871
5116
4465
5485
10539
10138
6135
6401
6018
1907
2928
4567
7701
9026
405
144
4903
3214
1030
9140
519
10628
5205
8700
1456
7055
10442
9368
6690
9228
2338
8948
1846
8079
7268
1387
469
3044
6917
6518
8499
3647
7930
9360
2377
2617
9792
6656
4589
9749
6126
6380
4002
445
9563
5605
1675
7734
5053
9106
1825
1590
5381
8952
8636
5730
3779
6698
6328
6658
8794
9035
6523
4613
7327
8001
8298
3664
6466
8713
1698
7557
5837
9923
6481
9694
8184
10565
3461
7623
5672
966
9043
1820
5068
3333
7139
7275
9738
3229
10339
2441
8108
8702
9963
79
4715
5300
4241
7287
5020
1504
7645
3493
3394
4736
6010
9800
7547
4180
319
383
9424
5069
137
7321
2285
160
3301
4865
100
4445
9054
5059
2537
3523
8185
3776
2153
4734
744
3010
5175
2809
9554
5819
7887
6256
298
8005
5482
3444
7622
9635
7354
2498
10357
6918
5978
3953
4219
4511
27
8833
2160
7485
8020
1233
2975
2942
10119
8227
2442
9040
2750
5365
2470
10156
10552
9185
545
514
9591
5422
9921
7825
3049
9138
2698
8205
8102
3047
2745
3479
64
3106
6564
1205
55
1377
8052
2391
10147
278
2014
2768
3490
1352
1878
2221
7928
5488
1174
3481
903
3126
7914
1043
10392
3109
5881
9287
5280
2233
1215
3157
1260
10178
2301
2607
4548
3122
4128
4505
9885
6588
3133
2794
1052
4149
3452
5936
5547
6395
9645
2402
2066
4096
5251
5455
4795
3762
2673
2542
1498
4584
3716
9566
1246
9894
6867
9088
7580
10158
8508
4343
6937
3951
9514
8134
2531
1472
4622
3177
2883
2092
5378
9296
8054
6589
5088
6706
4417
1664
3794
721
9066
3283
1823
10594
9544
4388
4443
312
3516
6945
2353
7214
4038
2275
6606
7376
1527
7399
1536
9741
6009
5600
3749
8688
4724
3245
672
2364
5450
10277
10039
46
4332
417
7697
3518
2806
9421
2101
1450
1622
9079
2312
4998
6921
7831
7071
4693
6570
10436
6909
9085
7421
5983
2261
1868
362
10075
9828
9693
2630
5966
3883
8281
6326
9918
9182
3751
683
6088
638
4319
859
192
9052
2946
1083
1421
2603
7299
8078
3218
81
2785
7205
7503
9790
1253
6102
9909
900
8538
6346
8909
3720
8620
552
6166
194
813
4460
4923
1866
7644
7602
332
7236
8018
6610
3741
7077
5922
7351
682
9969
1066
6528
8098
7796
6954
7172
797
9861
2317
8324
1093
8676
5529
2921
4876
7920
9204
1626
8938
823
10625
7286
2654
2837
5577
5189
7012
764
52
7241
3556
9729
1950
5475
3207
4047
5375
5593
9272
4955
826
5315
6216
6925
407
9253
8623
10213
1059
10302
10072
1269
5588
6924
1203
6887
7860
4649
3547
2431
7072
5003
2552
5728
219
5907
7676
3663
1945
5413
6308
7565
288
379
3080
9243
9991
3853
9734
1764
300
1692
9007
7740
8353
7215
3152
3403
9754
2214
3582
3580
9000
8572
7375
8122
5140
1336
10280
5536
2656
9087
6740
1891
2502
6562
1790
4153
10459
6771
2174
7819
4557
3191
6183
7634
5720
10116
3326
897
3956
1877
5540
6649
2199
3423
5412
162
6721
634
2198
6961
3961
9505
8167
8684
621
2987
6754
3537
3358
1571
1807
7018
92
4315
9027
10045
5329
9470
5342
239
1357
9856
10100
7024
6226
2060
9572
7229
3391
2957
8669
7870
10103
2963
6329
3683
8284
4242
1672
8553
6382
9402
5793
8748
997
1384
3084
9649
8769
4216
8190
3404
9451
1296
10482
3642
7022
4949
4042
4893
10084
9454
9369
8129
851
7979
4285
3560
1267
9133
4054
5325
9973
1986
6844
2119
4509
7322
8269
9855
10524
6022
10399
7185
3306
5908
4217
7733
3285
5785
7678
2005
662
3545
1703
8193
7332
3492
4582
8461
7123
4803
10387
5193
6217
8242
7304
994
1343
8333
3415
4287
7361
1625
3978
7504
6222
7082
9025
8655
9537
1225
3870
7828
1845
1128
2100
2810
4806
795
5771
5513
7721
4271
6345
7995
9525
4369
6920
5598
2504
1540
5178
7637
6836
6083
636
9634
3810
8194
3131
10389
2326
1509
5147
5935
6572
2983
6084
7414
4759
9018
7391
1822
9621
9441
4756
5872
9186
10627
3373
8928
8990
9834
6254
10391
3637
3095
3506
8996
1448
8135
8918
773
7919
4318
7411
7813
9672
3854
1427
5893
9003
1987
9954
71
3596
6997
5005
7306
487
10278
1833
1301
4625
6643
398
4231
8495
3158
3043
9184
467
693
9393
4932
8883
9271
157
6025
4453
10470
9868
5478
8159
7782
358
6294
1169
749
4506
10385
3454
4344
2796
5604
3514
9932
9587
8405
6704
10341
7257
10094
3899
8433
3434
3487
6756
6881
6739
9146
5241
1818
2308
3298
10336
7429
5913
843
970
8188
8220
2044
456
1171
3750
4430
1354
8927
9160
3034
9768
5903
520
7736
2885
7161
5240
9327
6264
4900
4168
9145
458
5955
8221
3235
2534
5932
7780
10342
2461
1465
709
2569
152
2803
1460
5880
32
3112
35
7567
3089
1774
2107
5571
3799
8050
4913
8839
10079
6619
9380
3149
4650
5207
1954
6628
8807
5806
8723
8201
8649
9031
6189
3507
4362
9978
9696
7537
2080
3361
7199
8790
10506
2692
8200
4794
9286
9328
10270
9848
971
8845
10588
4005
2458
3125
5089
1078
2854
7251
9713
4786
5339
37
10294
1027
2004
4000
7131
8841
3879
4482
5518
1432
6873
2497
4864
270
3500
1511
478
8035
577
8871
2116
7222
2831
5305
10009
10287
1902
324
335
4230
874
726
164
1567
8145
2394
8325
647
8616
7390
9116
5560
1338
7976
6119
1103
6004
4769
8608
4937
940
6304
8359
7679
7685
3194
806
5941
642
2577
7164
7586
4618
6069
7138
2881
4711
10478
1228
9036
7913
8386
9276
781
2620
8350
9354
3400
3208
6734
9120
10613
3220
6143
6755
8683
6108
4530
4245
184
2922
7103
8417
9152
5229
1638
909
4074
6870
5502
8596
8419
470
1438
1830
4827
4338
9873
368
4342
7225
1208
2349
3584
8245
8978
8398
9625
646
6536
7102
3155
2819
2759
8230
8448
8843
9891
84
1699
5702
7690
8516
4378
4766
6125
7554
7511
5208
9704
6599
5479
1496
146
8464
10554
6153
9926
2995
7014
8893
977
3987
9723
1382
9235
5098
8105
9650
1792
8578
6948
673
702
663
465
4361
9611
8613
2710
1873
8765
4906
10186
1210
6630
7875
9600
6627
6240
1685
3671
8068
650
6342
4007
8172
5087
182
6213
2367
4730
9173
1933
921
5197
1637
5525
5124
7294
1787
9964
6807
9517
3805
6639
9557
789
3764
2074
1769
7191
5262
261
896
5230
6563
385
2417
9099
935
7936
9980
10162
10227
2098
6423
4800
4058
8905
2898
9382
3305
7907
4845
5359
6405
10333
282
9513
10179
7904
9118
1132
6938
8911
5510
9679
6883
8270
3655
5835
783
8500
5792
284
8364
8963
2747
10157
4124
5112
860
1724
2165
4340
9389
1285
10577
9850
1142
1861
7470
77
9406
5997
7840
8155
8163
89
9559
2764
1653
4193
6922
9457
6642
9119
4470
249
2172
234
10315
6078
8602
6601
9643
3871
9356
4699
5442
7481
6901
1588
6001
8170
7386
3224
403
7385
9747
9310
8069
9900
1094
3904
8039
7063
341
7134
3503
7781
5921
1594
4262
8164
6456
9613
2910
1896
3259
3604
5318
7108
2262
9479
5298
5644
6527
2152
10169
294
2177
1648
5904
9400
5310
6089
4840
6096
7445
4907
9245
2045
5113
1835
8689
1124
5645
8395
2495
4705
4167
6994
1919
7903
4988
691
10191
4886
5587
567
9002
4032
6324
3281
6206
8458
6600
6897
8196
8403
8156
6702
9446
8543
6785
3123
7226
1453
972
493
163
9928
7298
2372
5810
6330
3561
1748
1740
3508
7494
6839
8082
4985
8734
9884
3548
606
7540
5433
6872
6250
5710
4515
4609
7868
1901
1239
6237
2521
10149
2041
8226
9351
8568
1751
6362
9361
10329
264
3791
9232
9189
492
3974
4205
5991
6214
2398
8026
10580
8428
7039
1227
2138
3308
2979
4606
6556
660
9860
10046
7848
5308
4685
4089
1951
9791
6958
8851
4896
4071
7088
7433
6117
3867
8022
10096
8175
791
1202
9004
8083
669
10475
3005
985
5460
9993
7688
4415
3395
6688
6093
1851
7994
4264
10362
2051
2544
1381
5586
3498
6927
10061
6322
8502
10159
1533
2499
7574
1368
1997
10154
9206
10029
3113
2102
1192
3757
7759
9305
2632
8187
8176
6185
580
6446
9194
5505
4354
3625
8266
3055
8295
4215
10432
5569
5948
4303
7876
8783
2997
2120
1257
4761
7324
1548
5570
4533
4102
9699
2517
5480
7606
6513
327
3658
2908
8991
2369
2082
7779
2404
6107
4252
784
6310
7221
5093
2567
10243
8349
701
7314
4514
2648
1379
7757
2359
7539
4487
3489
1220
9363
2518
1864
7800
8465
5919
2281
7285
4728
9658
2575
2251
7166
3820
109
7438
6373
10595
4598
2381
323
2772
1949
6447
6943
8661
644
7400
946
8747
3696
1118
8955
9775
7517
3622
9616
325
9869
9289
8541
4719
6070
10271
8806
233
6665
3568
4156
10445
1001
9433
7748
6716
6710
666
62
4633
7552
1313
7027
708
4842
1281
10493
1164
4281
6598
569
3878
7746
8632
10415
3367
2667
916
9847
10615
9588
10324
356
10338
6109
5543
10144
