1.0354737043380737,0.9550000429153442,1.118712067604065
1.0354737043380737,0.9550000429153442,1.121101975440979
1.050284743309021,0.8849999904632568,3.2475719451904297
1.0320017337799072,0.9650000333786011,1.2626819610595703
1.0306593179702759,0.9600000381469727,1.5666121244430542
1.036229133605957,0.9500000476837158,1.1897220611572266
1.036550760269165,0.9500000476837158,1.1879119873046875
1.0303244590759277,0.9600000381469727,1.6266220808029175
1.0370410680770874,0.9500000476837158,1.2179419994354248
1.0434366464614868,0.9300000667572021,1.3978420495986938
1.0463407039642334,0.940000057220459,1.155351996421814
1.0414085388183594,0.9500000476837158,1.3316919803619385
1.0414085388183594,0.9500000476837158,1.3316919803619385
1.0497606992721558,0.9200000762939453,1.9944819211959839
1.0488718748092651,0.9200000762939453,2.170111894607544
1.1367586851119995,0.6700000166893005,4.323552131652832
1.030414342880249,0.9550000429153442,1.5944020748138428
1.0279462337493896,0.9700000286102295,1.1023420095443726
1.0341007709503174,0.940000057220459,1.5614820718765259
1.024999976158142,0.9750000238418579,1.0472019910812378
1.024999976158142,0.9750000238418579,1.0712519884109497
1.024999976158142,0.9750000238418579,1.0988620519638062
1.0294445753097534,0.9650000333786011,1.1774721145629883
1.024999976158142,0.9750000238418579,1.1523219347000122
1.0262531042099,0.9700000286102295,1.2167919874191284
1.052709937095642,0.8399999737739563,2.4608418941497803
1.0468658208847046,0.9350000619888306,1.6006720066070557
1.0425702333450317,0.9350000619888306,1.6601420640945435
1.0296063423156738,0.9550000429153442,2.1159121990203857
1.049786925315857,0.9200000762939453,1.785412073135376
1.0281500816345215,0.9650000333786011,1.1397119760513306
1.035487174987793,0.9500000476837158,1.432211995124817
1.0463523864746094,0.9250000715255737,2.0261921882629395
1.0916826725006104,0.824999988079071,3.035332202911377
1.0468744039535522,0.9300000667572021,1.5942120552062988
1.0533149242401123,0.9050000309944153,1.706942081451416
1.0691674947738647,0.8550000190734863,2.446202039718628
1.0459727048873901,0.9500000476837158,1.2354320287704468
1.0459727048873901,0.9500000476837158,1.2354320287704468
1.0619490146636963,0.8299999833106995,2.7532217502593994
1.051884651184082,0.8650000095367432,2.6397922039031982
1.033967137336731,0.9450000524520874,1.497372031211853
1.050384759902954,0.8800000548362732,3.6274619102478027
1.0340237617492676,0.9500000476837158,2.0491321086883545
1.0441378355026245,0.9450000524520874,1.1827020645141602
1.121280550956726,0.7099999785423279,4.106502532958984
1.041123628616333,0.9500000476837158,1.2223320007324219
1.0311070680618286,0.9650000333786011,1.074821949005127
1.028854250907898,0.9600000381469727,1.2385920286178589
1.04714035987854,0.9150000810623169,1.6998519897460938
1.024999976158142,0.9750000238418579,1.1311919689178467
1.0278098583221436,0.9650000333786011,1.2618520259857178
1.0655720233917236,0.8450000286102295,2.524451971054077
1.0447278022766113,0.9350000619888306,1.8380119800567627
1.044801115989685,0.9300000667572021,1.8684619665145874
1.0398598909378052,0.9350000619888306,1.456502079963684
1.0292145013809204,0.9600000381469727,1.1438719034194946
1.0267120599746704,0.9700000286102295,1.1264220476150513
1.0396654605865479,0.940000057220459,1.578552007675171
1.024999976158142,0.9750000238418579,1.0280319452285767
1.0450645685195923,0.9250000715255737,1.8825620412826538
1.0475218296051025,0.9250000715255737,1.7822819948196411
1.046409249305725,0.9350000619888306,1.2636919021606445
1.029881477355957,0.9650000333786011,1.2398320436477661
1.0490834712982178,0.9200000762939453,1.876852035522461
1.0267326831817627,0.9700000286102295,1.1554219722747803
1.0258257389068604,0.9700000286102295,1.138922095298767
1.0411139726638794,0.9250000715255737,2.1973519325256348
1.031812310218811,0.9500000476837158,1.4547621011734009
1.024999976158142,0.9750000238418579,1.0776519775390625
1.024999976158142,0.9750000238418579,1.0348119735717773
1.024999976158142,0.9750000238418579,1.1313121318817139
1.0432268381118774,0.9350000619888306,1.3460520505905151
1.0510551929473877,0.9300000667572021,1.7477021217346191
1.0288922786712646,0.9650000333786011,1.1375919580459595
1.0268950462341309,0.9650000333786011,1.2267619371414185
1.0377196073532104,0.9200000762939453,1.8897820711135864
1.0380935668945312,0.940000057220459,1.352362036705017
1.0269733667373657,0.9700000286102295,1.121891975402832
1.0288136005401611,0.9650000333786011,1.21710205078125
1.0464085340499878,0.9500000476837158,1.1952821016311646
1.024999976158142,0.9750000238418579,1.145851969718933
1.027871012687683,0.9650000333786011,1.202802062034607
1.024999976158142,0.9750000238418579,1.2375919818878174
1.0425982475280762,0.9200000762939453,2.0171921253204346
1.0576683282852173,0.8750001192092896,2.536262273788452
1.024999976158142,0.9750000238418579,1.1226918697357178
1.0385432243347168,0.9500000476837158,1.2444618940353394
1.024999976158142,0.9750000238418579,1.142091989517212
1.024999976158142,0.9750000238418579,1.0617320537567139
1.0372800827026367,0.9550000429153442,1.314642071723938
1.03242027759552,0.9600000381469727,1.4114619493484497
1.024999976158142,0.9750000238418579,1.0823420286178589
1.024999976158142,0.9750000238418579,1.0409220457077026
1.0430583953857422,0.9500000476837158,1.3668220043182373
1.0410393476486206,0.9550000429153442,1.2170119285583496
1.024999976158142,0.9750000238418579,1.071492075920105
1.028967261314392,0.9600000381469727,1.230921983718872
1.043892741203308,0.940000057220459,1.261512041091919
1.024999976158142,0.9750000238418579,1.044711947441101
1.0457137823104858,0.9200000762939453,1.288572072982788
1.0442441701889038,0.9350000619888306,1.2633119821548462
1.0538209676742554,0.9150000810623169,1.3156918287277222
1.0536350011825562,0.8900001049041748,2.179971933364868
1.042183518409729,0.9500000476837158,1.1528819799423218
1.0426628589630127,0.9000000357627869,2.605502128601074
1.0538206100463867,0.8700001239776611,2.744232177734375
1.0720016956329346,0.8750001192092896,2.998961925506592
1.037094235420227,0.9550000429153442,1.2585721015930176
1.0337435007095337,0.9450000524520874,1.7407419681549072
1.0281261205673218,0.9650000333786011,1.2291719913482666
1.0295226573944092,0.9700000286102295,1.0646920204162598
1.0313389301300049,0.9500000476837158,1.3934320211410522
1.0401121377944946,0.940000057220459,1.2767120599746704
1.029350996017456,0.9600000381469727,1.1476820707321167
1.0284231901168823,0.9650000333786011,1.1504319906234741
1.0370314121246338,0.9450000524520874,1.4720120429992676
1.0680630207061768,0.9200000762939453,1.3110020160675049
1.0675326585769653,0.9200000762939453,1.3110020160675049
1.024999976158142,0.9750000238418579,1.0695419311523438
1.03340482711792,0.9500000476837158,1.6531319618225098
1.0421922206878662,0.9200000762939453,1.546172022819519
1.0522502660751343,0.9050000309944153,1.553961992263794
1.0326446294784546,0.9600000381469727,1.2441619634628296
1.0772345066070557,0.8550000190734863,1.9006620645523071
1.0449446439743042,0.9250000715255737,1.6198320388793945
1.0258005857467651,0.9700000286102295,1.2466219663619995
1.0597888231277466,0.9200000762939453,2.4017820358276367
1.0655202865600586,0.9100000858306885,2.4826419353485107
1.024999976158142,0.9750000238418579,1.1278319358825684
1.0301551818847656,0.9600000381469727,1.1639620065689087
1.0504467487335205,0.9200000762939453,1.9303120374679565
1.0445622205734253,0.9300000667572021,1.9648821353912354
1.0760276317596436,0.8500000834465027,2.2845020294189453
1.0397363901138306,0.9350000619888306,1.239271879196167
1.040381908416748,0.9350000619888306,1.5730119943618774
1.0651127099990845,0.8800000548362732,2.2348921298980713
1.0322974920272827,0.9550000429153442,1.47664213180542
1.0475364923477173,0.9150000810623169,1.9065520763397217
1.0705567598342896,0.9250000715255737,1.2797720432281494
1.0717252492904663,0.9250000715255737,1.2797720432281494
1.024999976158142,0.9750000238418579,1.1174321174621582
1.0308470726013184,0.9500000476837158,1.6869219541549683
1.0282069444656372,0.9650000333786011,1.1863620281219482
1.054665207862854,0.9100000858306885,1.5488719940185547
1.0374054908752441,0.9300000667572021,2.1264219284057617
1.0363386869430542,0.9350000619888306,2.0187618732452393
1.0299433469772339,0.9650000333786011,1.1252219676971436
1.0381942987442017,0.9100000858306885,1.919222116470337
1.0275793075561523,0.9650000333786011,1.3862720727920532
1.0411008596420288,0.9500000476837158,1.3314119577407837
1.0295369625091553,0.9550000429153442,2.128162145614624
1.024999976158142,0.9750000238418579,1.0748718976974487
1.024999976158142,0.9750000238418579,1.1893320083618164
1.0449016094207764,0.9350000619888306,1.6010019779205322
1.0303411483764648,0.9600000381469727,1.4117820262908936
1.0320225954055786,0.9650000333786011,1.1662719249725342
1.0261309146881104,0.9700000286102295,1.1970919370651245
1.0501147508621216,0.9300000667572021,1.513672113418579
1.0521023273468018,0.9250000715255737,1.4660919904708862
1.0689769983291626,0.9100000858306885,1.5903520584106445
1.069163203239441,0.8950001001358032,1.8198920488357544
1.0538278818130493,0.9250000715255737,1.3982620239257812
1.0460221767425537,0.940000057220459,1.3909119367599487
1.0432783365249634,0.940000057220459,1.487481951713562
1.065516710281372,0.8950001001358032,1.7981220483779907
1.0656709671020508,0.9050000309944153,2.1324920654296875
1.066504955291748,0.9000000953674316,1.9570319652557373
1.0320273637771606,0.9500000476837158,1.3653919696807861
1.0491925477981567,0.9150000810623169,1.8945820331573486
1.0273786783218384,0.9650000333786011,1.2489420175552368
1.024999976158142,0.9750000238418579,1.09866201877594
1.0266697406768799,0.9700000286102295,1.2211719751358032
1.0298489332199097,0.9650000333786011,1.1755520105361938
1.031793475151062,0.9600000381469727,1.2753620147705078
1.0527409315109253,0.9100000858306885,1.3900020122528076
1.0387989282608032,0.9450000524520874,1.2946220636367798
1.0590391159057617,0.9150000810623169,1.3179619312286377
1.0673646926879883,0.9000000953674316,1.344641923904419
1.024999976158142,0.9750000238418579,1.0600119829177856
1.0346505641937256,0.9500000476837158,1.7830220460891724
1.024999976158142,0.9750000238418579,1.0540419816970825
1.029040813446045,0.9600000381469727,1.3624420166015625
1.0359936952590942,0.9450000524520874,1.3599720001220703
1.041440486907959,0.940000057220459,1.6653120517730713
1.0434545278549194,0.9150000810623169,1.8238520622253418
1.036287784576416,0.9550000429153442,1.316131830215454
1.0309044122695923,0.9600000381469727,1.5963119268417358
1.0438696146011353,0.9300000667572021,1.3362419605255127
1.047096610069275,0.9150000810623169,1.9310120344161987
1.026033878326416,0.9650000333786011,1.292191982269287
1.0610469579696655,0.8750000596046448,2.6215717792510986
1.0288760662078857,0.9650000333786011,1.2867519855499268
1.048491358757019,0.8950001001358032,2.4277820587158203
1.0270150899887085,0.9700000286102295,1.2362319231033325
1.024999976158142,0.9750000238418579,1.1060919761657715
1.0620291233062744,0.8899999856948853,2.565861940383911
1.0319066047668457,0.9600000381469727,1.2063719034194946
1.0577656030654907,0.9300000667572021,1.5257619619369507
1.0594518184661865,0.9250000715255737,1.525022029876709
1.0535311698913574,0.9300000667572021,1.5733020305633545
1.0405257940292358,0.9200000762939453,1.516111969947815
1.0532203912734985,0.9000000953674316,1.87158203125
1.0652375221252441,0.8850001096725464,1.855072021484375
1.0318191051483154,0.9550000429153442,1.2062020301818848
1.0272271633148193,0.9700000286102295,1.2380919456481934
1.029183030128479,0.9600000381469727,1.4848718643188477
1.0264633893966675,0.9700000286102295,1.092392086982727
1.024999976158142,0.9750000238418579,1.0510720014572144
1.0812808275222778,0.8600000739097595,3.3390121459960938
1.0568510293960571,0.9250000715255737,2.46136212348938
1.0296224355697632,0.9650000333786011,1.1241220235824585
1.0522912740707397,0.9200000762939453,1.533951997756958
1.038354754447937,0.9500000476837158,1.1545320749282837
1.031561255455017,0.9550000429153442,1.5427321195602417
1.0766609907150269,0.8550000190734863,1.7317619323730469
1.0315743684768677,0.9550000429153442,1.5269420146942139
1.0311377048492432,0.9550000429153442,1.2932720184326172
1.0461647510528564,0.9150000810623169,1.5773119926452637
1.0284191370010376,0.9650000333786011,1.55787193775177
1.033042311668396,0.9500000476837158,1.7401819229125977
1.0297317504882812,0.9600000381469727,1.3740719556808472
1.0370899438858032,0.9550000429153442,1.1682519912719727
1.0411537885665894,0.9350000619888306,1.6306220293045044
1.0552711486816406,0.9000000953674316,1.9651720523834229
1.0389764308929443,0.9450000524520874,1.2545020580291748
1.0376449823379517,0.9350000619888306,1.6571121215820312
1.0302261114120483,0.9650000333786011,1.1099319458007812
1.035144329071045,0.9500000476837158,1.139822006225586
1.040642261505127,0.9300000667572021,1.4165419340133667
1.0326155424118042,0.9500000476837158,1.5166518688201904
1.024999976158142,0.9750000238418579,1.0878419876098633
1.0509073734283447,0.9300000667572021,1.5967319011688232
1.0480117797851562,0.9300000667572021,1.5200918912887573
1.0421457290649414,0.940000057220459,1.6208620071411133
1.0369535684585571,0.940000057220459,1.5587619543075562
1.0455892086029053,0.9100000858306885,2.7866721153259277
1.0312827825546265,0.9650000333786011,1.1363720893859863
1.0388964414596558,0.9450000524520874,1.2959620952606201
1.0477584600448608,0.9200000762939453,1.5221120119094849
1.0430278778076172,0.9350000619888306,1.8572920560836792
1.0329526662826538,0.9550000429153442,1.3153620958328247
1.0312542915344238,0.9600000381469727,1.3844619989395142
1.0311267375946045,0.9600000381469727,1.5279819965362549
1.0304977893829346,0.9650000333786011,1.1696720123291016
1.0268256664276123,0.9700000286102295,1.0938719511032104
1.050199031829834,0.9300000667572021,1.4969019889831543
1.0577877759933472,0.9000000953674316,1.6649219989776611
1.040508508682251,0.940000057220459,1.190582036972046
1.0380325317382812,0.9450000524520874,1.3467320203781128
1.028405785560608,0.9550000429153442,1.2130119800567627
1.0349329710006714,0.9550000429153442,1.0912219285964966
1.057961344718933,0.8700000643730164,2.543501853942871
1.0330746173858643,0.9600000381469727,1.2163419723510742
1.0432803630828857,0.9300000667572021,1.226531982421875
1.0416733026504517,0.940000057220459,1.4939219951629639
1.040779709815979,0.925000011920929,2.0425119400024414
1.0470542907714844,0.9500000476837158,1.182121992111206
1.0513676404953003,0.9200000762939453,1.4435919523239136
1.0262565612792969,0.9700000286102295,1.103432059288025
1.0436726808547974,0.9350000619888306,1.4927120208740234
1.0332469940185547,0.9550000429153442,1.2985318899154663
1.024999976158142,0.9750000238418579,1.2149020433425903
1.0494831800460815,0.9300000667572021,1.6970820426940918
1.0439265966415405,0.9200000762939453,1.7477519512176514
1.0428284406661987,0.9550000429153442,1.2868820428848267
1.0287688970565796,0.9700000286102295,1.0935419797897339
1.029881238937378,0.9650000333786011,1.1221519708633423
1.024999976158142,0.9750000238418579,1.1063520908355713
1.0443174839019775,0.940000057220459,1.1934720277786255
1.0289784669876099,0.9600000381469727,1.4561220407485962
1.0544277429580688,0.9050000309944153,2.088871955871582
1.037892460823059,0.9500000476837158,1.189702033996582
1.066054105758667,0.8449999690055847,2.56085205078125
1.0320464372634888,0.9600000381469727,1.1512119770050049
1.024999976158142,0.9750000238418579,1.0381919145584106
1.0271350145339966,0.9700000286102295,1.1625319719314575
1.0289164781570435,0.9650000333786011,1.1118820905685425
1.0391771793365479,0.9150000810623169,2.1699020862579346
1.0692834854125977,0.8400000333786011,2.689552068710327
1.027097463607788,0.9650000333786011,1.4335020780563354
1.0273807048797607,0.9650000333786011,1.3153020143508911
1.0292001962661743,0.9600000381469727,1.2923020124435425
1.062206745147705,0.8950001001358032,1.5808219909667969
1.0497028827667236,0.9350000619888306,1.55964195728302
1.024999976158142,0.9750000238418579,1.1357619762420654
1.024999976158142,0.9750000238418579,1.087641954421997
1.0615702867507935,0.8700000643730164,1.7644720077514648
1.0313615798950195,0.9550000429153442,1.2035821676254272
1.0337456464767456,0.9500000476837158,1.4456920623779297
1.043817162513733,0.9300000071525574,1.7457619905471802
1.054312825202942,0.9200000762939453,2.313961982727051
1.0615813732147217,0.9000000953674316,2.159062147140503
1.0651865005493164,0.8800000548362732,2.6421120166778564
1.0264291763305664,0.9700000286102295,1.1170120239257812
1.0371241569519043,0.9450000524520874,1.4089419841766357
1.0280396938323975,0.9550000429153442,1.629852056503296
1.0268057584762573,0.9650000333786011,1.1829220056533813
1.0419654846191406,0.9350000619888306,2.0192220211029053
1.0743515491485596,0.8349999189376831,3.24839186668396
1.0608136653900146,0.9000000953674316,1.8457520008087158
1.0533289909362793,0.8950001001358032,2.0145320892333984
1.0273569822311401,0.9700000286102295,1.3308820724487305
1.038191795349121,0.9500000476837158,1.3439719676971436
1.044680118560791,0.9300000667572021,1.950942039489746
1.0328505039215088,0.9600000381469727,1.2477519512176514
1.0442553758621216,0.9300000667572021,1.6088920831680298
1.0346660614013672,0.9450000524520874,1.4941918849945068
1.0597301721572876,0.9000000953674316,2.0043320655822754
1.042665958404541,0.940000057220459,1.4384020566940308
1.0504170656204224,0.9250000715255737,1.6371020078659058
1.0511225461959839,0.9150000810623169,1.6807020902633667
1.0543806552886963,0.8900001049041748,1.9963321685791016
1.0451089143753052,0.9350000619888306,1.5884921550750732
1.0379716157913208,0.9500000476837158,1.281581997871399
1.0459086894989014,0.9300000667572021,2.3689818382263184
1.024999976158142,0.9750000238418579,1.081961989402771
1.054492712020874,0.9000000357627869,2.6323719024658203
1.0383799076080322,0.9500000476837158,1.5169318914413452
1.0281249284744263,0.9700000286102295,1.0752220153808594
1.0431482791900635,0.940000057220459,1.639691948890686
1.0308672189712524,0.9550000429153442,1.6769020557403564
1.0343523025512695,0.9600000381469727,1.1848318576812744
1.0328755378723145,0.940000057220459,1.6184720993041992
1.0330193042755127,0.9500000476837158,1.2696019411087036
1.0285416841506958,0.9650000333786011,1.4250019788742065
1.0303572416305542,0.9600000381469727,1.253301978111267
1.0344929695129395,0.940000057220459,1.9793620109558105
1.0299253463745117,0.9650000333786011,1.2394920587539673
1.0445966720581055,0.9450000524520874,1.182211995124817
1.024999976158142,0.9750000238418579,1.048421859741211
1.024999976158142,0.9750000238418579,1.1331020593643188
1.0283234119415283,0.9650000333786011,1.1310620307922363
1.0709916353225708,0.9250000715255737,1.2797720432281494
1.0294197797775269,0.9700000286102295,1.0704818964004517
1.0263335704803467,0.9700000286102295,1.5226420164108276
1.0294197797775269,0.9700000286102295,1.17178213596344
1.0443809032440186,0.925000011920929,2.041222095489502
1.024999976158142,0.9750000238418579,1.0661020278930664
1.0265971422195435,0.9700000286102295,1.1689319610595703
1.027503252029419,0.9700000286102295,1.3219420909881592
1.024999976158142,0.9750000238418579,1.0364419221878052
1.0281903743743896,0.9650000333786011,1.2624319791793823
1.040370225906372,0.9500000476837158,1.333601951599121
1.024999976158142,0.9750000238418579,1.172961950302124
1.0308711528778076,0.9600000381469727,1.2948119640350342
1.0363348722457886,0.940000057220459,1.6315720081329346
1.0380042791366577,0.940000057220459,1.4062620401382446
1.0480226278305054,0.9100000858306885,1.7153420448303223
1.043723702430725,0.9350000619888306,1.2803620100021362
1.0289582014083862,0.9650000333786011,1.1561119556427002
1.0341461896896362,0.9450000524520874,1.7693920135498047
1.0470417737960815,0.9300000667572021,1.54678213596344
1.0415852069854736,0.940000057220459,1.418921947479248
1.024999976158142,0.9750000238418579,1.0768920183181763
1.0331497192382812,0.9650000333786011,1.1477019786834717
1.024999976158142,0.9750000238418579,1.0508819818496704
1.0646464824676514,0.8800000548362732,2.369921922683716
1.0272225141525269,0.9700000286102295,1.1013219356536865
1.0357165336608887,0.940000057220459,1.2264219522476196
1.0391324758529663,0.940000057220459,1.219221830368042
1.0376231670379639,0.9500000476837158,1.1259119510650635
1.024999976158142,0.9750000238418579,1.0678818225860596
1.0282601118087769,0.9650000333786011,1.133552074432373
1.051376223564148,0.9100000858306885,2.8803021907806396
1.024999976158142,0.9750000238418579,1.052022099494934
1.024999976158142,0.9750000238418579,1.052791953086853
1.0663024187088013,0.8900001049041748,2.771372079849243
1.0482012033462524,0.9500000476837158,1.2280820608139038
1.0482012033462524,0.9500000476837158,1.2280820608139038
1.0496593713760376,0.9150000810623169,1.5041320323944092
1.040988564491272,0.9450000524520874,1.1620320081710815
1.032111406326294,0.9600000381469727,1.1563321352005005
1.0324500799179077,0.9550000429153442,1.251971960067749
1.0402882099151611,0.9200000762939453,1.6652518510818481
1.039191722869873,0.9550000429153442,1.3308619260787964
1.024999976158142,0.9750000238418579,1.0566121339797974
1.0436371564865112,0.940000057220459,1.5215920209884644
1.0259761810302734,0.9700000286102295,1.1868319511413574
1.0446656942367554,0.9350000619888306,1.6597119569778442
1.040204405784607,0.9450000524520874,1.1637119054794312
1.0502369403839111,0.9250000715255737,1.4130619764328003
1.0292742252349854,0.9600000381469727,1.3404120206832886
1.024999976158142,0.9750000238418579,1.2247920036315918
1.0381613969802856,0.9450000524520874,2.1063520908355713
1.0372662544250488,0.940000057220459,1.3413819074630737
1.0269951820373535,0.9700000286102295,1.5332419872283936
1.0532904863357544,0.9150000810623169,2.616621971130371
1.0434513092041016,0.9100000858306885,2.2128121852874756
1.0372323989868164,0.940000057220459,1.4456219673156738
1.0415467023849487,0.9450000524520874,1.1914119720458984
1.039945125579834,0.9450000524520874,1.449671983718872
1.061202883720398,0.9000000357627869,2.0100419521331787
1.0363056659698486,0.9450000524520874,1.7019619941711426
1.024999976158142,0.9750000238418579,1.059182047843933
1.027970790863037,0.9650000333786011,1.1366920471191406
1.030078649520874,0.9600000381469727,1.1221920251846313
1.0428284406661987,0.9550000429153442,1.2891919612884521
1.0332063436508179,0.9500000476837158,1.505242109298706
1.0395253896713257,0.940000057220459,1.3236720561981201
1.0425077676773071,0.9350000619888306,1.374582052230835
1.024999976158142,0.9750000238418579,1.2118120193481445
1.0292675495147705,0.9650000333786011,1.344241976737976
1.024999976158142,0.9750000238418579,1.1300820112228394
1.0264906883239746,0.9700000286102295,1.1649318933486938
1.024999976158142,0.9750000238418579,1.0508618354797363
1.0355453491210938,0.9600000381469727,1.2338019609451294
1.0523576736450195,0.9250000715255737,1.5414719581604004
1.032975673675537,0.9600000381469727,1.077962040901184
1.024999976158142,0.9750000238418579,1.0386419296264648
1.0263456106185913,0.9700000286102295,1.2763720750808716
1.0372482538223267,0.940000057220459,1.3572520017623901
1.024999976158142,0.9750000238418579,1.13699209690094
1.0410521030426025,0.9450000524520874,1.4638220071792603
1.0308042764663696,0.9600000381469727,1.2409119606018066
1.024999976158142,0.9750000238418579,1.0644419193267822
1.0609694719314575,0.9250000715255737,1.3016220331192017
1.024999976158142,0.9750000238418579,1.0648120641708374
1.0289283990859985,0.9650000333786011,1.1194219589233398
1.0464085340499878,0.9500000476837158,1.1952821016311646
1.030937671661377,0.9600000381469727,1.1463919878005981
1.024999976158142,0.9750000238418579,1.2366318702697754
1.0400784015655518,0.9450000524520874,1.335312008857727
1.029300332069397,0.9650000333786011,1.092681884765625
1.0269365310668945,0.9700000286102295,1.0701220035552979
1.0347636938095093,0.9500000476837158,1.2129721641540527
1.0416079759597778,0.9500000476837158,1.319162130355835
1.0543594360351562,0.9100000858306885,1.8865119218826294
1.024999976158142,0.9750000238418579,1.0367618799209595
1.0338571071624756,0.9500000476837158,1.4071921110153198
1.0369278192520142,0.9550000429153442,1.411241888999939
1.0326558351516724,0.9450000524520874,1.2622519731521606
1.0366055965423584,0.9500000476837158,1.4579120874404907
1.0443261861801147,0.9450000524520874,1.377571940422058
1.0473779439926147,0.9200000166893005,2.0081820487976074
1.0377891063690186,0.940000057220459,1.9852221012115479
1.0467313528060913,0.925000011920929,2.3664119243621826
1.0376040935516357,0.9450000524520874,1.1364420652389526
1.0341784954071045,0.9600000381469727,1.0413919687271118
1.0419944524765015,0.9350000619888306,1.9542319774627686
1.0400302410125732,0.9500000476837158,1.3618720769882202
1.0292786359786987,0.9650000333786011,1.1695518493652344
1.027267336845398,0.9600000381469727,1.3024821281433105
1.024999976158142,0.9750000238418579,1.0631719827651978
1.024999976158142,0.9750000238418579,1.080981969833374
1.0314439535140991,0.9650000333786011,1.1303919553756714
1.0363868474960327,0.9500000476837158,1.277642011642456
1.0272786617279053,0.9700000286102295,1.1162220239639282
1.0307151079177856,0.9650000333786011,1.1897521018981934
1.0308183431625366,0.9600000381469727,1.2907419204711914
1.041635274887085,0.940000057220459,1.6316721439361572
1.0538986921310425,0.9250000715255737,1.581112027168274
1.0339314937591553,0.9500000476837158,1.3707419633865356
1.024999976158142,0.9750000238418579,1.0689018964767456
1.045114278793335,0.9350000619888306,1.2293119430541992
1.0262563228607178,0.9700000286102295,1.1053420305252075
1.0427007675170898,0.9450000524520874,1.2019320726394653
1.0453510284423828,0.9450000524520874,1.182211995124817
1.024999976158142,0.9750000238418579,1.0848020315170288
1.042976975440979,0.9450000524520874,1.1376920938491821
1.0461622476577759,0.940000057220459,1.2670620679855347
1.0423998832702637,0.940000057220459,1.5698720216751099
1.0294189453125,0.9550000429153442,1.1943320035934448
1.0380712747573853,0.9550000429153442,1.2160919904708862
1.0284316539764404,0.9650000333786011,1.1696619987487793
1.0287078619003296,0.9600000381469727,1.1123619079589844
1.0270226001739502,0.9700000286102295,1.1575720310211182
1.0274872779846191,0.9700000286102295,1.0772418975830078
1.027279257774353,0.9650000333786011,1.1609020233154297
1.0383280515670776,0.940000057220459,1.3894120454788208
1.0285354852676392,0.9700000286102295,1.0656119585037231
1.0470542907714844,0.9500000476837158,1.182121992111206
1.0422097444534302,0.9350000619888306,1.560271978378296
1.0309314727783203,0.9600000381469727,1.216792106628418
1.02984619140625,0.9650000333786011,1.1974420547485352
1.0359761714935303,0.9500000476837158,1.334981918334961
1.024999976158142,0.9750000238418579,1.0927718877792358
1.0353773832321167,0.9550000429153442,1.3951719999313354
1.0269542932510376,0.9700000286102295,1.1164720058441162
1.024999976158142,0.9750000238418579,1.104801893234253
1.0416895151138306,0.9450000524520874,1.1707819700241089
1.0425875186920166,0.9500000476837158,1.0972219705581665
1.024999976158142,0.9750000238418579,1.0282920598983765
1.0425875186920166,0.9500000476837158,1.0972219705581665
1.0411432981491089,0.940000057220459,1.3143320083618164
1.0374491214752197,0.940000057220459,1.733401894569397
1.024999976158142,0.9750000238418579,1.1119818687438965
1.0272216796875,0.9650000333786011,1.2866220474243164
1.0450375080108643,0.940000057220459,1.3705520629882812
1.0320461988449097,0.9650000333786011,1.046032190322876
1.0271437168121338,0.9700000286102295,1.030102014541626
1.028319239616394,0.9650000333786011,1.1499119997024536
1.024999976158142,0.9750000238418579,1.0721619129180908
1.024999976158142,0.9750000238418579,1.1514619588851929
1.024999976158142,0.9750000238418579,1.054482102394104
1.024999976158142,0.9750000238418579,1.0383719205856323
1.0525321960449219,0.9350000619888306,1.2535319328308105
1.0281872749328613,0.9700000286102295,1.065201997756958
1.0321409702301025,0.9550000429153442,1.2935121059417725
1.0367339849472046,0.9550000429153442,1.1038320064544678
