103
256
203
481
324
62
195
446
309
247
270
357
519
235
115
215
204
420
38
84
338
218
484
147
346
120
466
358
251
226
288
181
414
109
206
423
145
173
393
146
474
261
266
294
455
273
188
183
193
317
90
335
476
504
359
322
19
416
148
75
375
503
429
95
16
280
91
167
246
8
351
10
436
73
524
184
186
36
92
371
6
344
205
385
169
158
18
313
224
303
154
341
51
279
88
150
471
222
396
200
405
100
406
117
321
434
302
489
7
69
347
130
42
276
492
444
129
1
487
33
284
81
523
326
407
469
274
398
198
3
174
132
377
32
336
419
325
13
83
300
64
304
108
248
177
258
477
48
228
268
199
501
53
307
241
237
97
52
