5179
3123
3797
1242
1996
7207
4003
5122
5340
3562
10453
8546
2953
9732
8438
7451
7233
2720
5849
3594
4202
1394
4307
5999
4636
6226
3078
8360
1396
4318
2957
643
8042
5438
5675
2326
2494
9677
2709
8739
6757
1123
10449
1356
9725
9489
8842
1473
3083
2755
8312
10489
1053
9663
3373
7479
3737
6217
674
2104
8727
712
4740
6749
7475
817
4270
292
8036
5101
8997
158
7923
7311
1659
2985
9273
10476
2179
6386
5202
6555
1022
10014
4851
1815
900
4013
8666
7537
7012
8408
6911
6358
2143
5531
3418
5606
160
9306
8987
1756
7830
8944
2630
8426
6769
8259
4375
7573
10068
3998
895
6195
4173
7322
1208
1475
6799
2210
5400
4726
3269
1354
7316
6355
10603
1709
7662
6312
6657
7727
9994
8332
3462
722
7303
8358
861
5543
4880
4985
6031
3635
7308
10425
9816
7849
7449
9423
3851
520
2777
2212
2963
1955
893
7846
482
2442
5787
6443
8757
10514
595
5549
3381
5102
8166
107
8532
5925
905
7011
6433
7977
684
10613
8877
815
5632
1794
7522
7908
3182
935
5893
4327
2202
5946
3749
10462
3387
8828
3762
10288
7359
1359
849
3065
10237
2502
263
5682
2075
8966
7326
2045
5725
3621
2814
4685
9698
3659
1791
4425
705
2206
2004
2255
8024
1656
10466
5238
2294
10112
1976
8095
10131
5456
1499
1449
10377
3139
3015
3603
7300
5721
7536
3845
1856
1778
8336
87
8310
201
3716
1070
5791
9142
2136
3772
1205
9444
10081
8578
10475
4764
4369
1432
5958
2142
2051
10454
3904
1164
7073
10251
10136
5630
4682
8261
2513
6354
1071
4404
7894
5341
10042
5399
8387
6665
8891
1107
8301
2976
541
2180
6651
8398
8961
6668
10151
6146
6688
9912
6690
4570
2819
703
21
6792
6503
10129
5002
2834
3263
3559
7687
2905
7351
5476
658
843
1292
7529
10242
2073
5851
10150
1643
10224
6515
2137
7333
2798
4897
6645
361
5868
7444
2508
10037
8499
5598
4291
6778
8965
9841
6868
3824
6614
2416
8812
2734
4666
10282
420
8204
6295
1978
3229
3310
5403
1315
3377
8931
2621
7238
9974
1717
2548
3789
2609
2052
8672
4216
9115
1990
2978
8414
4820
4549
6051
3325
10134
3569
1645
7035
8509
10599
10216
1654
2835
5431
5423
10615
2047
822
165
2446
6752
4858
8556
10076
8093
5377
9056
1057
996
8621
4618
8623
851
401
5982
8838
6402
5885
2109
4074
1219
1425
7953
593
423
3986
5317
7868
6230
2367
8246
3071
10294
3993
794
9318
5036
6423
3691
4151
6803
6203
6921
944
9936
9756
9709
8397
3503
6854
400
10311
4714
6960
216
10166
5019
7881
5904
10577
8772
10285
2669
18
6337
2055
8490
2575
5895
9701
8996
1540
982
6064
1024
7042
3392
562
7043
780
2424
7903
4780
5676
6269
3188
8744
4762
747
8145
9013
1712
489
205
1632
9209
5155
3179
5935
5709
1568
1154
4878
4596
601
7051
1603
4783
2934
10487
4541
7171
583
6020
3167
3771
7188
3597
876
5103
8318
9606
259
6671
5441
3408
4870
9381
8063
3062
4186
410
8096
8217
5387
655
8340
1392
377
9823
471
5464
9402
7702
3934
6199
5221
8527
4644
2928
1626
4258
10407
7553
5812
7452
1824
2833
6882
5083
8391
7436
9362
9492
4266
1684
6920
6945
7530
10012
3285
3234
4814
7510
3117
3775
67
1073
8002
7611
4194
4826
7835
4733
497
1559
2079
8162
4948
7178
9266
10160
9059
4246
9384
10245
1931
5541
4678
6603
3424
480
6385
9255
5578
5642
8730
239
7341
7501
9915
8207
95
7594
8972
6338
8067
5135
1228
7306
6624
8144
8266
7836
1206
543
6242
1446
2645
2851
7838
9385
6584
2037
2512
9329
3448
4651
4625
8723
7107
2213
7344
5072
5298
7546
10584
8704
3984
6080
7834
8368
5750
348
7428
9836
3193
7060
3891
10034
10395
2302
6586
3859
10005
2911
9776
7345
5622
2590
8147
9623
3535
6583
959
2566
9117
7102
5287
9004
9495
2181
7185
4219
5817
2370
4158
1384
807
7782
1349
4215
8038
7003
7204
6863
9257
3134
10063
1918
7129
9826
5521
8421
9722
2226
1494
7588
9532
3644
9783
8536
9937
2539
8975
7302
6313
8163
8238
3819
4110
7087
9525
4251
8642
5875
2086
10115
1016
6886
8009
5335
4512
4921
6364
6071
8233
1597
8392
3327
9169
1363
3476
5011
7861
3687
4920
9635
10078
9212
9679
3997
3773
1280
2013
4441
2776
1908
9485
7718
6737
5024
3267
881
8567
34
2614
8796
10308
7526
2396
9920
6177
9798
9391
4543
6941
2816
10270
1909
143
7810
9982
7756
3888
3526
5997
2619
9648
647
7180
7705
7559
3121
7328
7757
7371
8895
9630
4526
403
8300
3532
6087
5062
9739
958
7209
9790
1780
10252
572
7564
4466
8475
3684
9632
1215
223
7046
1859
5882
3053
1786
3437
6283
9695
10041
1169
2017
2145
2698
5581
4929
4701
4732
10268
5222
6160
3821
642
8449
5314
7045
6121
5472
7157
9357
878
32
5109
10490
8831
5120
3625
3658
1723
3548
6705
7677
1868
3187
3595
6466
4328
1729
9549
8104
7390
9366
3396
4532
8262
4866
9372
6367
7926
4392
10289
92
661
9607
9468
3884
9237
7256
644
5297
2171
4394
6249
8396
3013
6420
10591
4221
6246
4204
76
4959
2341
9297
3668
3721
8108
2660
114
96
8435
5188
2723
586
2853
238
7425
7198
368
7675
7058
2908
1579
765
5807
2325
1915
134
2046
6123
9667
5493
4588
6140
4345
6417
5172
7497
5362
7660
7221
9307
9782
2601
7124
7638
3856
371
3340
3497
9581
8214
8037
3607
1186
1214
4579
8720
10324
4816
7259
5635
951
6041
1373
1695
4797
5162
6404
231
9476
3028
2321
2352
8296
5460
9925
6782
8015
3495
5424
6943
3876
3841
6467
10617
835
6958
2282
8515
8616
2671
5153
5912
2474
3478
9901
3430
2495
8994
4401
6175
4893
5705
4320
5768
5650
3958
5695
7698
8062
2656
6534
3383
7460
8629
5554
268
3587
3177
6918
5962
9510
694
5212
6843
9082
4508
5183
2691
10496
7202
9178
3631
9852
3441
5421
8103
5098
10047
7457
1972
2904
3348
234
7785
7542
6772
6464
9794
6318
771
1104
3345
6216
1066
9057
9758
7168
1601
261
5831
4359
475
7521
6310
4066
10333
10452
472
8142
3802
3513
9768
4152
1209
7752
3948
5115
6380
709
3667
7774
3887
6489
390
3695
4956
3419
9291
1910
6205
2195
4712
2829
7089
4610
5470
3660
100
4223
1185
7942
4581
6155
7432
483
10499
5361
1849
950
8865
3531
2790
144
9277
8005
1800
3457
9950
6202
5617
6787
9177
8695
9119
3953
2324
5282
7789
2652
1334
1366
7216
3665
9789
10569
651
1032
6451
10434
2948
416
2033
8880
10195
7904
8917
7866
7215
487
9373
6829
7747
10249
5045
9236
1322
5900
3000
6303
1165
1417
803
2636
347
7412
714
1248
10521
7158
5671
701
4576
6301
4198
9730
4397
2304
9713
793
10485
676
4540
9261
5088
10552
7590
1738
6700
2596
6516
7750
2185
7817
4617
5457
5503
10254
866
9097
6083
6556
8504
6983
5260
5358
7538
3947
435
4238
808
8544
4236
8533
4859
6447
7161
1998
1905
1374
8328
7632
6710
1811
4788
10350
2718
3914
135
6288
9506
1038
211
690
8864
6445
5887
2603
1847
345
7598
3580
2375
7406
4729
9011
1766
2751
1134
9612
10149
6455
8773
203
8451
1589
10370
9537
8823
1211
1655
9750
5360
9707
8852
618
6173
6418
6919
6049
5201
5049
3009
2598
3589
3913
7121
3443
1460
9769
9042
2922
2230
1893
177
1933
2256
2856
3510
7454
8886
4907
8750
2249
5428
975
3294
68
1453
3778
1749
5790
10273
3038
2468
4967
7391
9000
8120
246
8755
634
3685
6084
1874
1258
9954
7358
9003
4739
6194
8061
1085
8853
3439
5228
6827
8876
2240
3842
9260
5560
2333
570
6400
584
7447
9626
2638
5116
10232
1044
4000
4847
3908
8949
4597
506
1346
6004
2879
1667
3311
6818
1706
283
9450
10468
8019
4393
6666
3747
9030
1401
1754
8493
6510
4864
1702
5064
4627
6766
5788
10114
7083
1547
2722
5003
6065
10418
2678
665
8471
9570
3474
2762
7183
9704
10066
4710
7706
6011
1302
4873
1555
1950
9309
5602
5118
10051
484
1343
3872
4321
9348
7084
5833
2285
5654
10443
7528
3067
7130
8627
772
6016
10145
1989
65
2279
9652
1733
4689
5308
2629
7833
2635
4941
3390
10531
8572
8467
2943
6416
5000
553
578
54
4602
8424
9171
3289
4672
5564
215
10388
7804
5663
1631
1441
4400
7539
7775
3425
3339
5672
6096
1776
3505
3713
8776
7740
7041
7192
6986
832
10190
2900
10507
1310
8349
6738
7968
1443
3045
8592
1740
4615
4510
1891
912
3812
6677
2253
8940
2120
2836
8706
3198
476
5722
9087
5945
5870
7400
7223
6636
2395
9544
7545
3681
2872
1934
5803
1318
5759
5454
4717
5892
10541
7257
1883
8232
5976
666
8213
5714
6005
5511
3991
7724
9388
9387
7094
4473
1101
1137
8056
1970
1145
4112
4723
4530
5991
241
6015
1906
3344
2048
9441
1036
5415
2371
1900
1245
8289
10408
3027
4363
8136
8590
3228
6196
7749
870
7623
8953
4289
8194
8269
7547
2517
6576
9521
10616
5685
364
1037
102
10458
3902
1637
6916
9680
5085
8394
4687
7666
1617
4619
680
577
264
4450
1235
394
6823
7137
7334
8970
9542
1111
5842
7442
9996
2694
5203
4832
1951
5618
2931
5736
9407
4331
1304
9895
8906
2858
1034
256
1252
2577
4494
3818
5979
2721
5715
2337
9932
7267
2259
9199
4293
4501
5662
6659
10623
8460
2562
5265
4566
7647
7483
6791
8277
7848
2740
7381
2105
3540
5950
4104
6252
5519
3944
5449
4632
418
6591
7498
7480
3612
9249
9795
9557
9007
4978
4961
4439
5914
10594
8749
5152
9705
7410
10095
4862
3264
6993
8769
8608
980
3676
6565
6713
4438
10460
1438
4910
3356
1122
5233
2271
4925
9814
2655
2927
3630
1478
1854
293
6210
6536
8477
1316
10309
7893
3385
4148
3280
2500
9902
9298
287
7315
3704
6070
6612
3530
3159
9480
4695
3946
5030
6209
8466
5806
10430
8171
5645
1157
10558
3042
5784
8366
6072
1929
3461
7650
7625
7173
4178
3061
5970
9755
463
3436
250
3501
4621
4931
4224
8307
10403
6487
8793
3378
6755
302
1660
5616
6626
1459
3999
5023
10532
2497
7485
494
2077
5509
8606
767
1730
7506
10369
9125
1255
9454
5954
70
8587
3077
720
8172
5762
427
605
804
8716
318
7799
9340
1451
2791
1054
1028
6679
163
10004
5667
10322
6609
7395
1309
3994
2415
7403
7796
10484
9830
6589
10530
3372
8470
3252
2573
6153
3593
2305
10198
7066
3666
10104
8957
5611
4275
3253
8222
1917
2135
2066
2417
1973
5909
8216
2106
2087
7414
6903
7869
3650
5250
2576
3835
5694
8020
7468
49
5604
5673
4209
1138
9582
1650
8929
242
3577
9351
6810
2543
473
8954
4551
5096
4373
10401
224
3954
7657
512
9174
10576
10056
9993
8170
4906
4026
9134
5176
5226
7690
3671
1768
1055
8452
2323
3231
3724
1314
2885
1608
4915
1243
2490
1834
2344
8626
1042
7738
4704
2099
811
3487
458
2540
4362
8188
5983
9456
3878
9721
5376
4933
5375
3151
5028
7095
8022
3012
740
10506
7384
7865
9944
3639
91
1687
7026
6862
6401
7392
4464
1128
3275
8314
10241
6212
9328
1324
6290
3686
10365
356
6805
5830
9192
5931
4098
8294
6323
4642
1358
9738
7189
8404
6697
6085
1879
2186
5599
4876
5324
3098
10543
129
179
1140
7693
7896
8473
6786
359
6135
8495
6638
7939
6264
10003
9578
7319
1146
8564
1647
133
624
8288
8227
9832
230
6113
5215
7437
3678
4424
8724
8180
10284
6151
3636
5331
1551
3533
8950
10537
6245
7265
1895
2724
6262
4569
1816
10194
6631
653
6179
220
8681
6483
9034
9223
704
8862
2759
1736
9499
6675
9686
10071
8923
830
142
1960
4756
5300
9702
7456
831
10502
6145
8722
3063
5504
10065
9744
145
5150
4498
6505
9998
271
8780
10040
370
9723
9504
8849
8106
1722
9394
691
9390
8925
1379
994
1395
8235
10343
3150
8181
7219
4683
1281
4288
5852
8826
5929
8461
432
9231
5747
3413
1593
3395
7038
9778
402
198
8962
6329
9172
4358
6949
4018
1017
8815
9371
3529
7374
5728
6484
2906
5106
1705
9616
8795
2127
5951
7937
2919
687
8050
4436
354
309
3312
1084
10053
2054
4177
4022
1294
6092
9579
8315
5657
2266
8014
4646
10523
6117
9970
3756
4011
1279
7998
5508
4586
7607
3596
9239
2489
657
7027
10432
568
4116
6568
1539
6951
4460
10405
8212
6928
4264
10168
1843
6414
6914
1132
10470
4784
10422
508
1472
9032
5542
5200
4899
3486
1282
1940
466
3550
2407
868
5167
3752
5008
7509
3523
3255
1090
3029
1266
495
6643
3033
9070
3152
2792
7828
4953
1265
9508
4785
1419
590
9113
8247
4402
10093
2246
2130
7175
6222
5280
2089
2025
10547
1415
6562
2061
2261
260
8872
6796
4806
10429
4771
1466
9573
6694
3260
607
8721
1125
2159
2871
8101
7461
2677
1224
7604
9332
3696
9339
8591
6284
5641
978
7671
5143
2373
2008
7613
10391
5467
6571
6076
4545
1058
8654
4578
7751
2014
2966
6221
6797
10610
8403
2662
4516
10419
8151
1612
7570
310
4430
2092
9052
5922
1061
266
6294
2864
5057
5296
4478
2866
9891
4500
7059
7277
4259
1365
4167
5943
5353
6012
5113
6674
7620
3446
3216
9913
3831
7279
9138
1221
3910
9135
325
7146
8437
6373
5114
9191
6429
7354
8279
2668
1102
5374
585
4191
5928
6287
1557
5078
4654
6592
4034
1260
7143
3316
1362
4520
1113
1715
3466
1440
823
3111
3274
1512
465
132
7407
2081
5244
2786
9651
9403
8983
6109
3287
10503
3783
5145
5469
6830
4896
8875
7115
1226
5413
3770
2369
8478
6270
10582
4370
660
9541
6359
1836
8562
3054
7827
9805
10406
711
686
5723
4324
398
2793
7339
8822
2176
1049
2958
5138
1080
7845
2534
10044
8566
6753
1222
9092
9071
7605
5539
6398
4845
154
376
3692
2564
9726
6454
927
5891
6845
8365
8765
83
5827
3330
7253
8505
1954
7691
7739
4698
6561
2979
6952
4702
2009
9565
3849
6437
6760
3626
9678
2133
2896
5730
5911
2962
5588
3950
1408
3421
61
7768
3459
6524
6446
9520
6712
1382
9425
436
9642
1087
6097
785
8571
6377
4214
3929
580
4311
2387
1097
540
8174
2549
3796
5829
9574
1284
3431
6681
2349
1095
9558
3397
9188
791
6444
7499
6940
1204
7365
1142
3926
8529
2071
3601
6606
631
374
5918
2436
9327
627
10478
2627
4904
8919
5191
269
8239
5230
1728
8528
8978
2062
3355
4572
10123
9247
7867
5971
6956
6691
9296
307
2118
10483
5778
5398
8700
1541
9137
5091
8884
3081
6939
626
10607
5383
10556
8201
6319
6218
8077
1534
7863
10364
9114
9246
7737
10347
3602
7404
983
8955
1510
5952
9729
6169
4243
10373
4844
2935
8254
8649
1884
2944
1823
1761
3297
10097
8599
5040
10555
9350
5140
5276
1338
5689
4998
4417
2451
8746
4154
8568
7610
7283
9213
10587
3803
919
2239
5173
1068
9914
4411
7944
7255
650
12
3810
2384
4606
10536
5479
6069
10296
7822
2699
5184
7477
4765
9380
3801
4103
6850
6676
6835
2907
10497
1789
1628
9988
6187
55
6388
4559
9305
4128
7704
2782
10231
5290
6267
3105
450
6625
8027
911
7779
2875
50
2445
6795
406
6706
7097
3022
9276
10207
2582
3175
8660
8165
3203
10030
4284
8989
2805
1391
2844
3451
8832
3056
4141
4849
4172
2532
5820
9672
5180
7055
6771
7685
9827
7548
6277
1924
4792
10197
5350
7433
6268
5263
8993
2870
10157
10629
5811
8178
9046
1332
9286
6449
1784
9006
9806
1420
4969
265
4472
6554
78
2200
1710
9829
5478
9634
2553
3714
3916
9959
2308
3647
1428
2307
828
4409
5058
2368
3244
7248
8075
2035
3235
7218
664
9916
9715
2091
1050
9170
3215
10372
5638
9917
2742
3438
1112
10410
764
1548
5800
4974
872
3972
615
640
6494
8412
8979
188
5987
9289
8635
3115
3236
6411
4435
5294
8742
4361
454
1648
4628
443
1582
4605
1002
1422
7111
6885
4637
10017
7009
2918
4947
9882
3375
8278
7642
9976
7871
6763
1770
8079
3911
48
10400
8641
409
6581
3209
4163
2126
8669
8501
1835
2211
9482
4951
4542
5819
8083
4385
10542
461
5495
2172
5334
1574
648
784
9909
2194
5453
457
10140
3814
4517
4854
4149
9699
1131
6476
7919
917
941
1532
3754
675
8058
2766
9205
10360
8663
8999
814
7106
2393
149
3277
7857
1679
10185
7028
5267
2284
5232
8506
2768
4101
7378
882
1238
8250
5465
847
9720
4995
247
451
2060
6033
4750
7099
6432
5794
8029
3688
545
4250
6961
9620
826
7993
10167
9206
6600
4573
5797
5090
3912
4051
979
9457
6341
9786
3226
2386
7079
1184
10319
7397
3572
5637
2313
1323
3153
5490
6300
3116
1447
6259
3651
7557
10310
3817
635
8287
10156
9864
1290
2632
6892
1627
6717
5960
4623
4585
417
9091
9637
1683
9745
10090
7213
4449
7745
10075
10625
2347
4052
10199
3358
3489
1764
8420
3907
7230
8088
6689
3149
9299
3786
9413
3444
360
9644
1681
1662
947
5269
6613
2738
5896
4499
2260
4781
7336
7788
4203
6630
7717
4812
8200
7471
10553
1267
3241
6658
63
5227
6306
1203
1953
5074
5339
965
5640
3669
10094
4898
8908
5652
3552
2761
1232
1136
7963
4096
1378
2072
393
3223
3091
4479
9148
2036
5133
9369
10620
1704
3006
108
10113
4239
8205
3517
8816
9433
9121
5752
9515
464
8703
6219
3434
4220
2318
2955
6045
7069
5765
1971
8306
296
7525
7368
3148
2848
3611
1611
9774
10227
3744
1308
2714
2748
4676
2732
9111
7909
1062
1504
7949
9033
2218
338
6687
10183
10116
7970
9763
2579
9202
8344
1813
2861
8127
6836
85
2950
873
2744
6220
6122
1411
2754
2155
8897
8658
9334
10417
3769
5408
8860
4930
9694
3173
4379
89
1572
7581
157
2288
8268
839
1444
3727
214
5055
10048
7289
2780
4446
1285
9469
10518
9733
4386
3792
3096
9641
588
5678
4075
3050
6761
7617
7837
6022
289
6492
10614
9845
6528
441
9370
6774
1261
237
2657
4524
10479
2571
2770
6873
10220
7870
2982
725
6481
8624
5538
1013
768
4135
6197
6422
5284
9342
3171
10208
8274
6750
1556
8105
4833
6074
6640
47
10147
2028
9787
6058
104
6425
8516
1550
8631
6365
2675
8415
3468
966
10600
9088
9099
5773
1959
6424
5600
6745
9523
4283
9420
4990
8012
2292
8705
9288
6566
4021
5445
2020
5574
4852
3055
3412
2536
2478
4591
10144
10398
7347
6435
9076
1853
8595
156
782
972
2511
6406
6507
1043
818
9780
5130
5822
7458
10363
4035
9708
9821
7787
3189
754
141
3266
613
3885
4767
3240
2693
1433
6384
10281
7388
5054
7294
536
9274
2306
2455
2011
4935
6972
4281
4260
9842
7883
5698
1272
4421
7082
6672
10100
9120
4150
4174
2178
58
9226
362
8034
6088
7879
1116
5171
4005
7925
3731
3283
2298
3023
2680
8384
26
3816
8155
10339
7085
35
9295
4865
2311
3405
6506
5207
3735
4374
1586
10253
7520
1994
8331
478
5466
4745
3075
3957
7495
4378
2651
4658
1249
682
4132
3490
2746
10052
4487
526
5219
5032
4041
408
6048
501
1896
3110
3456
7292
641
7364
3481
10108
151
7880
7276
10302
4073
3120
5007
10297
6229
5235
4197
6879
7385
3290
1063
4159
8594
248
2164
4857
5475
9872
5782
1902
7464
810
7797
7709
10477
7505
8381
8317
2561
1296
8514
6730
5293
9175
7297
4088
7160
5196
1877
4028
10404
2663
2939
155
8051
5525
7985
2806
863
9493
3763
3194
775
10526
8843
4955
7608
2787
1455
3379
6079
9760
2397
4770
430
10336
8678
3089
8857
9379
7766
4470
8657
1686
7695
3882
8240
8195
697
3404
10258
5532
5890
10464
8442
9409
7424
5881
1331
4179
5231
7383
2085
9867
1039
9145
7665
4217
7128
5373
5932
689
1675
9230
9021
4905
1372
5178
9575
3353
891
219
1513
8293
6356
3709
1782
9448
984
988
3409
7029
3886
2224
3467
6838
7795
8820
7309
3064
8169
9110
4038
5846
8099
7875
6929
5458
1773
3145
9552
7078
922
8338
5427
5669
6897
7149
9810
314
9167
4804
4763
3863
5076
2286
6345
6067
5649
7164
2524
6372
5577
3861
1560
60
8791
4872
7681
4280
4548
7583
8130
1938
3087
9131
10332
9724
8364
7888
3092
2448
5826
7969
3909
8082
2606
8787
7955
9688
1968
3432
10159
7726
9201
2705
4145
6254
9139
3700
854
2685
7417
8854
10009
3566
2750
9608
6915
5366
7730
5128
10299
6110
3102
388
4863
9151
6130
2828
7805
3969
226
425
2376
6858
1108
2103
3941
10223
4012
316
2711
23
5488
2578
7237
1470
8805
5452
9317
2197
6861
1796
6667
3942
4824
9555
10193
6198
3016
7037
4462
2400
1227
1690
5634
459
9591
2465
6029
907
6126
6331
3324
9153
4068
44
918
3304
10491
4613
7463
9747
5388
8351
5371
5681
2763
7108
4504
4190
9665
6923
2412
6271
10527
6133
2654
9863
10488
7352
5608
7416
9513
7901
558
1465
10084
10415
1928
1852
5274
6370
7872
5012
1120
438
8463
1524
6442
9176
504
3917
9417
8717
4287
7487
8909
1779
36
9614
10073
5482
7960
4261
4901
4080
5957
6499
8879
8078
212
3868
7242
3646
8454
4582
1751
2826
6629
9055
6996
5686
1625
9854
9200
10173
8280
8436
4457
276
555
1052
9084
2769
5994
3044
3840
2139
6307
8938
10580
6147
833
6825
6157
7936
8126
2697
783
10057
1635
7639
7401
1921
5571
3185
3923
3035
628
5182
4418
3331
3619
7353
9078
1616
8206
7914
8589
86
5342
3739
7913
2670
4134
7759
6158
9892
1613
9367
9945
6008
3001
11
2913
9743
9700
421
7806
3662
6108
3755
1840
8284
4467
4567
3599
2850
10323
7474
5151
1861
10427
7071
274
10525
10626
5422
1210
1360
7174
3233
5734
6403
2716
9613
6678
3414
923
6272
10572
5210
1807
3499
1518
7994
5389
6465
3256
4382
2235
9643
9742
9455
358
8007
1135
7270
5397
1604
2890
7626
1060
7767
5082
4305
1067
6044
9958
3308
9621
4118
9967
7466
6579
846
7884
1897
3230
7140
6938
2108
1117
2245
9434
7201
6545
6822
6894
5835
3853
3568
9834
9831
4031
1865
373
9219
8283
3857
4048
1196
10550
6056
2538
335
8580
9280
4509
8033
6421
4861
2869
3097
2847
656
3205
5029
5160
4539
6316
2801
2438
294
5292
9560
2236
6898
6213
7983
4093
10611
1653
227
2000
1887
1993
4245
2148
5315
5573
8001
7139
10106
3575
2665
7194
8973
3556
6030
9926
1515
1256
6161
2581
942
1538
7249
2898
1083
1021
652
3094
5584
10602
1565
6538
2299
5352
8237
4703
9808
8286
6265
7700
4097
4079
9961
5536
2191
1413
8224
2328
9921
3080
2338
2262
7389
4065
4918
5281
9853
2637
9752
9868
3010
6994
7002
7033
3024
2542
6001
6382
7134
5163
5100
2454
9597
2924
4534
10441
7513
751
8863
4344
5043
7990
5236
10027
6351
1416
2631
9322
3208
7379
8370
9662
3410
2695
5774
1744
8844
8128
6999
2067
1806
5691
3839
6327
7398
4885
1202
2169
7443
3469
10421
620
5332
2546
1985
8760
2646
8764
1297
3516
6412
486
9870
4587
10165
3623
10420
1862
8653
2588
4883
1485
7304
161
344
8524
1935
6957
8659
6790
7310
671
2658
5593
6686
3732
4356
9650
123
5271
8691
8175
9035
8090
4255
1306
8070
7080
3500
10467
3554
5042
5229
4721
2526
1474
8995
4405
429
2444
5125
9338
5626
9935
6129
5629
5385
4810
1829
10064
6817
1864
10533
1757
41
2503
392
6743
3827
7892
1583
10335
1735
4474
1015
4100
9267
6093
9079
10026
8304
9687
9124
8809
8521
10269
6720
3600
8377
4463
9923
5919
1724
5939
4371
2007
8367
3809
5873
7338
6632
1151
1646
7692
10583
3745
2843
1179
4476
5680
6180
9640
5545
7772
7527
3654
5107
6456
5320
2865
9548
6701
8006
6247
9960
9427
7262
7776
7618
391
2042
6867
733
1045
3458
9710
3158
6263
1161
10263
5044
8661
4249
9044
5724
8833
2882
2351
10505
5273
8382
253
176
8423
5468
3442
3940
5147
7798
5502
2419
669
5410
9440
7476
5031
5301
4010
8584
1115
898
1716
4070
10448
1507
10540
9256
2649
9844
1218
3465
3844
9934
4759
2773
30
7263
2439
6493
3683
8375
2057
8768
5048
1916
10534
7924
1390
2329
9971
8153
462
9646
3073
939
10439
4647
6378
9452
2193
98
8686
8576
5915
4674
7930
2849
10010
2100
4053
2422
8345
3214
6018
3547
5897
696
6419
4558
5871
4248
760
5299
8484
7568
1026
2704
6649
415
2317
1271
8388
6193
4106
9703
9765
3072
2150
9661
10279
5684
6059
1525
9195
591
4715
2457
4692
5712
2616
1558
10002
2233
9734
6588
4753
3477
2124
6200
1041
4228
2599
515
6744
1237
3317
5947
1942
756
183
7375
439
1561
9352
6942
8936
10152
8013
9815
3730
6887
1672
4069
8871
10628
6009
2827
4882
1828
9666
9285
4465
6159
2971
8974
8583
180
468
3932
10276
4144
298
6390
159
7921
677
5094
8184
5014
8308
2441
2391
2804
7182
4477
7512
3247
6883
1713
7716
956
3922
3787
9889
1187
790
9214
4841
9706
2331
6821
5500
5763
732
700
8542
1180
1442
7728
1511
7408
9248
4084
7453
5739
10072
5039
5199
8198
581
610
1599
5132
5816
6055
4807
525
848
8821
10472
8330
3618
7842
1301
4736
3722
2643
6182
6699
7419
9116
9208
9412
4171
7508
7021
4734
5745
7556
10566
5148
4971
7232
363
3349
8610
6452
2090
3895
4742
10247
8173
6739
2620
1575
503
1837
755
1669
9254
9887
404
10433
6387
9343
2432
3832
395
4871
2018
3190
3679
4240
1029
3534
5813
1966
7552
8031
8046
8342
1491
1482
3058
7093
3641
6846
8837
4085
7735
8249
2625
4879
7630
3694
4751
2960
5933
4078
4789
4752
1727
9660
9064
7622
9522
4562
10204
6842
9873
3307
3364
789
9472
407
8738
7755
6544
8270
2903
5732
4659
5056
805
9001
8133
4776
5060
2587
2600
729
1677
4911
2458
2743
6683
3779
3301
493
10154
8836
9807
9009
9466
4511
2717
7905
397
4319
2537
8915
7293
1763
1947
9426
3232
4825
6474
4694
6082
7890
3382
883
10196
5041
6724
447
2541
5917
6463
9068
1673
5572
9838
7103
8870
10317
4533
1051
9060
8110
6439
5158
1927
5865
9
449
757
419
6650
5975
2999
6298
8698
6587
528
8113
3837
5923
7858
2453
7274
5704
2661
2961
9772
7673
2622
1495
8725
10355
10109
5430
998
5142
2602
2390
9203
62
9586
8337
3361
2595
5156
4892
6185
10225
3222
2121
5843
8432
5390
5888
7110
678
10133
7720
9183
9269
1707
3894
6036
3955
6729
9393
4993
7708
4187
5283
9649
2980
9900
8017
8125
3921
5170
717
4813
6901
8712
7825
8771
2459
7711
6865
5959
5703
9624
4680
2941
33
5307
2403
6926
6776
3341
9690
9065
1685
4738
637
6634
5484
10379
2648
336
9038
9422
3746
4720
2112
5291
5719
9016
7676
7560
9849
10455
8131
10307
171
6962
6460
6852
7441
9615
5259
1009
6100
9538
9036
4027
9505
4769
662
7181
4555
10431
845
9602
1469
331
7013
4843
2083
8710
1676
4830
9689
3473
9193
6723
9028
6702
9399
9220
8848
10380
286
9696
7533
8839
8910
7156
1963
10067
2461
7803
1945
3617
3376
7764
1911
9903
9910
6847
2320
960
1325
5748
2749
4779
7044
1545
10218
886
1497
9062
6692
4502
10293
7138
1270
8808
6150
1536
6930
315
5553
3502
3488
1427
1364
1241
6552
9529
5417
5051
2523
200
4622
9241
3157
3506
1689
1369
8868
3697
1230
1397
2392
8208
3800
7206
8518
806
6480
1831
5937
5884
1767
8190
222
2295
6132
6708
1480
9858
3303
4009
837
1194
10261
1774
2975
4292
4735
8558
3014
4790
4326
2897
1936
10315
4442
4136
1321
2899
8892
5112
6289
4253
9684
6350
2158
3767
3320
3581
4114
9799
209
8617
4160
1133
3138
6572
6988
6286
9075
2618
8035
1752
7920
9179
908
4691
5161
8026
864
3663
9942
2378
7634
4980
4856
4657
10361
7733
9478
349
99
1489
2471
5656
9010
6136
1526
3860
4200
6430
4032
5924
3995
6974
10228
2356
8552
5592
6091
4869
8326
9012
1708
1030
2909
7321
6006
3551
3706
2741
5013
9043
5433
5913
6639
3850
8986
5131
7586
6597
3935
5576
3146
1010
9824
930
7214
491
2527
10414
1105
2111
3699
3250
1118
5073
4989
10329
2682
9109
7885
3512
6037
3066
7649
6684
1312
2784
337
7287
9389
8696
516
1698
4888
321
3990
2138
10180
8138
4388
1339
8593
3482
7076
3401
3336
9365
7179
7760
1588
9475
7271
892
7616
6471
5858
3407
7770
10271
2277
64
623
5533
4787
10459
7652
2485
8376
9081
6876
2022
6953
2702
9221
6727
4976
379
9580
5889
1445
106
7312
2296
7873
1531
8371
300
819
9856
7729
2772
9053
7678
7150
7167
875
708
9983
3637
1860
10244
4513
7132
4139
6389
758
2878
829
4481
8899
9908
1182
3522
1246
4795
746
8503
3966
7369
319
22
3615
2157
1412
10305
2473
4166
10137
2068
9143
5134
8355
5547
9149
5198
8913
4827
608
7054
7761
7841
375
955
6258
8520
4445
9465
5369
5777
8496
4063
3951
1851
313
6357
4482
9512
1018
9948
3273
240
8777
434
6077
1812
422
9093
7133
5168
6871
9822
2102
5879
9888
5363
5792
7790
4365
6320
7629
8385
6582
5288
7950
4601
7641
1166
4308
4965
3043
7543
4986
9674
10233
10130
2737
9083
1106
1563
7127
8729
4638
5942
4737
9603
2481
1006
7357
6526
5368
4113
1618
5095
3169
4205
3433
7628
2198
5247
9813
1345
792
8737
4125
9382
3976
721
6297
195
4222
4234
5066
4298
9659
7373
7972
2672
4707
3981
7574
2659
5674
2251
4047
2044
4957
221
3128
4138
433
7540
4014
10327
9685
4278
5877
5596
1810
3757
1765
4302
4630
1380
10516
6517
8327
4095
7363
5753
2624
639
8119
2423
3586
6620
6558
3125
1487
4743
7517
1596
2
3924
7783
4094
1866
10257
9245
596
6308
6635
399
10277
1805
2589
9773
1476
5450
10259
9775
499
9622
10426
8500
8292
3086
9437
8244
8462
7210
6553
2986
469
6748
9477
10070
9957
9746
10368
9251
4170
1079
3866
8707
7337
533
3099
8800
7200
9160
3059
2003
4475
9599
3605
1347
3573
5670
4486
4059
10515
10598
6188
4926
1207
5908
4661
4415
5487
7034
1234
9536
3196
2192
9014
3743
1287
10581
7186
4412
7562
3675
424
6013
659
7814
7979
1257
9907
10146
9761
10213
6560
8819
2215
5940
5316
4337
4263
9325
7800
1641
8982
5372
9531
4256
1721
1477
367
9473
7655
1826
9927
10482
7377
8143
565
3003
10357
7633
611
1177
10059
9933
5117
6931
1529
981
4778
2764
5166
4875
524
8258
5544
1869
6127
9259
582
5742
1943
2303
7900
8702
8939
5749
7826
10107
3549
7973
6539
8139
4130
3879
6120
9063
3653
6508
43
1370
3813
745
4086
766
9264
4916
5246
9494
273
2190
857
7101
8834
10209
5585
6000
3927
8137
8068
7933
7123
5565
5886
4189
1930
773
4536
7231
989
57
10280
2227
10122
6340
1383
1387
178
42
4942
510
9564
7878
7558
8193
5557
2098
7423
4518
5828
8118
8753
5416
1170
3877
9271
9100
8064
5474
3292
3163
1047
8990
5127
4693
2686
8603
5741
1899
1176
8091
9094
8818
5767
6685
2243
1692
4868
7686
6641
2435
3454
10240
5901
8534
8577
2815
4019
3136
8633
1699
742
7741
913
3782
3191
10359
3806
4838
860
3871
10387
10255
8319
7831
228
10239
1570
946
5590
4652
4725
1127
2901
6527
4140
9126
9628
5717
252
3212
8066
5948
991
549
3508
6878
8122
9843
3989
599
3571
6802
3076
736
4747
7141
5436
969
9047
112
8840
5063
7052
3542
10303
3701
7802
1195
724
9851
5639
1492
8197
8651
3604
7959
3082
2920
9881
1680
6436
625
514
1333
2001
6601
6832
7435
8410
2983
7578
1772
8992
4552
887
4495
3124
7421
779
8600
6703
9896
8512
10601
7809
953
8124
3030
963
6872
7575
10471
8784
6399
3793
4006
6053
3579
426
6833
5411
333
6780
3455
8588
4711
4294
3472
7190
3874
6352
6909
1665
8111
8481
8080
10187
1858
3048
5407
5898
8021
7291
2687
8281
9341
4091
2452
10141
538
531
5648
10248
8545
5489
2930
8748
8885
4390
2863
901
8486
7320
550
2518
1414
7820
5097
9714
4332
7136
8601
7470
6888
10235
3945
1311
3905
6118
738
7413
2846
4323
6968
7635
3949
2314
1937
9392
2431
5866
5974
6704
776
10174
9133
5149
1335
9095
7125
9217
9314
5365
258
6374
3398
9204
4067
8092
2779
3521
3930
8632
210
1904
6328
8980
1251
10203
7473
7067
5977
8152
9929
6767
5528
8896
3103
802
1213
5655
10163
6859
9491
3627
3130
2199
4155
1244
4673
9463
6255
4655
6134
1371
4043
3852
9182
8574
2477
5491
8846
7887
38
9165
2529
6807
4210
2463
5568
8682
204
1091
7332
5701
4122
7472
2514
9031
8792
5990
2794
6851
9847
10480
7062
3261
3880
10175
8087
1150
3492
1566
8044
734
6139
2082
2427
8981
5894
5157
7007
1269
9611
5451
6235
6279
2932
5318
2064
7992
5328
9753
10424
6530
3584
537
9479
7971
2484
5050
1081
4081
6407
389
617
9157
6718
4592
2893
5009
8030
4469
6348
7609
7877
9820
5444
2802
6617
414
877
6756
8053
8847
1089
5394
3899
1668
4071
6102
9593
2812
9516
5483
3201
10191
8346
1500
616
5883
9002
7090
9496
9719
8223
2119
7252
6441
4681
1342
1065
66
9894
1352
1450
1275
4429
606
2476
1855
6075
1552
9559
3452
8551
1838
7976
3717
9194
3937
7722
3788
8732
6955
9313
3131
7272
9669
799
3262
4850
1357
8889
9975
8874
2487
3799
2747
4774
386
1519
862
208
505
8525
8959
7781
10589
5418
5755
5658
6628
7688
5185
4798
5099
10402
7496
8502
2114
7758
5594
5633
6003
4777
1873
470
4786
7
8041
8401
5037
8699
7239
1479
4227
604
7986
4017
8242
2050
1299
5327
3118
9346
1986
7765
4877
6523
8802
5746
5731
10563
6204
1726
4853
7821
6721
5780
9716
2507
2312
7119
10238
889
8276
7824
7996
7387
4282
5001
4391
3870
4420
8611
279
2470
5004
2936
8733
10164
7434
796
10450
6116
5393
8497
5848
5529
4932
4254
2327
3867
6311
6477
8579
1957
10544
9953
1777
2175
7852
8298
9837
2807
4891
317
3036
10575
3259
1522
1353
3979
10330
8429
9279
1064
3394
4648
4089
7565
2146
5420
2274
9865
3249
350
6815
7001
1649
7075
6976
6540
9528
3794
4055
7943
346
6839
3031
3862
6824
3570
8645
8089
9069
6735
5306
679
6014
3971
4304
4434
4709
7492
4295
5683
9490
172
3284
2276
4670
6495
10378
9141
4416
3507
152
7593
4996
5716
8667
7614
308
5243
1424
3342
2859
9331
7636
6804
6368
5978
8230
7014
4696
4874
8372
7967
1850
509
4350
8325
6089
3166
7934
1741
7418
10597
10560
4719
579
9458
7549
4977
5304
752
229
10510
5586
1610
1344
37
2719
4491
3052
858
6927
8916
3282
5802
5984
3815
1326
3560
6349
6165
5775
681
3485
3254
7268
6548
10340
1607
6174
7020
4042
1697
5256
8416
5668
5337
8323
3051
1979
3113
6973
2715
10321
710
10578
1484
9020
8100
1046
5548
9930
2895
7947
1992
6362
8132
6781
3725
5278
3496
5789
5696
10522
5579
10142
8129
4029
10619
2225
311
2372
8530
2731
3689
4231
1188
5309
9757
2810
4007
9922
9717
10192
698
2125
10561
9500
206
3638
6253
8097
5815
8789
8540
1388
8411
5647
1907
10292
1239
2040
1197
1173
2364
1367
3154
1739
7305
673
3018
8048
9436
6531
193
7166
9216
4468
5744
4839
3919
2789
4433
3360
9474
110
9788
25
10013
916
3195
5700
2817
5758
1481
8701
880
603
2760
3313
10345
1078
2569
10246
5026
3291
9324
5351
6241
305
4831
4037
7228
2365
7801
8245
5520
2499
6853
5921
4945
97
4057
2708
8570
8548
7459
3
561
4129
10265
1158
73
7746
974
9671
8116
9943
4351
7327
3388
8763
2929
2469
5880
6890
10383
4384
573
8770
10539
9956
10604
7258
8538
1025
7504
1277
6490
6427
7016
2348
3183
914
2633
10385
3740
3928
6910
118
3417
10493
1804
6875
9336
7712
5603
6371
5906
3206
9375
6347
702
1336
4082
29
4456
943
75
2151
10588
7997
6978
636
8522
10492
4285
1997
894
4515
5323
2914
10571
8550
6891
4403
8265
2167
5405
8894
933
1368
7818
3682
3204
6514
9561
2605
6594
8581
7816
3295
7057
5356
6224
6061
2916
10226
327
488
2209
2278
6032
7122
3733
6479
2775
821
2034
1240
6035
3710
9545
5213
1863
3723
6970
9886
5093
4768
2183
7515
1286
8922
1901
6959
5035
6137
10374
10397
8798
8025
6502
9553
10436
3708
9918
3664
973
5240
8735
6485
4535
6497
7592
6325
2414
202
8263
3133
7850
10028
4381
8932
9401
5938
7511
1012
7234
4914
4241
1576
9754
5772
1663
5141
1827
10176
1841
2501
4697
9792
2316
299
715
1962
932
6806
10618
7599
5392
962
5333
412
5810
3435
5126
2128
5505
6017
270
4257
3616
8320
6363
1130
4727
2221
6722
1734
4212
3974
6653
9345
10038
5499
7088
1174
2094
3464
7438
952
2250
2912
8811
5766
1569
3160
1894
6616
7048
1533
5805
1577
3300
3257
456
7656
8969
8008
1553
7393
7015
1247
1714
1872
3211
6866
2530
10435
6619
5435
8644
3642
4195
6115
3002
4232
3101
7941
968
10256
10274
6820
2032
3525
1074
10351
5818
1178
6149
7523
937
2949
288
4909
9802
2989
3318
9785
6698
688
10089
2203
5285
2994
9467
5404
10088
9300
8086
282
8427
9793
5998
1077
10169
9319
9617
1410
4313
6881
166
8728
7555
9272
10389
3337
303
8561
6816
3898
6758
9600
5996
9904
7554
3302
3449
9835
844
5864
1775
4083
8850
6728
2165
9906
7212
9460
3352
7596
2336
2015
4480
10437
3524
5845
5934
2134
6207
1005
8893
1535
9118
8444
5022
5448
2237
2855
7895
8555
9481
936
4193
8177
7120
2713
9232
2889
8335
4099
8557
6808
4109
4962
9712
5442
8726
196
1517
5903
7714
7771
1082
6154
7068
7808
8671
8804
2153
3751
5021
3869
3918
2557
8305
7335
4162
3440
9462
5197
9330
9196
5610
1126
9312
9563
9066
2223
3427
4461
2991
5261
2642
6655
6104
4982
8273
492
9408
3620
6602
879
4354
1876
2379
5046
4669
4505
4758
9984
5507
633
2509
2160
5708
9405
6969
1651
6148
8192
3074
763
4531
8559
9981
10517
9316
59
3715
2428
5321
2166
3192
5665
2332
1100
8236
8491
719
7229
3557
10061
4537
2410
5249
40
7569
2974
9025
2613
8968
3020
9519
2334
4722
2399
1381
4671
10211
1830
4730
3141
1732
10045
7448
5144
5412
3143
1300
2093
10338
7420
10565
5302
8887
6917
3632
750
9543
10102
7323
1201
4988
3539
4267
9693
9400
6814
667
668
8252
3011
3897
10331
3040
8673
2560
10050
8598
1386
4631
8341
8218
6101
4483
235
4339
5862
8231
281
4060
382
2970
6518
1825
9748
7275
9072
5192
884
2026
3656
8039
7144
904
93
6256
5177
7577
2205
5660
2592
8052
9567
10162
9711
8156
9144
3493
8443
5409
7793
3479
2845
6935
4316
8766
9263
8523
5711
4937
5059
5760
7621
9633
7284
5146
9767
7000
6181
6501
3726
3406
8362
612
272
1788
6500
3164
2752
5348
4565
9964
10328
8386
5726
6751
2156
8059
2942
827
4599
8316
7152
10535
6783
7169
8248
2248
8977
3335
10212
6314
9101
9862
9547
10018
4598
852
9653
10344
4111
10006
8943
6383
8183
3741
511
3242
1168
4045
4399
6470
381
10087
4338
1389
9464
4713
6453
7086
5963
10083
9186
8794
813
5359
4410
2883
6405
72
6028
10313
8071
7853
4123
9877
2377
9470
372
3288
9938
8253
5582
8926
2381
8692
1429
6119
5644
10399
4102
8622
8988
7346
2357
10316
6191
6138
6046
5737
6618
3041
1291
8409
8788
3614
5733
4413
8956
2860
4169
5497
7286
2874
2683
10127
245
3820
3520
295
4142
9301
2374
8718
7928
6742
8751
7980
5530
5370
1939
1711
5623
6800
3943
6236
4165
8085
695
9781
10362
10567
2681
2706
6785
3987
5853
3025
4964
3332
1259
6343
9879
1888
3470
8299
8799
4025
3848
10481
1110
2952
9005
8829
9507
8255
9764
8182
2404
3039
7651
3399
3670
5164
6987
3564
8275
3207
6971
6646
9058
9638
1975
9136
10622
192
9054
9951
4997
3759
9737
9435
10011
6172
9039
6394
3471
4342
8869
9242
251
5214
184
888
598
9449
1096
3119
5038
10469
6533
126
1961
5159
8882
4268
2959
948
4890
1231
8028
5034
2728
8399
4352
3703
6604
199
6893
8639
5612
9414
7478
8900
2823
9040
2781
4547
8185
7024
7514
8510
10267
6024
759
6176
5867
9282
1483
8613
1882
8930
9584
6023
113
351
2767
4062
9383
8285
7329
7753
5319
3624
9168
5211
6869
5702
1298
10500
9991
2267
7151
1912
10570
9424
7773
7954
4560
6369
2954
2795
8440
7661
262
3698
1658
4444
4182
10272
5964
556
1999
1783
4440
4650
6967
8731
8352
2641
9215
2389
8519
2572
2488
6711
3791
1845
5961
2832
9590
967
9965
3613
5052
8457
6578
5779
6834
2615
2559
10353
4117
6575
3798
6900
460
10498
8774
1609
9670
10029
6458
6954
1439
4688
7631
9691
6315
547
7131
7699
7744
1454
9857
6937
8272
6142
6324
4199
2825
3649
2482
10206
5776
2122
6496
8856
2968
5989
431
4274
8428
9986
9359
1885
2774
4366
3084
8513
1967
4684
2053
24
8554
6375
816
6984
1750
5492
6293
1746
2301
5651
6513
5068
2398
8946
6905
6099
7148
3961
181
8146
8560
10201
277
859
2726
7544
4406
5378
4377
2464
4107
1405
3959
2504
6550
8585
9987
8004
5628
2394
1590
9629
8890
8638
7778
6828
2401
8324
777
8187
1198
4718
2434
7469
4184
1969
2283
4301
4653
1502
3057
2182
1143
1718
5514
5555
10463
10504
4168
6225
910
2608
4855
7430
9281
4329
9955
6333
3037
5326
2837
8614
1701
4629
7288
7951
7170
4143
8117
5769
1403
6732
9395
4422
137
5631
8740
6410
3834
8434
4529
1886
8677
10301
4801
1615
8395
4561
5687
2933
6448
7646
4133
10386
7731
1027
3350
4242
3511
4867
6125
7072
1952
5981
5384
7301
5513
9631
5190
6764
5346
9728
9875
6239
5688
6599
3363
4458
10423
4312
6478
7813
3181
6450
2466
4796
6214
9727
2309
3008
6535
9550
7486
7952
834
2406
6520
6043
1181
6469
2024
2149
5437
6326
1731
5312
3509
8374
9374
9106
2382
7859
9503
111
2771
1753
7916
5643
874
741
5523
8785
5110
3299
7862
995
1802
527
713
8685
10501
1278
5121
6788
6610
4471
4137
9233
1844
2016
7056
670
4656
3104
8032
7563
3661
2785
7098
2725
7032
10022
731
9453
4360
1191
6025
1549
7240
8619
4493
2147
2822
7360
7246
3309
2002
2110
4317
6260
4183
5463
3992
2799
8948
10200
94
1421
8537
9061
4728
4668
1056
10586
5878
7361
3606
9654
7205
2342
1671
243
4315
925
2030
1587
8734
6559
1694
7053
9990
2252
2257
7299
1498
7325
7427
8189
9924
8517
5071
2346
2840
7285
3293
6491
5272
6779
6163
185
496
9980
7701
3026
6660
971
1183
7682
8057
2084
9800
5264
507
9585
1434
9045
7281
5795
1273
6415
1842
7786
4958
4799
3634
8941
8541
706
3090
10627
7203
10495
2987
411
9848
9265
964
8433
3428
1725
10461
2287
3270
2626
7839
10486
2170
8446
5355
7991
4900
6227
3826
5189
4979
2189
7571
992
4834
8450
762
267
10031
5253
3126
6431
3785
9227
5761
8413
3060
1987
7191
9432
291
9162
7006
7734
9605
6934
10520
8309
4235
5561
6395
7606
949
2131
10585
2739
9658
4004
5295
3674
452
4633
1820
6281
9292
8472
4049
8711
1638
2443
7995
954
8123
4616
10229
7572
1426
5756
4584
1162
5930
167
10214
10438
4600
9159
1790
1217
7260
56
7696
7792
8479
1303
9210
5591
2010
7844
2204
552
9235
7710
3224
124
8211
4147
9107
8754
2568
8967
8373
1703
672
8920
8161
999
189
2667
2363
10494
4427
1233
9897
4389
3483
8439
3964
5757
10217
2273
5225
6997
2811
5429
4919
10153
5193
9361
3985
4335
5595
9130
7864
4164
8547
3777
3555
8759
7017
1795
8851
3576
7061
6682
2141
7197
3978
7298
3402
699
2522
2940
6019
9105
4609
2520
7624
3239
2101
6841
6280
6434
8498
6167
1903
9447
6980
9898
9198
602
938
8202
519
3346
3628
1506
707
4837
2967
5860
3640
5344
3545
1562
2862
4972
2486
7763
7220
4507
428
1114
1402
9284
4340
1192
8866
4490
5218
2409
5546
4664
10060
3896
10428
8743
8167
8321
10101
4775
8229
9771
6068
4835
5515
5838
5111
2917
10001
2031
2238
6773
2712
7376
6339
3049
6396
9804
7500
5534
7855
8023
2925
7603
7422
4525
4923
3760
2937
9406
532
10054
6546
9229
9027
10358
7742
4881
4040
5729
2063
7211
2554
8643
2533
10105
8553
445
4973
8543
168
1946
9530
4497
1737
10557
8476
7672
8945
4306
10519
3370
4357
1787
2290
6211
10606
5047
4590
7697
3720
4706
5874
3248
3765
4519
7587
7815
5575
4903
8679
6026
82
6379
6819
3514
3543
4553
9146
683
8662
3574
3901
2552
4860
5743
8297
7266
3380
9833
6906
2222
9562
7386
7645
2362
1922
6090
921
10546
1661
8736
2544
6707
4492
800
10298
1471
3371
5844
1014
7723
9022
2565
7897
7658
71
10049
8615
4829
5583
1688
10568
8049
5859
3774
4077
5751
5567
10384
5569
9534
9657
3178
8010
10442
2867
7502
2946
6166
1814
7482
9828
8115
7981
4024
1621
10148
629
781
328
10287
2993
2881
10304
6215
3374
8582
9415
7165
4453
8393
6989
7962
8883
6459
79
5661
7619
600
692
2521
8220
7100
6593
485
4314
7984
8549
795
4607
589
6695
6342
609
4749
5354
7324
10210
7931
9655
2604
8907
1745
1509
9869
5020
1923
8817
1892
6741
8267
9122
10015
7680
9019
5902
1048
9222
170
915
10236
8741
187
4056
4924
8179
7600
4398
4211
8507
9791
9890
632
7296
622
8456
5364
3079
5707
1486
405
575
1007
6880
6654
10325
3265
6574
2315
7235
7405
3590
1094
8648
9321
9439
4675
6564
2247
8199
4229
19
920
7876
3032
2567
9731
5625
1925
1591
3805
9197
6789
3475
2420
2674
3140
6060
6238
2069
8140
6105
9825
10334
10158
10508
7777
5005
6330
1160
301
929
5697
4105
2528
3719
10234
8782
1253
7975
5248
5808
467
6468
9155
1377
4934
5855
3258
4176
81
9589
2129
5252
10171
809
7245
9588
2612
693
5605
6107
6274
1818
1914
8810
2884
4960
8535
649
148
9966
280
5985
7278
3135
5181
841
4119
5139
9185
6366
6874
191
1622
4556
9163
3585
3962
4954
7462
3807
2162
7907
28
8084
4716
5234
8586
2516
2012
10221
2383
5079
4309
5239
1400
10035
10396
4124
5607
6309
2163
2838
2591
6770
5426
7566
3445
3843
3422
6223
8905
10243
