1.093000054359436,0.9910001158714294,3.0000052452087402
1.1899999380111694,0.9910001158714294,2.9999923706054688
1.9800000190734863,0.9769999980926514,2.999995708465576
1.247999906539917,0.9930000901222229,2.999997138977051
1.187999963760376,0.9920001029968262,2.9999969005584717
1.1890000104904175,0.9900000095367432,3.0000057220458984
1.1439999341964722,0.9900000691413879,2.99999737739563
1.1319998502731323,0.9920000433921814,3.0000057220458984
1.2269999980926514,0.9900000095367432,3.0000057220458984
1.2510000467300415,0.9860000610351562,3.0000033378601074
1.1109999418258667,0.9879999756813049,3.0000061988830566
1.1560001373291016,0.9900001287460327,3.0000054836273193
1.3279999494552612,0.9900001287460327,3.0000040531158447
1.222999930381775,0.984000027179718,3.0000064373016357
1.24399995803833,0.984000027179718,2.9999966621398926
4.322000026702881,0.9340000152587891,3.000002861022949
1.3459999561309814,0.9910000562667847,3.000002384185791
1.068000078201294,0.9940000772476196,3.0000064373016357
1.2450000047683716,0.9880000352859497,2.9999969005584717
1.0549999475479126,0.9950000643730164,3.0000057220458984
1.0670000314712524,0.9950000643730164,3.0000054836273193
1.0810000896453857,0.9950000643730164,3.0000054836273193
1.1160000562667847,0.9930000901222229,3.0000014305114746
1.220000147819519,0.9950000643730164,3.0
1.0799999237060547,0.9940000772476196,3.0000052452087402
2.563000202178955,0.9679999351501465,3.00000262260437
1.2239999771118164,0.987000048160553,3.000002861022949
1.2109999656677246,0.987000048160553,2.9999969005584717
1.3070000410079956,0.9910000562667847,2.9999964237213135
1.4570000171661377,0.9839999675750732,3.0000011920928955
1.0670000314712524,0.9930000901222229,3.0000054836273193
1.4739999771118164,0.9900000691413879,2.999995231628418
1.4270000457763672,0.9850000739097595,2.999997138977051
2.870000123977661,0.9649999737739563,2.9999911785125732
1.5709999799728394,0.9859999418258667,2.999990940093994
1.8990001678466797,0.9809999465942383,2.999997138977051
2.4590001106262207,0.9709999561309814,2.9999964237213135
1.1800001859664917,0.9900001287460327,3.0000057220458984
1.2260000705718994,0.9900001287460327,3.0000011920928955
1.9640001058578491,0.965999960899353,2.9999988079071045
2.005000114440918,0.9729999303817749,2.9999911785125732
1.188999891281128,0.9890000224113464,2.999997138977051
2.115999937057495,0.9760000109672546,2.9999918937683105
1.2000001668930054,0.9900000095367432,3.0000057220458984
1.212999939918518,0.9890000820159912,2.9999969005584717
3.682999849319458,0.9420000314712524,2.999999523162842
1.1549999713897705,0.9900001287460327,3.0000054836273193
1.1339999437332153,0.9930000901222229,3.000004291534424
1.1949999332427979,0.9920001029968262,2.9999923706054688
1.2300000190734863,0.9829999804496765,3.0000014305114746
1.0930001735687256,0.9950000643730164,3.0000061988830566
1.058000087738037,0.9930000305175781,3.0000059604644775
1.9189999103546143,0.968999981880188,3.000002861022949
1.2260000705718994,0.9869999885559082,3.0000057220458984
1.3229999542236328,0.9860000610351562,2.9999969005584717
1.3160001039505005,0.987000048160553,3.0000040531158447
1.181999921798706,0.9920000433921814,3.0000052452087402
1.0770000219345093,0.9940000772476196,3.0000059604644775
1.3090001344680786,0.9880000352859497,3.000004529953003
1.024999976158142,0.9950000643730164,3.000004529953003
1.3050000667572021,0.9850000143051147,3.0000009536743164
1.6570000648498535,0.9850000143051147,2.9999966621398926
1.2710000276565552,0.987000048160553,2.9999969005584717
1.2429999113082886,0.9930000901222229,3.0000040531158447
1.2919999361038208,0.9839999675750732,3.0000057220458984
1.1629999876022339,0.9940000772476196,2.999997138977051
1.1019999980926514,0.9940000772476196,3.0000014305114746
1.8819999694824219,0.9850000143051147,2.9999966621398926
1.3200000524520874,0.9900000095367432,2.999997138977051
1.0829998254776,0.9950000643730164,3.0000064373016357
1.0500000715255737,0.9950000643730164,3.0000052452087402
1.190999984741211,0.9950000643730164,2.999990701675415
1.2080000638961792,0.9869999885559082,3.0000057220458984
1.2280000448226929,0.9860000610351562,3.0000009536743164
1.1669999361038208,0.9930000305175781,3.000002861022949
1.2330000400543213,0.9930000901222229,2.999988079071045
1.625,0.984000027179718,2.9999988079071045
1.128999948501587,0.9880000352859497,2.999997138977051
1.0830000638961792,0.9940000772476196,2.9999966621398926
1.2080001831054688,0.9930000305175781,2.9999966621398926
1.3270001411437988,0.9900001287460327,2.999997138977051
1.1600000858306885,0.9950000643730164,3.0000052452087402
1.1340000629425049,0.9930000901222229,3.0000059604644775
1.194000005722046,0.9950000643730164,2.999995231628418
1.2889999151229858,0.9839999675750732,3.0000014305114746
1.945000171661377,0.9750000238418579,2.999987840652466
1.0859999656677246,0.9950000643730164,3.0000059604644775
1.3279998302459717,0.9900000095367432,3.0000009536743164
1.1460000276565552,0.9950000643730164,3.000002384185791
1.0809999704360962,0.9950000643730164,3.0000059604644775
1.1540000438690186,0.9910000562667847,3.0000014305114746
1.1369999647140503,0.9920000433921814,3.000006675720215
1.0870001316070557,0.9950000643730164,3.0000061988830566
1.026999831199646,0.9950000643730164,3.0000052452087402
1.2919999361038208,0.9900000691413879,2.999997138977051
1.2200000286102295,0.9910001158714294,2.999992609024048
1.0889999866485596,0.9950000643730164,3.000005006790161
1.1330000162124634,0.9920000433921814,3.0000061988830566
1.1759999990463257,0.9880000352859497,3.0000059604644775
1.0460000038146973,0.9950000643730164,3.0000057220458984
1.190999984741211,0.9839999675750732,3.0000054836273193
1.190000057220459,0.9869999885559082,3.0000057220458984
1.2640000581741333,0.9829999208450317,3.0000016689300537
1.472999930381775,0.9779999852180481,2.999992847442627
1.1219998598098755,0.9900001287460327,3.0000052452087402
1.4420000314712524,0.9799999594688416,2.999992847442627
3.7380001544952393,0.9740000367164612,2.999993324279785
1.5630000829696655,0.9750000238418579,3.0000038146972656
1.128999948501587,0.9910001158714294,3.0000052452087402
1.2669999599456787,0.9890000224113464,2.999999523162842
1.2380000352859497,0.9930000901222229,3.000002145767212
1.065999984741211,0.9940000772476196,2.999997138977051
1.2100001573562622,0.9900000095367432,3.0000014305114746
1.1639999151229858,0.9880000352859497,3.0000009536743164
1.0999999046325684,0.9920001029968262,3.0000059604644775
1.1269999742507935,0.9930000901222229,3.0000054836273193
1.180999994277954,0.9890000820159912,3.0000038146972656
1.499000072479248,0.9839999079704285,2.999997615814209
1.5150001049041748,0.9839999079704285,2.999997138977051
1.0820000171661377,0.9950000643730164,3.0000057220458984
1.2619999647140503,0.9900000691413879,3.000002145767212
1.2400001287460327,0.9840000867843628,2.999995708465576
1.4660000801086426,0.9810000658035278,2.999999761581421
1.0980000495910645,0.9920001029968262,3.000005006790161
1.6820000410079956,0.9709999561309814,2.999995231628418
1.3420000076293945,0.9850000143051147,3.0000052452087402
1.348000168800354,0.9940000772476196,2.9999938011169434
2.1369998455047607,0.9839999079704285,2.9999969005584717
2.140000104904175,0.981999933719635,2.9999935626983643
1.1299999952316284,0.9950000643730164,2.999997138977051
1.1319999694824219,0.9920001029968262,3.0000014305114746
1.5350000858306885,0.984000027179718,2.9999969005584717
1.6390000581741333,0.9860000014305115,2.9999935626983643
2.207000255584717,0.9700000286102295,2.999990701675415
1.2050000429153442,0.9869999885559082,2.9999969005584717
1.187000036239624,0.987000048160553,3.0000059604644775
1.4210000038146973,0.9760000109672546,3.0000040531158447
1.2590000629425049,0.9910000562667847,2.999992609024048
1.2699999809265137,0.9829999804496765,3.0000059604644775
1.3170000314712524,0.9849998950958252,3.0000014305114746
1.3330000638961792,0.9849998950958252,3.0000011920928955
1.1640000343322754,0.9950000643730164,3.0000014305114746
1.3530000448226929,0.9900000095367432,2.9999966621398926
1.3799999952316284,0.9930000901222229,2.9999983310699463
1.3769999742507935,0.9820000529289246,3.00000262260437
1.4359999895095825,0.9859999418258667,3.000005006790161
1.2970000505447388,0.987000048160553,3.0000057220458984
1.0709999799728394,0.9930000901222229,3.0000054836273193
1.5029999017715454,0.9819999933242798,2.9999959468841553
1.1019998788833618,0.9930000901222229,3.0000057220458984
1.125,0.9900000691413879,3.0000059604644775
1.222000002861023,0.9910001158714294,3.0000057220458984
1.1039999723434448,0.9950000643730164,3.0000052452087402
1.2790000438690186,0.9950000643730164,2.999988317489624
1.335999846458435,0.987000048160553,3.0000059604644775
1.125,0.9920000433921814,3.0000054836273193
1.097999930381775,0.9930000901222229,3.0000057220458984
1.128999948501587,0.9940000772476196,3.000005006790161
1.2120000123977661,0.9860000014305115,3.0000011920928955
1.2020001411437988,0.9850000143051147,3.0000059604644775
1.3370000123977661,0.981999933719635,3.0000016689300537
1.4870001077651978,0.9790000319480896,2.999999523162842
1.2419999837875366,0.9850000143051147,2.9999966621398926
1.1750000715255737,0.9880000948905945,2.999997138977051
1.1319999694824219,0.9880000352859497,3.0000054836273193
1.4190000295639038,0.9789999723434448,3.0000016689300537
1.5099999904632568,0.9809999465942383,3.000004529953003
1.3550001382827759,0.9799999594688416,3.0000011920928955
1.3229999542236328,0.9900000691413879,2.999992609024048
1.2840001583099365,0.9829999804496765,2.9999923706054688
1.0960001945495605,0.9930000305175781,3.0000059604644775
1.065999984741211,0.9950000643730164,3.0000054836273193
1.1409999132156372,0.9940000772476196,2.999997615814209
1.1360000371932983,0.9930000901222229,3.0000059604644775
1.1430001258850098,0.9920001029968262,3.0000059604644775
1.3910000324249268,0.9819999933242798,2.999999761581421
1.2599999904632568,0.9890000224113464,3.000004291534424
1.2119998931884766,0.9829999804496765,3.0000059604644775
1.2940000295639038,0.9799999594688416,3.0000016689300537
1.0789999961853027,0.9950000643730164,3.0000059604644775
1.4320000410079956,0.9900000691413879,2.999998092651367
1.0630000829696655,0.9950000643730164,3.0000054836273193
1.0470000505447388,0.9920001029968262,3.0000054836273193
1.1440000534057617,0.9890000224113464,3.000000476837158
1.1929999589920044,0.9880000352859497,3.0000009536743164
1.6380000114440918,0.9829999804496765,2.9999992847442627
1.0800001621246338,0.9909999966621399,3.0000054836273193
1.157999873161316,0.9920001029968262,3.0000057220458984
1.183000087738037,0.9860000014305115,3.0000059604644775
1.446000099182129,0.9830000400543213,3.0000054836273193
1.1710000038146973,0.9930000305175781,3.0000011920928955
1.877000093460083,0.9749999642372131,2.999999761581421
1.1120001077651978,0.9930000901222229,3.0000057220458984
1.5649999380111694,0.9790000319480896,2.999988079071045
1.1349999904632568,0.9940000772476196,3.0000014305114746
1.1180000305175781,0.9950000643730164,2.9999969005584717
1.531999945640564,0.9779999256134033,3.000004291534424
1.0880000591278076,0.9920001029968262,3.0000054836273193
1.540000081062317,0.9859999418258667,3.0000040531158447
1.652999997138977,0.9849998950958252,3.000004529953003
1.8270000219345093,0.9859999418258667,3.000000238418579
1.1790001392364502,0.984000027179718,3.0000061988830566
1.3850001096725464,0.9799999594688416,3.000002384185791
1.378999948501587,0.9769999980926514,3.0000052452087402
1.0839999914169312,0.9910000562667847,3.0000057220458984
1.2660000324249268,0.9940000772476196,2.9999876022338867
1.1440000534057617,0.9920000433921814,3.0000059604644775
1.0579999685287476,0.9940000772476196,3.000005006790161
1.0489999055862427,0.9950000643730164,3.0000059604644775
2.682000160217285,0.972000002861023,2.999994993209839
2.200000047683716,0.9849998950958252,3.0000011920928955
1.1010000705718994,0.9930000901222229,2.9999964237213135
1.3040000200271606,0.9839999675750732,3.0000054836273193
1.0959999561309814,0.9900001287460327,3.0000057220458984
1.152999997138977,0.9910000562667847,3.0000059604644775
1.4789999723434448,0.9709999561309814,3.0000059604644775
1.130000114440918,0.9910000562667847,3.0000057220458984
1.2410000562667847,0.9910000562667847,2.999992847442627
1.3289998769760132,0.9829999804496765,2.999988079071045
1.3350000381469727,0.9930000901222229,2.9999966621398926
1.1690001487731934,0.9900000691413879,3.0000057220458984
1.1600000858306885,0.9920000433921814,3.0000011920928955
1.1090000867843628,0.9910001158714294,3.0000057220458984
1.2740000486373901,0.9869999885559082,2.9999969005584717
1.4089999198913574,0.9799999594688416,2.9999921321868896
1.1730002164840698,0.9890000224113464,3.0000052452087402
1.1670000553131104,0.9870001077651978,3.0000059604644775
1.124000072479248,0.9930000901222229,3.0000054836273193
1.1080000400543213,0.9900000095367432,3.0000057220458984
1.1410001516342163,0.9860000014305115,3.0000061988830566
1.1490001678466797,0.9900000691413879,3.0000011920928955
1.0910000801086426,0.9950000643730164,3.0000057220458984
1.2280000448226929,0.9860000610351562,3.0000054836273193
1.2539998292922974,0.9859999418258667,3.0000054836273193
1.4989999532699585,0.9879999756813049,2.99999737739563
1.2939999103546143,0.9880000352859497,2.9999988079071045
2.0500001907348633,0.9819999933242798,3.0
1.0700000524520874,0.9930000901222229,3.0000052452087402
1.0789999961853027,0.9890000820159912,3.0000061988830566
1.187000036239624,0.9839999079704285,3.0000014305114746
1.4079999923706055,0.9869999885559082,3.00000262260437
1.3949999809265137,0.9910001158714294,2.9999990463256836
1.3159998655319214,0.9920001029968262,2.9999938011169434
1.0729999542236328,0.9920001029968262,3.0000054836273193
1.0690001249313354,0.9930000305175781,3.0000057220458984
1.0419999361038208,0.9940000772476196,3.000005006790161
1.1530001163482666,0.9860000014305115,3.000004768371582
1.4420000314712524,0.9800000190734863,3.0000011920928955
1.0729999542236328,0.9880000352859497,3.000005006790161
1.162000060081482,0.9890000224113464,3.0000061988830566
1.0670000314712524,0.9909999966621399,3.000005006790161
1.1100000143051147,0.9910000562667847,3.0000061988830566
1.4030001163482666,0.9739999771118164,3.0000011920928955
1.096000075340271,0.9920001029968262,3.0000059604644775
1.1850000619888306,0.9860000014305115,2.9999969005584717
1.2730001211166382,0.9880000948905945,2.999997138977051
1.3329999446868896,0.9850000739097595,2.9999959468841553
1.1690001487731934,0.9900001287460327,2.9999966621398926
1.1549999713897705,0.9839999675750732,3.000005006790161
1.060999870300293,0.9940000772476196,3.0000057220458984
1.1299999952316284,0.9870001077651978,3.000005006790161
1.0899999141693115,0.9910000562667847,3.0000059604644775
1.2209999561309814,0.9950000643730164,2.9999992847442627
1.4930001497268677,0.9860000014305115,2.9999990463256836
1.2710000276565552,0.9840000867843628,2.999998092651367
1.2190001010894775,0.9910001158714294,2.999992609024048
1.0750000476837158,0.9940000772476196,3.0000061988830566
1.096000075340271,0.9930000901222229,3.0000057220458984
1.0950000286102295,0.9950000643730164,2.9999988079071045
1.2160000801086426,0.9880000352859497,3.0000059604644775
1.2570000886917114,0.9920000433921814,3.000000238418579
1.371999979019165,0.9810000061988831,3.0000059604644775
1.1629999876022339,0.9900000095367432,3.0000061988830566
1.9529999494552612,0.968999981880188,3.0
1.121000051498413,0.9920000433921814,3.0000061988830566
1.0390000343322754,0.9950000643730164,3.0000061988830566
1.1200000047683716,0.9940000772476196,3.0000059604644775
1.0760000944137573,0.9930000305175781,3.0000054836273193
1.3859999179840088,0.9829999804496765,3.000002145767212
2.1489999294281006,0.9679999947547913,2.9999985694885254
1.316999912261963,0.9930000901222229,3.0000040531158447
1.1749999523162842,0.9930000901222229,3.0000035762786865
1.1470000743865967,0.9920001029968262,3.0000059604644775
1.5219999551773071,0.9789999723434448,2.9999985694885254
1.1610000133514404,0.9869999885559082,3.0000057220458984
1.1089999675750732,0.9950000643730164,2.9999969005584717
1.085999846458435,0.9950000643730164,3.0000057220458984
1.5149999856948853,0.9739999771118164,3.0000052452087402
1.1369999647140503,0.9909999966621399,3.0000054836273193
1.184000015258789,0.9900000691413879,3.0000011920928955
1.2400000095367432,0.9860000014305115,3.0000064373016357
1.4200000762939453,0.984000027179718,2.999999523162842
1.3370001316070557,0.9800000786781311,2.999997138977051
1.4900001287460327,0.9759999513626099,3.0000059604644775
1.0760000944137573,0.9940000772476196,3.0000052452087402
1.159000039100647,0.9890000224113464,3.0000014305114746
1.0700000524520874,0.9910001158714294,3.0000052452087402
1.1009999513626099,0.9930000901222229,3.0000014305114746
1.4149999618530273,0.9869999289512634,2.9999945163726807
1.8330000638961792,0.966999888420105,2.9999964237213135
1.4870001077651978,0.9799999594688416,3.000002861022949
1.3230000734329224,0.9789999723434448,2.9999966621398926
1.2230000495910645,0.9940000772476196,3.00000262260437
1.180999994277954,0.9900000691413879,3.0000054836273193
1.2380000352859497,0.9860000610351562,2.999997138977051
1.1389999389648438,0.9920001029968262,3.0000007152557373
1.2029999494552612,0.9859999418258667,3.0000061988830566
1.2309998273849487,0.9890000224113464,2.999995708465576
1.3789998292922974,0.9800000190734863,3.000002861022949
1.2990000247955322,0.9880000352859497,3.0000052452087402
1.3229999542236328,0.9850000143051147,2.999992609024048
1.3360000848770142,0.9829999208450317,3.0000011920928955
1.5210001468658447,0.9780000448226929,2.9999992847442627
1.227000117301941,0.9869999885559082,2.999992609024048
1.2319999933242798,0.9900000095367432,3.0000014305114746
1.4040000438690186,0.9860000014305115,2.9999938011169434
1.0440001487731934,0.9950000643730164,3.0000064373016357
1.3549998998641968,0.9799999594688416,2.999988079071045
1.1190000772476196,0.9900000691413879,3.0000057220458984
1.0759999752044678,0.9940000772476196,3.000001907348633
1.347000002861023,0.9880000352859497,2.9999969005584717
1.2300001382827759,0.9910000562667847,2.999988317489624
1.1079999208450317,0.9920001029968262,3.0000054836273193
1.1999999284744263,0.9880000352859497,3.0000054836273193
1.0719999074935913,0.9900000691413879,3.0000054836273193
1.121000051498413,0.9930000901222229,3.0000061988830566
1.15500009059906,0.9920001029968262,3.0000057220458984
1.2100000381469727,0.9880000352859497,3.000005006790161
1.1160000562667847,0.9930000901222229,3.000005006790161
1.3049999475479126,0.9890000820159912,3.000004529953003
1.070000171661377,0.9950000643730164,3.0000011920928955
1.0929999351501465,0.9950000643730164,3.0000057220458984
1.1250001192092896,0.9930000901222229,3.0000054836273193
1.2680000066757202,0.9849998950958252,3.0000059604644775
1.0600000619888306,0.9940000772476196,3.0000059604644775
1.2320001125335693,0.9940000772476196,2.999987840652466
1.1430001258850098,0.9940000772476196,3.0000014305114746
1.2170000076293945,0.9850000143051147,3.0000057220458984
1.053999900817871,0.9950000643730164,3.0000054836273193
1.1059999465942383,0.9940000772476196,2.9999992847442627
1.1220000982284546,0.9940000772476196,2.9999966621398926
1.062999963760376,0.9950000643730164,3.0000059604644775
1.063999891281128,0.9930000305175781,3.000004529953003
1.4570000171661377,0.9900000691413879,3.0000040531158447
1.2630001306533813,0.9950000643730164,2.999995708465576
1.0889999866485596,0.9920000433921814,3.0000059604644775
1.156999945640564,0.9880000352859497,3.0000064373016357
1.2730000019073486,0.9880000352859497,2.999999523162842
1.503999948501587,0.9820000529289246,2.999998092651367
1.1969999074935913,0.9869999885559082,3.0000059604644775
1.0940001010894775,0.9930000901222229,3.0000059604644775
1.277000069618225,0.9890000224113464,2.999990701675415
1.3259998559951782,0.9860000014305115,3.0000011920928955
1.2599999904632568,0.9880000352859497,3.0000057220458984
1.065999984741211,0.9950000643730164,3.0000054836273193
1.0989999771118164,0.9930000901222229,2.999997138977051
1.0359998941421509,0.9950000643730164,3.000005006790161
1.3559999465942383,0.9759999513626099,2.999992609024048
1.0500000715255737,0.9940000772476196,3.0000059604644775
1.0889999866485596,0.9880000352859497,3.000004768371582
1.0750000476837158,0.9880000352859497,3.000005006790161
1.066999912261963,0.9900000095367432,3.0000061988830566
1.1050000190734863,0.9950000643730164,3.0000014305114746
1.0720000267028809,0.9930000305175781,2.999997138977051
1.5129998922348022,0.9820000529289246,2.999995231628418
1.058000087738037,0.9950000643730164,3.0000061988830566
1.0450000762939453,0.9950000643730164,3.0000052452087402
1.6460000276565552,0.9780000448226929,2.9999942779541016
1.277000069618225,0.9900001287460327,2.999999761581421
1.290000081062317,0.9900001287460327,2.999999761581421
1.2700001001358032,0.9830000400543213,3.0000061988830566
1.1019999980926514,0.9890000820159912,3.0000057220458984
1.0609999895095825,0.9920001029968262,3.000005006790161
1.1309999227523804,0.9910000562667847,3.0000016689300537
1.2070001363754272,0.9839999675750732,3.0000059604644775
1.252000093460083,0.9910001158714294,3.0000035762786865
1.0470000505447388,0.9950000643730164,3.000005006790161
1.215999960899353,0.9880000352859497,2.9999966621398926
1.085999846458435,0.9940000772476196,2.99999737739563
1.511000156402588,0.9869999885559082,3.0000009536743164
1.1109999418258667,0.9890000224113464,3.0000057220458984
1.11899995803833,0.9850000143051147,3.0000059604644775
1.069000005722046,0.9920001029968262,3.000005006790161
1.1239999532699585,0.9950000643730164,2.999997138977051
1.2649999856948853,0.9890000224113464,2.9999938011169434
1.1079999208450317,0.9880000352859497,2.9999964237213135
1.085999846458435,0.9940000772476196,3.0000054836273193
1.8050000667572021,0.9829999804496765,3.000002861022949
1.4119999408721924,0.9819999933242798,3.0000009536743164
1.196000099182129,0.9880000352859497,2.9999923706054688
1.092000126838684,0.9890000224113464,3.0000057220458984
1.1319999694824219,0.9890000224113464,3.0000057220458984
1.2440000772476196,0.9799999594688416,3.0000016689300537
1.1549999713897705,0.9890000224113464,3.000001907348633
1.0649999380111694,0.9950000643730164,3.0000064373016357
1.034999966621399,0.9930000901222229,3.000005006790161
1.0859999656677246,0.9920001029968262,3.0000061988830566
1.1640000343322754,0.9910001158714294,2.999997138977051
1.156999945640564,0.9900000691413879,2.999992847442627
1.1470000743865967,0.9880000948905945,2.999997138977051
1.1130000352859497,0.9869999289512634,3.0000054836273193
1.2260000705718994,0.9950000643730164,3.000002384185791
1.1119999885559082,0.9930000305175781,3.0000052452087402
1.1200000047683716,0.9950000643730164,3.0000059604644775
1.0920000076293945,0.9940000772476196,2.9999966621398926
1.0320000648498535,0.9950000643730164,3.000005006790161
1.1129999160766602,0.9920001029968262,3.000005006790161
1.1230000257492065,0.98499995470047,3.0000059604644775
1.065000057220459,0.9920001029968262,3.0000011920928955
1.032999873161316,0.9950000643730164,3.000005006790161
1.1009999513626099,0.9940000772476196,3.0000054836273193
1.162000060081482,0.9879999756813049,3.0000052452087402
1.1290000677108765,0.9950000643730164,2.9999969005584717
1.133000135421753,0.9890000224113464,3.0000054836273193
1.1460000276565552,0.9920001029968262,2.99999737739563
1.0570001602172852,0.9950000643730164,3.000005006790161
1.2939999103546143,0.9849998950958252,2.9999969005584717
1.0699999332427979,0.9950000643730164,3.0000057220458984
1.0409998893737793,0.9930000901222229,3.0000054836273193
1.185999870300293,0.9900001287460327,3.000005006790161
1.1110000610351562,0.9920000433921814,3.0000054836273193
1.1929999589920044,0.9950000643730164,2.999997854232788
1.1109999418258667,0.9890000820159912,2.99999737739563
1.093000054359436,0.9930000901222229,2.9999969005584717
1.0479999780654907,0.9940000772476196,3.0000057220458984
1.0820000171661377,0.9900000691413879,3.0000057220458984
1.1799999475479126,0.9900001287460327,3.0000014305114746
1.404000163078308,0.9819999933242798,2.999997854232788
1.0499999523162842,0.9950000643730164,3.0000052452087402
1.1369998455047607,0.9900000095367432,2.999999761581421
1.183000087738037,0.9910001158714294,3.0000038146972656
1.1159999370574951,0.9890000224113464,3.0000059604644775
1.1470000743865967,0.9900000691413879,2.99999737739563
1.1290000677108765,0.9890000820159912,2.999997138977051
1.2259999513626099,0.9840000867843628,2.9999969005584717
1.2949999570846558,0.9880000352859497,2.9999983310699463
1.1469999551773071,0.9850000739097595,3.000005006790161
1.0789999961853027,0.9890000224113464,3.0000054836273193
1.0870000123977661,0.9920001029968262,3.0000064373016357
1.1380000114440918,0.9869999885559082,3.000005006790161
1.2000000476837158,0.9900000691413879,3.0000059604644775
1.065000057220459,0.9930000901222229,3.0000064373016357
1.1200000047683716,0.9920000433921814,2.9999964237213135
1.1080000400543213,0.9950000643730164,3.0000040531158447
1.084999918937683,0.9950000643730164,3.0000016689300537
1.0780000686645508,0.9930000901222229,3.0000054836273193
1.0880000591278076,0.9900000691413879,3.0000057220458984
1.0470000505447388,0.9940000772476196,3.000004768371582
1.1019999980926514,0.9930000901222229,2.9999966621398926
1.0859999656677246,0.9920001029968262,3.0000059604644775
1.209999918937683,0.9879999756813049,2.999992609024048
1.2339999675750732,0.9850000739097595,3.000001907348633
1.1010000705718994,0.9900000691413879,2.9999969005584717
1.0529999732971191,0.9950000643730164,3.0000057220458984
1.1490000486373901,0.987000048160553,2.999997138977051
1.09499990940094,0.9940000772476196,3.0000014305114746
1.1239999532699585,0.9890000820159912,3.0000059604644775
1.28000009059906,0.9890000820159912,3.0000030994415283
1.0540000200271606,0.9950000643730164,3.000004529953003
1.0799999237060547,0.9889999628067017,3.000005006790161
1.122999906539917,0.9880000352859497,3.0000059604644775
1.1459999084472656,0.9879999756813049,3.0000059604644775
1.0859999656677246,0.9910000562667847,3.0000052452087402
1.0810000896453857,0.9910001158714294,3.0000059604644775
1.0619999170303345,0.9930000901222229,3.0000057220458984
1.0709998607635498,0.9920000433921814,3.0000064373016357
1.1010000705718994,0.9940000772476196,3.0000011920928955
1.0399999618530273,0.9940000772476196,3.0000054836273193
1.060999870300293,0.9930000901222229,3.000004768371582
1.1640000343322754,0.9880000352859497,3.0000059604644775
1.0410000085830688,0.9940000772476196,3.000004768371582
1.1430000066757202,0.9900001287460327,2.9999964237213135
1.1410000324249268,0.987000048160553,2.9999964237213135
1.0749999284744263,0.9920000433921814,3.000005006790161
1.0739998817443848,0.9930000901222229,3.0000014305114746
1.102000117301941,0.9900000691413879,3.0000057220458984
1.0839999914169312,0.9950000643730164,2.999999523162842
1.1019999980926514,0.9910000562667847,3.0000054836273193
1.0649999380111694,0.9940000772476196,3.0000054836273193
1.0519999265670776,0.9950000643730164,3.0000057220458984
1.0640000104904175,0.9890000820159912,3.000004768371582
1.087999939918518,0.9900001287460327,3.0000054836273193
1.0509999990463257,0.9950000643730164,3.0000011920928955
1.0720000267028809,0.9900001287460327,3.000004768371582
1.0740000009536743,0.9880000352859497,3.0000052452087402
1.128999948501587,0.9880000352859497,3.000005006790161
1.062000036239624,0.9950000643730164,3.000005006790161
1.1149998903274536,0.9930000901222229,3.0000057220458984
1.087999939918518,0.9880000352859497,3.0000054836273193
1.033000111579895,0.9930000901222229,3.0000057220458984
1.027999997138977,0.9940000772476196,3.0000052452087402
1.068000078201294,0.9930000901222229,3.0000054836273193
1.0460001230239868,0.9950000643730164,3.0000052452087402
1.1579999923706055,0.9950000643730164,3.0
1.0290000438690186,0.9950000643730164,3.0000057220458984
1.027000069618225,0.9950000643730164,3.000004768371582
1.1089999675750732,0.9869999885559082,3.0000061988830566
1.0189999341964722,0.9940000772476196,3.000004768371582
1.0579999685287476,0.9910001158714294,3.000004529953003
1.033000111579895,0.9909999966621399,3.000004529953003
