793
457
626
997
157
468
904
268
128
407
974
77
558
791
395
289
387
1049
166
673
197
266
884
547
295
440
179
553
246
170
55
775
304
249
932
566
121
222
1027
540
756
161
339
277
264
1001
92
685
599
548
1019
350
900
772
375
960
61
957
662
386
653
360
523
28
808
340
859
677
586
262
309
136
1061
89
1053
225
964
670
365
284
1059
596
247
133
698
122
203
750
423
347
700
632
717
1066
325
251
434
459
292
425
996
311
205
633
53
344
345
767
40
250
362
877
1043
614
1065
328
530
561
952
868
910
977
119
967
259
96
898
582
467
738
521
204
870
694
363
390
245
317
473
355
689
899
418
602
972
478
14
306
137
227
218
806
813
713
212
24
1015
465
782
416
127
655
1050
243
220
959
938
21
497
804
1012
443
807
1073
37
823
206
487
872
722
609
744
216
1034
150
115
737
965
709
0
684
734
640
831
834
294
562
470
743
1031
314
385
491
116
962
153
983
239
661
431
580
104
597
630
707
283
1006
732
361
790
638
319
882
686
486
7
714
944
635
818
563
152
175
463
1005
1002
845
359
22
616
54
1069
720
469
908
356
585
527
255
125
271
299
529
518
353
456
1040
147
198
812
476
313
408
228
730
680
342
13
587
238
83
1010
982
19
5
628
881
248
524
608
288
490
183
45
929
254
169
429
274
1020
656
833
651
132
866
396
748
853
217
629
352
460
705
90
811
667
636
828
930
770
492
878
1077
496
42
501
1056
668
1029
174
981
1021
159
1011
103
263
1058
619
733
746
704
43
864
1055
354
2
768
550
1035
719
165
914
236
505
815
708
209
182
950
949
528
955
113
412
911
745
763
1014
67
126
426
836
438
399
591
432
559
968
726
366
1008
411
956
564
611
1067
532
891
214
710
781
1028
503
433
391
372
920
672
1036
817
696
889
466
1000
224
47
786
257
664
300
516
229
923
617
603
854
139
606
994
493
1042
379
398
883
792
193
534
535
681
38
415
837
508
961
374
195
1070
332
1041
1024
706
70
297
621
269
461
691
509
820
607
934
978
788
51
134
736
335
1057
525
885
146
1045
876
34
1023
131
639
1074
171
795
485
537
865
926
130
200
376
275
124
219
142
280
1022
787
437
180
244
555
502
155
915
210
189
380
106
50
855
536
199
1009
921
1003
191
1075
937
98
838
780
123
78
858
253
302
162
202
499
223
671
333
799
541
341
802
618
549
369
822
382
256
265
989
663
727
963
846
875
446
252
825
1038
428
181
771
906
1013
546
56
945
951
435
844
539
405
102
848
718
221
515
980
699
474
1054
943
610
164
329
357
112
895
392
752
703
601
1046
241
789
946
296
430
110
1071
852
552
260
420
117
598
741
821
776
482
232
1018
410
728
186
783
832
918
988
819
507
693
869
556
674
270
242
48
973
160
192
593
570
687
893
613
940
641
576
575
285
60
916
913
1033
3
107
912
234
207
970
41
455
892
336
422
590
665
451
659
675
658
35
887
715
307
757
145
33
258
798
634
843
650
472
647
316
233
337
1052
679
642
194
683
32
753
441
72
777
6
458
278
723
830
1007
88
801
156
401
488
400
880
905
701
471
678
144
27
377
494
177
454
584
574
190
995
857
716
226
842
1051
643
827
862
10
839
890
351
397
334
624
688
66
986
4
240
824
873
378
462
81
287
444
648
213
291
91
816
749
600
1017
993
512
483
140
742
373
809
856
871
735
141
349
196
976
93
421
568
903
762
436
64
747
692
803
417
879
874
114
551
15
346
958
778
939
631
669
927
18
12
1047
649
810
69
712
138
99
173
178
690
979
620
936
594
74
544
464
368
992
413
504
514
414
105
184
554
188
79
764
888
935
111
383
573
841
999
1025
998
652
273
1037
835
305
731
605
851
87
