6932
10210
10279
2738
29
4858
9204
8247
10248
1599
5169
42
6511
7896
4545
4208
4915
1625
2591
8570
943
8255
3759
2379
2833
308
5042
5390
385
6855
7737
4119
699
9549
7423
4359
1313
1204
9083
5315
5091
10626
2605
79
5084
3687
2597
414
1094
5843
1228
9105
1831
1037
7103
6212
3378
7921
8809
5486
1109
3033
845
1081
10355
228
9396
7245
10144
10095
8861
6390
1456
1917
4255
710
2791
5637
5276
7720
3120
1470
7771
4634
9434
1532
2853
5735
6700
9323
1792
1368
1069
10145
1789
8773
7992
10033
1385
6048
5524
3286
7023
191
10572
709
4608
2289
10399
9463
545
4
4188
763
7723
4652
889
2110
3948
5852
764
8400
2580
10329
5915
3330
10074
5015
7831
3555
7209
7330
3480
51
3332
434
6128
497
6275
4677
1797
8604
4976
7134
9027
7407
7140
5095
4228
10265
4992
8816
3127
5672
7312
4159
9577
2393
10250
7277
4393
9374
5918
7580
1882
349
3183
3215
2831
9715
7286
9552
3417
9085
7121
7886
5941
166
6618
4938
6311
7555
187
1877
2905
8982
8390
5187
8449
3238
9254
10346
6576
7847
922
2891
5574
7349
9785
5991
1624
8288
7426
4443
2153
3028
4203
742
1634
5955
1584
4932
10536
1067
2716
1564
575
9227
10371
5137
9787
7268
3365
6985
2287
938
7232
9752
3904
3985
1701
2979
5664
6085
6811
6376
2542
8249
10465
2430
5161
6574
6802
6918
10491
6412
9164
5074
5753
328
7666
3780
2967
10545
3786
5895
232
5698
5114
3648
9469
8830
10223
3131
3124
4139
6605
6115
1238
8124
4261
1869
9776
3080
9777
5763
727
287
913
3666
6557
2108
10283
6000
1079
8243
3662
5327
7976
7398
10214
809
1837
4025
9654
10188
10177
5199
8805
8446
8526
307
6366
9895
218
9189
8314
5840
7884
6885
10595
8343
4350
638
9043
2907
2777
5872
6638
8447
4589
7880
4517
8888
5609
8104
4860
4290
10143
10561
7250
5411
3913
6210
4185
8406
3565
3779
108
10577
6971
10578
4905
7728
8262
4412
4632
1045
4198
8826
2612
9290
9263
283
5535
1888
8324
2589
7756
7205
401
9550
10264
1670
2538
9008
7930
9431
1574
665
10566
5972
4012
6698
10562
7898
4547
3875
5401
7777
4441
10365
3079
9079
4960
8726
4987
7386
3789
8765
7014
9892
1741
5259
5318
2334
5951
3168
6599
5313
8936
7554
7055
5729
8073
6485
5046
8984
10056
4823
1865
2582
4336
7814
3189
7712
4845
9740
5892
7156
4510
9848
7470
5806
373
3832
4809
571
2911
4813
1406
9427
4476
3239
3783
132
2230
1219
2835
7543
4343
188
5424
416
8100
1825
8682
9158
5538
9053
7300
9442
7560
10477
3605
2001
1404
8515
3656
1054
5608
960
6776
613
3242
9553
9142
172
9546
5679
6256
5534
7405
5526
8127
7933
10318
2278
3329
884
9110
4269
474
2945
4107
3073
4516
2046
7136
8996
3175
4879
897
4666
4622
1512
5335
9103
3404
9194
3000
10182
7955
1880
7585
4355
787
3147
4178
2819
1779
1513
4223
1281
8824
4881
4020
8077
8639
7006
8658
5214
1904
312
3675
9149
10629
4330
9723
8379
7421
7833
3992
3117
2970
7941
4267
2475
533
4450
1534
7851
6637
9302
9014
9884
6614
6649
1745
7297
9738
2315
3176
656
7574
4586
1413
3302
8948
9056
1239
3878
4611
255
3326
8755
2929
3223
5635
4320
2566
6539
1193
7010
1422
5813
696
3366
6494
5337
6685
8103
4584
8778
9272
3291
7706
9518
4258
3784
8000
10075
649
1366
4201
6298
3637
3372
7812
216
3056
1466
4716
8455
9494
1989
2127
7497
456
337
8817
2947
5490
8556
2851
2082
1384
5319
986
9101
8223
2647
7299
7193
8258
4041
6939
9275
1030
4361
5964
6955
4974
422
2688
1221
10567
5052
6570
1816
1675
1835
947
2058
686
3295
6641
1958
3816
4911
6482
2195
9665
9222
8579
5357
4062
3445
14
9674
8287
10497
4639
4609
9015
8135
156
8485
5879
4031
9992
5797
8072
2255
8889
9116
6118
2977
2412
9441
8318
1389
10307
4078
247
8911
10464
1328
630
1795
6014
3843
4600
5514
7288
5856
1913
4743
5537
9292
3312
6904
6113
7809
5733
608
1299
8667
4186
681
5789
2672
10132
2099
1981
9819
5094
8495
10280
7133
3730
8813
6229
2912
661
2357
5519
1658
6777
8714
2599
3740
6977
4332
8799
238
10114
6407
8093
7174
10213
9413
180
2295
2500
1953
1736
1265
7037
6686
417
4219
2322
2306
6840
9757
6925
445
2125
3930
8183
5773
5801
2468
10618
8768
10148
8572
8855
680
6181
7932
8095
2758
3527
5135
1704
4054
5115
4798
2051
3345
7364
6528
9687
8482
1982
5548
3455
4205
9060
3595
3844
7841
6142
125
3087
6492
7548
8348
3803
995
6724
10558
2413
3703
2370
10225
10361
2575
10054
6805
495
4040
3185
3954
6220
10168
5322
9807
7078
4140
7129
153
1859
1207
2302
8422
6218
5065
7
8756
2039
4679
5358
4503
596
5142
6405
10088
8860
4061
2040
6835
4309
3364
4822
1209
9656
4231
5764
10031
3227
4442
1582
4147
8016
4525
8736
5037
4676
5779
7895
4190
1896
5594
5234
4477
9982
131
2897
5562
4191
6435
5374
4145
4169
9891
3540
7417
8466
2622
3597
5338
4702
5247
5757
2477
4259
10605
2352
127
10110
1329
194
2955
2025
9617
8483
4968
1374
10099
8468
1536
6391
5533
3104
3808
8961
3205
1849
8294
6079
1111
4511
7759
4889
5262
10537
1934
3394
5489
3834
1198
8724
2932
3089
6409
9487
3774
438
8762
5021
8004
2220
1365
7858
974
837
9131
7547
10403
1900
8129
6019
10100
4663
5382
9383
5891
3718
1695
1850
7048
9115
284
844
1998
1268
9880
8079
2038
5455
9557
10260
120
5368
1535
1858
1950
7362
9721
901
9276
436
2838
5543
3915
7460
8041
8051
676
5371
6653
8930
1798
6127
1267
8780
3042
2619
5062
9241
339
2879
5191
9513
2616
7376
902
9084
1014
2736
3198
9330
6320
4048
4038
8849
1438
3976
3317
10412
8270
2993
8828
4847
8691
74
8719
8722
7772
1027
4591
5799
10115
3781
10335
6467
5431
7326
7970
9526
5561
6444
873
604
9555
3916
2813
9824
1544
745
1887
86
1480
1494
1810
10628
4928
1543
2518
5223
569
5684
526
7320
1818
2222
2184
5613
2045
6286
9817
8061
8433
591
8453
7973
9545
2884
1016
917
1178
5893
7861
3881
8763
566
3279
6317
4472
4563
3428
8843
4738
6326
3408
6341
3548
7032
1211
900
3790
9240
10068
2508
10135
10400
5765
6984
8165
6151
6231
3888
8417
234
3792
561
9672
5289
2266
5459
8121
5969
1872
3300
460
2922
7101
7791
9732
8109
4265
7487
8547
9185
4500
6531
5330
1696
3359
7876
2205
341
9768
1183
2704
9219
48
8580
8210
2281
7314
1623
8897
6714
6047
8139
9363
6748
8209
9542
5866
2602
5795
9782
2343
8831
646
8907
6717
9252
1668
5470
8588
4746
8973
5568
2856
8322
4376
4214
8393
6003
6563
9696
5008
4213
1885
7165
8191
5460
5776
3174
7537
8727
10284
8978
5197
7733
1139
6090
9791
6201
4688
4806
3581
1641
412
298
1164
9119
3083
6893
740
2811
8277
3961
8697
2859
10101
2749
10392
1087
5993
8244
1222
1418
4381
7191
10162
9088
6426
10078
1357
265
2882
1580
10534
2949
3659
8014
777
722
890
5696
6472
489
9629
8764
7093
3626
4079
1493
7495
7406
4986
6527
5596
9073
2972
883
5028
6169
7926
7878
10611
4887
81
7338
629
9239
4973
10594
39
3636
2618
5124
6347
3583
3526
5041
5547
1571
7924
8571
6908
2685
6572
2175
4434
10565
5151
3504
531
3356
6610
2238
2651
5416
7595
5600
813
4727
3194
3006
2960
9997
10267
5467
8650
8231
8602
8032
7378
3658
7257
10176
5961
3297
9310
6889
4285
8137
4706
5392
2669
116
1556
5833
1498
6322
1966
9311
6241
3245
8088
2150
9510
8649
5109
7454
4314
7773
317
6013
7693
9037
10489
10208
2445
8620
1922
3373
7985
10204
2530
5650
7221
8291
4997
9390
9328
6378
1635
2664
9574
2866
7614
4782
5580
8271
9282
2384
7610
4172
9274
7978
3750
2165
5195
1234
9161
9002
8130
6551
2503
3824
3818
6846
9828
5329
5099
7226
9289
3123
7060
2233
3668
10131
4202
10472
5257
6034
9983
10467
3460
4245
2913
7062
1308
8631
3233
4672
8131
3303
3348
4210
6817
721
3652
3384
2016
6015
3109
875
8148
2419
7633
1143
766
4260
10315
3429
6352
4896
1926
2429
849
10356
932
4013
4812
770
5585
7195
1367
4577
4467
8443
6944
9366
8025
9512
10553
3977
4297
7409
488
10287
8578
8699
10272
2283
10460
7439
4177
3316
692
5513
8187
2486
2601
199
9516
10123
2732
1594
8510
6161
5148
6857
937
3146
9019
5639
2717
6943
5104
9747
1687
4942
10606
6434
7261
5998
990
2501
1465
8399
3163
847
3782
5060
4242
642
1600
362
8133
9033
3072
6662
7435
10450
7013
10000
5222
144
554
8490
879
6429
7832
3003
2587
4700
10350
5216
9565
8195
7583
10302
6307
8656
6356
72
3855
46
397
2963
2751
1767
4227
6585
9132
3519
7899
35
9181
8122
4440
8313
4943
9950
4920
9031
3511
5946
7731
4588
9459
9346
1961
4804
2258
4617
829
6187
5581
7034
5510
3819
10327
1173
633
285
6023
8960
8084
9667
967
6219
3635
4236
9078
350
1621
1000
1588
8388
2161
4772
7380
1846
690
457
2526
9135
6789
6280
4931
976
7273
