444
469
367
384
467
170
344
481
405
311
451
45
332
12
156
246
227
262
115
490
229
46
283
68
402
117
252
410
425
139
400
119
26
411
452
275
228
412
123
494
10
316
80
54
185
371
394
480
130
33
336
105
198
31
58
376
231
295
44
82
189
29
290
269
155
270
196
357
416
323
408
90
299
131
99
321
73
57
345
30
218
121
319
109
8
287
259
498
369
157
370
297
97
69
188
85
213
391
199
385
368
377
353
449
87
148
158
132
328
424
355
161
244
484
462
89
223
238
468
354
471
284
271
324
216
176
160
415
101
433
32
499
171
276
443
191
260
197
106
86
422
113
25
257
59
456
495
379
210
186
351
460
401
352
164
62
110
470
208
365
134
200
19
282
39
173
14
303
120
239
212
337
219
4
28
339
36
23
312
301
453
52
440
482
15
201
178
341
380
278
78
206
479
236
254
362
84
137
486
309
356
175
102
406
258
285
165
428
177
60
429
76
277
224
247
314
293
167
93
1
6
107
286
181
207
264
143
16
374
398
375
65
140
331
7
320
118
279
225
294
168
459
221
141
144
162
70
209
75
42
