1.040908694267273,0.9500000476837158,1.1223458051681519
1.0270800590515137,0.9700000286102295,1.0767207145690918
1.0199999809265137,0.9800000190734863,1.1689083576202393
1.0313308238983154,0.9600000381469727,1.0735957622528076
1.024999976158142,0.9750000238418579,1.0332832336425781
1.024999976158142,0.9750000238418579,1.0464084148406982
1.024999976158142,0.9750000238418579,1.0323456525802612
1.0375635623931885,0.9550000429153442,1.232345700263977
1.0365673303604126,0.940000057220459,1.805158257484436
1.024999976158142,0.9750000238418579,1.0712519884109497
1.0406477451324463,0.9500000476837158,1.6201581954956055
1.0374572277069092,0.9550000429153442,1.6550019979476929
1.0337507724761963,0.9500000476837158,1.4004707336425781
1.0199999809265137,0.9800000190734863,1.0440644025802612
1.024999976158142,0.9750000238418579,1.044845700263977
1.0422639846801758,0.9500000476837158,1.2251582145690918
1.0199999809265137,0.9800000190734863,1.0242207050323486
1.0199999809265137,0.9800000190734863,1.0292208194732666
1.024999976158142,0.9750000238418579,1.0587518215179443
1.024999976158142,0.9750000238418579,1.0392206907272339
1.024999976158142,0.9750000238418579,1.0354706048965454
1.0271220207214355,0.9700000286102295,1.0806269645690918
1.024999976158142,0.9750000238418579,1.023751974105835
1.024999976158142,0.9750000238418579,1.0465644598007202
1.0354321002960205,0.9550000429153442,1.165939450263977
1.024999976158142,0.9750000238418579,1.0250020027160645
1.035908579826355,0.9550000429153442,1.068283200263977
1.024999976158142,0.9750000238418579,1.0315645933151245
1.024999976158142,0.9750000238418579,1.0275019407272339
1.0313308238983154,0.9600000381469727,1.0735957622528076
1.0199999809265137,0.9800000190734863,1.0445332527160645
1.024999976158142,0.9750000238418579,1.013283133506775
