1.0425783395767212,0.9450000524520874,1.1031270027160645
1.0270800590515137,0.9700000286102295,1.0764082670211792
1.024999976158142,0.9750000238418579,1.1556270122528076
1.0363308191299438,0.9550000429153442,1.0720332860946655
1.024999976158142,0.9750000238418579,1.0314081907272339
1.024999976158142,0.9750000238418579,1.044377088546753
1.024999976158142,0.9750000238418579,1.0310956239700317
1.0375635623931885,0.9550000429153442,1.2300019264221191
1.0403072834014893,0.9350000619888306,1.7840644121170044
1.024999976158142,0.9750000238418579,1.0715644359588623
1.044797658920288,0.9450000524520874,1.6001582145690918
1.0424572229385376,0.9500000476837158,1.6476582288742065
1.0333408117294312,0.9500000476837158,1.4037519693374634
1.024999976158142,0.9750000238418579,1.0442206859588623
1.024999976158142,0.9750000238418579,1.0317206382751465
1.0422639846801758,0.9500000476837158,1.2248456478118896
1.024999976158142,0.9750000238418579,1.0232832431793213
1.024999976158142,0.9750000238418579,1.0290645360946655
1.024999976158142,0.9750000238418579,1.0546894073486328
1.024999976158142,0.9750000238418579,1.0378143787384033
1.024999976158142,0.9750000238418579,1.0364080667495728
1.0268898010253906,0.9700000286102295,1.0890644788742065
1.024999976158142,0.9750000238418579,1.023908257484436
1.024999976158142,0.9750000238418579,1.0450019836425781
1.0354321002960205,0.9550000429153442,1.1668769121170044
1.024999976158142,0.9750000238418579,1.0257833003997803
1.0406885147094727,0.9500000476837158,1.0684394836425781
1.024999976158142,0.9750000238418579,1.0306270122528076
1.024999976158142,0.9750000238418579,1.0276581048965454
1.0363308191299438,0.9550000429153442,1.0715645551681519
1.024999976158142,0.9750000238418579,1.0417207479476929
1.024999976158142,0.9750000238418579,1.013439416885376
