1.0304737091064453,0.9600000381469727,1.1221320629119873
1.0354737043380737,0.9550000429153442,1.1210319995880127
1.0490849018096924,0.8899999856948853,3.2267019748687744
1.0320017337799072,0.9650000333786011,1.2624019384384155
1.0306593179702759,0.9600000381469727,1.5656721591949463
1.031153678894043,0.9550000429153442,1.1817820072174072
1.036550760269165,0.9500000476837158,1.186661958694458
1.0303244590759277,0.9600000381469727,1.6205220222473145
1.0339902639389038,0.9550000429153442,1.217411994934082
1.0440491437911987,0.9300000667572021,1.4001320600509644
1.0463407039642334,0.940000057220459,1.1553720235824585
1.0416454076766968,0.9500000476837158,1.342871904373169
1.0416454076766968,0.9500000476837158,1.342871904373169
1.0439386367797852,0.9300000667572021,1.7373420000076294
1.0498825311660767,0.9200000762939453,2.2477519512176514
1.1348152160644531,0.6850000023841858,4.400882244110107
1.0310888290405273,0.9550000429153442,1.5997320413589478
1.0229462385177612,0.9750000238418579,1.1078219413757324
1.034182071685791,0.940000057220459,1.5660721063613892
1.0199999809265137,0.9800000190734863,1.037611961364746
1.0199999809265137,0.9800000190734863,1.0595120191574097
1.024999976158142,0.9750000238418579,1.0981320142745972
1.024444580078125,0.9700000286102295,1.1981920003890991
1.024999976158142,0.9750000238418579,1.1521918773651123
1.0262531042099,0.9700000286102295,1.2170319557189941
1.0529296398162842,0.8399999737739563,2.4600119590759277
1.0468658208847046,0.9350000619888306,1.5984420776367188
1.0431644916534424,0.9350000619888306,1.6661320924758911
1.0298699140548706,0.9550000429153442,2.1180520057678223
1.0500842332839966,0.9200000762939453,1.77891206741333
1.0281412601470947,0.9650000333786011,1.1606218814849854
1.0357507467269897,0.9500000476837158,1.4349720478057861
1.0413576364517212,0.9300000667572021,2.023982048034668
1.093457579612732,0.824999988079071,3.03202223777771
1.0472300052642822,0.9300000667572021,1.5978120565414429
1.0536705255508423,0.9050000309944153,1.71054208278656
1.0619081258773804,0.8700000047683716,2.433471918106079
1.0468878746032715,0.9500000476837158,1.2343220710754395
1.0468878746032715,0.9500000476837158,1.2343220710754395
1.062206745147705,0.8299999833106995,2.7477219104766846
1.0474048852920532,0.8700000643730164,2.676682233810425
1.0327234268188477,0.9500000476837158,1.493391990661621
1.0457631349563599,0.8850000500679016,3.713571786880493
1.0340237617492676,0.9500000476837158,2.044271945953369
1.044095754623413,0.9450000524520874,1.1858720779418945
1.1246159076690674,0.7099999785423279,4.138762474060059
1.0419660806655884,0.9500000476837158,1.2265820503234863
1.0310440063476562,0.9650000333786011,1.074631929397583
1.0243667364120483,0.9650000333786011,1.2522920370101929
1.0456225872039795,0.9250000715255737,1.7309120893478394
1.0199999809265137,0.9800000190734863,1.1352919340133667
1.0228098630905151,0.9700000286102295,1.2648121118545532
1.0660498142242432,0.8450000286102295,2.547072172164917
1.0447278022766113,0.9350000619888306,1.8322819471359253
1.044801115989685,0.9300000667572021,1.8686119318008423
1.0385128259658813,0.940000057220459,1.4532520771026611
1.0292145013809204,0.9600000381469727,1.1436920166015625
1.021712064743042,0.9750000238418579,1.1259520053863525
1.0396654605865479,0.940000057220459,1.572492003440857
1.024999976158142,0.9750000238418579,1.0297518968582153
1.0452111959457397,0.9250000715255737,1.8894120454788208
1.048183798789978,0.9250000715255737,1.7858819961547852
1.0477627515792847,0.9350000619888306,1.2715818881988525
1.029881477355957,0.9650000333786011,1.2392020225524902
1.048519492149353,0.9250000715255737,1.874022126197815
1.0217326879501343,0.9750000238418579,1.1652820110321045
1.0258257389068604,0.9700000286102295,1.1407220363616943
1.0403847694396973,0.9300000667572021,2.215872049331665
1.0269824266433716,0.9550000429153442,1.4061921834945679
1.024999976158142,0.9750000238418579,1.0765219926834106
1.024999976158142,0.9750000238418579,1.0353219509124756
1.024999976158142,0.9750000238418579,1.1312321424484253
1.04342520236969,0.9350000619888306,1.298092007637024
1.0522302389144897,0.9300000667572021,1.7419921159744263
1.0249801874160767,0.9700000286102295,1.1420320272445679
1.0268950462341309,0.9650000333786011,1.2234119176864624
1.0319167375564575,0.9300000667572021,1.9006320238113403
1.0382784605026245,0.940000057220459,1.350182056427002
1.0269733667373657,0.9700000286102295,1.1223520040512085
1.0288136005401611,0.9650000333786011,1.2205220460891724
1.0417793989181519,0.9550000429153442,1.196682095527649
1.024999976158142,0.9750000238418579,1.144521951675415
1.0228710174560547,0.9700000286102295,1.2039719820022583
1.024999976158142,0.9750000238418579,1.2368119955062866
1.0412741899490356,0.9250000715255737,2.0164220333099365
1.0570493936538696,0.880000114440918,2.5344722270965576
1.024999976158142,0.9750000238418579,1.1222819089889526
1.0385432243347168,0.9500000476837158,1.2445619106292725
1.024999976158142,0.9750000238418579,1.1430319547653198
1.024999976158142,0.9750000238418579,1.0627020597457886
1.0388168096542358,0.9550000429153442,1.318532109260559
1.0274202823638916,0.9650000333786011,1.415761947631836
1.024999976158142,0.9750000238418579,1.0822319984436035
1.024999976158142,0.9750000238418579,1.0422720909118652
1.0444068908691406,0.9500000476837158,1.3666720390319824
1.042387843132019,0.9550000429153442,1.2168619632720947
1.024999976158142,0.9750000238418579,1.0718920230865479
1.029258370399475,0.9600000381469727,1.21343195438385
1.0407627820968628,0.9450000524520874,1.2745020389556885
1.024999976158142,0.9750000238418579,1.0449919700622559
1.0411921739578247,0.9250000715255737,1.2840620279312134
1.0421968698501587,0.940000057220459,1.2563120126724243
1.0521247386932373,0.9200000762939453,1.3093018531799316
1.0538041591644287,0.8900001049041748,2.166991949081421
1.0371414422988892,0.9550000429153442,1.153201937675476
1.0428764820098877,0.9000000357627869,2.60134220123291
1.0542511940002441,0.8700001239776611,2.7628121376037598
1.0711756944656372,0.880000114440918,3.0555620193481445
1.0370903015136719,0.9550000429153442,1.2585320472717285
1.0353446006774902,0.9450000524520874,1.7525620460510254
1.0266363620758057,0.9700000286102295,1.2304819822311401
1.0295226573944092,0.9700000286102295,1.0626219511032104
1.0316894054412842,0.9500000476837158,1.3792319297790527
1.040845274925232,0.940000057220459,1.2853419780731201
1.0243510007858276,0.9650000333786011,1.1496920585632324
1.0289371013641357,0.9650000333786011,1.1674319505691528
1.0373625755310059,0.9450000524520874,1.490562081336975
1.0701020956039429,0.9200000762939453,1.339721918106079
1.0695466995239258,0.9200000762939453,1.3137320280075073
1.024999976158142,0.9750000238418579,1.069701910018921
1.036699652671814,0.9500000476837158,1.6853220462799072
1.0430582761764526,0.9200000762939453,1.5472919940948486
1.052465796470642,0.9050000309944153,1.5563219785690308
1.0292187929153442,0.9650000333786011,1.2461819648742676
1.07822585105896,0.8550000190734863,1.930642008781433
1.0455282926559448,0.9250000715255737,1.6229519844055176
1.0258005857467651,0.9700000286102295,1.2450820207595825
1.0593202114105225,0.9250000715255737,2.2535219192504883
1.061402440071106,0.9150000810623169,2.4606618881225586
1.024999976158142,0.9750000238418579,1.1261520385742188
1.0246498584747314,0.9650000333786011,1.1674220561981201
1.0504467487335205,0.9200000762939453,1.9252220392227173
1.0445622205734253,0.9300000667572021,1.9596221446990967
1.0777159929275513,0.8500000834465027,2.302272081375122
1.0373567342758179,0.940000057220459,1.2462718486785889
1.040381908416748,0.9350000619888306,1.5692520141601562
1.0661529302597046,0.8800000548362732,2.2669119834899902
1.0316787958145142,0.9600000381469727,1.4849520921707153
1.047451138496399,0.9150000810623169,1.8452720642089844
1.0727884769439697,0.9250000715255737,1.2802320718765259
1.073422908782959,0.9250000715255737,1.2837721109390259
1.0199999809265137,0.9800000190734863,1.12348210811615
1.02584707736969,0.9550000429153442,1.7170219421386719
1.0275819301605225,0.9700000286102295,1.1929420232772827
1.0545270442962646,0.9100000858306885,1.5492719411849976
1.037593126296997,0.9300000667572021,2.169991970062256
1.0365334749221802,0.9350000619888306,2.025681972503662
1.0314527750015259,0.9650000333786011,1.1270020008087158
1.0393626689910889,0.9100000858306885,1.9176321029663086
1.0274914503097534,0.9650000333786011,1.4110920429229736
1.042637586593628,0.9500000476837158,1.3353019952774048
1.0294320583343506,0.9550000429153442,2.1278021335601807
1.024999976158142,0.9750000238418579,1.0751018524169922
1.024999976158142,0.9750000238418579,1.1899620294570923
1.0449016094207764,0.9350000619888306,1.6009420156478882
1.0311111211776733,0.9600000381469727,1.4138619899749756
1.03339684009552,0.9650000333786011,1.166152000427246
1.0261309146881104,0.9700000286102295,1.1976219415664673
1.0501147508621216,0.9300000667572021,1.5134221315383911
1.0521023273468018,0.9250000715255737,1.4663119316101074
1.069666862487793,0.9100000858306885,1.5873019695281982
1.0659759044647217,0.9000000953674316,1.823952078819275
1.0538815259933472,0.9250000715255737,1.3959020376205444
1.0407990217208862,0.9450000524520874,1.386151909828186
1.0435128211975098,0.940000057220459,1.4829219579696655
1.0636850595474243,0.9000000953674316,1.7938920259475708
1.0661948919296265,0.9050000309944153,2.1342921257019043
1.066823959350586,0.9000000953674316,1.952962040901184
1.0271657705307007,0.9550000429153442,1.3561720848083496
1.042748212814331,0.9250000715255737,1.855452060699463
1.0273786783218384,0.9650000333786011,1.2490119934082031
1.024999976158142,0.9750000238418579,1.0985020399093628
1.0266697406768799,0.9700000286102295,1.220621943473816
1.0248489379882812,0.9700000286102295,1.1430820226669312
1.031793475151062,0.9600000381469727,1.2753220796585083
1.0529143810272217,0.9100000858306885,1.3900519609451294
1.0387989282608032,0.9450000524520874,1.2950820922851562
1.0600510835647583,0.9150000810623169,1.3148119449615479
1.0619003772735596,0.9100000858306885,1.3442519903182983
1.024999976158142,0.9750000238418579,1.060021996498108
1.0296505689620972,0.9550000429153442,1.7919321060180664
1.024999976158142,0.9750000238418579,1.0539820194244385
1.029215931892395,0.9600000381469727,1.3719820976257324
1.0359936952590942,0.9450000524520874,1.3601419925689697
1.0399019718170166,0.9450000524520874,1.6636921167373657
1.0436772108078003,0.9150000810623169,1.8198020458221436
1.036287784576416,0.9550000429153442,1.3115519285202026
1.0259044170379639,0.9650000333786011,1.5967119932174683
1.0450044870376587,0.9300000667572021,1.3321620225906372
1.0478665828704834,0.9150000810623169,1.9281920194625854
1.0258679389953613,0.9700000286102295,1.3372619152069092
1.0596736669540405,0.8800000548362732,2.6706418991088867
1.0238760709762573,0.9700000286102295,1.2760119438171387
1.0471489429473877,0.9050000905990601,2.4106221199035645
1.0270150899887085,0.9700000286102295,1.236251950263977
1.024999976158142,0.9750000238418579,1.106071949005127
1.0621082782745361,0.8899999856948853,2.5692520141601562
1.0320079326629639,0.9600000381469727,1.215061902999878
1.0586470365524292,0.9300000667572021,1.524641990661621
1.0532397031784058,0.9350000619888306,1.5235419273376465
1.0535311698913574,0.9300000667572021,1.5733420848846436
1.0427016019821167,0.9200000762939453,1.515362024307251
1.0526131391525269,0.9050000905990601,1.8601620197296143
1.0587502717971802,0.8950001001358032,1.8717119693756104
1.0277429819107056,0.9600000381469727,1.200111985206604
1.0272271633148193,0.9700000286102295,1.2366619110107422
1.029183030128479,0.9600000381469727,1.4855118989944458
1.0264633893966675,0.9700000286102295,1.092162013053894
1.0199999809265137,0.9800000190734863,1.0437120199203491
1.0791280269622803,0.8650000691413879,3.3982720375061035
1.0531684160232544,0.9300000667572021,2.548192024230957
1.0296224355697632,0.9650000333786011,1.1239420175552368
1.0520936250686646,0.9200000762939453,1.528681993484497
1.0393667221069336,0.9500000476837158,1.155102014541626
1.031561255455017,0.9550000429153442,1.5435621738433838
1.073984980583191,0.8600000143051147,1.7297419309616089
1.0315743684768677,0.9550000429153442,1.5271120071411133
1.0270395278930664,0.9600000381469727,1.3402819633483887
1.0461647510528564,0.9150000810623169,1.5762519836425781
1.0234191417694092,0.9700000286102295,1.5697720050811768
1.0331554412841797,0.9500000476837158,1.7360219955444336
1.0308021306991577,0.9600000381469727,1.3465420007705688
1.0370899438858032,0.9550000429153442,1.1681920289993286
1.0393924713134766,0.940000057220459,1.6285719871520996
1.05581796169281,0.9000000953674316,1.9613220691680908
1.0391756296157837,0.9450000524520874,1.2554919719696045
1.037402868270874,0.9350000619888306,1.6735920906066895
1.0302261114120483,0.9650000333786011,1.1107919216156006
1.0354291200637817,0.9500000476837158,1.1482319831848145
1.0405205488204956,0.9350000619888306,1.432021975517273
1.0326155424118042,0.9500000476837158,1.5178219079971313
1.024999976158142,0.9750000238418579,1.088021993637085
1.0509073734283447,0.9300000667572021,1.596911907196045
1.0478198528289795,0.9300000667572021,1.5171018838882446
1.0383665561676025,0.9450000524520874,1.6289219856262207
1.0356061458587646,0.9450000524520874,1.5633519887924194
1.046684741973877,0.9100000858306885,2.792881965637207
1.0269967317581177,0.9700000286102295,1.1375020742416382
1.032065749168396,0.9550000429153442,1.3062320947647095
1.0492171049118042,0.9200000762939453,1.5198519229888916
1.036461353302002,0.9450000524520874,1.8565220832824707
1.0331261157989502,0.9550000429153442,1.3155720233917236
1.031428575515747,0.9600000381469727,1.3817620277404785
1.0279090404510498,0.9650000333786011,1.5274720191955566
1.0304977893829346,0.9650000333786011,1.1702320575714111
1.026584267616272,0.9700000286102295,1.060741901397705
1.050199031829834,0.9300000667572021,1.4964619874954224
1.0525901317596436,0.9050000905990601,1.6741719245910645
1.0413991212844849,0.940000057220459,1.1900320053100586
1.038671612739563,0.9450000524520874,1.356261968612671
1.0238131284713745,0.9600000381469727,1.2182118892669678
1.0349329710006714,0.9550000429153442,1.0917319059371948
1.059002161026001,0.8700000643730164,2.534421920776367
1.0328123569488525,0.9600000381469727,1.2158318758010864
1.0393452644348145,0.9350000619888306,1.2316319942474365
1.0398476123809814,0.9450000524520874,1.4903420209884644
1.0418176651000977,0.925000011920929,2.0378918647766113
1.047608733177185,0.9500000476837158,1.1657719612121582
1.0526752471923828,0.9200000762939453,1.4485219717025757
1.0266565084457397,0.9700000286102295,1.1087620258331299
1.0433903932571411,0.9350000619888306,1.4907220602035522
1.0332469940185547,0.9550000429153442,1.2996618747711182
1.024999976158142,0.9750000238418579,1.214712142944336
1.0494831800460815,0.9300000667572021,1.696861982345581
1.0422635078430176,0.9250000715255737,1.7602819204330444
1.0432732105255127,0.9550000429153442,1.282852053642273
1.0287688970565796,0.9700000286102295,1.093641996383667
1.029881238937378,0.9650000333786011,1.1222519874572754
1.024999976158142,0.9750000238418579,1.107882022857666
1.044350266456604,0.940000057220459,1.1954920291900635
1.0293517112731934,0.9600000381469727,1.4792721271514893
1.0547806024551392,0.9050000309944153,2.0994319915771484
1.037892460823059,0.9500000476837158,1.190201997756958
1.0664540529251099,0.8449999690055847,2.557422161102295
1.0320464372634888,0.9600000381469727,1.1510519981384277
1.024999976158142,0.9750000238418579,1.0382720232009888
1.0271350145339966,0.9700000286102295,1.163201928138733
1.0274744033813477,0.9700000286102295,1.142572045326233
1.0391771793365479,0.9150000810623169,2.1701018810272217
1.066318154335022,0.8450000286102295,2.7485220432281494
1.027097463607788,0.9650000333786011,1.4344019889831543
1.0273807048797607,0.9650000333786011,1.3151520490646362
1.0296790599822998,0.9600000381469727,1.2908719778060913
1.061442255973816,0.9000000953674316,1.5845019817352295
1.050741195678711,0.9350000619888306,1.5795519351959229
1.0199999809265137,0.9800000190734863,1.1450319290161133
1.024999976158142,0.9750000238418579,1.0923919677734375
1.0624524354934692,0.8700000643730164,1.7616220712661743
1.0312626361846924,0.9550000429153442,1.2151721715927124
1.03359854221344,0.9500000476837158,1.4962120056152344
1.0447338819503784,0.9300000071525574,1.7434520721435547
1.0546232461929321,0.9200000762939453,2.324592113494873
1.058415174484253,0.9050000905990601,2.2038919925689697
1.0661486387252808,0.8800000548362732,2.6755120754241943
1.021429181098938,0.9750000238418579,1.1205220222473145
1.03709876537323,0.9450000524520874,1.4084320068359375
1.0230823755264282,0.9600000381469727,1.645132064819336
1.0283825397491455,0.9650000333786011,1.1897919178009033
1.0419654846191406,0.9350000619888306,2.018282175064087
1.0734772682189941,0.8449999690055847,3.2537119388580322
1.0584019422531128,0.9050000905990601,1.8564720153808594
1.0514869689941406,0.9000000953674316,2.013201951980591
1.0223569869995117,0.9750000238418579,1.3596720695495605
1.039049744606018,0.9500000476837158,1.357032060623169
1.0396801233291626,0.9350000619888306,1.9569920301437378
1.0278505086898804,0.9650000333786011,1.2617219686508179
1.0448248386383057,0.9300000667572021,1.6209220886230469
1.0346866846084595,0.9450000524520874,1.4969719648361206
1.0602807998657227,0.9000000953674316,2.0045721530914307
1.043449878692627,0.940000057220459,1.4195719957351685
1.049303412437439,0.9300000667572021,1.636802077293396
1.0508984327316284,0.9150000810623169,1.6815320253372192
1.0548778772354126,0.8900001049041748,1.990902066230774
1.0430235862731934,0.940000057220459,1.5848420858383179
1.0384669303894043,0.9500000476837158,1.2910020351409912
1.046337604522705,0.9300000667572021,2.3642120361328125
1.024999976158142,0.9750000238418579,1.0819419622421265
1.0543327331542969,0.9050000309944153,2.6231420040130615
1.0333852767944336,0.9550000429153442,1.5050219297409058
1.028061866760254,0.9700000286102295,1.0751920938491821
1.0437829494476318,0.940000057220459,1.6384918689727783
1.0308672189712524,0.9550000429153442,1.6748119592666626
1.0343523025512695,0.9600000381469727,1.1847718954086304
1.0285013914108276,0.9450000524520874,1.6432121992111206
1.0296717882156372,0.9550000429153442,1.2871419191360474
1.0285416841506958,0.9650000333786011,1.4217619895935059
1.0253572463989258,0.9650000333786011,1.2698520421981812
1.0347565412521362,0.940000057220459,1.97720205783844
1.0249253511428833,0.9700000286102295,1.2514420747756958
1.0484298467636108,0.9450000524520874,1.1830320358276367
1.024999976158142,0.9750000238418579,1.0518618822097778
1.024999976158142,0.9750000238418579,1.1329320669174194
1.0283234119415283,0.9650000333786011,1.1377019882202148
1.0674803256988525,0.9300000667572021,1.2837721109390259
1.029536247253418,0.9700000286102295,1.0792618989944458
1.0263335704803467,0.9700000286102295,1.5226120948791504
1.029536247253418,0.9700000286102295,1.1777220964431763
1.0458909273147583,0.925000011920929,2.0491819381713867
1.024999976158142,0.9750000238418579,1.0676019191741943
1.0265971422195435,0.9700000286102295,1.168962001800537
1.027503252029419,0.9700000286102295,1.3212521076202393
1.024999976158142,0.9750000238418579,1.0379619598388672
1.0281903743743896,0.9650000333786011,1.2623720169067383
1.039327621459961,0.9550000429153442,1.344801902770996
1.024999976158142,0.9750000238418579,1.1788920164108276
1.0308711528778076,0.9600000381469727,1.2962520122528076
1.0368225574493408,0.940000057220459,1.6279120445251465
1.0369336605072021,0.9450000524520874,1.472032070159912
1.0484950542449951,0.9100000858306885,1.7443619966506958
1.045066475868225,0.9350000619888306,1.29203200340271
1.0247184038162231,0.9700000286102295,1.1391119956970215
1.0341461896896362,0.9450000524520874,1.7699819803237915
1.0472854375839233,0.9300000667572021,1.5464820861816406
1.0364843606948853,0.9450000524520874,1.4213420152664185
1.0199999809265137,0.9800000190734863,1.0782819986343384
1.0331497192382812,0.9650000333786011,1.147692084312439
1.024999976158142,0.9750000238418579,1.0544220209121704
1.0635719299316406,0.8850000500679016,2.3917319774627686
1.0223414897918701,0.9750000238418579,1.0735719203948975
1.03644597530365,0.940000057220459,1.229632019996643
1.0399181842803955,0.940000057220459,1.2199718952178955
1.0381487607955933,0.9500000476837158,1.1291919946670532
1.024999976158142,0.9750000238418579,1.06961190700531
1.028328537940979,0.9650000333786011,1.1486419439315796
1.0505461692810059,0.9150000810623169,2.9070122241973877
1.024999976158142,0.9750000238418579,1.0522220134735107
1.024999976158142,0.9750000238418579,1.0549919605255127
1.0669007301330566,0.8900001049041748,2.8268120288848877
1.0448685884475708,0.9550000429153442,1.2183420658111572
1.0449999570846558,0.9550000429153442,1.238752007484436
1.0496593713760376,0.9150000810623169,1.5040820837020874
1.0414220094680786,0.9450000524520874,1.1643320322036743
1.032111406326294,0.9600000381469727,1.1600221395492554
1.0279074907302856,0.9600000381469727,1.24960196018219
1.0407332181930542,0.9250000715255737,1.6657118797302246
1.039327621459961,0.9550000429153442,1.3393819332122803
1.024999976158142,0.9750000238418579,1.05675208568573
1.0437943935394287,0.940000057220459,1.5208020210266113
1.0259761810302734,0.9700000286102295,1.187391996383667
1.0448678731918335,0.9350000619888306,1.663681983947754
1.0406378507614136,0.9450000524520874,1.1644519567489624
1.0485771894454956,0.9300000667572021,1.4302020072937012
1.0292742252349854,0.9600000381469727,1.3396719694137573
1.0199999809265137,0.9800000190734863,1.2366620302200317
1.0389517545700073,0.9450000524520874,2.1164021492004395
1.037692904472351,0.940000057220459,1.3494019508361816
1.0269951820373535,0.9700000286102295,1.5333119630813599
1.0548709630966187,0.9150000810623169,2.5974221229553223
1.0434966087341309,0.9100000858306885,2.219212055206299
1.0357733964920044,0.9450000524520874,1.4895219802856445
1.0386244058609009,0.9500000476837158,1.1973118782043457
1.039945125579834,0.9450000524520874,1.4451019763946533
1.0617061853408813,0.9000000357627869,2.004441976547241
1.0365283489227295,0.9450000524520874,1.695091962814331
1.0199999809265137,0.9800000190734863,1.0596920251846313
1.0285073518753052,0.9650000333786011,1.1582720279693604
1.031643271446228,0.9600000381469727,1.1245120763778687
1.0432732105255127,0.9550000429153442,1.2851619720458984
1.0330144166946411,0.9500000476837158,1.502392053604126
1.0368995666503906,0.9450000524520874,1.341271996498108
1.0425077676773071,0.9350000619888306,1.3744020462036133
1.024999976158142,0.9750000238418579,1.2209120988845825
1.0292675495147705,0.9650000333786011,1.3444119691848755
1.024999976158142,0.9750000238418579,1.130091905593872
1.0264906883239746,0.9700000286102295,1.1673319339752197
1.024999976158142,0.9750000238418579,1.0509018898010254
1.0355453491210938,0.9600000381469727,1.2309719324111938
1.053918480873108,0.9250000715255737,1.5454020500183105
1.033279299736023,0.9600000381469727,1.0855120420455933
1.024999976158142,0.9750000238418579,1.0388718843460083
1.0263456106185913,0.9700000286102295,1.275122046470642
1.038987159729004,0.940000057220459,1.3596320152282715
1.024999976158142,0.9750000238418579,1.1366920471191406
1.041968822479248,0.9450000524520874,1.461691975593567
1.0258042812347412,0.9650000333786011,1.2474420070648193
1.024999976158142,0.9750000238418579,1.0648419857025146
1.061964750289917,0.9250000715255737,1.3137320280075073
1.024999976158142,0.9750000238418579,1.064992070198059
1.0293598175048828,0.9650000333786011,1.1195719242095947
1.0467793941497803,0.9500000476837158,1.1950920820236206
1.0291012525558472,0.9650000333786011,1.1650019884109497
1.024999976158142,0.9750000238418579,1.236711859703064
1.0412216186523438,0.9450000524520874,1.3348220586776733
1.0265246629714966,0.9700000286102295,1.0951719284057617
1.027860403060913,0.9700000286102295,1.0726820230484009
1.0320557355880737,0.9550000429153442,1.195552110671997
1.0418516397476196,0.9500000476837158,1.3188021183013916
1.0493594408035278,0.9150000810623169,1.8899619579315186
1.024999976158142,0.9750000238418579,1.0377018451690674
1.0329043865203857,0.9550000429153442,1.409662127494812
1.0319278240203857,0.9600000381469727,1.4249719381332397
1.0333375930786133,0.9450000524520874,1.274541974067688
1.0367904901504517,0.9500000476837158,1.4562020301818848
1.0441030263900757,0.9450000524520874,1.3775418996810913
1.0477501153945923,0.9200000166893005,2.0135719776153564
1.0380151271820068,0.940000057220459,1.9827220439910889
1.043305516242981,0.9300000071525574,2.3727920055389404
1.0375638008117676,0.9450000524520874,1.1263020038604736
1.0341784954071045,0.9600000381469727,1.041401982307434
1.0429574251174927,0.940000057220459,1.957311987876892
1.0400793552398682,0.9500000476837158,1.3772519826889038
1.0293011665344238,0.9650000333786011,1.0702818632125854
1.027267336845398,0.9600000381469727,1.3017821311950684
1.024999976158142,0.9750000238418579,1.0633020401000977
1.024999976158142,0.9750000238418579,1.0877419710159302
1.0314439535140991,0.9650000333786011,1.1319918632507324
1.0366023778915405,0.9500000476837158,1.2762820720672607
1.0272786617279053,0.9700000286102295,1.1160920858383179
1.0307151079177856,0.9650000333786011,1.1883220672607422
1.0311458110809326,0.9600000381469727,1.2908018827438354
1.0427463054656982,0.940000057220459,1.6281620264053345
1.0538984537124634,0.9250000715255737,1.5776020288467407
1.0339314937591553,0.9500000476837158,1.3685219287872314
1.024999976158142,0.9750000238418579,1.0708519220352173
1.0401142835617065,0.940000057220459,1.2315219640731812
1.0262563228607178,0.9700000286102295,1.1058720350265503
1.0427335500717163,0.9450000524520874,1.2039520740509033
1.0485432147979736,0.9450000524520874,1.1807520389556885
1.024999976158142,0.9750000238418579,1.0857720375061035
1.042976975440979,0.9450000524520874,1.1375620365142822
1.0439140796661377,0.9450000524520874,1.2688320875167847
1.0427703857421875,0.940000057220459,1.5621321201324463
1.0299732685089111,0.9550000429153442,1.212581992149353
1.0380712747573853,0.9550000429153442,1.2157520055770874
1.0234555006027222,0.9700000286102295,1.147621989250183
1.0295950174331665,0.9600000381469727,1.1492118835449219
1.0283968448638916,0.9700000286102295,1.156872034072876
1.0283029079437256,0.9700000286102295,1.0900318622589111
1.0273278951644897,0.9650000333786011,1.16280198097229
1.033522367477417,0.9450000524520874,1.3844220638275146
1.0285354852676392,0.9700000286102295,1.0665019750595093
1.0426087379455566,0.9550000429153442,1.1837819814682007
1.041807770729065,0.940000057220459,1.5553619861602783
1.0309314727783203,0.9600000381469727,1.2157220840454102
1.02984619140625,0.9650000333786011,1.197432041168213
1.0357139110565186,0.9500000476837158,1.3346918821334839
1.024999976158142,0.9750000238418579,1.0931819677352905
1.0353773832321167,0.9550000429153442,1.3916219472885132
1.0269542932510376,0.9700000286102295,1.117442011833191
1.024999976158142,0.9750000238418579,1.1046918630599976
1.0416895151138306,0.9450000524520874,1.17113196849823
1.0424124002456665,0.9500000476837158,1.0974719524383545
1.024999976158142,0.9750000238418579,1.028182029724121
1.0424124002456665,0.9500000476837158,1.0974719524383545
1.036182165145874,0.9450000524520874,1.3085520267486572
1.0381076335906982,0.940000057220459,1.7316619157791138
1.024999976158142,0.9750000238418579,1.1119219064712524
1.0272208452224731,0.9650000333786011,1.2882120609283447
1.0453076362609863,0.940000057220459,1.3899019956588745
1.0325250625610352,0.9650000333786011,1.049282193183899
1.0271437168121338,0.9700000286102295,1.0302419662475586
1.028847098350525,0.9650000333786011,1.1525119543075562
1.0199999809265137,0.9800000190734863,1.0721518993377686
1.024999976158142,0.9750000238418579,1.151021957397461
1.024999976158142,0.9750000238418579,1.054792046546936
1.024999976158142,0.9750000238418579,1.038741946220398
1.043444037437439,0.9450000524520874,1.2687519788742065
1.024999976158142,0.9750000238418579,1.0456020832061768
1.0324740409851074,0.9550000429153442,1.2937920093536377
1.0372250080108643,0.9550000429153442,1.0934720039367676
