315
209
689
316
376
631
351
830
328
188
1045
453
86
605
784
788
711
859
941
199
80
1072
974
530
1048
371
831
483
890
542
222
675
92
709
67
526
138
213
237
857
827
801
425
1006
474
815
245
294
601
687
320
442
979
35
915
428
797
1067
261
183
36
393
593
434
137
174
625
510
1002
495
235
944
672
803
772
616
319
516
852
8
749
22
760
559
839
285
599
498
1017
607
214
549
808
862
176
927
518
293
814
679
489
699
750
816
1077
962
608
217
377
512
1029
539
122
232
152
226
440
305
162
418
833
536
722
1054
279
614
921
932
159
405
288
954
311
870
46
930
918
479
929
935
731
374
701
321
414
365
880
367
548
148
595
568
41
585
992
228
102
603
955
725
335
