1.0354737043380737,0.9550000429153442,1.1219220161437988
1.0354737043380737,0.9550000429153442,1.1220420598983765
1.0493568181991577,0.8849999904632568,3.3080320358276367
1.0320017337799072,0.9650000333786011,1.2651619911193848
1.0306593179702759,0.9600000381469727,1.570072054862976
1.0342291593551636,0.9500000476837158,1.1748820543289185
1.036550760269165,0.9500000476837158,1.1888220310211182
1.0303244590759277,0.9600000381469727,1.6411219835281372
1.0362263917922974,0.9500000476837158,1.226091980934143
1.0405197143554688,0.9300000667572021,1.389482021331787
1.0463407039642334,0.940000057220459,1.1556320190429688
1.0379775762557983,0.9500000476837158,1.3320919275283813
1.0379775762557983,0.9500000476837158,1.3320919275283813
1.047431230545044,0.9200000762939453,1.6511520147323608
1.044748067855835,0.9200000762939453,1.7707120180130005
1.1170068979263306,0.6700000166893005,4.342142105102539
1.0277316570281982,0.9550000429153442,1.6412919759750366
1.0279462337493896,0.9700000286102295,1.1078119277954102
1.0314253568649292,0.940000057220459,1.5833320617675781
1.024999976158142,0.9750000238418579,1.0385420322418213
1.024999976158142,0.9750000238418579,1.0597320795059204
1.024999976158142,0.9750000238418579,1.1022521257400513
1.0294445753097534,0.9650000333786011,1.1958420276641846
1.024999976158142,0.9750000238418579,1.156261920928955
1.0262531042099,0.9700000286102295,1.216491937637329
1.0520881414413452,0.8399999737739563,2.569701910018921
1.0468658208847046,0.9350000619888306,1.6009819507598877
1.0379050970077515,0.9350000619888306,1.7162821292877197
1.029650092124939,0.9550000429153442,2.174042224884033
1.0476247072219849,0.9200000762939453,1.8130919933319092
1.028729796409607,0.9650000333786011,1.056141972541809
1.0344674587249756,0.9500000476837158,1.4247920513153076
1.0432522296905518,0.9250000715255737,2.0561420917510986
1.083311915397644,0.824999988079071,2.9384021759033203
1.0457077026367188,0.9300000667572021,1.6159420013427734
1.0521482229232788,0.9050000309944153,1.7286720275878906
1.0635318756103516,0.8550000190734863,2.4557018280029297
1.0431379079818726,0.9500000476837158,1.2445319890975952
1.0431379079818726,0.9500000476837158,1.2445319890975952
1.0586957931518555,0.8299999833106995,2.904222011566162
1.0488264560699463,0.8650000095367432,2.8283121585845947
1.033855676651001,0.9450000524520874,1.5186820030212402
1.046778678894043,0.8800000548362732,3.8345320224761963
1.0340237617492676,0.9500000476837158,2.0623819828033447
1.0417007207870483,0.9450000524520874,1.1912720203399658
1.107672929763794,0.7099999785423279,4.099852085113525
1.038662075996399,0.9500000476837158,1.2045320272445679
1.0279821157455444,0.9650000333786011,1.0746920108795166
1.0279723405838013,0.9600000381469727,1.2602120637893677
1.0442180633544922,0.9150000810623169,1.7209020853042603
1.024999976158142,0.9750000238418579,1.135241985321045
1.0278098583221436,0.9650000333786011,1.2638720273971558
1.0636694431304932,0.8450000286102295,2.619472026824951
1.0447278022766113,0.9350000619888306,1.8430320024490356
1.044801115989685,0.9300000667572021,1.8735820055007935
1.0402536392211914,0.9350000619888306,1.4819921255111694
1.0292145013809204,0.9600000381469727,1.1552619934082031
1.0267120599746704,0.9700000286102295,1.1259020566940308
1.0396654605865479,0.940000057220459,1.5933319330215454
1.024999976158142,0.9750000238418579,1.0257419347763062
1.0438880920410156,0.9250000715255737,1.8948920965194702
1.0442898273468018,0.9250000715255737,1.841521978378296
1.0426208972930908,0.9350000619888306,1.2623919248580933
1.029881477355957,0.9650000333786011,1.2473419904708862
1.044990062713623,0.9200000762939453,1.8939621448516846
1.0267326831817627,0.9700000286102295,1.1631419658660889
1.0258257389068604,0.9700000286102295,1.1205919981002808
1.0403847694396973,0.9250000715255737,2.194282054901123
1.0310089588165283,0.9500000476837158,1.3997621536254883
1.024999976158142,0.9750000238418579,1.0779019594192505
1.024999976158142,0.9750000238418579,1.0330718755722046
1.024999976158142,0.9750000238418579,1.132822036743164
1.0407999753952026,0.9350000619888306,1.288741946220398
1.04876708984375,0.9300000667572021,1.7558921575546265
1.027642846107483,0.9650000333786011,1.113502025604248
1.0268950462341309,0.9650000333786011,1.2286919355392456
1.0356634855270386,0.9200000762939453,1.957651972770691
1.0378350019454956,0.940000057220459,1.3642020225524902
1.0269733667373657,0.9700000286102295,1.118582010269165
1.0288136005401611,0.9650000333786011,1.2179419994354248
1.0367794036865234,0.9500000476837158,1.1985820531845093
1.024999976158142,0.9750000238418579,1.1481319665908813
1.027871012687683,0.9650000333786011,1.203961968421936
1.024999976158142,0.9750000238418579,1.2475619316101074
1.040309190750122,0.9200000762939453,2.062391996383667
1.0544804334640503,0.8750001192092896,2.6639723777770996
1.024999976158142,0.9750000238418579,1.1271419525146484
1.0385432243347168,0.9500000476837158,1.2527319192886353
1.024999976158142,0.9750000238418579,1.1559820175170898
1.024999976158142,0.9750000238418579,1.058042049407959
1.0361626148223877,0.9550000429153442,1.3487820625305176
1.0274202823638916,0.9600000381469727,1.415761947631836
1.024999976158142,0.9750000238418579,1.0860120058059692
1.024999976158142,0.9750000238418579,1.0403320789337158
1.0394068956375122,0.9500000476837158,1.3710920810699463
1.0373878479003906,0.9550000429153442,1.2212820053100586
1.024999976158142,0.9750000238418579,1.065372109413147
1.0288760662078857,0.9600000381469727,1.2106519937515259
1.0407627820968628,0.940000057220459,1.2451120615005493
1.024999976158142,0.9750000238418579,1.0449719429016113
1.0454027652740479,0.9200000762939453,1.2893620729446411
1.043063998222351,0.9350000619888306,1.2630820274353027
1.051016092300415,0.9150000810623169,1.2880818843841553
1.0496935844421387,0.8900001049041748,2.2071521282196045
1.0397464036941528,0.9500000476837158,1.1614519357681274
1.0409493446350098,0.9000000357627869,2.692822217941284
1.0525509119033813,0.8700001239776611,2.8727922439575195
1.0633074045181274,0.8750001192092896,2.535752058029175
1.0344215631484985,0.9550000429153442,1.2676820755004883
1.0299254655838013,0.9450000524520874,1.4325319528579712
1.0280057191848755,0.9650000333786011,1.2488120794296265
1.0295226573944092,0.9700000286102295,1.0651719570159912
1.031986117362976,0.9500000476837158,1.381111979484558
1.0361361503601074,0.940000057220459,1.2611520290374756
1.029350996017456,0.9600000381469727,1.1481319665908813
1.0274745225906372,0.9650000333786011,1.1459219455718994
1.0339235067367554,0.9450000524520874,1.5236921310424805
1.060754656791687,0.9200000762939453,1.3143119812011719
1.0605560541152954,0.9200000762939453,1.3143119812011719
1.024999976158142,0.9750000238418579,1.0649919509887695
1.0309609174728394,0.9500000476837158,1.6841520071029663
1.0413410663604736,0.9200000762939453,1.6058520078659058
1.050424575805664,0.9050000309944153,1.5571720600128174
1.0292187929153442,0.9600000381469727,1.255411982536316
1.0644404888153076,0.8550000190734863,1.882322072982788
1.0430245399475098,0.9250000715255737,1.6334519386291504
1.0258005857467651,0.9700000286102295,1.2548719644546509
1.0565882921218872,0.9200000762939453,2.245281934738159
1.0625660419464111,0.9100000858306885,2.326141834259033
1.024999976158142,0.9750000238418579,1.1283619403839111
1.0275797843933105,0.9600000381469727,1.1649420261383057
1.0504467487335205,0.9200000762939453,1.944682002067566
1.0445622205734253,0.9300000667572021,1.9800721406936646
1.0688103437423706,0.8500000834465027,2.3380420207977295
1.0361690521240234,0.9350000619888306,1.253801941871643
1.040381908416748,0.9350000619888306,1.5800319910049438
1.0576757192611694,0.8800000548362732,2.281572103500366
1.0319552421569824,0.9550000429153442,1.4066221714019775
1.0430982112884521,0.9150000810623169,1.746082067489624
1.0661207437515259,0.9250000715255737,1.2818920612335205
1.0678762197494507,0.9250000715255737,1.2818920612335205
1.024999976158142,0.9750000238418579,1.1232120990753174
1.0308470726013184,0.9500000476837158,1.7107619047164917
1.0289736986160278,0.9650000333786011,1.1998919248580933
1.0528018474578857,0.9100000858306885,1.5579019784927368
1.036155343055725,0.9300000667572021,1.9972519874572754
1.0364196300506592,0.9350000619888306,2.050311803817749
1.030598759651184,0.9650000333786011,1.1341320276260376
1.0361875295639038,0.9100000858306885,2.001662015914917
1.0274900197982788,0.9650000333786011,1.327712059020996
1.0399833917617798,0.9500000476837158,1.3655519485473633
1.028460144996643,0.9550000429153442,2.1760621070861816
1.024999976158142,0.9750000238418579,1.071691870689392
1.024999976158142,0.9750000238418579,1.2020020484924316
1.0449016094207764,0.9350000619888306,1.627392053604126
1.028727412223816,0.9600000381469727,1.4165719747543335
1.031767725944519,0.9650000333786011,1.1758019924163818
1.021130919456482,0.9700000286102295,1.1927319765090942
1.0501147508621216,0.9300000667572021,1.5146321058273315
1.0521023273468018,0.9250000715255737,1.4708219766616821
1.0614949464797974,0.9100000858306885,1.6200419664382935
1.066683053970337,0.8950001001358032,1.8436720371246338
1.0514507293701172,0.9250000715255737,1.4285119771957397
1.0441323518753052,0.940000057220459,1.3862318992614746
1.0423215627670288,0.940000057220459,1.5111520290374756
1.0596530437469482,0.8950001001358032,1.8486820459365845
1.0587031841278076,0.9050000309944153,2.1705520153045654
1.0591295957565308,0.9000000953674316,1.9896819591522217
1.030951976776123,0.9500000476837158,1.2996619939804077
1.0461827516555786,0.9150000810623169,1.711732029914856
1.0273786783218384,0.9650000333786011,1.2505420446395874
1.024999976158142,0.9750000238418579,1.102262020111084
1.0266697406768799,0.9700000286102295,1.2223420143127441
1.0298489332199097,0.9650000333786011,1.1428920030593872
1.031793475151062,0.9600000381469727,1.2844020128250122
1.0513575077056885,0.9100000858306885,1.4125219583511353
1.0387989282608032,0.9450000524520874,1.2993820905685425
1.056777834892273,0.9150000810623169,1.327131986618042
1.0619003772735596,0.9000000953674316,1.3591820001602173
1.024999976158142,0.9750000238418579,1.0607719421386719
1.0346505641937256,0.9500000476837158,1.7900021076202393
1.024999976158142,0.9750000238418579,1.0545819997787476
1.02800714969635,0.9600000381469727,1.3398020267486572
1.0309937000274658,0.9450000524520874,1.364601969718933
1.0399019718170166,0.940000057220459,1.6863220930099487
1.0429378747940063,0.9150000810623169,1.8731420040130615
1.036287784576416,0.9550000429153442,1.3161818981170654
1.0259044170379639,0.9600000381469727,1.5967119932174683
1.0413419008255005,0.9300000667572021,1.337791919708252
1.045482873916626,0.9150000810623169,1.9476220607757568
1.024999976158142,0.9650000333786011,1.115351915359497
1.0616954565048218,0.8750000596046448,2.7249019145965576
1.0288760662078857,0.9650000333786011,1.2760919332504272
1.0464231967926025,0.8950001001358032,2.507002115249634
1.0270150899887085,0.9700000286102295,1.2349919080734253
1.024999976158142,0.9750000238418579,1.1123420000076294
1.055433750152588,0.8899999856948853,2.6283421516418457
1.0299686193466187,0.9600000381469727,1.1601018905639648
1.050100564956665,0.9300000667572021,1.533911943435669
1.0546932220458984,0.9250000715255737,1.5307819843292236
1.048531174659729,0.9300000667572021,1.5745121240615845
1.0359517335891724,0.9200000762939453,1.5720419883728027
1.0513381958007812,0.9000000953674316,1.9350221157073975
1.0617730617523193,0.8850001096725464,1.890172004699707
1.0313259363174438,0.9550000429153442,1.1953020095825195
1.0272271633148193,0.9700000286102295,1.2409019470214844
1.029183030128479,0.9600000381469727,1.5036218166351318
1.0264633893966675,0.9700000286102295,1.093972086906433
1.024999976158142,0.9750000238418579,1.04311203956604
1.0716720819473267,0.8600000739097595,3.595872163772583
1.0521239042282104,0.9250000715255737,2.5993621349334717
1.0296224355697632,0.9650000333786011,1.1265619993209839
1.045485496520996,0.9200000762939453,1.5455119609832764
1.0360934734344482,0.9500000476837158,1.1584219932556152
1.031561255455017,0.9550000429153442,1.5588421821594238
1.0731691122055054,0.8550000190734863,1.751141905784607
1.0265743732452393,0.9550000429153442,1.5299019813537598
1.029406189918518,0.9550000429153442,1.3294719457626343
1.0461647510528564,0.9150000810623169,1.5849120616912842
1.0284191370010376,0.9650000333786011,1.5684020519256592
1.0321247577667236,0.9500000476837158,1.7828119993209839
1.0281648635864258,0.9600000381469727,1.3211920261383057
1.0370899438858032,0.9550000429153442,1.1722320318222046
1.040256142616272,0.9350000619888306,1.6810619831085205
1.0501729249954224,0.9000000953674316,2.0187020301818848
1.0368443727493286,0.9450000524520874,1.246962070465088
1.0361064672470093,0.9350000619888306,1.6817821264266968
1.0302261114120483,0.9650000333786011,1.1140919923782349
1.0323748588562012,0.9500000476837158,1.1064120531082153
1.038615107536316,0.9300000667572021,1.309791922569275
1.0326155424118042,0.9500000476837158,1.522141933441162
1.024999976158142,0.9750000238418579,1.085062026977539
1.0459073781967163,0.9300000667572021,1.602591872215271
1.0479214191436768,0.9300000667572021,1.5377119779586792
1.0395487546920776,0.940000057220459,1.6647820472717285
1.0356061458587646,0.940000057220459,1.5847219228744507
1.0436835289001465,0.9100000858306885,2.8255419731140137
1.028471827507019,0.9650000333786011,1.1353421211242676
1.0375760793685913,0.9450000524520874,1.3016020059585571
1.045953392982483,0.9200000762939453,1.5615019798278809
1.0414613485336304,0.9350000619888306,1.8937921524047852
1.031569242477417,0.9550000429153442,1.3389021158218384
1.0297619104385376,0.9600000381469727,1.3993020057678223
1.0322340726852417,0.9600000381469727,1.551292061805725
1.0304977893829346,0.9650000333786011,1.1700520515441895
1.024999976158142,0.9700000286102295,1.0618618726730347
1.050199031829834,0.9300000667572021,1.4993220567703247
1.055981993675232,0.9000000953674316,1.6764819622039795
1.0395855903625488,0.940000057220459,1.190582036972046
1.0356295108795166,0.9450000524520874,1.3422119617462158
1.0269571542739868,0.9550000429153442,1.2297519445419312
1.0349329710006714,0.9550000429153442,1.0882519483566284
1.0541483163833618,0.8700000643730164,2.6098618507385254
1.0311203002929688,0.9600000381469727,1.2186518907546997
1.038241982460022,0.9300000667572021,1.2444419860839844
1.0398476123809814,0.940000057220459,1.5250320434570312
1.0402413606643677,0.925000011920929,2.0649619102478027
1.0438997745513916,0.9500000476837158,1.1618419885635376
1.047712802886963,0.9200000762939453,1.4629719257354736
1.024999976158142,0.9700000286102295,1.0710320472717285
1.043049931526184,0.9350000619888306,1.5234320163726807
1.0332469940185547,0.9550000429153442,1.2960819005966187
1.024999976158142,0.9750000238418579,1.2240320444107056
1.0494831800460815,0.9300000667572021,1.7041820287704468
1.0407953262329102,0.9200000762939453,1.7869019508361816
1.042886734008789,0.9550000429153442,1.2983720302581787
1.0287688970565796,0.9700000286102295,1.0954220294952393
1.029881238937378,0.9650000333786011,1.1279319524765015
1.024999976158142,0.9750000238418579,1.1078720092773438
1.0403640270233154,0.940000057220459,1.1763919591903687
1.0273514986038208,0.9600000381469727,1.455112099647522
1.053737998008728,0.9050000309944153,2.1219019889831543
1.037892460823059,0.9500000476837158,1.1900919675827026
1.0647975206375122,0.8449999690055847,2.5971720218658447
1.0320464372634888,0.9600000381469727,1.1532219648361206
1.024999976158142,0.9750000238418579,1.038991928100586
1.0271350145339966,0.9700000286102295,1.1556119918823242
1.0257905721664429,0.9650000333786011,1.0729020833969116
1.0391771793365479,0.9150000810623169,2.1776719093322754
1.0638922452926636,0.8400000333786011,2.7756221294403076
1.027097463607788,0.9650000333786011,1.4293920993804932
1.0223807096481323,0.9650000333786011,1.3149420022964478
1.0286011695861816,0.9600000381469727,1.3041720390319824
1.0583983659744263,0.8950001001358032,1.6147420406341553
1.042978286743164,0.9350000619888306,1.5768320560455322
1.024999976158142,0.9750000238418579,1.1444019079208374
1.024999976158142,0.9750000238418579,1.0873819589614868
1.057429552078247,0.8700000643730164,1.8104619979858398
1.0290449857711792,0.9550000429153442,1.2105721235275269
1.0320829153060913,0.9500000476837158,1.257431983947754
1.041426658630371,0.9300000071525574,1.7659920454025269
1.0519423484802246,0.9200000762939453,2.366002082824707
1.0598293542861938,0.9000000953674316,2.2211720943450928
1.0620759725570679,0.8800000548362732,2.699942111968994
1.0264291763305664,0.9700000286102295,1.1200920343399048
1.036109447479248,0.9450000524520874,1.4305520057678223
1.0278738737106323,0.9550000429153442,1.6742520332336426
1.027077317237854,0.9650000333786011,1.1612019538879395
1.0419654846191406,0.9350000619888306,2.030562162399292
1.0686002969741821,0.8349999189376831,3.4220120906829834
1.056753396987915,0.9000000953674316,1.9237619638442993
1.0501139163970947,0.8950001001358032,2.085102081298828
1.0273569822311401,0.9700000286102295,1.3569120168685913
1.0366657972335815,0.9500000476837158,1.3570719957351685
1.044680118560791,0.9300000667572021,1.9563519954681396
1.0328505039215088,0.9600000381469727,1.2602219581604004
1.0397541522979736,0.9300000667572021,1.653752088546753
1.0338635444641113,0.9450000524520874,1.5103418827056885
1.0520575046539307,0.9000000953674316,2.0203020572662354
1.0423532724380493,0.940000057220459,1.4293220043182373
1.0469640493392944,0.9250000715255737,1.6457620859146118
1.048616886138916,0.9150000810623169,1.7363520860671997
1.0537735223770142,0.8900001049041748,2.0450520515441895
1.0415083169937134,0.9350000619888306,1.6413021087646484
1.0371726751327515,0.9500000476837158,1.2357220649719238
1.0443471670150757,0.9300000667572021,2.4032318592071533
1.024999976158142,0.9750000238418579,1.0851420164108276
1.0530081987380981,0.9000000357627869,2.6928319931030273
1.0353052616119385,0.9500000476837158,1.4969818592071533
1.024999976158142,0.9700000286102295,1.0731520652770996
1.0389018058776855,0.940000057220459,1.6843318939208984
1.0308672189712524,0.9550000429153442,1.6896018981933594
1.0343523025512695,0.9600000381469727,1.1865018606185913
1.0304255485534668,0.940000057220459,1.685542106628418
1.031288504600525,0.9500000476837158,1.1961519718170166
1.0285416841506958,0.9650000333786011,1.4496920108795166
1.0303572416305542,0.9600000381469727,1.268131971359253
1.033473253250122,0.940000057220459,2.0123021602630615
1.0299253463745117,0.9650000333786011,1.2493921518325806
1.0441588163375854,0.9450000524520874,1.1867820024490356
1.024999976158142,0.9750000238418579,1.0485018491744995
1.024999976158142,0.9750000238418579,1.1337820291519165
1.0283234119415283,0.9650000333786011,1.1274820566177368
1.0676838159561157,0.9250000715255737,1.2818920612335205
1.024999976158142,0.9700000286102295,1.0580018758773804
1.0213335752487183,0.9700000286102295,1.530142068862915
1.024999976158142,0.9700000286102295,1.169242024421692
1.0426825284957886,0.925000011920929,2.049891948699951
1.024999976158142,0.9750000238418579,1.060562014579773
1.0265971422195435,0.9700000286102295,1.1694520711898804
1.027503252029419,0.9700000286102295,1.3229320049285889
1.0199999809265137,0.9750000238418579,1.0353419780731201
1.0281903743743896,0.9650000333786011,1.262961983680725
1.0376052856445312,0.9500000476837158,1.297131896018982
1.024999976158142,0.9750000238418579,1.1750619411468506
1.0308711528778076,0.9600000381469727,1.2855520248413086
1.0352073907852173,0.940000057220459,1.6574020385742188
1.0358209609985352,0.940000057220459,1.346082091331482
1.0473823547363281,0.9100000858306885,1.737421989440918
1.038839340209961,0.9350000619888306,1.2750920057296753
1.0293519496917725,0.9650000333786011,1.1384220123291016
1.0341461896896362,0.9450000524520874,1.7851420640945435
1.04451584815979,0.9300000667572021,1.5701720714569092
1.0393708944320679,0.940000057220459,1.4455620050430298
1.024999976158142,0.9750000238418579,1.0780420303344727
1.0331497192382812,0.9650000333786011,1.1483420133590698
1.024999976158142,0.9750000238418579,1.0474820137023926
1.0605846643447876,0.8800000548362732,2.3731420040130615
1.024999976158142,0.9700000286102295,1.0721319913864136
1.0330092906951904,0.940000057220459,1.1356619596481323
1.0380717515945435,0.940000057220459,1.2209218740463257
1.0355702638626099,0.9500000476837158,1.1178820133209229
1.024999976158142,0.9750000238418579,1.06374192237854
1.0259543657302856,0.9650000333786011,1.055922031402588
1.0476913452148438,0.9100000858306885,2.99188232421875
1.024999976158142,0.9750000238418579,1.0518920421600342
1.024999976158142,0.9750000238418579,1.05269193649292
1.055416464805603,0.8900001049041748,2.452971935272217
1.0460659265518188,0.9500000476837158,1.2155320644378662
1.0460659265518188,0.9500000476837158,1.2155320644378662
1.0496593713760376,0.9150000810623169,1.508052110671997
1.0389394760131836,0.9450000524520874,1.1650919914245605
1.032111406326294,0.9600000381469727,1.1568621397018433
1.0300878286361694,0.9550000429153442,1.1966619491577148
1.0380172729492188,0.9200000762939453,1.725761890411377
1.035779595375061,0.9550000429153442,1.2986719608306885
1.024999976158142,0.9750000238418579,1.058142066001892
1.0410164594650269,0.940000057220459,1.549072027206421
1.0259761810302734,0.9700000286102295,1.1875120401382446
1.041264533996582,0.9350000619888306,1.6954020261764526
1.0381553173065186,0.9450000524520874,1.1749519109725952
1.0436407327651978,0.9250000715255737,1.4039820432662964
1.0292742252349854,0.9600000381469727,1.345181941986084
1.024999976158142,0.9750000238418579,1.2333420515060425
1.0324392318725586,0.9450000524520874,2.2454121112823486
1.034579873085022,0.940000057220459,1.36342191696167
1.0269951820373535,0.9700000286102295,1.5336320400238037
1.0492382049560547,0.9150000810623169,2.7645020484924316
1.0405999422073364,0.9100000858306885,2.2919819355010986
1.0346177816390991,0.940000057220459,1.324281930923462
1.0368309020996094,0.9450000524520874,1.1120619773864746
1.039945125579834,0.9450000524520874,1.4599319696426392
1.058986783027649,0.9000000357627869,2.0447020530700684
1.0357890129089355,0.9450000524520874,1.7587720155715942
1.024999976158142,0.9750000238418579,1.0589619874954224
1.0286816358566284,0.9650000333786011,1.0999720096588135
1.0309299230575562,0.9600000381469727,1.1263320446014404
1.042886734008789,0.9550000429153442,1.3006819486618042
1.0331159830093384,0.9500000476837158,1.5168020725250244
1.0347036123275757,0.940000057220459,1.2744519710540771
1.0425077676773071,0.9350000619888306,1.3766120672225952
1.024999976158142,0.9750000238418579,1.1929020881652832
1.0292675495147705,0.9650000333786011,1.3446619510650635
1.0199999809265137,0.9750000238418579,1.1345919370651245
1.0264906883239746,0.9700000286102295,1.159511923789978
1.024999976158142,0.9750000238418579,1.050191879272461
1.0355453491210938,0.9600000381469727,1.24412202835083
1.0493824481964111,0.9250000715255737,1.5694119930267334
1.0321604013442993,0.9600000381469727,1.065392017364502
1.024999976158142,0.9750000238418579,1.0332019329071045
1.0263456106185913,0.9700000286102295,1.2858819961547852
1.0366071462631226,0.940000057220459,1.3652219772338867
1.024999976158142,0.9750000238418579,1.1460320949554443
1.0386615991592407,0.9450000524520874,1.48117196559906
1.0308042764663696,0.9600000381469727,1.2461119890213013
1.024999976158142,0.9750000238418579,1.0576519966125488
1.0557209253311157,0.9250000715255737,1.3168219327926636
1.024999976158142,0.9750000238418579,1.0668020248413086
1.0286493301391602,0.9650000333786011,1.1230520009994507
1.0417793989181519,0.9500000476837158,1.1985820531845093
1.026532769203186,0.9600000381469727,1.1211520433425903
1.024999976158142,0.9750000238418579,1.24183189868927
1.0396442413330078,0.9450000524520874,1.3415319919586182
1.0265246629714966,0.9650000333786011,1.0869818925857544
1.026443362236023,0.9700000286102295,1.0745619535446167
1.0339195728302002,0.9500000476837158,1.146362066268921
1.0390820503234863,0.9500000476837158,1.3392720222473145
1.0543594360351562,0.9100000858306885,1.889091968536377
1.024999976158142,0.9750000238418579,1.0374518632888794
1.0331732034683228,0.9500000476837158,1.4562420845031738
1.0369278192520142,0.9550000429153442,1.4244219064712524
1.029134750366211,0.9450000524520874,1.2341320514678955
1.0326879024505615,0.9500000476837158,1.495162010192871
1.0374363660812378,0.9450000524520874,1.372891902923584
1.045491337776184,0.9200000166893005,1.9480420351028442
1.0363255739212036,0.940000057220459,2.0404820442199707
1.043305516242981,0.925000011920929,2.380542039871216
1.0347893238067627,0.9450000524520874,1.1128820180892944
1.0341784954071045,0.9600000381469727,1.041592001914978
1.041536569595337,0.9350000619888306,1.9621219635009766
1.033600926399231,0.9500000476837158,1.306812047958374
1.027500033378601,0.9650000333786011,1.0635318756103516
1.027267336845398,0.9600000381469727,1.307792067527771
1.024999976158142,0.9750000238418579,1.062682032585144
1.024999976158142,0.9750000238418579,1.068611979484558
1.0314439535140991,0.9650000333786011,1.1269419193267822
1.029561161994934,0.9500000476837158,1.288591980934143
1.0272786617279053,0.9700000286102295,1.117522120475769
1.0307151079177856,0.9650000333786011,1.1996220350265503
1.0297389030456543,0.9600000381469727,1.3072519302368164
1.0384905338287354,0.940000057220459,1.6618421077728271
1.0495572090148926,0.9250000715255737,1.6309419870376587
1.0339314937591553,0.9500000476837158,1.374761939048767
1.0199999809265137,0.9750000238418579,1.0689918994903564
1.045114278793335,0.9350000619888306,1.2307920455932617
1.0262563228607178,0.9700000286102295,1.1126720905303955
1.0387473106384277,0.9450000524520874,1.1848520040512085
1.0426878929138184,0.9450000524520874,1.1867820024490356
1.024999976158142,0.9750000238418579,1.091662049293518
1.042976975440979,0.9450000524520874,1.1403820514678955
1.0441458225250244,0.940000057220459,1.2854220867156982
1.0404808521270752,0.940000057220459,1.6090720891952515
1.0279723405838013,0.9550000429153442,1.2083520889282227
1.0380712747573853,0.9550000429153442,1.22884202003479
1.0276298522949219,0.9650000333786011,1.118641972541809
1.0261322259902954,0.9600000381469727,1.0836119651794434
1.0267677307128906,0.9700000286102295,1.1647019386291504
1.024999976158142,0.9700000286102295,1.051081895828247
1.0267094373703003,0.9650000333786011,1.1325219869613647
1.035903811454773,0.940000057220459,1.3906420469284058
1.0285354852676392,0.9700000286102295,1.0656919479370117
1.0438997745513916,0.9500000476837158,1.1618419885635376
1.0409024953842163,0.9350000619888306,1.5917019844055176
1.0309314727783203,0.9600000381469727,1.2204021215438843
1.02984619140625,0.9650000333786011,1.2008020877838135
1.0340218544006348,0.9500000476837158,1.3372918367385864
1.024999976158142,0.9750000238418579,1.0924819707870483
1.0353773832321167,0.9550000429153442,1.4006319046020508
1.0269542932510376,0.9700000286102295,1.118891954421997
1.024999976158142,0.9750000238418579,1.111561894416809
1.0416895151138306,0.9450000524520874,1.1746019124984741
1.0395256280899048,0.9500000476837158,1.1019119024276733
1.0199999809265137,0.9750000238418579,1.0285720825195312
1.0395256280899048,0.9500000476837158,1.1019119024276733
1.0331382751464844,0.940000057220459,1.2906420230865479
1.0367742776870728,0.940000057220459,1.7897619009017944
1.024999976158142,0.9750000238418579,1.1126219034194946
1.026626467704773,0.9650000333786011,1.3172420263290405
1.043172001838684,0.940000057220459,1.3956520557403564
1.031447172164917,0.9650000333786011,1.032702088356018
1.0271437168121338,0.9700000286102295,1.0311020612716675
1.0223569869995117,0.9650000333786011,1.1667020320892334
1.0199999809265137,0.9750000238418579,1.0721518993377686
1.024999976158142,0.9750000238418579,1.1594619750976562
1.024999976158142,0.9750000238418579,1.0562820434570312
1.024999976158142,0.9750000238418579,1.036971926689148
1.0484440326690674,0.9350000619888306,1.2642120122909546
1.0257071256637573,0.9700000286102295,1.0415220260620117
1.0267510414123535,0.9550000429153442,1.3245720863342285
1.025920033454895,0.9550000429153442,1.0958020687103271
