236
379
90
434
192
253
232
271
207
386
336
474
3
493
88
249
458
64
257
465
58
33
214
383
56
24
429
202
37
133
423
170
365
299
448
391
450
393
449
89
320
159
296
213
50
94
473
277
107
66
467
339
357
477
39
138
227
149
103
93
419
266
84
205
490
130
166
105
288
297
291
44
322
410
147
22
14
483
321
439
114
102
355
267
343
109
361
92
172
187
139
13
190
233
27
269
200
463
286
315
494
131
252
98
475
348
38
451
221
287
30
481
426
293
248
224
375
461
82
132
310
441
425
346
408
15
110
68
280
45
196
219
67
281
394
334
283
51
195
492
417
374
240
456
40
117
1
123
328
19
