769
85
788
68
309
202
235
793
952
475
599
704
982
463
329
924
424
1039
445
864
763
813
884
771
312
134
247
791
96
142
885
976
605
169
762
457
1015
1005
949
756
709
522
576
996
780
567
588
143
254
921
115
486
838
479
719
544
382
755
695
146
539
313
437
647
749
1061
890
800
804
639
402
478
385
744
14
683
438
698
161
122
131
27
71
57
392
825
126
232
562
20
498
381
190
444
805
798
925
946
222
1008
845
538
367
517
745
157
832
164
221
1004
361
811
621
657
260
634
863
768
912
967
962
710
460
127
335
994
566
163
200
430
1047
192
298
345
529
933
239
480
502
327
865
504
76
120
58
158
52
141
205
439
318
823
736
1041
707
384
78
150
761
665
44
488
671
30
869
902
528
628
809
575
290
961
561
1043
65
377
454
135
92
531
828
103
667
293
631
1001
969
739
32
907
93
708
300
123
292
958
34
609
70
411
42
919
716
483
493
101
948
923
435
873
936
1020
803
993
1046
901
81
276
611
589
466
19
585
767
394
393
928
347
43
216
326
390
45
679
291
249
987
792
281
285
540
1048
649
963
960
511
820
986
691
172
464
978
72
494
386
883
162
296
1064
557
182
48
264
626
596
920
193
338
287
670
652
442
537
554
253
383
446
834
102
1058
66
702
1029
278
455
929
1022
638
995
746
183
299
654
877
167
521
908
136
990
942
145
252
91
397
270
15
84
211
548
513
263
979
632
354
265
206
371
26
930
274
166
50
726
