173
356
202
745
656
873
113
739
60
133
586
571
538
987
480
522
424
694
758
902
612
246
56
79
33
373
839
928
227
87
759
467
41
81
253
0
194
491
733
410
864
636
667
1054
42
521
660
545
516
61
714
213
114
147
182
7
512
950
68
681
762
293
341
646
353
292
779
462
496
404
508
933
458
666
159
251
14
24
1000
280
692
710
775
1062
374
625
1076
1037
401
268
1032
727
225
371
32
276
918
915
365
1051
460
58
905
820
883
665
677
184
23
279
392
372
619
771
1050
824
1018
170
444
463
299
594
174
944
359
220
317
614
269
643
494
49
451
474
302
471
112
284
856
366
490
610
872
916
1003
486
85
1052
198
986
1042
861
84
493
650
542
728
348
632
547
533
