1.043070912361145,0.9450000524520874,1.121564507484436
1.0270800590515137,0.9700000286102295,1.0685957670211792
1.024999976158142,0.9750000238418579,1.1621896028518677
1.0363308191299438,0.9550000429153442,1.0756269693374634
1.024999976158142,0.9750000238418579,1.0337519645690918
1.024999976158142,0.9750000238418579,1.0456271171569824
1.024999976158142,0.9750000238418579,1.0314081907272339
1.0375635623931885,0.9550000429153442,1.2287520170211792
1.0398849248886108,0.9350000619888306,1.790626883506775
1.024999976158142,0.9750000238418579,1.0718770027160645
1.0450153350830078,0.9450000524520874,1.6031270027160645
1.0424572229385376,0.9500000476837158,1.6451581716537476
1.032700777053833,0.9500000476837158,1.4128144979476929
1.024999976158142,0.9750000238418579,1.0379706621170044
1.024999976158142,0.9750000238418579,1.0442206859588623
1.0422639846801758,0.9500000476837158,1.2254706621170044
1.024999976158142,0.9750000238418579,1.0226582288742065
1.024999976158142,0.9750000238418579,1.0351582765579224
1.024999976158142,0.9750000238418579,1.056408166885376
1.024999976158142,0.9750000238418579,1.0385956764221191
1.024999976158142,0.9750000238418579,1.0371893644332886
1.0275804996490479,0.9700000286102295,1.1045331954956055
1.024999976158142,0.9750000238418579,1.0243769884109497
1.024999976158142,0.9750000238418579,1.0451582670211792
1.0354321002960205,0.9550000429153442,1.1665644645690918
1.024999976158142,0.9750000238418579,1.0254708528518677
1.0404902696609497,0.9500000476837158,1.0729707479476929
1.024999976158142,0.9750000238418579,1.032658338546753
1.024999976158142,0.9750000238418579,1.0279706716537476
1.0363308191299438,0.9550000429153442,1.0712519884109497
1.024999976158142,0.9750000238418579,1.0425019264221191
1.024999976158142,0.9750000238418579,1.0139081478118896
