1.0799999237060547,0.9890000820159912,1.128000259399414
1.0699999332427979,0.9940000772476196,1.128000020980835
1.2300000190734863,0.9950000643730164,1.1279996633529663
1.1220000982284546,0.9910001158714294,1.1280001401901245
1.034000039100647,0.9950000643730164,1.128000020980835
1.0770001411437988,0.9950000643730164,1.128000020980835
1.0730000734329224,0.9950000643730164,1.1279999017715454
1.1370000839233398,0.9910000562667847,1.1280001401901245
1.3799999952316284,0.987000048160553,1.128000020980835
1.0880000591278076,0.9950000643730164,1.1279995441436768
1.4270001649856567,0.9890000820159912,1.1279999017715454
1.2600001096725464,0.9900000691413879,1.1279997825622559
1.2530001401901245,0.9900001287460327,1.128000020980835
1.062000036239624,0.9950000643730164,1.1279997825622559
1.0469999313354492,0.9950000643730164,1.1279997825622559
1.1080001592636108,0.9900000095367432,1.1280001401901245
1.0460001230239868,0.9950000643730164,1.1279997825622559
1.0480000972747803,0.9950000643730164,1.128000259399414
1.090000033378601,0.9950000643730164,1.1279999017715454
1.0540000200271606,0.9950000643730164,1.128000020980835
1.0549999475479126,0.9950000643730164,1.128000259399414
1.0709999799728394,0.9940000772476196,1.1279999017715454
1.0529998540878296,0.9950000643730164,1.128000020980835
1.0499998331069946,0.9950000643730164,1.128000259399414
1.0579999685287476,0.9910000562667847,1.1279999017715454
1.024999976158142,0.9950000643730164,1.1279999017715454
1.0449999570846558,0.9900001287460327,1.128000020980835
1.0390000343322754,0.9950000643730164,1.128000020980835
1.0290000438690186,0.9950000643730164,1.1279997825622559
1.0470000505447388,0.9910001158714294,1.1279997825622559
1.0320000648498535,0.9950000643730164,1.1279997825622559
1.027000069618225,0.9950000643730164,1.1279997825622559
