1.095000147819519,0.9910001158714294,3.000005006790161
1.1899999380111694,0.9910001158714294,2.9999923706054688
2.0350000858306885,0.9769999980926514,2.999995470046997
1.251999855041504,0.9930000901222229,3.0000014305114746
1.2029999494552612,0.9920001029968262,2.999995470046997
1.1959999799728394,0.9900000095367432,3.0000057220458984
1.1480000019073486,0.9900000691413879,3.0000016689300537
1.1459999084472656,0.9920000433921814,3.0000057220458984
1.2339999675750732,0.9900000095367432,3.0000057220458984
1.2670000791549683,0.9860000610351562,3.0000033378601074
1.1129999160766602,0.9879999756813049,3.0000059604644775
1.2120001316070557,0.9900001287460327,3.0000011920928955
1.3939999341964722,0.9900001287460327,3.0000040531158447
1.2739999294281006,0.984000027179718,3.0000061988830566
1.305999994277954,0.984000027179718,2.999997138977051
5.213000297546387,0.9340000152587891,3.00000262260437
1.3779999017715454,0.9910000562667847,3.00000262260437
1.0730000734329224,0.9940000772476196,3.0000061988830566
1.2629998922348022,0.9880000352859497,3.0000014305114746
1.0579999685287476,0.9950000643730164,3.0000057220458984
1.0809999704360962,0.9950000643730164,3.0000057220458984
1.0910000801086426,0.9950000643730164,3.0000059604644775
1.1360000371932983,0.9930000901222229,3.0000014305114746
1.2280000448226929,0.9950000643730164,3.0
1.0819998979568481,0.9940000772476196,3.0000054836273193
2.7820003032684326,0.9679999351501465,3.000002861022949
1.2269999980926514,0.987000048160553,3.000002861022949
1.2369999885559082,0.987000048160553,3.0000014305114746
1.3209999799728394,0.9910000562667847,2.9999964237213135
1.4639999866485596,0.9839999675750732,3.0000014305114746
1.0730000734329224,0.9930000901222229,3.0000052452087402
1.5120000839233398,0.9900000691413879,2.9999983310699463
1.4539999961853027,0.9850000739097595,2.999997138977051
3.078000068664551,0.9649999737739563,2.9999940395355225
1.6039999723434448,0.9859999418258667,2.999990701675415
1.945000171661377,0.9809999465942383,3.0
2.619000196456909,0.9709999561309814,2.9999983310699463
1.195000171661377,0.9900001287460327,3.0000054836273193
1.2350000143051147,0.9900001287460327,3.0000014305114746
2.1450002193450928,0.965999960899353,2.9999988079071045
2.0929999351501465,0.9729999303817749,2.9999914169311523
1.2059999704360962,0.9890000224113464,3.0000011920928955
2.26200008392334,0.9760000109672546,2.9999918937683105
1.2120001316070557,0.9900000095367432,3.0000057220458984
1.2319998741149902,0.9890000820159912,2.9999969005584717
4.257999897003174,0.9420000314712524,3.0000014305114746
1.1690000295639038,0.9900001287460327,3.0000054836273193
1.1589999198913574,0.9930000901222229,3.0000040531158447
1.2139999866485596,0.9920001029968262,2.9999923706054688
1.2879999876022339,0.9829999804496765,3.0000011920928955
1.096000075340271,0.9950000643730164,3.0000059604644775
1.065000057220459,0.9930000305175781,3.0000059604644775
1.9739999771118164,0.968999981880188,3.0000030994415283
1.2289999723434448,0.9869999885559082,3.0000057220458984
1.3239998817443848,0.9860000610351562,2.9999966621398926
1.3360000848770142,0.987000048160553,3.0000040531158447
1.1869999170303345,0.9920000433921814,3.0000052452087402
1.0859999656677246,0.9940000772476196,3.0000059604644775
1.3190001249313354,0.9880000352859497,3.000004291534424
1.0269999504089355,0.9950000643730164,3.000004768371582
1.315000057220459,0.9850000143051147,3.0000009536743164
1.6950000524520874,0.9850000143051147,2.9999966621398926
1.2940000295639038,0.987000048160553,2.9999966621398926
1.2589999437332153,0.9930000901222229,3.000004291534424
1.306999921798706,0.9839999675750732,3.0000057220458984
1.1899999380111694,0.9940000772476196,2.999992847442627
1.128999948501587,0.9940000772476196,3.0000057220458984
1.9149999618530273,0.9850000143051147,2.9999969005584717
1.347000002861023,0.9900000095367432,3.0000014305114746
1.086999773979187,0.9950000643730164,3.0000061988830566
1.0529999732971191,0.9950000643730164,3.0000052452087402
1.1929999589920044,0.9950000643730164,2.999990701675415
1.2190001010894775,0.9869999885559082,3.0000057220458984
1.2410000562667847,0.9860000610351562,3.0000011920928955
1.1769999265670776,0.9930000305175781,3.00000262260437
1.2350000143051147,0.9930000901222229,2.999988079071045
1.680999994277954,0.984000027179718,2.9999990463256836
1.1319999694824219,0.9880000352859497,2.9999969005584717
1.0850000381469727,0.9940000772476196,2.9999966621398926
1.2810001373291016,0.9930000305175781,2.9999992847442627
1.3300001621246338,0.9900001287460327,2.999997138977051
1.16100013256073,0.9950000643730164,3.000005006790161
1.1330000162124634,0.9930000901222229,3.0000059604644775
1.2029999494552612,0.9950000643730164,2.999992847442627
1.3009999990463257,0.9839999675750732,3.0000014305114746
2.0310001373291016,0.9750000238418579,2.9999911785125732
1.0950000286102295,0.9950000643730164,3.0000059604644775
1.341999888420105,0.9900000095367432,3.0000009536743164
1.159000039100647,0.9950000643730164,3.000002145767212
1.0939998626708984,0.9950000643730164,3.0000057220458984
1.2139999866485596,0.9910000562667847,3.0000014305114746
1.1379998922348022,0.9920000433921814,3.0000064373016357
1.0910000801086426,0.9950000643730164,3.0000059604644775
1.030999779701233,0.9950000643730164,3.0000052452087402
1.2999999523162842,0.9900000691413879,2.999997138977051
1.225000023841858,0.9910001158714294,2.999992609024048
1.1039999723434448,0.9950000643730164,3.0000054836273193
1.1360000371932983,0.9920000433921814,3.0000061988830566
1.2010000944137573,0.9880000352859497,3.0000059604644775
1.0509999990463257,0.9950000643730164,3.0000057220458984
1.2160000801086426,0.9839999675750732,3.0000059604644775
1.2059999704360962,0.9869999885559082,3.0000059604644775
1.3170000314712524,0.9829999208450317,2.999997138977051
1.531999945640564,0.9779999852180481,2.999992609024048
1.1399998664855957,0.9900001287460327,3.0000054836273193
1.462999939918518,0.9799999594688416,2.999992847442627
4.023000240325928,0.9740000367164612,2.9999966621398926
1.7160000801086426,0.9750000238418579,3.000001907348633
1.1319999694824219,0.9910001158714294,3.0000052452087402
1.3609999418258667,0.9890000224113464,2.999999761581421
1.2570000886917114,0.9930000901222229,3.000001907348633
1.0670000314712524,0.9940000772476196,2.999997138977051
1.2180001735687256,0.9900000095367432,3.0000014305114746
1.225000023841858,0.9880000352859497,2.9999992847442627
1.1179999113082886,0.9920001029968262,3.0000059604644775
1.1389999389648438,0.9930000901222229,3.0000054836273193
1.2369999885559082,0.9890000820159912,3.0000040531158447
1.5510001182556152,0.9839999079704285,2.999997615814209
1.5780001878738403,0.9839999079704285,2.9999969005584717
1.0920000076293945,0.9950000643730164,3.0000054836273193
1.340999960899353,0.9900000691413879,2.9999992847442627
1.2840001583099365,0.9840000867843628,2.999995708465576
1.4780000448226929,0.9810000658035278,2.999999761581421
1.1260000467300415,0.9920001029968262,3.000005006790161
1.878000020980835,0.9709999561309814,2.9999923706054688
1.3539999723434448,0.9850000143051147,3.0000052452087402
1.3640002012252808,0.9940000772476196,2.999995231628418
2.2269999980926514,0.9839999079704285,2.999997138977051
2.265000104904175,0.981999933719635,2.999990701675415
1.1339999437332153,0.9950000643730164,2.9999969005584717
1.1480000019073486,0.9920001029968262,3.0000009536743164
1.5520001649856567,0.984000027179718,2.999997138977051
1.6610000133514404,0.9860000014305115,2.999993324279785
2.434000253677368,0.9700000286102295,2.999990701675415
1.2160000801086426,0.9869999885559082,3.0000011920928955
1.194000005722046,0.987000048160553,3.0000057220458984
1.5499999523162842,0.9760000109672546,3.0000040531158447
1.2710000276565552,0.9910000562667847,2.999992609024048
1.3000000715255737,0.9829999804496765,3.0000057220458984
1.3270000219345093,0.9849998950958252,3.0000014305114746
1.343999981880188,0.9849998950958252,3.0000011920928955
1.1820000410079956,0.9950000643730164,3.0000057220458984
1.3840000629425049,0.9900000095367432,3.0000009536743164
1.468000054359436,0.9930000901222229,2.999995470046997
1.3809999227523804,0.9820000529289246,3.00000262260437
1.4769999980926514,0.9859999418258667,3.000004768371582
1.3090001344680786,0.987000048160553,3.0000057220458984
1.0750000476837158,0.9930000901222229,3.0000054836273193
1.5529998540878296,0.9819999933242798,2.9999959468841553
1.1289998292922974,0.9930000901222229,3.0000057220458984
1.2419999837875366,0.9900000691413879,3.0000040531158447
1.2700001001358032,0.9910001158714294,3.000004291534424
1.1129999160766602,0.9950000643730164,3.0000052452087402
1.3300000429153442,0.9950000643730164,2.999988555908203
1.341999888420105,0.987000048160553,3.0000061988830566
1.1359999179840088,0.9920000433921814,3.0000057220458984
1.1049998998641968,0.9930000901222229,3.0000059604644775
1.1349999904632568,0.9940000772476196,3.000005006790161
1.2130000591278076,0.9860000014305115,3.0000011920928955
1.2100000381469727,0.9850000143051147,3.0000057220458984
1.3650000095367432,0.981999933719635,3.0000014305114746
1.511000156402588,0.9790000319480896,2.999999523162842
1.2689999341964722,0.9850000143051147,2.9999966621398926
1.1800000667572021,0.9880000948905945,2.999997138977051
1.1419999599456787,0.9880000352859497,3.0000052452087402
1.4639999866485596,0.9789999723434448,3.0000016689300537
1.5600000619888306,0.9809999465942383,3.00000262260437
1.385000228881836,0.9799999594688416,3.0000011920928955
1.3660000562667847,0.9900000691413879,2.999992847442627
1.3670001029968262,0.9829999804496765,2.9999923706054688
1.101000189781189,0.9930000305175781,3.0000059604644775
1.069000005722046,0.9950000643730164,3.0000054836273193
1.1439999341964722,0.9940000772476196,2.999997615814209
1.1510000228881836,0.9930000901222229,3.0000061988830566
1.1450001001358032,0.9920001029968262,3.0000061988830566
1.3990000486373901,0.9819999933242798,3.0
1.2720000743865967,0.9890000224113464,3.000004291534424
1.222000002861023,0.9829999804496765,3.0000059604644775
1.2910000085830688,0.9799999594688416,3.0000059604644775
1.0839999914169312,0.9950000643730164,3.0000059604644775
1.440999984741211,0.9900000691413879,2.9999983310699463
1.065000057220459,0.9950000643730164,3.0000057220458984
1.0609999895095825,0.9920001029968262,3.0000052452087402
1.1460000276565552,0.9890000224113464,3.0000009536743164
1.2009999752044678,0.9880000352859497,3.0000007152557373
1.749000072479248,0.9829999804496765,3.0000030994415283
1.0800001621246338,0.9909999966621399,3.0000054836273193
1.1589999198913574,0.9920001029968262,3.0000057220458984
1.194000005722046,0.9860000014305115,3.0000059604644775
1.4700000286102295,0.9830000400543213,3.0000009536743164
1.1959999799728394,0.9930000305175781,3.0000011920928955
1.915000081062317,0.9749999642372131,3.0
1.123000144958496,0.9930000901222229,3.0000059604644775
1.6200000047683716,0.9790000319480896,2.9999921321868896
1.1430000066757202,0.9940000772476196,3.0000016689300537
1.13100004196167,0.9950000643730164,2.9999966621398926
1.6129999160766602,0.9779999256134033,3.00000262260437
1.1060000658035278,0.9920001029968262,3.0000057220458984
1.5500000715255737,0.9859999418258667,3.0000040531158447
1.6679999828338623,0.9849998950958252,3.000004529953003
1.8280000686645508,0.9859999418258667,3.000000238418579
1.2040001153945923,0.984000027179718,3.0000061988830566
1.4520001411437988,0.9799999594688416,3.000004291534424
1.4019999504089355,0.9769999980926514,3.0000052452087402
1.087999939918518,0.9910000562667847,3.0000057220458984
1.2719999551773071,0.9940000772476196,2.999987840652466
1.156000018119812,0.9920000433921814,3.0000059604644775
1.056999921798706,0.9940000772476196,3.000005006790161
1.0549999475479126,0.9950000643730164,3.0000057220458984
2.809000015258789,0.972000002861023,2.9999959468841553
2.3350000381469727,0.9849998950958252,2.999999523162842
1.1060000658035278,0.9930000901222229,2.9999966621398926
1.305999994277954,0.9839999675750732,3.0000054836273193
1.1039999723434448,0.9900001287460327,3.0000057220458984
1.1629999876022339,0.9910000562667847,3.0000057220458984
1.4859999418258667,0.9709999561309814,3.0000059604644775
1.1330000162124634,0.9910000562667847,3.0000057220458984
1.2980000972747803,0.9910000562667847,2.999992609024048
1.3299999237060547,0.9829999804496765,2.999988079071045
1.3620001077651978,0.9930000901222229,2.9999964237213135
1.1760001182556152,0.9900000691413879,3.0000057220458984
1.1940001249313354,0.9920000433921814,3.0000011920928955
1.1090000867843628,0.9910001158714294,3.0000057220458984
1.3230000734329224,0.9869999885559082,2.9999969005584717
1.431999921798706,0.9799999594688416,2.9999923706054688
1.1820001602172852,0.9890000224113464,3.0000052452087402
1.1750000715255737,0.9870001077651978,3.0000059604644775
1.1490000486373901,0.9930000901222229,3.0000057220458984
1.127000093460083,0.9900000095367432,3.0000054836273193
1.2060000896453857,0.9860000014305115,3.000001907348633
1.1720001697540283,0.9900000691413879,2.9999969005584717
1.099000096321106,0.9950000643730164,3.0000057220458984
1.2300000190734863,0.9860000610351562,3.0000057220458984
1.2699998617172241,0.9859999418258667,3.0000054836273193
1.531000018119812,0.9879999756813049,2.99999737739563
1.3219999074935913,0.9880000352859497,2.9999985694885254
2.117000102996826,0.9819999933242798,3.0
1.0859999656677246,0.9930000901222229,3.000005006790161
1.0889999866485596,0.9890000820159912,3.0000059604644775
1.1950000524520874,0.9839999079704285,3.0000014305114746
1.437999963760376,0.9869999885559082,3.00000262260437
1.4240000247955322,0.9910001158714294,2.9999988079071045
1.3289998769760132,0.9920001029968262,2.9999938011169434
1.0820000171661377,0.9920001029968262,3.0000054836273193
1.0740001201629639,0.9930000305175781,3.0000057220458984
1.0469999313354492,0.9940000772476196,3.000005006790161
1.15500009059906,0.9860000014305115,3.000005006790161
1.4470000267028809,0.9800000190734863,3.0000011920928955
1.084999918937683,0.9880000352859497,3.000004768371582
1.1859999895095825,0.9890000224113464,3.0000064373016357
1.0800000429153442,0.9909999966621399,3.0000052452087402
1.1110000610351562,0.9910000562667847,3.0000057220458984
1.4470000267028809,0.9739999771118164,3.0000007152557373
1.100000023841858,0.9920001029968262,3.0000057220458984
1.253000020980835,0.9860000014305115,2.9999969005584717
1.2920001745224,0.9880000948905945,3.0000014305114746
1.3600000143051147,0.9850000739097595,2.9999959468841553
1.196000099182129,0.9900001287460327,2.999997138977051
1.1619999408721924,0.9839999675750732,3.000005006790161
1.0869998931884766,0.9940000772476196,3.0000059604644775
1.1330000162124634,0.9870001077651978,3.000005006790161
1.1029999256134033,0.9910000562667847,3.0000057220458984
1.2319999933242798,0.9950000643730164,2.9999990463256836
1.498000144958496,0.9860000014305115,2.9999988079071045
1.3220000267028809,0.9840000867843628,2.999998092651367
1.221000075340271,0.9910001158714294,2.999992847442627
1.0880000591278076,0.9940000772476196,3.0000061988830566
1.1030001640319824,0.9930000901222229,3.0000057220458984
1.1110000610351562,0.9950000643730164,2.9999985694885254
1.2460001707077026,0.9880000352859497,3.0000057220458984
1.287000060081482,0.9920000433921814,3.0
1.4010000228881836,0.9810000061988831,3.0000016689300537
1.1689999103546143,0.9900000095367432,3.0000061988830566
1.965999960899353,0.968999981880188,3.0
1.124000072479248,0.9920000433921814,3.0000057220458984
1.040000081062317,0.9950000643730164,3.0000059604644775
1.1290000677108765,0.9940000772476196,3.0000059604644775
1.1110000610351562,0.9930000305175781,3.0000057220458984
1.3889999389648438,0.9829999804496765,3.000002384185791
2.190999984741211,0.9679999947547913,2.9999985694885254
1.340999960899353,0.9930000901222229,3.0000040531158447
1.1779999732971191,0.9930000901222229,3.0000035762786865
1.159000039100647,0.9920001029968262,3.0000061988830566
1.5759999752044678,0.9789999723434448,2.9999940395355225
1.28000009059906,0.9869999885559082,3.000004291534424
1.1139999628067017,0.9950000643730164,3.0000016689300537
1.0969998836517334,0.9950000643730164,3.0000061988830566
1.5770000219345093,0.9739999771118164,3.000005006790161
1.1769999265670776,0.9909999966621399,3.0000054836273193
1.2540000677108765,0.9900000691413879,3.0000014305114746
1.2519999742507935,0.9860000014305115,3.0000061988830566
1.4750001430511475,0.984000027179718,2.999999523162842
1.3650001287460327,0.9800000786781311,2.99999737739563
1.53000009059906,0.9759999513626099,3.0000057220458984
1.0780000686645508,0.9940000772476196,3.0000054836273193
1.1729999780654907,0.9890000224113464,3.0000009536743164
1.0700000524520874,0.9910001158714294,3.0000052452087402
1.1159999370574951,0.9930000901222229,3.0000016689300537
1.4179998636245728,0.9869999289512634,2.9999945163726807
1.9580000638961792,0.966999888420105,2.9999964237213135
1.5860000848770142,0.9799999594688416,2.999999523162842
1.3500001430511475,0.9789999723434448,2.9999964237213135
1.2670000791549683,0.9940000772476196,3.0
1.215999960899353,0.9900000691413879,3.0000054836273193
1.2430000305175781,0.9860000610351562,2.99999737739563
1.1679998636245728,0.9920001029968262,3.0000007152557373
1.2200000286102295,0.9859999418258667,3.0000061988830566
1.2659997940063477,0.9890000224113464,2.999995708465576
1.3809998035430908,0.9800000190734863,3.000002861022949
1.3220000267028809,0.9880000352859497,3.0000057220458984
1.3359999656677246,0.9850000143051147,2.999992609024048
1.3840000629425049,0.9829999208450317,2.9999969005584717
1.5410001277923584,0.9780000448226929,3.0000035762786865
1.2440000772476196,0.9869999885559082,2.999992609024048
1.284999966621399,0.9900000095367432,3.0000011920928955
1.40500009059906,0.9860000014305115,2.9999942779541016
1.0480000972747803,0.9950000643730164,3.0000064373016357
1.363999843597412,0.9799999594688416,2.999988079071045
1.127000093460083,0.9900000691413879,3.0000057220458984
1.0789999961853027,0.9940000772476196,3.000001907348633
1.3990000486373901,0.9880000352859497,3.0000011920928955
1.2460001707077026,0.9910000562667847,2.999988079071045
1.1119999885559082,0.9920001029968262,3.0000054836273193
1.2450000047683716,0.9880000352859497,3.0000057220458984
1.1029999256134033,0.9900000691413879,3.0000009536743164
1.1290000677108765,0.9930000901222229,3.0000064373016357
1.1660001277923584,0.9920001029968262,3.0000059604644775
1.2310000658035278,0.9880000352859497,3.0000052452087402
1.1250001192092896,0.9930000901222229,3.0000052452087402
1.3639999628067017,0.9890000820159912,3.000004291534424
1.071000099182129,0.9950000643730164,3.0000011920928955
1.09499990940094,0.9950000643730164,3.0000059604644775
1.1340000629425049,0.9930000901222229,3.0000057220458984
1.2860000133514404,0.9849998950958252,3.0000057220458984
1.0800000429153442,0.9940000772476196,3.0000059604644775
1.2410000562667847,0.9940000772476196,2.999987840652466
1.1670000553131104,0.9940000772476196,3.0000014305114746
1.218000054359436,0.9850000143051147,3.0000057220458984
1.060999870300293,0.9950000643730164,3.0000054836273193
1.1089999675750732,0.9940000772476196,2.9999992847442627
1.127000093460083,0.9940000772476196,2.9999966621398926
1.0779999494552612,0.9950000643730164,3.0000061988830566
1.0679998397827148,0.9930000305175781,3.000004529953003
1.503000020980835,0.9900000691413879,3.000004291534424
1.3340001106262207,0.9950000643730164,2.999995708465576
1.100000023841858,0.9920000433921814,3.0000059604644775
1.1579999923706055,0.9880000352859497,3.0000061988830566
1.309000015258789,0.9880000352859497,2.999999761581421
1.6159999370574951,0.9820000529289246,2.999997854232788
1.2259999513626099,0.9869999885559082,3.0000059604644775
1.0980000495910645,0.9930000901222229,3.0000057220458984
1.3440001010894775,0.9890000224113464,2.9999935626983643
1.3399999141693115,0.9860000014305115,3.0000014305114746
1.3249999284744263,0.9880000352859497,3.0000040531158447
1.069000005722046,0.9950000643730164,3.0000054836273193
1.1010000705718994,0.9930000901222229,2.999997138977051
1.0429998636245728,0.9950000643730164,3.000005006790161
1.3819999694824219,0.9759999513626099,2.999992609024048
1.061000108718872,0.9940000772476196,3.0000057220458984
1.1150000095367432,0.9880000352859497,3.0000052452087402
1.0820001363754272,0.9880000352859497,3.000005006790161
1.0759999752044678,0.9900000095367432,3.0000059604644775
1.1089999675750732,0.9950000643730164,3.0000014305114746
1.1030000448226929,0.9930000305175781,2.9999969005584717
1.774999976158142,0.9820000529289246,2.9999923706054688
1.061000108718872,0.9950000643730164,3.0000059604644775
1.055999994277954,0.9950000643730164,3.0000054836273193
1.9610000848770142,0.9780000448226929,2.9999942779541016
1.350000023841858,0.9900001287460327,2.999999761581421
1.3410000801086426,0.9900001287460327,2.999999523162842
1.2750000953674316,0.9830000400543213,3.0000059604644775
1.1080000400543213,0.9890000820159912,3.0000054836273193
1.062999963760376,0.9920001029968262,3.000005006790161
1.1439999341964722,0.9910000562667847,3.0000016689300537
1.2660001516342163,0.9839999675750732,3.0000057220458984
1.2920000553131104,0.9910001158714294,2.9999988079071045
1.0500000715255737,0.9950000643730164,3.000005006790161
1.2200000286102295,0.9880000352859497,2.9999966621398926
1.08899986743927,0.9940000772476196,3.000001907348633
1.5230001211166382,0.9869999885559082,3.0000009536743164
1.1239999532699585,0.9890000224113464,3.0000054836273193
1.215999960899353,0.9850000143051147,3.0000014305114746
1.0729999542236328,0.9920001029968262,3.000004768371582
1.1480000019073486,0.9950000643730164,2.9999969005584717
1.3200000524520874,0.9890000224113464,2.9999938011169434
1.1299999952316284,0.9880000352859497,3.0000009536743164
1.084999918937683,0.9940000772476196,3.0000054836273193
1.902000069618225,0.9829999804496765,3.00000262260437
1.4459999799728394,0.9819999933242798,3.0000052452087402
1.2650001049041748,0.9880000352859497,2.999992609024048
1.1070001125335693,0.9890000224113464,3.0000059604644775
1.1369999647140503,0.9890000224113464,3.0000057220458984
1.2740000486373901,0.9799999594688416,3.0000016689300537
1.1749999523162842,0.9890000224113464,3.000001907348633
1.0679999589920044,0.9950000643730164,3.0000061988830566
1.0449999570846558,0.9930000901222229,3.000005006790161
1.093000054359436,0.9920001029968262,3.0000061988830566
1.1729999780654907,0.9910001158714294,2.99999737739563
1.1689999103546143,0.9900000691413879,2.999992847442627
1.1880000829696655,0.9880000948905945,2.99999737739563
1.1150000095367432,0.9869999289512634,3.0000054836273193
1.25600004196167,0.9950000643730164,2.9999983310699463
1.1159999370574951,0.9930000305175781,3.0000052452087402
1.1209999322891235,0.9950000643730164,3.0000057220458984
1.0980000495910645,0.9940000772476196,2.9999961853027344
1.034000039100647,0.9950000643730164,3.000004768371582
1.122999906539917,0.9920001029968262,3.000005006790161
1.1260000467300415,0.98499995470047,3.0000057220458984
1.0830000638961792,0.9920001029968262,3.0000009536743164
1.0339999198913574,0.9950000643730164,3.000005006790161
1.1110000610351562,0.9940000772476196,3.0000054836273193
1.1820000410079956,0.9879999756813049,3.0000052452087402
1.1370000839233398,0.9950000643730164,2.9999966621398926
1.1340000629425049,0.9890000224113464,3.0000054836273193
1.149999976158142,0.9920001029968262,2.99999737739563
1.070000171661377,0.9950000643730164,3.0000054836273193
1.3229999542236328,0.9849998950958252,2.9999964237213135
1.0779999494552612,0.9950000643730164,3.0000057220458984
1.0489999055862427,0.9930000901222229,3.0000052452087402
1.187999963760376,0.9900001287460327,3.0000052452087402
1.1190000772476196,0.9920000433921814,3.0000054836273193
1.1959999799728394,0.9950000643730164,2.999997854232788
1.1159999370574951,0.9890000820159912,2.999997138977051
1.124000072479248,0.9930000901222229,2.999997138977051
1.0550000667572021,0.9940000772476196,3.0000054836273193
1.1119999885559082,0.9900000691413879,3.0000057220458984
1.1799999475479126,0.9900001287460327,3.0000016689300537
1.40500009059906,0.9819999933242798,2.999997854232788
1.0570000410079956,0.9950000643730164,3.0000052452087402
1.1719998121261597,0.9900000095367432,2.999995470046997
1.1950000524520874,0.9910001158714294,3.0000011920928955
1.1249998807907104,0.9890000224113464,3.0000059604644775
1.1640000343322754,0.9900000691413879,2.999997138977051
1.13100004196167,0.9890000820159912,2.999997138977051
1.2610000371932983,0.9840000867843628,2.9999969005584717
1.3219999074935913,0.9880000352859497,2.999998092651367
1.1729999780654907,0.9850000739097595,3.0000052452087402
1.100000023841858,0.9890000224113464,3.0000054836273193
1.090999960899353,0.9920001029968262,3.0000061988830566
1.1469999551773071,0.9869999885559082,3.000004768371582
1.2209999561309814,0.9900000691413879,3.0000057220458984
1.0820000171661377,0.9930000901222229,3.0000061988830566
1.1390000581741333,0.9920000433921814,2.9999964237213135
1.1169999837875366,0.9950000643730164,3.0000038146972656
1.0959999561309814,0.9950000643730164,3.0000014305114746
1.0820000171661377,0.9930000901222229,3.0000054836273193
1.090000033378601,0.9900000691413879,3.0000057220458984
1.0479999780654907,0.9940000772476196,3.000004768371582
1.1119999885559082,0.9930000901222229,2.9999969005584717
1.1009999513626099,0.9920001029968262,3.0000057220458984
1.222999930381775,0.9879999756813049,2.999992609024048
1.2739999294281006,0.9850000739097595,2.9999990463256836
1.1080001592636108,0.9900000691413879,2.9999966621398926
1.0519999265670776,0.9950000643730164,3.0000057220458984
1.1540000438690186,0.987000048160553,2.9999969005584717
1.1079999208450317,0.9940000772476196,3.0000059604644775
1.1339999437332153,0.9890000820159912,3.0000059604644775
1.3050000667572021,0.9890000820159912,3.0000030994415283
1.065999984741211,0.9950000643730164,3.000004768371582
1.09499990940094,0.9889999628067017,3.000005006790161
1.1399998664855957,0.9880000352859497,3.0000057220458984
1.1639999151229858,0.9879999756813049,3.0000059604644775
1.1100000143051147,0.9910000562667847,3.0000054836273193
1.0839999914169312,0.9910001158714294,3.0000057220458984
1.0729999542236328,0.9930000901222229,3.0000059604644775
1.1009998321533203,0.9920000433921814,3.0000064373016357
1.1030000448226929,0.9940000772476196,3.0000011920928955
1.0490000247955322,0.9940000772476196,3.0000059604644775
1.0859999656677246,0.9930000901222229,3.000005006790161
1.1920000314712524,0.9880000352859497,3.0000059604644775
1.0469999313354492,0.9940000772476196,3.000005006790161
1.1700000762939453,0.9900001287460327,2.9999969005584717
1.1710000038146973,0.987000048160553,2.9999966621398926
1.0819998979568481,0.9920000433921814,3.000005006790161
1.0759998559951782,0.9930000901222229,3.0000014305114746
1.1090000867843628,0.9900000691413879,3.0000054836273193
1.0889999866485596,0.9950000643730164,2.999999761581421
1.1089999675750732,0.9910000562667847,3.0000054836273193
1.0839999914169312,0.9940000772476196,3.0000057220458984
1.057999849319458,0.9950000643730164,3.0000054836273193
1.0699999332427979,0.9890000820159912,3.000004768371582
1.1030000448226929,0.9900001287460327,3.0000054836273193
1.058000087738037,0.9950000643730164,3.0000052452087402
1.0820000171661377,0.9900001287460327,3.000004768371582
1.0850000381469727,0.9880000352859497,3.0000052452087402
1.1519999504089355,0.9880000352859497,3.000005006790161
1.0649999380111694,0.9950000643730164,3.000005006790161
1.128999948501587,0.9930000901222229,3.0000057220458984
1.1029999256134033,0.9880000352859497,3.0000054836273193
1.0540000200271606,0.9930000901222229,3.0000052452087402
1.027999997138977,0.9940000772476196,3.0000052452087402
1.0770000219345093,0.9930000901222229,3.0000057220458984
1.061000108718872,0.9950000643730164,3.0000052452087402
1.2079999446868896,0.9950000643730164,2.999997138977051
1.0360000133514404,0.9950000643730164,3.0000057220458984
1.0340001583099365,0.9950000643730164,3.000004768371582
1.1179999113082886,0.9869999885559082,3.0000057220458984
1.0399999618530273,0.9940000772476196,3.000005006790161
1.0679999589920044,0.9910001158714294,3.000005006790161
1.040000081062317,0.9909999966621399,3.000004768371582
