39
216
449
32
191
267
471
146
405
340
15
335
232
69
279
203
219
3
369
24
178
7
73
313
462
356
260
285
213
427
497
318
52
332
93
331
328
306
496
94
131
406
408
4
169
227
181
128
35
235
339
378
157
145
214
308
418
464
286
281
50
40
62
287
120
125
135
83
11
394
79
296
12
113
43
142
396
494
10
28
1
247
198
57
513
478
54
17
46
523
134
71
222
375
108
228
398
432
489
122
238
278
487
512
290
511
193
315
77
138
22
376
115
165
248
348
361
103
294
483
144
481
58
292
183
150
237
148
147
140
351
274
399
437
111
509
319
510
253
250
307
92
6
210
422
310
316
485
277
153
8
254
368
488
379
402
188
42
34
322
440
189
321
225
223
243
395
160
324
514
438
48
367
444
469
200
467
9
97
199
161
101
75
102
180
384
506
466
391
482
143
334
90
242
527
205
63
465
81
439
259
269
168
116
25
266
264
175
403
350
60
463
270
99
190
473
206
458
80
170
515
195
224
400
517
51
325
359
56
105
47
283
74
288
246
363
36
154
302
500
358
86
431
70
457
401
407
303
393
293
525
249
493
480
265
275
164
30
423
352
233
447
459
231
