1.0959999561309814,0.9910001158714294,1.128000259399414
1.063999891281128,0.9950000643730164,1.1280001401901245
1.2480000257492065,0.9950000643730164,1.1279995441436768
1.121000051498413,0.9920001029968262,1.1280001401901245
1.031000018119812,0.9960000514984131,1.1279999017715454
1.0740001201629639,0.9960000514984131,1.1280001401901245
1.068000078201294,0.9960000514984131,1.1279999017715454
1.1850000619888306,0.9910000562667847,1.1280001401901245
1.36899995803833,0.9900000691413879,1.1280001401901245
1.102000117301941,0.9950000643730164,1.1279996633529663
1.414000153541565,0.9910000562667847,1.128000020980835
1.255000114440918,0.9910000562667847,1.128000020980835
1.287000060081482,0.9900001287460327,1.128000020980835
1.0850000381469727,0.9950000643730164,1.1279997825622559
1.0469999313354492,0.9960000514984131,1.1279996633529663
1.1070001125335693,0.9909999966621399,1.1280001401901245
1.0620001554489136,0.9950000643730164,1.1279997825622559
1.0690001249313354,0.9950000643730164,1.128000259399414
1.0759999752044678,0.9960000514984131,1.1279999017715454
1.0509999990463257,0.9960000514984131,1.128000020980835
1.0549999475479126,0.9960000514984131,1.1280001401901245
1.0549999475479126,0.9960000514984131,1.128000020980835
1.0499998331069946,0.9960000514984131,1.128000020980835
1.0459998846054077,0.9960000514984131,1.128000259399414
1.0540000200271606,0.9920000433921814,1.1279999017715454
1.024999976158142,0.9960000514984131,1.1279999017715454
1.0509998798370361,0.9910001158714294,1.128000020980835
1.0360000133514404,0.9960000514984131,1.128000020980835
1.027000069618225,0.9960000514984131,1.1279997825622559
1.0460000038146973,0.9920001029968262,1.1279997825622559
1.0260000228881836,0.9960000514984131,1.1279997825622559
1.027000069618225,0.9960000514984131,1.1279997825622559
