428
6326
2819
9486
8498
3449
1179
902
5638
1126
3243
1460
742
7091
6376
2540
4963
2375
8085
7419
13
5416
1098
4899
1108
1828
3539
7892
9722
7357
3671
499
4589
5987
8154
6603
4481
5764
8101
574
6222
7594
7611
4254
3355
6995
9206
4927
6036
1889
10548
3778
9381
5182
8636
8533
4322
5969
2228
10158
2525
4519
318
7013
10375
1950
695
3555
3826
10383
9097
9091
9443
6795
2301
7289
7901
3755
7965
10209
9293
1499
982
8189
9321
4080
10390
1487
2826
4074
8065
126
5406
2626
4807
957
7651
7661
6120
1515
9629
8468
4180
6244
1170
5234
9296
4872
1644
8580
5639
3943
7140
809
10572
8756
4154
9569
692
10277
2942
1885
389
206
8475
5741
7307
10567
1589
1610
8329
4694
4079
5657
385
10337
9379
8710
2027
485
3406
8744
6277
3020
5610
9031
7322
2261
7864
1142
3687
3521
8452
6519
56
10454
2446
5344
9819
609
3246
4431
10574
4119
390
1650
4358
10458
5162
9529
3087
138
4505
150
1414
6701
6843
2323
8725
3812
3773
8242
5806
4045
8008
2508
9742
6950
8269
9355
9327
7323
1019
6094
8978
7463
2907
3127
7489
6691
2513
5615
9009
10196
3587
4292
1666
4629
2291
821
455
7787
9273
6649
1751
2545
1047
7436
5585
2222
8263
383
7871
3565
2969
5512
4719
8559
1006
765
5284
6300
4947
1059
1540
1847
4643
597
2898
4456
2214
8068
5146
2776
5880
8575
6583
6484
1745
5558
8944
553
2038
9220
9113
9188
1832
4549
10237
9343
1636
7464
10425
4826
9135
2207
562
5292
4708
7513
2402
6284
674
251
2963
9761
2164
8549
9111
5872
6862
1093
4141
7554
6304
7133
7325
9415
4569
9514
9966
6318
10092
10323
1667
7900
6193
2793
1986
9035
3829
5007
7298
8994
10609
10189
1062
489
1605
4146
8127
3569
7916
1598
5534
7839
1674
4299
6751
10421
10517
3941
7389
508
9724
7825
8558
3927
6681
2983
8202
4921
3219
3664
85
2869
3036
7078
8832
1135
8581
7609
2298
1947
6159
9397
733
7246
5561
10490
6559
2960
74
10314
4824
1374
8648
8799
7865
9716
2607
3217
1319
420
762
436
3924
6327
9863
6688
7828
8037
9705
9833
4412
5826
9231
1634
1194
2266
8867
2153
9660
474
10587
10088
2392
4106
638
657
7816
4339
5351
5617
10193
10241
6130
4781
2409
10306
6150
4949
9130
3270
2081
8355
798
9758
7296
5327
932
8132
6027
6226
7380
10360
4953
4129
7454
10118
1288
3608
4894
8343
6915
1929
4471
1468
8285
1725
3697
6274
5184
8171
8484
2921
5903
7058
3591
625
4333
5900
2229
5443
3195
9484
5628
8046
7143
4795
8734
975
5796
10414
745
9530
3295
8414
3613
4416
2087
9780
3667
10218
7785
8186
7622
1529
3421
6589
1865
8170
3019
6450
6538
226
8109
4833
6200
2893
7142
9699
10443
5163
2877
8502
9218
9015
7740
1089
2657
7659
9306
5057
64
2976
4406
8959
3861
994
6422
235
6747
8348
7580
6962
6533
7286
1630
8890
9438
689
2031
6634
1609
4105
10044
7686
9782
2495
2296
379
6849
153
899
1390
1957
9944
9893
267
3894
