1.0980000495910645,0.9910001158714294,3.0000052452087402
1.1929999589920044,0.9910001158714294,2.999992609024048
2.072000026702881,0.9769999980926514,2.9999914169311523
1.2549998760223389,0.9930000901222229,3.0000016689300537
1.222999930381775,0.9920001029968262,2.999995470046997
1.1979999542236328,0.9900000095367432,3.0000057220458984
1.1489999294281006,0.9900000691413879,3.0000016689300537
1.1529998779296875,0.9920000433921814,3.0000057220458984
1.246999979019165,0.9900000095367432,3.0000059604644775
1.2750000953674316,0.9860000610351562,3.0000035762786865
1.1149998903274536,0.9879999756813049,3.0000059604644775
1.2590000629425049,0.9900001287460327,3.0000009536743164
1.462999939918518,0.9900001287460327,3.000002861022949
1.309999942779541,0.984000027179718,3.0000064373016357
1.3899999856948853,0.984000027179718,2.9999969005584717
5.719000339508057,0.9340000152587891,3.000002861022949
1.3889999389648438,0.9910000562667847,3.000002145767212
1.0780000686645508,0.9940000772476196,3.0000064373016357
1.277999997138977,0.9880000352859497,3.0000014305114746
1.059999942779541,0.9950000643730164,3.0000057220458984
1.0809999704360962,0.9950000643730164,3.0000057220458984
1.099000096321106,0.9950000643730164,3.0000057220458984
1.1579999923706055,0.9930000901222229,3.0000011920928955
1.2300001382827759,0.9950000643730164,2.999997138977051
1.0829998254776,0.9940000772476196,3.0000052452087402
2.8390002250671387,0.9679999351501465,3.0000030994415283
1.2289999723434448,0.987000048160553,3.000002384185791
1.2450000047683716,0.987000048160553,3.0000014305114746
1.3250000476837158,0.9910000562667847,2.9999964237213135
1.4739999771118164,0.9839999675750732,3.0000014305114746
1.0820000171661377,0.9930000901222229,3.0000052452087402
1.540000081062317,0.9900000691413879,2.9999983310699463
1.5210000276565552,0.9850000739097595,2.9999969005584717
3.2300000190734863,0.9649999737739563,2.9999940395355225
1.6640000343322754,0.9859999418258667,2.999990940093994
1.9820001125335693,0.9809999465942383,3.0
2.6710000038146973,0.9709999561309814,2.9999985694885254
1.1930001974105835,0.9900001287460327,3.0000054836273193
1.2370001077651978,0.9900001287460327,3.0000014305114746
2.18500018119812,0.965999960899353,2.9999988079071045
2.1500000953674316,0.9729999303817749,2.9999914169311523
1.212999939918518,0.9890000224113464,3.0000014305114746
2.365000009536743,0.9760000109672546,2.999995470046997
1.220000147819519,0.9900000095367432,3.0000057220458984
1.2379999160766602,0.9890000820159912,2.9999969005584717
4.627999782562256,0.9420000314712524,3.0000011920928955
1.190999984741211,0.9900001287460327,3.0000057220458984
1.1920000314712524,0.9930000901222229,3.0000057220458984
1.2389999628067017,0.9920001029968262,2.999988317489624
1.3350000381469727,0.9829999804496765,2.9999966621398926
1.096000075340271,0.9950000643730164,3.0000059604644775
1.065000057220459,0.9930000305175781,3.0000059604644775
2.0239999294281006,0.968999981880188,3.000002861022949
1.2300000190734863,0.9869999885559082,3.0000057220458984
1.3329999446868896,0.9860000610351562,2.9999969005584717
1.3620001077651978,0.987000048160553,3.0000038146972656
1.2079999446868896,0.9920000433921814,3.000005006790161
1.087999939918518,0.9940000772476196,3.0000059604644775
1.3230000734329224,0.9880000352859497,3.000004291534424
1.028999924659729,0.9950000643730164,3.000004768371582
1.318000078201294,0.9850000143051147,3.0000011920928955
1.7319999933242798,0.9850000143051147,2.9999966621398926
1.3310000896453857,0.987000048160553,2.999997138977051
1.2599999904632568,0.9930000901222229,3.000004291534424
1.3189998865127563,0.9839999675750732,3.0000054836273193
1.2079999446868896,0.9940000772476196,2.999992609024048
1.1610000133514404,0.9940000772476196,3.0000011920928955
1.9240000247955322,0.9850000143051147,2.9999969005584717
1.3550000190734863,0.9900000095367432,3.0000014305114746
1.0879998207092285,0.9950000643730164,3.0000061988830566
1.0540000200271606,0.9950000643730164,3.0000052452087402
1.1949999332427979,0.9950000643730164,2.999990701675415
1.2360000610351562,0.9869999885559082,3.0000059604644775
1.2540000677108765,0.9860000610351562,3.0000009536743164
1.188999891281128,0.9930000305175781,3.00000262260437
1.2369999885559082,0.9930000901222229,2.999988317489624
1.7339999675750732,0.984000027179718,2.9999990463256836
1.1349999904632568,0.9880000352859497,2.9999969005584717
1.0870000123977661,0.9940000772476196,2.9999966621398926
1.2960001230239868,0.9930000305175781,2.9999992847442627
1.3360000848770142,0.9900001287460327,2.999997138977051
1.1640000343322754,0.9950000643730164,3.0000052452087402
1.1370000839233398,0.9930000901222229,3.0000057220458984
1.2039999961853027,0.9950000643730164,2.999995231628418
1.315999984741211,0.9839999675750732,3.0000011920928955
2.0910000801086426,0.9750000238418579,2.999988079071045
1.0980000495910645,0.9950000643730164,3.0000059604644775
1.345999836921692,0.9900000095367432,3.0000007152557373
1.1910001039505005,0.9950000643730164,3.0000038146972656
1.1019998788833618,0.9950000643730164,3.0000059604644775
1.2850000858306885,0.9910000562667847,3.0000040531158447
1.1429998874664307,0.9920000433921814,3.0000064373016357
1.095000147819519,0.9950000643730164,3.0000061988830566
1.030999779701233,0.9950000643730164,3.0000052452087402
1.3019999265670776,0.9900000691413879,2.999997138977051
1.2300000190734863,0.9910001158714294,2.999992609024048
1.1130000352859497,0.9950000643730164,3.0000052452087402
1.156000018119812,0.9920000433921814,3.0000059604644775
1.225000023841858,0.9880000352859497,3.0000061988830566
1.0519999265670776,0.9950000643730164,3.0000057220458984
1.2260000705718994,0.9839999675750732,3.0000059604644775
1.2170000076293945,0.9869999885559082,3.0000057220458984
1.3580000400543213,0.9829999208450317,2.999997138977051
1.600000023841858,0.9779999852180481,2.999992609024048
1.1449998617172241,0.9900001287460327,3.0000054836273193
1.4980000257492065,0.9799999594688416,2.999992609024048
4.090000152587891,0.9740000367164612,2.9999966621398926
1.8350000381469727,0.9750000238418579,3.000001907348633
1.1380000114440918,0.9910001158714294,3.0000054836273193
1.3939999341964722,0.9890000224113464,2.999999761581421
1.2850000858306885,0.9930000901222229,3.000002145767212
1.0700000524520874,0.9940000772476196,3.0000016689300537
1.2210001945495605,0.9900000095367432,3.0000014305114746
1.2969999313354492,0.9880000352859497,2.9999992847442627
1.1239999532699585,0.9920001029968262,3.0000059604644775
1.1610000133514404,0.9930000901222229,3.0000057220458984
1.2669999599456787,0.9890000820159912,3.0000040531158447
1.5870000123977661,0.9839999079704285,2.999997615814209
1.6060001850128174,0.9839999079704285,2.999997138977051
1.0940001010894775,0.9950000643730164,3.0000054836273193
1.3669999837875366,0.9900000691413879,3.0000040531158447
1.3190001249313354,0.9840000867843628,2.999995708465576
1.4820001125335693,0.9810000658035278,2.999999761581421
1.1390000581741333,0.9920001029968262,3.0000052452087402
1.9490000009536743,0.9709999561309814,2.9999921321868896
1.3819999694824219,0.9850000143051147,3.000005006790161
1.3720002174377441,0.9940000772476196,2.999995231628418
2.3580000400543213,0.9839999079704285,2.999997138977051
2.367000102996826,0.981999933719635,2.999990940093994
1.1369999647140503,0.9950000643730164,2.9999969005584717
1.1579999923706055,0.9920001029968262,3.0000009536743164
1.5540001392364502,0.984000027179718,2.999997138977051
1.6710001230239868,0.9860000014305115,2.9999935626983643
2.5470001697540283,0.9700000286102295,2.999987840652466
1.2620000839233398,0.9869999885559082,2.9999966621398926
1.193000078201294,0.987000048160553,3.0000057220458984
1.6959999799728394,0.9760000109672546,3.0000054836273193
1.2790000438690186,0.9910000562667847,2.999992609024048
1.3550000190734863,0.9829999804496765,3.0000011920928955
1.3420000076293945,0.9849998950958252,3.0000014305114746
1.3589999675750732,0.9849998950958252,3.0000011920928955
1.190999984741211,0.9950000643730164,3.0000057220458984
1.3870000839233398,0.9900000095367432,3.0000009536743164
1.5070000886917114,0.9930000901222229,2.999995231628418
1.3860000371932983,0.9820000529289246,3.000002384185791
1.5099999904632568,0.9859999418258667,3.000004529953003
1.3260000944137573,0.987000048160553,3.0000059604644775
1.0870000123977661,0.9930000901222229,3.0000054836273193
1.5939998626708984,0.9819999933242798,2.999995708465576
1.1399998664855957,0.9930000901222229,3.0000057220458984
1.277999997138977,0.9900000691413879,3.0000040531158447
1.2880001068115234,0.9910001158714294,3.0000040531158447
1.1159999370574951,0.9950000643730164,3.000005006790161
1.3420000076293945,0.9950000643730164,2.999988317489624
1.3529998064041138,0.987000048160553,3.0000061988830566
1.1430000066757202,0.9920000433921814,3.0000057220458984
1.1119999885559082,0.9930000901222229,3.0000057220458984
1.1349999904632568,0.9940000772476196,3.000005006790161
1.215000033378601,0.9860000014305115,3.0000011920928955
1.2120001316070557,0.9850000143051147,3.0000059604644775
1.3840000629425049,0.981999933719635,3.0000016689300537
1.537000060081482,0.9790000319480896,2.9999992847442627
1.2839999198913574,0.9850000143051147,2.9999964237213135
1.1829999685287476,0.9880000948905945,2.999997138977051
1.1579999923706055,0.9880000352859497,3.0000054836273193
1.4759999513626099,0.9789999723434448,3.0000016689300537
1.5950000286102295,0.9809999465942383,3.000002861022949
1.4060001373291016,0.9799999594688416,3.0000009536743164
1.378000020980835,0.9900000691413879,2.999992847442627
1.408000111579895,0.9829999804496765,2.9999923706054688
1.102000117301941,0.9930000305175781,3.0000061988830566
1.0740000009536743,0.9950000643730164,3.0000052452087402
1.1449999809265137,0.9940000772476196,2.999997615814209
1.1740000247955322,0.9930000901222229,3.0000059604644775
1.1470000743865967,0.9920001029968262,3.0000059604644775
1.415000081062317,0.9819999933242798,2.999999761581421
1.277000069618225,0.9890000224113464,3.0000040531158447
1.2259999513626099,0.9829999804496765,3.0000059604644775
1.3300000429153442,0.9799999594688416,3.000001907348633
1.0920000076293945,0.9950000643730164,3.0000061988830566
1.444000005722046,0.9900000691413879,2.9999983310699463
1.068000078201294,0.9950000643730164,3.0000057220458984
1.0670000314712524,0.9920001029968262,3.0000054836273193
1.1480000019073486,0.9890000224113464,3.0000009536743164
1.2100000381469727,0.9880000352859497,3.000000476837158
1.7829999923706055,0.9829999804496765,3.000002861022949
1.0810000896453857,0.9909999966621399,3.0000052452087402
1.1589999198913574,0.9920001029968262,3.0000057220458984
1.2120000123977661,0.9860000014305115,3.0000057220458984
1.4920001029968262,0.9830000400543213,3.0000054836273193
1.2319999933242798,0.9930000305175781,3.0000009536743164
1.965000033378601,0.9749999642372131,3.0000040531158447
1.1210001707077026,0.9930000901222229,3.0000054836273193
1.6480000019073486,0.9790000319480896,2.9999921321868896
1.1500000953674316,0.9940000772476196,3.0000014305114746
1.1339999437332153,0.9950000643730164,2.9999969005584717
1.6480000019073486,0.9779999256134033,3.00000262260437
1.1260000467300415,0.9920001029968262,3.0000057220458984
1.5560001134872437,0.9859999418258667,3.0000038146972656
1.690000057220459,0.9849998950958252,3.000004529953003
1.8280000686645508,0.9859999418258667,3.000000238418579
1.220000147819519,0.984000027179718,3.0000061988830566
1.4790000915527344,0.9799999594688416,3.0000040531158447
1.4210000038146973,0.9769999980926514,3.0000052452087402
1.0959999561309814,0.9910000562667847,3.0000057220458984
1.2760000228881836,0.9940000772476196,2.9999921321868896
1.1760001182556152,0.9920000433921814,3.0000059604644775
1.059999942779541,0.9940000772476196,3.000005006790161
1.0699999332427979,0.9950000643730164,3.0000057220458984
2.952000141143799,0.972000002861023,2.999995708465576
2.4260001182556152,0.9849998950958252,2.9999992847442627
1.1089999675750732,0.9930000901222229,2.9999964237213135
1.308000087738037,0.9839999675750732,3.0000054836273193
1.1050000190734863,0.9900001287460327,3.0000057220458984
1.1719999313354492,0.9910000562667847,3.0000057220458984
1.4980000257492065,0.9709999561309814,3.0000059604644775
1.1340000629425049,0.9910000562667847,3.0000057220458984
1.3360000848770142,0.9910000562667847,2.999992609024048
1.3339998722076416,0.9829999804496765,2.999987840652466
1.371000051498413,0.9930000901222229,2.9999964237213135
1.1970001459121704,0.9900000691413879,3.0000057220458984
1.2120001316070557,0.9920000433921814,3.0000014305114746
1.1110001802444458,0.9910001158714294,3.0000057220458984
1.3920000791549683,0.9869999885559082,2.9999966621398926
1.4459999799728394,0.9799999594688416,2.9999923706054688
1.1820001602172852,0.9890000224113464,3.0000052452087402
1.1820000410079956,0.9870001077651978,3.0000059604644775
1.156000018119812,0.9930000901222229,3.0000057220458984
1.1340000629425049,0.9900000095367432,3.0000054836273193
1.2570000886917114,0.9860000014305115,3.000001907348633
1.1780000925064087,0.9900000691413879,2.9999969005584717
1.1010000705718994,0.9950000643730164,3.0000054836273193
1.2309999465942383,0.9860000610351562,3.0000059604644775
1.275999903678894,0.9859999418258667,3.0000054836273193
1.5649999380111694,0.9879999756813049,2.999997138977051
1.3339998722076416,0.9880000352859497,2.9999985694885254
2.2310001850128174,0.9819999933242798,2.999997138977051
1.1060000658035278,0.9930000901222229,3.0000054836273193
1.1059999465942383,0.9890000820159912,3.0000064373016357
1.2030000686645508,0.9839999079704285,3.0000014305114746
1.472999930381775,0.9869999885559082,3.00000262260437
1.440000057220459,0.9910001158714294,2.9999988079071045
1.339999794960022,0.9920001029968262,2.9999938011169434
1.087999939918518,0.9920001029968262,3.0000054836273193
1.0740001201629639,0.9930000305175781,3.0000057220458984
1.0499999523162842,0.9940000772476196,3.000005006790161
1.1560001373291016,0.9860000014305115,3.000005006790161
1.4620000123977661,0.9800000190734863,3.0000011920928955
1.0899999141693115,0.9880000352859497,3.000004768371582
1.1920000314712524,0.9890000224113464,3.0000064373016357
1.093999981880188,0.9909999966621399,3.0000054836273193
1.1150001287460327,0.9910000562667847,3.0000061988830566
1.471000075340271,0.9739999771118164,3.0000007152557373
1.1019999980926514,0.9920001029968262,3.0000057220458984
1.2660000324249268,0.9860000014305115,2.9999969005584717
1.3360000848770142,0.9880000948905945,2.9999969005584717
1.3619999885559082,0.9850000739097595,2.9999959468841553
1.2130000591278076,0.9900001287460327,2.9999969005584717
1.1710000038146973,0.9839999675750732,3.0000052452087402
1.1079999208450317,0.9940000772476196,3.0000014305114746
1.1410000324249268,0.9870001077651978,3.000005006790161
1.1079999208450317,0.9910000562667847,3.0000059604644775
1.2339999675750732,0.9950000643730164,2.9999990463256836
1.501000165939331,0.9860000014305115,2.9999990463256836
1.3769999742507935,0.9840000867843628,2.999998092651367
1.2260000705718994,0.9910001158714294,2.999992609024048
1.093999981880188,0.9940000772476196,3.0000059604644775
1.1050001382827759,0.9930000901222229,3.0000057220458984
1.1140000820159912,0.9950000643730164,2.9999988079071045
1.2840001583099365,0.9880000352859497,3.0000040531158447
1.2950000762939453,0.9920000433921814,3.0
1.4200000762939453,0.9810000061988831,3.0000016689300537
1.1740000247955322,0.9900000095367432,3.0000064373016357
1.9739999771118164,0.968999981880188,3.000000238418579
1.1260000467300415,0.9920000433921814,3.0000057220458984
1.0420000553131104,0.9950000643730164,3.0000059604644775
1.1330000162124634,0.9940000772476196,3.0000059604644775
1.1490000486373901,0.9930000305175781,3.0000054836273193
1.3909999132156372,0.9829999804496765,3.000002145767212
2.2290000915527344,0.9679999947547913,2.999995708465576
1.3639999628067017,0.9930000901222229,3.0000040531158447
1.180999994277954,0.9930000901222229,3.0000038146972656
1.1820000410079956,0.9920001029968262,3.0000059604644775
1.590999960899353,0.9789999723434448,2.9999942779541016
1.3620001077651978,0.9869999885559082,3.000004291534424
1.1159999370574951,0.9950000643730164,3.0000016689300537
1.1029998064041138,0.9950000643730164,3.0000059604644775
1.6060000658035278,0.9739999771118164,3.000005006790161
1.1899999380111694,0.9909999966621399,3.0000052452087402
1.2660000324249268,0.9900000691413879,3.0000014305114746
1.2580000162124634,0.9860000014305115,3.0000064373016357
1.499000072479248,0.984000027179718,2.999999523162842
1.3910000324249268,0.9800000786781311,2.999997138977051
1.5420001745224,0.9759999513626099,3.0000057220458984
1.0830000638961792,0.9940000772476196,3.0000052452087402
1.1950000524520874,0.9890000224113464,3.0000011920928955
1.0770000219345093,0.9910001158714294,3.0000052452087402
1.1339999437332153,0.9930000901222229,2.99999737739563
1.4219999313354492,0.9869999289512634,2.9999945163726807
2.0480000972747803,0.966999888420105,2.9999964237213135
1.6350001096725464,0.9799999594688416,2.999999523162842
1.3670001029968262,0.9789999723434448,2.9999969005584717
1.2950000762939453,0.9940000772476196,3.0
1.2170000076293945,0.9900000691413879,3.0000054836273193
1.2440000772476196,0.9860000610351562,2.999997615814209
1.181999921798706,0.9920001029968262,3.0000009536743164
1.2389999628067017,0.9859999418258667,3.0000057220458984
1.2819998264312744,0.9890000224113464,2.999995708465576
1.3849998712539673,0.9800000190734863,3.0000030994415283
1.3380000591278076,0.9880000352859497,3.0000054836273193
1.3539999723434448,0.9850000143051147,2.99999737739563
1.4100000858306885,0.9829999208450317,2.9999969005584717
1.5560001134872437,0.9780000448226929,3.0000035762786865
1.2500001192092896,0.9869999885559082,2.999992609024048
1.2999999523162842,0.9900000095367432,3.0000014305114746
1.4490000009536743,0.9860000014305115,2.9999942779541016
1.0510001182556152,0.9950000643730164,3.0000057220458984
1.3709999322891235,0.9799999594688416,2.999992609024048
1.1490000486373901,0.9900000691413879,3.0000059604644775
1.1009999513626099,0.9940000772476196,3.000001907348633
1.4130001068115234,0.9880000352859497,3.0000011920928955
1.255000114440918,0.9910000562667847,2.999988079071045
1.1149998903274536,0.9920001029968262,3.0000057220458984
1.2619999647140503,0.9880000352859497,3.0000054836273193
1.125,0.9900000691413879,3.0000009536743164
1.1399999856948853,0.9930000901222229,3.0000061988830566
1.1700000762939453,0.9920001029968262,3.0000059604644775
1.2350001335144043,0.9880000352859497,3.0000052452087402
1.1320000886917114,0.9930000901222229,3.0000057220458984
1.3749998807907104,0.9890000820159912,3.000004291534424
1.073000192642212,0.9950000643730164,3.0000011920928955
1.09499990940094,0.9950000643730164,3.0000059604644775
1.1420000791549683,0.9930000901222229,3.0000057220458984
1.2969999313354492,0.9849998950958252,3.0000057220458984
1.0910000801086426,0.9940000772476196,3.0000057220458984
1.2420001029968262,0.9940000772476196,2.999987840652466
1.1840001344680786,0.9940000772476196,3.0000011920928955
1.227000117301941,0.9850000143051147,3.0000057220458984
1.060999870300293,0.9950000643730164,3.0000054836273193
1.1100000143051147,0.9940000772476196,2.9999992847442627
1.1290000677108765,0.9940000772476196,2.9999969005584717
1.0779999494552612,0.9950000643730164,3.0000061988830566
1.0679998397827148,0.9930000305175781,3.000004529953003
1.5529999732971191,0.9900000691413879,2.999999523162842
1.348000168800354,0.9950000643730164,2.9999966621398926
1.1069999933242798,0.9920000433921814,3.0000054836273193
1.1640000343322754,0.9880000352859497,3.0000064373016357
1.3259999752044678,0.9880000352859497,2.999999761581421
1.6039999723434448,0.9820000529289246,2.999998092651367
1.278999924659729,0.9869999885559082,3.000001907348633
1.13100004196167,0.9930000901222229,3.0000057220458984
1.3640000820159912,0.9890000224113464,2.9999935626983643
1.3559999465942383,0.9860000014305115,3.0000054836273193
1.3359999656677246,0.9880000352859497,3.0000040531158447
1.069000005722046,0.9950000643730164,3.0000054836273193
1.1010000705718994,0.9930000901222229,2.999997138977051
1.0519999265670776,0.9950000643730164,3.0000054836273193
1.3960000276565552,0.9759999513626099,2.999992609024048
1.069000005722046,0.9940000772476196,3.0000057220458984
1.1230000257492065,0.9880000352859497,3.0000052452087402
1.0890001058578491,0.9880000352859497,3.000005006790161
1.093999981880188,0.9900000095367432,3.0000059604644775
1.1130000352859497,0.9950000643730164,3.0000014305114746
1.128999948501587,0.9930000305175781,2.9999969005584717
1.8249999284744263,0.9820000529289246,2.9999923706054688
1.062000036239624,0.9950000643730164,3.0000061988830566
1.058000087738037,0.9950000643730164,3.0000054836273193
2.0960001945495605,0.9780000448226929,2.9999942779541016
1.3920000791549683,0.9900001287460327,2.999999523162842
1.3820000886917114,0.9900001287460327,2.999999523162842
1.2790000438690186,0.9830000400543213,3.0000059604644775
1.1160000562667847,0.9890000820159912,3.0000054836273193
1.0649999380111694,0.9920001029968262,3.0000054836273193
1.149999976158142,0.9910000562667847,3.0000014305114746
1.2840001583099365,0.9839999675750732,3.0000059604644775
1.3300000429153442,0.9910001158714294,2.9999988079071045
1.0540000200271606,0.9950000643730164,3.000005006790161
1.2319999933242798,0.9880000352859497,2.9999966621398926
1.0909998416900635,0.9940000772476196,3.000002145767212
1.5720001459121704,0.9869999885559082,3.00000262260437
1.1279999017715454,0.9890000224113464,3.0000057220458984
1.2260000705718994,0.9850000143051147,3.0000014305114746
1.0779999494552612,0.9920001029968262,3.000004768371582
1.1540000438690186,0.9950000643730164,2.999997138977051
1.3519999980926514,0.9890000224113464,2.9999938011169434
1.1510000228881836,0.9880000352859497,3.0000007152557373
1.08899986743927,0.9940000772476196,3.0000054836273193
1.9880000352859497,0.9829999804496765,3.00000262260437
1.4600000381469727,0.9819999933242798,3.0000052452087402
1.3020001649856567,0.9880000352859497,2.9999923706054688
1.1500000953674316,0.9890000224113464,3.0000059604644775
1.1399999856948853,0.9890000224113464,3.0000057220458984
1.2950000762939453,0.9799999594688416,3.000001907348633
1.1890000104904175,0.9890000224113464,3.0000016689300537
1.0709999799728394,0.9950000643730164,3.0000064373016357
1.0619999170303345,0.9930000901222229,3.0000057220458984
1.1080000400543213,0.9920001029968262,3.0000061988830566
1.1800000667572021,0.9910001158714294,2.99999737739563
1.1809998750686646,0.9900000691413879,2.999992847442627
1.2260000705718994,0.9880000948905945,2.999997138977051
1.1160000562667847,0.9869999289512634,3.0000054836273193
1.2630000114440918,0.9950000643730164,2.999998092651367
1.1179999113082886,0.9930000305175781,3.0000054836273193
1.1230000257492065,0.9950000643730164,3.0000057220458984
1.1050000190734863,0.9940000772476196,2.9999966621398926
1.034000039100647,0.9950000643730164,3.000004768371582
1.1279999017715454,0.9920001029968262,3.000005006790161
1.1460000276565552,0.98499995470047,3.0000057220458984
1.0850000381469727,0.9920001029968262,3.0000011920928955
1.0369999408721924,0.9950000643730164,3.000005006790161
1.1239999532699585,0.9940000772476196,3.0000054836273193
1.1990000009536743,0.9879999756813049,3.0000052452087402
1.1430000066757202,0.9950000643730164,2.9999969005584717
1.1420000791549683,0.9890000224113464,3.0000052452087402
1.1510000228881836,0.9920001029968262,2.999997138977051
1.0770001411437988,0.9950000643730164,3.0000052452087402
1.334999918937683,0.9849998950958252,2.9999964237213135
1.087999939918518,0.9950000643730164,3.0000057220458984
1.0619999170303345,0.9930000901222229,3.0000057220458984
1.191999912261963,0.9900001287460327,3.000005006790161
1.1399999856948853,0.9920000433921814,3.0000054836273193
1.2039999961853027,0.9950000643730164,2.999998092651367
1.125,0.9890000820159912,2.999997138977051
1.1360000371932983,0.9930000901222229,2.999997138977051
1.0600000619888306,0.9940000772476196,3.0000057220458984
1.1299999952316284,0.9900000691413879,3.0000057220458984
1.1939998865127563,0.9900001287460327,3.0000016689300537
1.4060001373291016,0.9819999933242798,2.999997854232788
1.062000036239624,0.9950000643730164,3.0000052452087402
1.1869999170303345,0.9900000095367432,2.999995231628418
1.1970000267028809,0.9910001158714294,3.0000009536743164
1.1659998893737793,0.9890000224113464,3.0000054836273193
1.2139999866485596,0.9900000691413879,2.999997138977051
1.13100004196167,0.9890000820159912,2.999997138977051
1.2739999294281006,0.9840000867843628,2.9999969005584717
1.3329999446868896,0.9880000352859497,2.999998092651367
1.187000036239624,0.9850000739097595,3.000005006790161
1.1119999885559082,0.9890000224113464,3.0000052452087402
1.0899999141693115,0.9920001029968262,3.0000064373016357
1.1790000200271606,0.9869999885559082,3.000005006790161
1.215999960899353,0.9900000691413879,3.0000057220458984
1.0850000381469727,0.9930000901222229,3.0000064373016357
1.1380000114440918,0.9920000433921814,2.9999964237213135
1.13100004196167,0.9950000643730164,3.0000059604644775
1.1059999465942383,0.9950000643730164,3.0000014305114746
1.0880000591278076,0.9930000901222229,3.0000054836273193
1.090999960899353,0.9900000691413879,3.0000057220458984
1.0509999990463257,0.9940000772476196,3.000004768371582
1.1190000772476196,0.9930000901222229,2.999997138977051
1.1069999933242798,0.9920001029968262,3.0000059604644775
1.2279999256134033,0.9879999756813049,2.999992609024048
1.2910000085830688,0.9850000739097595,2.9999990463256836
1.1160001754760742,0.9900000691413879,2.9999966621398926
1.055999994277954,0.9950000643730164,3.0000057220458984
1.1540000438690186,0.987000048160553,2.9999969005584717
1.1119999885559082,0.9940000772476196,3.0000057220458984
1.1649999618530273,0.9890000820159912,3.0000014305114746
1.349000096321106,0.9890000820159912,3.000000476837158
1.0700000524520874,0.9950000643730164,3.000004768371582
1.1009999513626099,0.9889999628067017,3.0000052452087402
1.1649998426437378,0.9880000352859497,3.0000059604644775
1.1660000085830688,0.9879999756813049,3.0000059604644775
1.1349999904632568,0.9910000562667847,3.0000057220458984
1.0850000381469727,0.9910001158714294,3.0000057220458984
1.0839998722076416,0.9930000901222229,3.0000059604644775
1.1099998950958252,0.9920000433921814,3.0000061988830566
1.1119999885559082,0.9940000772476196,3.0000057220458984
1.059999942779541,0.9940000772476196,3.0000059604644775
1.0929999351501465,0.9930000901222229,3.000004768371582
1.2030000686645508,0.9880000352859497,3.0000059604644775
1.0489999055862427,0.9940000772476196,3.000005006790161
1.1890000104904175,0.9900001287460327,2.9999966621398926
1.194000005722046,0.987000048160553,3.0000009536743164
1.0859999656677246,0.9920000433921814,3.000004768371582
1.0759998559951782,0.9930000901222229,3.0000014305114746
1.1160000562667847,0.9900000691413879,3.0000057220458984
1.091999888420105,0.9950000643730164,2.999999523162842
1.1150000095367432,0.9910000562667847,3.0000057220458984
1.0839999914169312,0.9940000772476196,3.0000057220458984
1.060999870300293,0.9950000643730164,3.0000054836273193
1.0740000009536743,0.9890000820159912,3.0000052452087402
1.1059999465942383,0.9900001287460327,3.0000052452087402
1.0570000410079956,0.9950000643730164,3.0000011920928955
1.0800000429153442,0.9900001287460327,3.000004768371582
1.093000054359436,0.9880000352859497,3.0000052452087402
1.1549999713897705,0.9880000352859497,3.000005006790161
1.0649999380111694,0.9950000643730164,3.0000052452087402
1.1419998407363892,0.9930000901222229,3.0000054836273193
1.1069999933242798,0.9880000352859497,3.0000057220458984
1.071000099182129,0.9930000901222229,3.0000052452087402
1.028999924659729,0.9940000772476196,3.0000052452087402
1.0889999866485596,0.9930000901222229,3.0000054836273193
1.071000099182129,0.9950000643730164,3.000005006790161
1.2089999914169312,0.9950000643730164,2.999997138977051
1.0360000133514404,0.9950000643730164,3.0000057220458984
1.0350000858306885,0.9950000643730164,3.000005006790161
1.1349999904632568,0.9869999885559082,3.0000059604644775
1.0549999475479126,0.9940000772476196,3.000005006790161
1.0819998979568481,0.9910001158714294,3.000000238418579
1.0480000972747803,0.9909999966621399,3.000004768371582
