271
76
648
962
651
598
340
698
787
981
804
931
185
892
128
753
342
301
135
703
673
249
993
55
373
789
530
350
388
201
283
939
300
202
944
291
346
757
302
284
680
642
425
357
464
650
950
27
399
508
190
368
1041
370
828
94
239
765
280
559
1008
208
1003
493
1000
959
248
743
101
52
270
145
801
435
65
783
138
717
20
884
807
323
579
150
161
658
854
79
169
625
774
1059
773
504
956
413
837
966
868
481
894
782
654
1055
713
307
18
194
59
602
4
702
982
237
264
558
587
513
714
1009
941
660
412
126
486
121
694
241
560
810
737
487
721
614
608
383
406
125
867
139
397
498
258
925
433
333
349
378
200
63
780
952
67
699
945
53
446
824
39
878
448
