734
1026
530
835
814
998
182
477
915
934
1031
539
820
378
280
755
844
347
258
474
897
571
529
1004
346
191
795
319
128
677
828
728
8
88
881
1040
305
333
300
714
616
486
889
747
156
22
591
179
978
705
244
375
456
691
23
224
1005
441
310
782
762
995
703
60
951
653
1049
86
485
910
770
869
856
697
164
753
299
740
833
1052
284
440
865
311
394
121
353
442
163
329
752
720
412
613
831
589
181
984
1014
605
1021
557
425
673
821
413
384
2
711
803
58
646
991
388
706
150
396
724
1065
913
969
285
700
424
1032
447
401
872
993
894
54
610
959
551
148
365
33
938
916
1062
750
473
356
775
962
570
840
352
1071
664
573
875
223
719
426
824
517
369
974
214
667
168
464
155
948
627
291
722
1022
116
642
853
451
103
742
604
266
367
522
110
236
701
987
1045
893
476
435
197
283
931
558
431
787
649
186
796
825
461
898
287
932
253
446
985
581
383
929
1061
495
773
854
562
813
848
492
136
798
771
638
907
949
1048
237
685
281
609
922
48
548
252
859
682
238
154
322
1003
510
222
839
445
882
247
1017
582
4
952
268
450
668
487
666
578
229
973
118
1077
552
140
792
165
496
645
936
788
82
57
623
783
704
64
187
726
98
612
946
269
391
198
483
62
206
345
957
774
119
641
759
1033
633
449
45
228
199
111
870
738
354
674
1025
588
374
516
812
444
960
207
123
195
129
302
1041
850
651
99
692
864
149
930
632
417
377
479
917
455
219
1051
19
793
1064
498
532
196
211
811
654
650
635
829
521
660
842
566
800
565
797
220
590
659
863
256
1066
159
526
506
545
534
884
152
46
349
852
142
218
484
637
100
278
721
32
42
981
292
540
767
736
389
939
708
961
355
847
776
1076
272
617
255
385
546
499
379
988
325
942
467
161
0
320
81
508
739
205
928
18
1057
117
102
227
593
392
52
105
611
437
132
592
822
390
888
44
351
430
769
679
267
6
304
920
857
79
478
846
76
1074
1027
120
306
101
208
94
36
502
326
409
550
115
901
213
235
262
584
270
1007
801
810
702
655
41
465
106
1037
146
185
144
1013
1063
336
758
358
178
763
448
212
263
200
265
940
954
914
906
514
122
568
342
683
24
555
950
663
332
177
471
832
309
628
260
925
823
43
549
511
151
250
602
271
29
977
328
434
912
718
420
113
47
554
171
261
193
672
350
867
1016
1072
160
523
108
895
761
827
976
868
1036
170
25
416
59
926
323
137
873
