715
267
683
583
672
252
44
882
783
668
651
757
158
646
599
435
710
92
537
563
801
664
277
476
733
539
220
655
704
791
994
99
924
987
993
333
1009
840
375
37
384
420
362
212
532
95
794
343
956
43
830
777
829
236
766
335
1014
66
42
826
635
280
1057
957
896
349
908
198
238
645
860
988
5
262
832
1027
1074
1015
932
186
178
576
380
155
813
464
309
904
716
324
373
403
800
429
886
41
1075
802
336
460
457
55
858
619
107
203
730
741
141
87
310
618
1065
275
498
241
327
849
872
601
408
701
552
984
459
475
862
734
916
204
911
390
727
714
622
25
36
491
76
923
909
364
643
509
49
328
1021
439
434
483
869
970
154
609
581
585
311
642
878
416
109
9
752
16
969
293
933
968
797
910
145
228
176
374
742
531
703
454
536
124
772
15
996
164
263
660
231
1043
518
652
421
485
761
888
148
680
796
71
183
497
142
508
776
322
93
53
250
217
871
881
573
214
721
77
353
1006
913
190
329
610
407
32
1036
282
967
820
289
307
865
514
230
873
863
119
478
940
921
1059
975
648
430
746
47
755
700
808
907
297
90
371
729
545
898
621
50
82
799
162
368
225
843
667
838
998
445
1054
877
499
595
294
698
221
927
411
192
946
525
366
973
323
676
926
1017
133
206
631
59
817
603
1062
210
602
983
726
60
589
290
337
258
997
681
386
27
895
456
315
35
638
455
261
570
199
939
879
944
773
351
345
247
494
316
501
65
21
749
302
990
265
527
391
410
389
632
995
264
856
506
775
1029
398
331
1053
451
195
894
690
426
242
1051
982
784
188
867
821
338
215
406
462
634
89
287
503
102
1
1040
884
418
1052
559
137
950
831
735
466
758
526
740
837
748
269
272
844
306
244
84
561
348
78
372
291
477
999
955
423
828
193
3
110
647
620
361
98
1007
915
654
902
209
51
135
769
587
889
1034
555
510
870
281
80
616
604
172
304
912
613
560
628
823
1026
1066
97
470
189
482
917
10
299
125
278
816
442
885
347
325
607
480
641
132
17
529
949
443
798
591
762
1018
48
963
146
1030
469
624
980
169
447
458
379
81
580
922
121
903
1037
73
79
168
182
395
266
211
24
355
630
354
165
367
756
711
144
938
972
356
6
936
866
520
91
474
28
268
697
977
286
1008
130
1055
486
852
129
774
753
918
768
505
1039
935
971
174
661
239
688
105
274
966
1045
892
64
140
11
201
522
255
540
725
644
617
685
453
126
841
