519
800
622
59
361
554
209
22
652
92
1064
210
532
823
973
442
952
116
950
55
37
835
867
467
963
264
445
20
335
368
905
299
757
172
951
831
320
662
564
1058
443
640
282
176
383
14
670
945
408
1076
533
103
381
426
281
1026
175
254
73
701
212
997
243
511
976
596
578
535
616
571
931
343
387
466
394
1006
303
590
730
187
393
841
904
181
115
1077
705
141
936
861
395
376
618
483
1037
513
127
706
707
159
461
139
863
428
472
11
110
811
947
734
348
174
758
99
75
735
855
360
994
805
239
654
840
580
1012
36
140
508
755
287
889
269
972
32
712
982
776
223
1067
278
562
524
695
502
108
753
739
710
911
572
291
130
857
40
203
716
66
293
318
722
390
