1.0430306196212769,0.9450000524520874,1.143439531326294
1.0270800590515137,0.9700000286102295,1.0789082050323486
1.024999976158142,0.9750000238418579,1.1562520265579224
1.0363308191299438,0.9550000429153442,1.0759395360946655
1.024999976158142,0.9750000238418579,1.0328145027160645
1.024999976158142,0.9750000238418579,1.0475021600723267
1.024999976158142,0.9750000238418579,1.0331268310546875
1.0375635623931885,0.9550000429153442,1.2298457622528076
1.0365673303604126,0.940000057220459,1.7890644073486328
1.024999976158142,0.9750000238418579,1.072033166885376
1.0456477403640747,0.9450000524520874,1.570626974105835
1.0424572229385376,0.9500000476837158,1.6300019025802612
1.0287507772445679,0.9550000429153442,1.4054707288742065
1.024999976158142,0.9750000238418579,1.0475019216537476
1.024999976158142,0.9750000238418579,1.0470331907272339
1.0422639846801758,0.9500000476837158,1.2250019311904907
1.024999976158142,0.9750000238418579,1.0245332717895508
1.024999976158142,0.9750000238418579,1.039376974105835
1.024999976158142,0.9750000238418579,1.0581269264221191
1.024999976158142,0.9750000238418579,1.0398457050323486
1.024999976158142,0.9750000238418579,1.0351581573486328
1.0271220207214355,0.9700000286102295,1.1206269264221191
1.024999976158142,0.9750000238418579,1.0232832431793213
1.024999976158142,0.9750000238418579,1.0457831621170044
1.0354321002960205,0.9550000429153442,1.1653144359588623
1.024999976158142,0.9750000238418579,1.0256270170211792
1.0409085750579834,0.9500000476837158,1.0846894979476929
1.024999976158142,0.9750000238418579,1.0298458337783813
1.024999976158142,0.9750000238418579,1.0276581048965454
1.0363308191299438,0.9550000429153442,1.0715645551681519
1.024999976158142,0.9750000238418579,1.043283224105835
1.024999976158142,0.9750000238418579,1.0151581764221191
