168
143
396
417
203
23
84
7
360
100
470
480
5
234
185
239
405
499
260
412
220
105
432
369
117
493
314
317
77
111
207
154
202
472
265
221
27
107
438
476
440
423
217
343
3
179
494
340
165
122
31
422
283
219
473
121
372
459
16
232
407
446
169
431
267
297
187
298
153
387
259
95
449
175
43
183
191
53
198
132
355
342
1
227
386
103
86
491
63
320
70
115
149
426
62
24
66
490
279
373
376
433
460
238
276
364
357
443
116
102
419
477
214
351
246
216
15
319
109
448
385
78
110
403
436
123
350
427
171
42
336
173
89
98
394
450
99
374
57
409
406
324
119
286
469
81
204
96
465
93
92
312
54
158
428
339
244
163
366
316
306
344
327
313
451
395
299
69
130
383
164
252
292
209
73
318
82
212
455
182
347
208
294
240
97
304
167
90
309
113
382
489
45
211
94
150
242
269
481
223
21
311
67
329
479
76
277
68
492
6
291
463
172
133
363
452
454
474
213
245
141
181
315
151
415
32
87
301
334
289
429
439
496
162
50
375
125
410
349
401
398
471
137
142
101
237
127
128
400
177
424
326
85
418
200
75
484
337
112
263
461
280
367
488
404
228
358
408
189
378
268
91
322
2
425
421
152
108
159
124
160
193
434
392
445
437
271
41
368
60
457
46
35
136
345
328
275
420
333
51
270
19
129
380
64
180
44
131
321
65
135
74
498
464
4
161
247
456
478
199
361
34
120
145
56
194
402
362
466
80
48
58
38
397
399
381
229
485
416
447
414
296
148
59
308
210
483
458
262
201
114
14
293
222
377
233
281
264
255
39
305
241
341
176
40
106
331
36
22
166
302
140
28
205
435
