113
333
481
589
208
785
796
881
525
268
325
102
740
403
963
688
725
46
372
1002
845
717
727
131
708
251
831
903
828
952
140
552
631
794
614
943
1037
934
448
452
105
558
608
777
964
101
809
1061
226
971
522
769
172
748
471
875
960
751
920
805
79
1075
392
780
1069
628
1025
109
323
90
985
591
507
652
273
171
127
533
417
72
211
321
882
3
290
788
348
936
1040
912
289
649
795
232
438
560
121
880
480
868
302
349
489
754
815
545
713
996
517
301
263
96
267
812
544
514
457
600
203
899
338
895
601
743
690
1009
697
994
308
876
252
326
20
502
604
724
70
709
716
181
25
312
846
479
762
1062
635
842
937
384
195
696
159
1049
394
978
1033
594
1060
119
390
645
838
633
266
797
84
512
1064
466
968
1032
472
142
722
647
907
397
878
253
886
165
136
890
366
792
205
567
411
585
254
288
865
698
225
666
444
405
204
88
1008
653
637
281
416
521
77
619
773
218
949
275
246
719
787
27
629
977
1018
278
255
361
1053
672
999
720
779
626
938
264
1016
28
798
1021
310
307
15
931
800
213
791
857
783
476
841
501
927
588
245
618
634
148
554
1013
847
650
487
1057
1005
942
1045
774
925
60
758
214
219
840
892
274
191
929
686
753
168
430
584
1074
782
178
659
497
571
129
681
373
915
144
965
596
202
665
103
439
314
428
346
49
175
904
714
80
51
345
806
776
470
710
839
726
431
464
677
474
682
108
262
824
627
18
242
271
114
917
576
258
128
97
485
889
509
146
183
145
991
23
959
460
210
433
441
190
997
477
425
504
406
449
193
976
85
790
475
883
667
76
371
789
967
547
593
1046
41
879
638
1073
396
228
706
234
395
324
454
510
750
272
503
966
216
354
365
87
1065
343
834
14
536
426
620
911
342
463
711
826
843
1014
162
1055
870
734
905
104
587
257
8
778
651
529
313
186
22
661
1067
227
217
685
34
250
566
674
956
603
291
974
367
130
803
975
900
247
1052
64
844
94
1027
387
772
986
933
531
482
662
869
147
814
42
231
784
660
494
486
569
379
689
656
924
1024
110
83
98
893
699
1076
317
767
455
401
829
21
300
958
299
74
609
458
173
972
1068
164
617
548
872
52
873
492
506
636
871
132
71
835
192
962
1048
680
513
730
993
1056
856
1007
40
198
902
541
550
306
391
643
505
418
13
802
807
48
55
526
125
744
196
820
339
1034
107
4
484
598
581
979
676
19
358
641
222
987
357
328
221
930
240
340
555
733
229
563
1000
336
36
1012
749
534
738
625
642
771
700
427
92
311
170
1031
86
822
238
1026
957
81
524
557
757
825
30
928
819
955
1042
595
737
440
1023
320
233
984
220
414
827
47
854
909
75
432
244
50
969
383
62
451
810
821
402
990
583
766
836
657
500
456
295
337
499
546
702
374
538
590
1051
122
860
1015
303
864
914
112
206
1004
739
465
316
265
269
705
1019
400
207
117
153
368
908
386
393
239
954
483
913
701
579
155
721
564
185
415
187
436
1029
24
586
298
350
813
118
1039
286
516
646
150
120
424
111
115
781
224
352
157
329
540
793
736
284
761
296
1022
69
932
364
694
582
897
389
539
419
212
189
961
12
765
799
158
575
188
926
9
1
801
243
184
918
1063
980
998
2
152
412
804
703
891
948
1006
161
923
315
1070
851
823
858
279
385
491
7
1041
687
375
1072
305
151
1017
658
33
61
704
1066
429
944
995
752
199
580
817
139
304
37
1030
116
723
532
17
874
223
280
261
230
355
356
89
763
435
248
1020
808
54
26
592
126
194
691
410
1043
32
141
832
197
498
1044
490
671
335
270
362
67
759
543
53
862
715
422
519
259
57
921
712
894
940
756
63
382
616
811
44
66
