1.0391743183135986,0.9450000524520874,1.0662519931793213
1.0270800590515137,0.9700000286102295,1.0671895742416382
1.024999976158142,0.9750000238418579,1.1637520790100098
1.0363308191299438,0.9550000429153442,1.0735957622528076
1.024999976158142,0.9750000238418579,1.031564474105835
1.024999976158142,0.9750000238418579,1.036877155303955
1.024999976158142,0.9750000238418579,1.0309393405914307
1.0375635623931885,0.9550000429153442,1.231095790863037
1.0405831336975098,0.9350000619888306,1.8028143644332886
1.024999976158142,0.9750000238418579,1.0684394836425781
1.044917345046997,0.9450000524520874,1.615158200263977
1.0424572229385376,0.9500000476837158,1.641095757484436
1.0334969758987427,0.9500000476837158,1.418283224105835
1.024999976158142,0.9750000238418579,1.0403144359588623
1.024999976158142,0.9750000238418579,1.0317206382751465
1.0422639846801758,0.9500000476837158,1.2246894836425781
1.024999976158142,0.9750000238418579,1.0229706764221191
1.024999976158142,0.9750000238418579,1.0293769836425781
1.024999976158142,0.9750000238418579,1.0545331239700317
1.024999976158142,0.9750000238418579,1.0364081859588623
1.024999976158142,0.9750000238418579,1.0335955619812012
1.024999976158142,0.9700000286102295,1.0475019216537476
1.024999976158142,0.9750000238418579,1.0254707336425781
1.024999976158142,0.9750000238418579,1.0467207431793213
1.0354321002960205,0.9550000429153442,1.1662518978118896
1.0199999809265137,0.9750000238418579,1.0259395837783813
1.0391743183135986,0.9500000476837158,1.065314531326294
1.024999976158142,0.9750000238418579,1.0329707860946655
1.024999976158142,0.9750000238418579,1.0281269550323486
1.0363308191299438,0.9550000429153442,1.0715645551681519
1.024999976158142,0.9750000238418579,1.0410957336425781
1.024999976158142,0.9750000238418579,1.0109394788742065
