1.0430306196212769,0.9450000524520874,1.1407833099365234
1.0270800590515137,0.9700000286102295,1.0795332193374634
1.024999976158142,0.9750000238418579,1.1543771028518677
1.0313308238983154,0.9600000381469727,1.0735957622528076
1.024999976158142,0.9750000238418579,1.0332832336425781
1.024999976158142,0.9750000238418579,1.0471895933151245
1.024999976158142,0.9750000238418579,1.032814383506775
1.0375635623931885,0.9550000429153442,1.2306269407272339
1.041567325592041,0.9350000619888306,1.745002031326294
1.024999976158142,0.9750000238418579,1.072033166885376
1.0456477403640747,0.9450000524520874,1.5506269931793213
1.0424572229385376,0.9500000476837158,1.6276582479476929
1.0323158502578735,0.9550000429153442,1.3784395456314087
1.0199999809265137,0.9800000190734863,1.0440644025802612
1.024999976158142,0.9750000238418579,1.0465644598007202
1.0422639846801758,0.9500000476837158,1.2250019311904907
1.024999976158142,0.9750000238418579,1.023908257484436
1.024999976158142,0.9750000238418579,1.039533257484436
1.024999976158142,0.9750000238418579,1.057814359664917
1.0199999809265137,0.9800000190734863,1.0365644693374634
1.024999976158142,0.9750000238418579,1.0351581573486328
1.0271220207214355,0.9700000286102295,1.1196894645690918
1.024999976158142,0.9750000238418579,1.023751974105835
1.0199999809265137,0.9800000190734863,1.0476582050323486
1.0354321002960205,0.9550000429153442,1.1651581525802612
1.024999976158142,0.9750000238418579,1.0250020027160645
1.0409085750579834,0.9500000476837158,1.0829707384109497
1.024999976158142,0.9750000238418579,1.030158281326294
1.024999976158142,0.9750000238418579,1.0273456573486328
1.0313308238983154,0.9600000381469727,1.0735957622528076
1.024999976158142,0.9750000238418579,1.0429707765579224
1.024999976158142,0.9750000238418579,1.0145331621170044
