155
897
250
894
879
365
345
963
168
998
593
561
438
440
643
709
655
226
649
966
389
530
196
1022
1005
356
46
878
971
166
626
173
178
264
122
665
199
87
1070
456
613
138
913
113
816
968
507
543
280
428
471
242
215
790
192
104
780
484
858
701
282
578
279
516
663
202
332
573
420
80
233
585
758
413
0
22
927
996
424
327
402
228
163
328
518
423
961
137
862
317
480
587
474
394
662
930
330
475
950
1039
787
991
712
351
884
809
807
734
589
952
710
299
360
517
527
911
835
646
121
866
877
908
869
733
5
718
854
505
656
741
271
188
37
400
55
650
384
685
473
293
8
393
551
334
61
958
770
746
962
590
965
698
797
66
773
421
954
672
990
20
175
969
185
729
308
117
245
781
464
874
997
627
651
487
442
511
269
707
857
1069
826
641
108
40
957
791
679
726
795
146
899
73
1023
695
786
141
140
737
468
350
947
445
691
612
624
109
928
999
946
558
33
699
943
1047
174
995
439
44
18
257
1067
1015
632
1027
399
338
417
821
1058
142
260
690
520
290
112
65
671
839
716
713
838
1029
568
53
1053
295
936
631
216
1030
523
1065
992
418
286
128
610
387
100
237
285
1008
923
560
363
410
414
323
429
431
745
446
195
660
287
283
159
398
630
82
305
865
15
426
362
77
953
1055
876
404
512
693
623
539
978
278
489
1054
742
3
881
459
93
367
38
364
960
645
537
1043
395
521
139
988
817
625
246
223
761
1021
1059
633
503
533
635
390
892
490
792
538
941
31
885
730
234
373
486
63
96
723
975
813
681
759
406
519
478
340
617
515
750
231
415
347
205
463
437
964
476
886
1025
859
361
755
895
901
56
253
479
152
331
555
735
828
1024
224
98
841
14
130
1036
477
324
798
1060
207
752
341
380
239
868
722
620
297
548
529
924
145
83
273
381
784
804
69
32
208
867
753
27
599
1014
289
504
235
882
647
1076
248
460
1072
891
775
354
385
374
806
872
508
705
765
41
697
256
84
541
767
609
124
30
973
557
386
359
772
756
888
441
1061
534
434
566
830
443
346
161
1006
664
794
594
720
732
1048
549
580
190
717
915
591
294
670
540
333
704
218
259
183
870
220
642
648
827
1004
703
241
740
335
143
929
288
497
845
659
458
615
803
353
840
1020
116
85
638
931
262
851
796
606
842
779
148
99
757
666
247
983
105
339
52
89
147
789
50
311
506
57
880
1056
852
949
607
905
348
483
451
149
268
352
186
275
485
