135
311
480
180
238
65
90
424
254
431
63
174
384
244
261
423
214
411
84
140
46
62
33
412
204
76
498
170
354
184
21
398
136
343
338
310
433
120
362
199
453
87
315
29
233
299
444
450
448
28
109
68
274
421
30
303
464
189
323
95
225
496
124
425
373
31
356
320
209
351
169
106
96
98
5
163
408
477
89
290
489
60
345
227
45
221
494
37
379
176
2
413
147
223
183
391
316
219
187
57
357
173
99
144
54
11
25
475
162
15
322
292
491
281
129
269
168
474
380
392
114
133
208
264
255
220
452
110
53
445
483
282
403
56
182
492
171
326
399
312
7
495
447
41
485
358
48
249
374
435
301
332
58
404
407
66
438
287
101
363
14
43
191
319
158
186
390
70
467
396
341
69
154
397
291
428
265
455
263
217
105
137
328
130
348
308
361
159
195
463
416
104
366
200
175
116
181
279
243
79
230
257
302
454
24
94
295
317
178
197
465
74
418
461
206
246
277
321
270
437
297
152
335
121
440
123
64
336
406
325
59
289
473
280
409
201
402
339
499
34
126
141
415
210
231
153
111
102
487
97
