1.0336472988128662,0.9600000381469727,1.0500015020370483
1.0220800638198853,0.9750000238418579,1.062345266342163
1.0199999809265137,0.9800000190734863,1.092189073562622
1.0313308238983154,0.9600000381469727,1.062345266342163
1.0199999809265137,0.9800000190734863,1.0196889638900757
1.0199999809265137,0.9800000190734863,1.034376621246338
1.0199999809265137,0.9800000190734863,1.0304701328277588
1.03256356716156,0.9600000381469727,1.1470327377319336
1.0328145027160645,0.9500000476837158,1.4181264638900757
1.0199999809265137,0.9800000190734863,1.0604702234268188
1.038329839706421,0.9550000429153442,1.319845199584961
1.0374572277069092,0.9550000429153442,1.319845199584961
1.0273158550262451,0.9600000381469727,1.2173452377319336
1.0199999809265137,0.9800000190734863,1.032501459121704
1.0199999809265137,0.9800000190734863,1.0262514352798462
1.0372639894485474,0.9550000429153442,1.1217201948165894
1.0199999809265137,0.9800000190734863,1.0175014734268188
1.0199999809265137,0.9800000190734863,1.0189077854156494
1.0199999809265137,0.9800000190734863,1.0421888828277588
1.0199999809265137,0.9800000190734863,1.036251425743103
1.0199999809265137,0.9800000190734863,1.0242201089859009
1.0199999809265137,0.9800000190734863,1.030782699584961
1.0199999809265137,0.9800000190734863,1.0142202377319336
1.0199999809265137,0.9800000190734863,1.0342202186584473
1.030432105064392,0.9600000381469727,1.1048451662063599
1.0199999809265137,0.9800000190734863,1.0212515592575073
1.0336472988128662,0.9600000381469727,1.0500015020370483
1.0199999809265137,0.9800000190734863,1.0190640687942505
1.0199999809265137,0.9800000190734863,1.0171889066696167
1.0313308238983154,0.9600000381469727,1.062345266342163
1.0199999809265137,0.9800000190734863,1.027032732963562
1.0199999809265137,0.9800000190734863,1.0095326900482178
