226
83
325
426
77
199
586
305
886
152
924
858
52
416
48
583
602
367
399
415
938
669
389
820
544
364
895
96
833
621
43
462
1059
664
555
202
910
469
184
794
27
835
377
750
931
29
86
1046
919
139
747
449
186
979
660
677
824
517
601
57
107
133
24
625
574
123
1024
267
394
620
309
51
74
241
887
330
250
712
1070
126
452
201
97
993
82
790
591
651
166
507
720
410
932
1012
562
992
212
727
342
1053
22
922
865
761
1003
20
429
251
768
916
949
791
825
231
258
420
721
762
290
551
923
723
522
527
1075
1054
774
778
436
494
731
599
752
652
3
328
39
654
300
16
353
674
450
983
610
354
891
386
194
558
471
869
883
990
291
25
445
626
219
317
46
704
217
957
336
961
600
513
137
227
690
90
76
285
148
1030
481
870
802
361
906
213
223
981
686
301
617
656
692
495
272
417
575
952
238
150
264
35
456
984
941
848
406
69
75
421
440
319
33
515
308
1014
796
5
1063
143
122
103
473
282
378
327
717
532
577
719
161
699
937
615
195
147
56
1006
64
619
772
1069
526
525
827
371
800
115
391
783
538
943
58
554
403
661
530
155
970
1031
42
945
1057
740
352
953
606
950
890
1033
779
405
804
903
548
1029
966
936
649
373
935
776
170
181
638
811
973
969
376
640
864
222
189
861
798
766
1043
79
909
942
177
696
34
229
855
158
749
940
836
299
218
736
592
207
446
818
765
1018
680
18
92
37
576
1045
306
799
178
787
474
448
242
435
21
523
879
757
529
524
6
571
797
967
154
497
392
756
622
437
1064
519
132
257
13
1001
168
169
349
842
729
360
271
164
157
369
546
655
127
483
557
95
321
676
629
980
111
357
151
630
735
955
117
205
19
566
648
1061
595
510
751
145
987
128
174
896
72
537
917
657
196
711
382
216
965
41
803
877
262
381
316
248
830
743
298
628
552
131
28
1049
85
162
431
631
986
684
565
927
501
220
94
641
326
623
468
746
1058
266
788
634
708
671
146
584
614
47
637
458
547
387
933
718
491
297
578
98
350
363
947
332
380
110
489
1019
1026
988
784
672
273
598
900
338
904
26
963
460
702
204
556
208
402
119
40
826
732
89
658
785
889
972
715
1055
101
668
268
0
998
921
120
618
243
703
209
607
187
185
985
434
192
121
991
789
331
263
118
739
771
370
758
995
873
1017
898
71
613
844
66
479
8
587
337
792
313
817
726
88
451
753
348
694
23
531
572
542
114
38
845
738
875
918
320
782
925
725
10
466
287
1013
333
136
396
463
294
540
307
9
876
409
832
12
149
1041
329
730
596
36
488
706
964
129
1027
102
822
567
604
334
934
1025
224
642
646
843
159
994
1009
281
503
288
413
106
1034
545
372
1015
878
1047
533
852
579
840
616
905
710
221
496
951
438
81
236
80
447
521
911
345
504
322
480
318
15
135
856
433
741
347
561
570
1036
849
512
968
701
582
837
424
1071
860
73
816
286
215
1021
828
767
764
653
681
203
358
283
165
901
520
379
881
593
958
156
59
839
685
78
393
142
304
239
259
240
962
688
808
1072
874
989
375
482
105
45
173
868
543
821
853
407
841
745
397
1074
84
256
276
929
1002
539
461
478
528
1048
484
193
1073
280
175
902
32
636
141
928
509
1077
693
260
549
755
430
1016
974
760
780
246
643
644
724
180
871
108
411
632
1023
475
368
829
324
427
563
996
624
781
453
439
365
590
698
867
346
683
635
1032
908
667
975
1022
362
214
888
1000
518
892
713
351
167
569
277
444
733
862
609
493
124
419
68
465
414
678
997
423
748
61
742
893
335
872
946
1066
188
490
1068
356
49
926
847
255
2
211
960
1037
813
663
812
807
695
944
432
104
603
