1.0430306196212769,0.9450000524520874,1.141095757484436
1.0270800590515137,0.9700000286102295,1.0767207145690918
1.0199999809265137,0.9800000190734863,1.1689083576202393
1.0363308191299438,0.9550000429153442,1.0750019550323486
1.024999976158142,0.9750000238418579,1.0325019359588623
1.024999976158142,0.9750000238418579,1.0471895933151245
1.024999976158142,0.9750000238418579,1.0331268310546875
1.0375635623931885,0.9550000429153442,1.230783224105835
1.0342494249343872,0.9450000524520874,1.8068768978118896
1.0199999809265137,0.9800000190734863,1.0687519311904907
1.0406477451324463,0.9500000476837158,1.6550019979476929
1.0424572229385376,0.9500000476837158,1.6351581811904907
1.0337507724761963,0.9500000476837158,1.4103144407272339
1.024999976158142,0.9750000238418579,1.0457831621170044
1.024999976158142,0.9750000238418579,1.0470331907272339
1.0422639846801758,0.9500000476837158,1.2251582145690918
1.024999976158142,0.9750000238418579,1.0246894359588623
1.024999976158142,0.9750000238418579,1.037970781326294
1.024999976158142,0.9750000238418579,1.0585956573486328
1.024999976158142,0.9750000238418579,1.0395331382751465
1.024999976158142,0.9750000238418579,1.0350018739700317
1.0271220207214355,0.9700000286102295,1.1187520027160645
1.024999976158142,0.9750000238418579,1.023751974105835
1.024999976158142,0.9750000238418579,1.0459394454956055
1.0354321002960205,0.9550000429153442,1.1654707193374634
1.024999976158142,0.9750000238418579,1.0257833003997803
1.0409085750579834,0.9500000476837158,1.0840644836425781
1.024999976158142,0.9750000238418579,1.030470848083496
1.024999976158142,0.9750000238418579,1.0278143882751465
1.0363308191299438,0.9550000429153442,1.0714082717895508
1.024999976158142,0.9750000238418579,1.0435956716537476
1.0199999809265137,0.9800000190734863,1.011095643043518
