141
217
150
493
57
77
17
43
338
213
249
309
25
386
264
32
349
118
404
75
199
50
466
186
106
513
375
145
377
189
48
243
408
369
151
283
390
78
225
241
381
0
261
469
328
130
495
246
265
517
278
489
498
148
98
96
295
441
29
389
260
280
90
38
82
346
110
194
321
335
496
508
388
307
149
16
423
101
26
319
71
37
363
436
497
458
502
336
228
356
252
355
431
298
272
525
124
429
384
516
407
2
152
503
435
97
370
477
481
85
169
480
66
406
23
76
509
176
524
314
400
430
332
52
9
236
100
153
463
275
403
492
114
479
22
179
523
142
507
438
211
333
10
195
117
254
53
266
238
171
125
362
425
146
378
357
111
216
286
40
167
484
285
312
420
330
331
7
409
245
427
476
112
170
161
207
288
366
358
162
74
472
131
208
28
443
223
380
107
345
47
240
292
293
192
79
329
415
306
15
226
190
515
482
88
24
424
505
361
255
181
84
398
304
501
62
527
410
67
393
174
147
273
133
294
301
44
168
521
182
4
352
490
122
8
157
276
519
376
144
360
348
449
303
49
201
452
302
365
414
121
158
437
12
488
526
385
248
163
65
20
39
462
173
166
108
132
222
257
204
474
242
267
196
80
109
203
334
434
154
448
3
221
457
27
224
322
325
172
6
392
11
504
19
468
470
300
177
428
368
416
165
471
483
337
308
327
81
311
30
35
444
394
464
91
270
399
258
387
60
18
440
92
287
139
5
402
61
418
485
354
512
64
72
413
421
119
59
136
446
187
86
262
347
341
291
205
116
454
417
180
232
137
447
155
89
95
56
372
426
487
191
87
320
138
323
135
58
433
289
396
233
115
439
486
33
315
284
188
411
277
422
251
198
340
500
184
247
395
316
183
432
318
313
41
353
