5085
7831
6994
6662
4137
9644
10597
8129
2636
9657
7672
10388
8928
6305
10605
8586
534
8242
7965
9743
3189
8980
10537
7373
6973
4446
6728
2363
8017
9175
8346
1557
5502
2603
2010
3362
5692
9754
3068
1874
9076
1737
2521
1
5214
2309
8051
3262
4400
1969
5604
7099
754
9546
7266
3758
1373
5207
9820
6619
3972
3716
2531
7475
9101
6977
7191
8032
5740
5156
1542
358
1596
2077
2840
8418
10008
3624
1871
1128
7919
4919
7153
4838
8416
9572
8399
8379
8760
3642
403
8132
5689
161
7133
5437
9833
9949
2281
689
8503
4670
1147
2692
5935
5200
4255
4285
7341
9047
6809
5607
7586
311
3325
8543
5041
8579
8973
9695
8880
4748
8036
2627
3023
3351
1418
9111
7619
5976
8556
1115
8568
1625
7687
3041
9018
6957
8150
1522
4208
3508
3198
6149
9740
5143
4286
10303
886
7408
5195
2760
2902
10325
5473
19
1947
6705
7735
87
5335
5838
5425
2054
1787
5644
10337
579
3064
1507
465
5100
9274
4727
6724
9045
5681
6857
8028
9844
968
1733
2949
10515
6284
3334
6517
2247
8634
2801
1566
6446
10551
6393
2438
10079
6134
9912
8397
2298
2487
3541
7028
690
8251
3481
7079
171
2846
6880
2457
6005
2569
10006
3147
5164
4275
3828
5738
7060
7307
7881
7009
6329
7936
908
8918
4930
8202
3488
3933
1666
9199
1785
7599
2570
4675
6039
4964
2838
7888
7089
5398
9834
8708
10294
9616
6225
3802
9180
1835
8197
10475
17
2271
6050
5193
2178
7036
8767
9520
1801
3432
5178
7649
6591
447
2503
9691
8380
5149
8333
1659
6004
5655
5589
9703
9396
5278
3056
4547
8622
8774
8821
6804
8850
8001
9087
8868
7915
8039
9130
7077
9284
512
8347
2455
5464
9891
8702
4405
5872
3881
613
5877
5131
900
1517
3179
6211
1219
7569
3480
10312
5228
1685
10591
10113
3744
2260
7968
6702
8548
8685
6440
5408
1788
7198
9451
8043
3347
102
9854
8276
6961
5507
810
713
9921
1965
6300
4689
9437
2943
7972
5469
5609
5376
5629
9381
1109
1623
6933
3226
8654
5800
10301
3885
277
5612
9709
9195
1670
9730
7995
9823
1849
9577
1977
10427
2562
1120
3633
4347
5602
8218
2014
7627
9745
7444
423
2539
9042
2757
68
7243
3877
3902
1371
4798
4921
1268
1016
8725
1891
8680
4265
4059
2240
2109
494
8009
6389
6618
3485
7517
9156
6759
1808
440
9645
9146
1652
7983
3994
3594
4655
769
4312
2110
7140
3424
8263
1624
6889
4819
6480
9035
5529
5679
6531
7295
6379
4381
6841
1447
1862
10295
4660
8723
245
9210
2629
10500
8691
682
10411
2938
831
7502
3832
7552
2182
9034
3021
4976
6796
7253
259
1779
7173
9975
544
5924
2880
248
5702
634
1851
7310
4781
5632
7878
268
4806
4827
6699
7313
9476
4641
5964
8817
6428
2160
3722
8674
10455
66
3707
9153
4366
3415
3317
8966
4423
2133
7691
5201
10345
5274
3091
7048
1123
3387
63
9090
10385
7889
2962
7078
2586
7770
1072
8697
6620
9827
9893
1099
7787
7286
4800
10268
7381
1592
10067
4050
9158
84
9282
8997
664
4093
6055
4640
8288
5048
8350
5971
6251
5893
6368
6960
10457
5219
61
1920
1895
6344
1205
6040
3272
718
6865
8506
8024
5554
7139
9942
2230
7985
2744
3535
8199
3741
2205
5441
9121
1158
9093
9336
1718
7864
7959
2409
6959
9561
9365
3745
4772
2263
2782
10183
5745
5293
6564
1834
8907
6709
3354
2210
8483
9783
4824
520
1204
3751
394
4618
7504
4559
6124
7551
3693
10118
3681
9534
8670
2970
9069
1402
3055
3233
3733
9209
4363
3257
1357
7449
5455
6475
9565
7640
5333
2180
5697
6432
2987
9257
5328
7741
8052
981
776
6049
820
616
7339
10328
8826
10439
5990
3407
5047
1831
5427
2119
5746
1089
7496
10486
6213
3897
2369
7404
168
7762
3449
1848
7916
6092
7828
1312
7349
3687
9809
8532
7950
1021
8432
5505
736
3901
4444
4213
463
5574
3484
1927
1073
2689
4128
8185
1427
8913
1954
1994
6596
240
9364
858
3160
10498
6962
7753
1340
10077
757
437
3223
3228
10196
1241
7056
6555
8254
7556
4039
5688
181
8508
2354
1234
8421
7859
1130
841
7982
9939
608
9947
9116
3191
8851
3100
6082
9204
9941
6476
4257
1778
1577
8335
7592
3569
1026
5694
489
3451
1156
2755
442
746
6659
8601
8460
1563
1363
6624
3418
4808
7522
3637
6904
6117
8762
562
5636
7152
4663
1761
464
6045
9581
5075
6996
6911
4487
2192
5970
4740
24
8227
666
1029
6052
4243
6153
3988
536
4572
4895
9229
2121
439
7879
2884
5955
1917
9490
2731
7852
9602
6325
3598
8387
9072
6668
7352
310
7350
2190
8799
7648
4198
5357
4582
6419
2008
8065
8031
1263
402
9237
4665
1986
5170
334
3274
6567
3829
1530
8120
1444
7239
2673
376
9160
4936
7235
6306
6375
10265
8257
2453
9367
3143
1738
2188
4613
5448
3684
1116
10409
2847
8138
765
8886
10407
6364
4897
4830
6333
6810
6130
2233
3014
2600
10606
97
7149
6309
270
1126
9433
4411
1057
3692
906
4610
7008
10428
5467
1018
8131
712
2734
4389
1137
6166
10422
2089
3991
212
3071
4916
9066
7664
4502
10415
9589
336
9937
1192
8957
8959
2972
9598
6113
1139
8000
5575
2306
9223
1368
1085
3474
254
2421
2287
6983
2467
3464
4679
3457
2470
7823
9567
9125
6628
6650
5016
741
9909
5071
1080
3525
1800
2646
6038
9668
9098
644
8205
6816
4471
2204
762
230
5306
7531
6842
398
8878
9650
6642
1765
901
7087
2891
115
4075
414
6622
7528
9799
9107
2572
5603
2426
7102
3669
8842
3975
2958
4476
4421
7299
7809
2226
956
8581
641
7421
5848
3110
7218
10069
5784
8233
7632
7006
9829
2596
3794
3959
3139
3866
9676
5417
9259
1168
1684
3734
23
1223
6203
8041
6951
3521
7100
5315
3004
8027
4825
9840
10322
5534
1066
3788
10248
4664
5011
5571
1330
313
5246
1561
7731
1637
9931
3118
5221
3127
8
6128
10083
10123
3051
5685
3152
10117
1430
3864
4352
10053
2371
5920
3263
7834
5999
3838
8484
8735
6885
3674
9995
9875
5973
1013
4192
5370
5429
2147
1929
3353
5983
2824
10025
3714
9338
3765
7816
1726
10073
1941
3921
5409
3706
3490
10468
1980
5974
1335
5734
8832
9835
9908
3665
7534
7456
5960
3209
3781
5371
2995
83
2171
10072
7178
4857
5865
2985
9731
7934
9929
9836
587
4747
3126
6347
7261
1633
10206
2131
10480
5312
4728
6538
2728
7161
3029
151
4773
2033
4418
3854
292
5492
4404
7460
2899
5289
54
2030
9933
128
8935
5929
2227
2213
199
4432
9956
7115
1955
424
6406
10350
3518
6000
1837
5936
8977
3621
8057
8662
7347
5057
6692
5345
7541
2585
8819
7540
4648
8327
8895
6220
373
9006
10316
5369
9108
8536
307
7353
297
3834
5788
4200
5272
5287
2675
8672
4169
7247
8748
7332
10155
9792
792
7442
2319
2928
2536
7560
4269
3390
9660
3814
1151
8520
9946
3760
10594
2582
4485
9549
2381
3446
1424
6836
6652
5665
2137
5650
7415
9570
9460
9945
62
3479
5546
1228
5450
10198
10370
5346
9659
9938
5230
7849
4870
9738
6767
6821
5817
5830
4542
6766
21
6195
3852
4155
8321
5459
1564
4154
3886
6161
8751
8861
5456
10003
1127
6876
2463
5117
2300
4372
3012
3438
6701
8937
3083
9976
2051
10492
3255
9502
936
1042
6898
6207
9744
1107
4458
2766
3003
3980
45
5151
4113
2648
7334
10029
1389
7978
9765
6438
9435
8947
9540
5742
2388
4008
6682
5588
2866
5060
1179
9192
5120
10084
4214
775
7217
7455
4511
1476
5638
1065
1855
6110
10499
10434
4756
3831
2312
250
6665
3663
7757
2093
10098
5166
1676
6528
5950
1928
3146
5951
6205
4814
8459
4290
8081
2837
6799
1792
3798
5795
7132
8617
893
2257
6694
5352
6790
6278
10101
9773
5707
9129
10608
10620
7206
7822
7761
8709
7201
9219
5949
6457
4526
3512
2732
4853
6870
7869
6643
6548
8653
7557
9837
3543
9023
7785
6674
3530
2286
3050
6700
2036
3601
9084
7906
8921
9886
64
7942
7059
10340
724
1575
6100
4725
3635
9760
5782
1770
93
10242
9481
7325
6803
1248
3215
10031
3031
3363
6999
748
3103
4528
3501
6854
1627
8147
6044
377
7363
1583
9923
5601
8122
10239
4988
2947
9255
3213
2580
5403
821
6578
8965
3237
5751
3833
6167
9248
8865
9424
716
5173
9110
8948
2640
6078
2299
2435
8478
4721
3570
7231
1188
2631
10593
2502
1691
8733
9842
5208
6710
5755
3743
4207
502
6605
10562
8325
3636
485
671
9254
9077
3523
8070
10217
10300
9998
2981
1148
6762
1912
865
801
630
1619
4979
1454
1631
4299
3323
4949
5875
5847
5500
4028
7184
6122
4310
9775
8944
5904
46
7689
1721
3495
5837
10526
814
1812
2887
3381
6285
9227
8324
1573
6534
10221
10037
5903
3572
10336
4191
9806
5956
6216
9984
2206
4338
1924
2194
578
5367
5127
1501
2059
9538
4027
9024
3946
727
2335
1591
7967
593
684
9774
9878
8470
5622
5458
7443
4021
2250
4882
8623
1395
9623
4654
2843
1567
5566
7775
2724
1383
10275
9398
6461
8135
4385
3905
5296
735
5867
8179
4836
10582
6356
9787
3851
3497
9852
5021
9554
3285
696
3930
760
9739
421
8836
4877
4520
699
6065
2708
10352
1998
8668
2676
9604
6814
5210
4292
4869
813
1056
6588
10609
127
1495
2100
8526
9373
2433
9234
6485
4506
5791
8933
3267
8669
1349
383
3157
1043
1362
9768
4783
5542
8636
3398
1024
6006
6954
169
6975
8111
8287
1832
5234
2065
6129
10391
3364
433
4556
10509
10111
9022
1298
380
5686
10094
10589
1092
3900
9420
2686
2216
9115
5642
7567
759
10600
1990
3066
8272
429
8221
4273
1358
8445
6877
8239
3254
9214
1160
3060
5510
2452
5524
4758
10381
9496
6016
5842
9007
9725
4365
2922
773
3955
4110
1399
4712
9377
10432
8710
555
3563
1249
7843
5107
3850
3487
7097
9267
226
1313
6232
7003
4942
4183
9599
2465
7515
1878
5678
6597
6058
2850
7509
960
7312
8145
3976
5142
953
4100
3534
1516
2615
3074
8056
3385
7246
8442
4722
1113
3268
7667
2495
8743
5829
1968
5229
5087
7495
5152
4330
4593
5600
725
4843
4017
490
1468
3676
6726
551
3094
6487
8694
6575
4104
10136
7948
1388
9256
5475
7943
4757
8475
10032
8544
8745
6657
9531
5641
527
5801
1356
4909
191
3574
2514
3805
3308
7758
3728
9732
9081
9926
5256
2700
1292
1597
475
1695
4051
8441
4910
6086
4709
4599
4786
6425
7717
8660
1446
10209
2957
8302
1674
9493
6732
4434
8006
3244
5227
2195
4707
9780
7273
10621
3729
2660
3039
1958
4562
300
7303
9748
5015
8215
8675
2032
6928
1911
5611
869
6422
3273
6496
2716
415
6681
6114
989
2163
1945
2765
7340
3358
76
996
4907
7626
6991
5199
3391
3654
1494
2352
9752
898
30
1240
10382
4263
6241
9688
6206
5407
9807
1605
6165
4991
6264
5317
10503
5672
1044
2491
9758
7639
4694
266
1079
5626
8142
1238
3187
7583
6345
3312
10106
9105
3894
8408
9242
3251
4097
4065
700
6593
9452
8545
8384
8407
4768
4673
6080
3507
7927
4847
9880
1104
7103
7695
8629
9322
10075
9333
3421
3608
5664
1150
1781
3846
5633
8920
57
5724
8203
3903
237
5992
927
5809
6621
5912
2017
6734
3815
4576
6056
9061
8742
6327
7566
1682
3808
10232
133
6328
9530
2320
4557
8029
10114
648
710
5162
2674
10299
4395
9301
8580
6482
4350
4419
4425
255
4073
5985
10514
704
5659
5779
6510
3517
184
7018
6179
2894
6301
4297
10578
2422
10581
8166
7213
4086
5182
9600
5585
9855
5748
8281
3329
5592
4782
1933
5807
5483
6641
1658
9324
10424
1170
2733
5892
8265
4968
3644
4004
4253
6695
1572
5565
8229
3367
4937
6258
5931
3271
1118
2849
10369
2988
8429
2368
1050
2951
349
7562
4871
9919
8471
7430
3256
1974
5535
1005
2276
89
3958
60
4980
2454
4793
9896
10327
3279
5258
2937
8424
3672
8149
7343
5549
943
7494
1946
2016
5495
9892
1440
6656
10211
2762
9154
10152
2176
8375
5080
5789
2464
9389
4724
2344
8950
5528
7960
2345
10168
6868
1333
2072
3412
9630
3441
10496
2511
6506
9704
8457
991
7011
1992
4228
8729
9615
4959
5599
4839
6990
1093
1287
7269
9898
9592
5696
1467
4426
8900
260
1182
7329
891
2209
7684
1896
2208
10625
9345
2026
2166
10182
8717
8355
2138
3953
1922
9414
8262
3238
3032
1078
4667
4915
10508
2372
3505
8940
1261
711
8345
6637
7280
1734
681
6505
1090
2086
4566
8750
8007
4304
9039
7935
7600
382
257
9915
4340
5185
9390
509
3878
81
2548
6953
1505
5180
542
2341
7045
5494
3078
6424
6547
9123
1588
8953
7314
1569
7279
1485
5191
606
436
6755
6395
7794
1327
2405
3477
2810
172
3857
2690
1760
3389
10156
7225
1231
6023
7128
5561
10177
1584
1724
2076
7508
6315
545
10362
2953
7035
1602
8200
3780
2605
397
332
1497
4092
1791
10393
4609
1543
9527
2977
7166
6408
7703
1317
4160
5226
3520
3204
3748
7202
3812
6336
10095
343
8630
3259
5084
8827
8800
492
2232
1715
4804
6202
5019
7811
2767
2155
1727
2745
2860
1964
6848
3087
1452
717
5805
10186
4011
10495
7263
5647
6835
3842
4923
7167
10060
8152
7068
8686
5189
1898
7709
9260
668
5103
7392
9822
4596
6376
8301
6987
1266
6462
4201
6348
3640
7251
998
8340
3542
3586
10568
2480
3679
1423
6057
7346
6477
9904
5209
4884
3002
5244
4595
7283
7348
8705
314
8618
6760
3803
9811
8605
2127
6834
232
8021
6949
7580
6090
9231
2252
10368
10474
3626
5349
5471
2157
38
6292
4845
828
8929
4261
4509
2661
6640
9258
7912
1200
5547
2366
2601
6295
2443
7224
5444
2365
8472
3320
6012
321
1338
3875
4837
9595
982
2215
2489
4380
3409
4683
1076
2125
7489
107
9449
9196
6984
5341
7242
10502
4914
9349
1387
8785
798
7412
2827
10184
7424
10611
6811
5118
1242
6274
9403
8058
3466
10532
6288
8844
9797
10291
4656
1804
708
739
4935
539
8444
5394
10556
6351
4965
9149
6541
9902
1860
6255
2713
2432
6509
8393
1180
5844
3920
1984
9060
9556
907
7764
8437
2723
9299
9151
8260
665
6685
206
4456
3082
4136
1110
9120
10440
5405
2861
2088
5763
5373
8770
3859
9720
2079
5708
7537
5206
1481
840
9552
3951
6147
6488
8353
4226
9188
5001
6572
7601
1989
6036
7485
4519
7779
2198
10333
4300
9845
2577
6490
1111
6248
3853
8815
1673
8249
9127
7197
6120
8797
10586
6349
1943
6486
2400
2633
5578
1643
7252
3927
5963
3657
6556
988
2023
1885
3739
1771
8130
3580
7520
2913
8248
1902
7858
2517
4401
6644
10396
9560
8652
7026
9315
576
6763
6703
6200
1512
6449
4262
3564
5295
9624
5007
224
51
9372
10279
5190
780
7357
2484
5871
10357
5563
7901
7344
4905
8848
6275
4336
2191
47
2450
10141
1809
6178
176
302
4370
2641
2270
3514
2236
1611
1590
6341
6249
1906
3546
4123
6171
3767
9472
1414
5886
1655
4016
6602
4478
5431
1243
1209
9406
7620
7302
7131
6688
6473
7194
8064
4868
10413
3350
9215
10540
8157
6716
1201
8332
1683
7109
6269
5552
3555
9028
9890
3620
2576
1640
406
7940
2621
6335
7052
4173
9230
6978
4076
3224
8701
227
7212
6968
6625
3020
9354
8772
596
6014
770
939
5673
3017
5713
1669
2910
9965
4250
7141
2672
4617
9142
2340
450
933
5338
2040
5302
2447
5523
4063
854
4159
3355
174
5401
3971
3120
7840
4311
2670
10260
9694
1152
413
7748
8994
8693
6469
8981
8226
559
3359
9776
7498
2031
8887
6901
3989
6054
9043
7714
3718
2009
6526
1534
516
3962
2018
5975
5947
3197
2278
2799
9729
3609
645
2737
7699
10307
7766
10269
1334
10576
6456
8453
5605
3413
7156
5606
355
940
148
4302
10171
6879
49
7591
8787
5449
3270
10479
10264
8450
5387
4060
5253
7335
5517
6680
7105
7711
6142
1769
5322
4820
10521
8761
1845
2870
9664
4234
8620
8825
10552
7725
6137
5413
935
5069
10463
5034
2754
4779
8611
8109
1817
5799
3463
9038
4348
3242
1159
4622
804
2117
2616
7845
791
8146
714
1307
7181
7186
8247
8195
5843
8872
4608
9626
3858
10273
153
1074
2311
396
7394
4390
7172
10448
5361
252
5316
287
7360
7484
10262
499
961
7238
824
638
1011
9656
8931
4657
7285
1341
123
9955
8486
8356
8374
3509
6199
3311
9818
6266
6472
10392
6964
10577
4139
2367
3393
3425
5825
8683
7487
10402
5667
8737
9030
5491
7554
2423
9841
9483
9601
4019
845
4189
7262
9634
624
9750
10612
1753
8583
5136
3725
655
1451
4822
2720
4549
4003
2567
5859
10285
1377
9450
1142
2256
9547
4431
1539
4983
7027
8491
10151
2251
8178
9347
8320
6265
8970
1277
14
4527
7630
10541
2126
1559
7192
44
10218
972
4057
6138
2068
5669
3895
8500
2620
9877
3766
6454
8540
1653
10034
6339
6896
4235
2158
6431
5392
1431
1033
1754
4220
10555
8596
4315
1601
3296
9445
8946
2231
3658
10494
6238
4888
10543
7195
9853
2440
3414
4862
9001
3600
637
4268
4848
5551
7706
503
131
941
10080
7688
2353
5570
4232
5059
339
9994
654
1325
7086
6381
530
8843
8461
7555
7345
8078
2296
4650
1654
2834
9755
4335
1348
365
977
4597
9250
1001
6034
1798
2904
8140
9320
861
1030
2217
3785
4598
2976
2747
2317
7673
6464
4741
5583
4643
4407
3847
3097
2328
3502
10376
8555
7124
9370
6875
8458
3890
7941
6135
7676
2082
7478
1527
7962
368
4489
8497
1803
3848
7789
5882
4249
283
7705
6088
5276
444
7151
7207
1259
4119
10447
1581
4355
441
975
5330
3999
6549
2358
5981
10052
2929
7113
8066
7783
9070
4413
6380
425
3528
7563
5397
5827
5332
3336
4103
3914
4376
5771
7760
2228
6008
9936
9981
3306
4569
7289
4818
7721
4170
9103
8080
7769
3723
8125
5165
10437
5940
8923
7091
3909
6338
4460
6198
6458
8854
7899
8225
8454
2108
9498
346
5680
1714
4043
7180
8241
750
7227
1416
1027
9225
4375
6459
6192
1253
484
2427
3702
1386
164
6731
8689
6262
1926
5878
1010
1354
4604
6500
4539
9252
4807
1889
905
8925
7628
6520
5919
9239
4534
8420
5216
9352
4391
7730
4033
2658
7294
5744
1511
10339
519
10326
7854
537
4616
9651
6717
7577
538
5988
9505
8677
8658
8546
9613
10056
4002
10473
7791
145
7656
8754
6944
7870
10127
4692
5980
2096
10238
8531
8376
9576
6891
10070
9053
3898
2739
2682
618
6451
3221
6558
5279
9092
7788
8516
8234
1332
2565
2895
10208
207
8256
6184
82
7668
8609
9897
1165
5560
3229
7265
1731
3891
10296
1441
3532
1470
4628
2833
3590
3333
6143
6046
3376
4521
8212
6795
3440
2149
5749
5468
5451
4316
5909
1732
7061
680
8165
10170
6679
6924
5555
7164
6886
6956
9438
978
4840
9009
9362
10622
7395
8828
7799
8593
7410
7055
4472
4699
9574
560
7163
9953
10226
4070
774
925
7921
9788
7270
6921
8189
4785
1593
2391
4081
5271
1091
2638
4187
2318
9095
1703
1469
2954
185
3630
871
9190
5266
3231
9089
3115
8246
6922
5285
8972
6546
767
8764
3330
360
9051
6706
4313
3294
7062
3395
2780
7007
4842
4236
5640
6416
5496
3865
2811
10603
2800
9466
5662
8485
9096
8304
13
5860
2669
5796
7241
5292
529
838
10122
842
8695
10614
3843
8511
6995
6029
9217
6418
1296
7542
6833
9523
10319
8273
1940
6988
8912
2862
3602
6550
3839
1445
10464
3150
7817
9185
80
363
5443
7004
4433
2333
5508
6568
6992
10159
1656
9306
6917
6828
9924
6888
3978
5364
2462
10065
71
1169
3142
2774
10361
1587
7117
9948
2664
7743
9178
846
1595
4996
738
3774
3737
2
6367
8322
67
2512
4592
6172
2925
7999
8097
1088
1868
1850
7083
6521
4627
1632
5832
282
2653
5624
5952
2768
8367
950
10378
3581
4999
1206
8870
6658
3092
8539
1069
8330
7989
1343
3202
9707
4007
2544
7616
4054
8481
317
9508
2277
2710
9482
6420
8504
7553
6011
8638
6185
837
10390
1393
5051
5730
5884
8038
229
8381
3554
951
2683
5598
582
8979
9849
1706
620
8955
3182
5625
6133
1286
2874
10566
178
965
4715
8518
1382
4634
6936
10511
1746
4695
6250
8492
8053
5790
5263
5515
6589
934
10452
7778
154
8148
8042
6673
4392
6806
2759
5014
6297
6391
6059
8435
2550
622
8402
10546
4083
7893
9791
8018
4067
8414
3456
10553
6083
69
10596
9996
3349
10024
2383
8934
1935
5254
2520
535
8095
4515
5711
4488
3305
8591
3219
2907
1687
2488
7423
6559
3607
1870
1864
3811
6067
9461
4295
722
8370
2819
4078
4483
7249
646
3357
4034
2623
600
7848
1790
4698
3703
5954
6429
10246
540
1767
6223
4974
416
1012
3207
1828
1280
460
1987
9334
5126
2788
9935
4829
8061
5418
6722
2796
9216
8363
6453
10598
143
5235
9986
5049
2818
3863
9422
9427
10126
6690
5286
6028
7321
827
4951
7853
662
7095
3121
5853
10153
9012
6498
4205
6691
7576
8930
8698
621
7257
7683
9588
9733
9304
1207
3511
7157
9816
1102
10431
9857
7237
5320
5580
5982
6986
291
6750
3717
7805
9064
4517
9663
5264
335
4896
5823
9122
6838
3250
6586
5412
2172
2666
9245
2730
7874
1323
4753
9211
7189
2361
2482
4533
6899
7017
2022
3246
1745
1211
2828
2563
3169
10401
2288
1716
5388
7947
7380
7815
8063
5461
6403
263
10115
8775
6719
7549
6317
3757
851
8600
7980
2532
7510
8645
8183
9682
1449
1513
7326
9317
5906
9
4238
9296
6245
651
3061
2049
1384
6972
7933
1705
1215
5186
216
9838
32
1642
9796
4946
10628
4181
8343
1749
993
9964
1466
3400
7574
3067
6817
8628
5961
372
404
6577
6173
1403
2483
7315
8763
330
5623
4344
3079
4477
5026
9418
605
8671
5595
1320
4961
2679
9636
10585
7476
3873
3965
7116
5362
9273
8732
7622
1028
2142
2606
9056
1285
2770
6843
353
3247
9761
2302
5078
1125
1483
2721
7981
6860
2408
1245
410
422
4420
2597
5885
9831
213
10338
2748
3380
572
4492
9016
7399
4202
1719
4551
857
10078
375
4309
695
9815
6098
6311
9667
7222
4301
7236
3634
9830
5281
8909
9793
9441
4674
258
2329
6909
10142
9550
9767
6219
9999
99
3337
2822
5304
10085
9647
3459
3932
7205
6737
10488
1039
5780
160
1722
3845
6934
8259
3113
6320
5044
6592
8079
7847
10139
3328
2964
2912
3783
9558
2338
5003
8637
1962
4738
6218
1071
9358
6677
9251
1491
8311
8501
4931
8727
4585
8436
5754
8207
4624
6729
8235
3156
488
9966
3824
4186
1789
2814
8232
2237
5255
6442
9889
7966
369
7949
5732
223
3483
3037
3075
4410
5752
8438
7570
3045
1473
1198
9148
6191
3063
9238
6303
10282
10017
2279
4713
120
2046
333
6157
9343
6648
2628
8160
10445
5861
4318
8847
6704
5290
9510
7465
10343
4812
7877
7005
5720
5781
412
4415
10351
5222
3876
2225
9724
7393
1978
8700
4009
10293
10131
10047
6746
5653
7277
10320
7931
9769
2687
6678
3576
285
6334
4346
3174
7486
5855
1853
4823
1372
4172
4212
7453
3073
992
1221
427
1479
10330
8222
667
1531
10212
2998
6980
8988
1821
1297
2740
795
6530
9683
5326
2384
5836
4763
4351
2541
1846
2382
2538
2416
3841
3396
1793
7441
10143
3752
2314
2000
8616
2336
8665
8072
9706
4984
3304
1162
5181
6844
2963
8517
91
5029
4280
2642
1881
5129
4881
9825
6260
2802
4548
5794
1618
1938
2652
88
4538
3467
2986
3708
1815
8855
77
5440
4736
9391
6519
3089
150
3430
8813
280
190
8562
399
9020
1284
9785
3230
6168
2025
7385
8632
10062
4678
2418
3088
6969
7160
1647
8192
6291
9088
2908
6542
8741
8954
9040
2218
4142
1521
10042
9871
4053
7612
10364
5380
9371
590
4252
2901
5076
9846
1458
6747
8599
5798
2461
5608
10044
2581
761
556
5834
8309
2211
264
9167
6430
3677
1725
9885
3526
6761
8245
9351
3465
3379
2103
3098
4885
9029
8961
2310
6307
2494
7234
10601
5331
800
9677
8289
7503
4902
1288
3
7387
5550
10110
8527
5480
9753
2169
7182
959
3461
7401
6582
459
8755
8899
6751
9339
8738
3491
4846
2374
7327
4518
8939
3529
3577
4669
6407
2764
2959
10109
8876
2451
8015
4099
1351
3522
9253
8127
2472
10253
8121
1762
4194
4612
1697
1957
5343
5203
162
5334
3010
9943
8339
4061
6714
3492
4493
561
1730
4323
7437
3711
7605
3732
6856
8657
554
3700
10375
1578
673
9183
1289
2140
10536
6460
9312
2595
938
7271
8108
195
5927
6791
9444
4196
3378
9194
8582
6281
1265
1173
6974
3612
8986
9990
2402
5923
8434
1503
290
9147
2395
6807
10450
9049
8176
9235
8513
4908
6159
2362
5969
5775
8661
4602
1901
8982
9814
7320
9721
1326
9201
4799
7885
1119
2542
7047
2573
4006
5297
2074
2156
5348
3239
9346
7738
6365
8846
4945
4023
2973
1824
218
2331
7932
2758
9385
8585
7368
10477
1698
7488
2756
4546
5815
2385
316
1149
8093
2630
3321
9308
1408
6024
6676
2034
9000
9507
5163
1700
8488
5979
10145
3997
863
1106
3896
3844
3057
7436
7481
6883
1622
7318
3731
4619
3232
1956
6585
3434
3081
5715
1017
8206
5767
6948
7873
10271
5501
1185
9126
4911
2303
1251
4943
1396
4260
1480
8383
3008
8766
9756
2516
1475
3686
2993
4755
832
10257
8667
10458
9193
7400
1420
6279
7896
9321
7255
3332
7603
4826
6932
5822
9699
2602
8724
6874
3990
6935
615
8810
9128
1999
7019
7876
844
3610
1688
6293
2238
7532
8814
8840
4367
4849
9236
4437
9119
1178
482
2864
279
5682
3054
301
8649
7838
8361
9655
771
6527
1061
3793
10549
7662
8365
3195
8529
1963
7492
4498
8595
7875
2347
971
5621
8663
8238
6417
9723
1305
10384
4341
8391
3322
9408
4030
1744
1279
6066
10433
2413
9275
6148
687
10324
10530
7023
8590
6423
3104
10467
1551
6386
2906
9114
4544
4767
2342
9803
179
401
7608
10359
9643
374
9392
9036
8372
691
2610
53
2990
5777
10241
5337
10583
9054
7977
6553
3611
9859
10063
7403
7926
4481
4308
118
6331
341
1810
6447
9492
8331
4745
2968
173
10251
4580
5382
10418
2167
3489
1302
10225
221
7397
1413
8917
2322
4188
5125
4677
5874
4436
10561
7356
9734
9469
5635
8286
5268
8261
9031
2294
5248
2778
3619
5978
9608
318
8307
9436
3145
3411
10149
7521
705
2921
3806
5518
8188
1140
6859
4635
5155
39
3022
3754
2697
1905
498
5820
3968
6882
5946
7425
510
5656
9594
1863
1553
8906
1795
4894
731
5977
215
6361
3868
6845
5095
9416
4553
8074
2685
3786
9742
5119
2425
2736
2526
521
9960
8747
305
48
3403
6208
5040
7071
9521
4594
298
5704
9583
3180
5124
10383
3879
9353
6557
7367
8877
2498
9044
9991
2153
506
5360
7466
2152
4522
5294
3556
5899
1607
7292
4484
2897
6308
3647
7597
3047
1636
515
4510
661
5814
2940
4620
3817
7450
2377
9176
9696
4780
6062
5406
1799
8510
1306
1696
6819
1932
8730
3573
42
1077
9082
35
3049
8655
4089
3810
7979
1662
6580
4382
4329
5511
973
10372
2375
1337
8874
9610
2107
7365
2055
4022
7044
2528
10286
4218
8625
5106
2543
3313
7892
7952
9620
5766
8904
9944
10349
5753
5318
3892
8932
1275
6276
3587
10490
5329
1365
8115
10243
6826
895
5324
4752
3478
2923
4339
9693
3603
3747
6467
6623
8845
4190
7145
6609
2021
10
5953
2123
210
10441
6097
8958
4875
1899
10618
3782
7301
3384
7053
6396
473
3775
3945
1620
8746
6374
7606
1743
2437
698
7774
9288
2879
4938
4950
9174
763
10531
843
10484
5134
2678
3482
2583
4732
4855
3746
6452
8396
7856
8369
1528
862
6022
3178
737
729
8046
2475
7587
3288
6631
202
10173
2175
3571
10334
768
8060
7718
1866
8495
3992
10522
8473
5453
1847
5797
1784
3107
5631
7451
7513
2063
8427
7233
5023
1276
1064
6033
9666
4440
208
10169
7579
9479
2668
9384
5772
2941
4463
1554
3258
890
3629
6718
7203
658
10310
1720
8528
3318
10030
8678
4866
7610
2741
9307
217
5729
10309
5888
5012
2746
7372
4036
1910
3770
4647
9085
2069
2492
2789
4856
209
4688
9642
2890
9394
7480
10135
9386
8993
8905
4084
7685
8769
4307
2245
1660
4578
1537
8368
5055
8883
443
7969
612
10146
9545
483
1366
7232
4917
4321
3889
10444
9899
256
7275
3005
10179
1630
5687
7975
9737
4555
4276
8903
4933
8314
9102
8901
3691
2547
6897
3807
2029
6739
6749
8025
7258
1350
5006
9832
9914
180
866
9285
3473
4861
7418
3797
234
2244
732
4247
8515
10610
4841
10082
7713
2439
7571
3582
5579
887
8047
6780
7590
8217
2719
445
9431
1923
686
6502
6002
8559
8969
9548
5042
5240
5559
4095
6615
9369
7946
5323
1996
5818
888
2404
10245
1993
6103
10128
7080
602
8656
8922
7611
4584
2144
8592
4231
4719
10254
4623
8823
787
5835
740
6914
3548
5108
1303
2877
2896
7547
1124
8563
1925
2885
4960
6421
418
4322
3165
5462
10607
8268
8537
1903
2273
7405
2825
7226
8776
8779
3253
1616
5482
4601
3275
7991
7154
3016
10108
4898
4244
5813
8858
5421
2348
7386
6881
9497
9052
6535
10107
944
9397
2080
5283
8104
8888
8615
6463
9974
4156
6257
1009
8101
6009
5840
8360
7647
4760
6788
4168
8319
8271
8404
3397
1975
9928
5377
8216
5202
9078
9680
3394
8389
4182
6043
8167
8430
647
3899
2168
9790
7637
5733
7953
9906
6537
9402
9124
6603
455
5242
1045
3249
1953
3623
6261
852
2553
3551
8126
9640
8401
1869
2626
9649
2587
7767
4703
683
6894
7179
5169
5132
10192
9509
7923
5945
3117
4427
8554
5340
1939
8011
5531
1489
7094
4625
588
9870
3553
6435
4072
385
3917
10529
409
8860
7032
6818
3615
2146
4981
5810
8897
9927
6824
5880
4859
3558
5648
8169
1105
7678
10258
4278
778
8054
6923
1381
9506
9826
4412
1668
5762
9858
9665
2776
8781
7049
10302
3499
8133
9992
1971
8820
9184
7354
1463
8023
3158
7538
2221
7836
3947
3874
7322
7827
381
2070
6518
3348
9425
5043
5727
16
9500
6020
2436
5267
4018
569
3265
10297
2390
9504
9140
1184
7850
6501
6382
7701
452
3588
1500
8538
6355
552
8739
7429
915
8720
9850
3579
5839
3656
1220
9930
3735
10051
3907
8230
1291
1369
715
3650
4080
8524
1385
6236
8480
6160
7065
6998
2975
2316
2476
8296
326
9528
9459
9244
8103
511
8076
1314
8610
1867
4621
4811
391
10166
8802
7855
4106
6246
5327
8279
7002
1914
9573
1854
9535
4013
5747
6794
9969
3944
6595
152
10588
5723
6989
2229
6736
7185
6583
8164
2429
1094
10615
2856
4259
2655
3954
9074
5065
3995
1174
4334
10558
7795
4583
3469
7477
7708
4124
6545
1708
5102
3550
5184
6227
9519
8808
8196
6675
8788
921
7209
6574
9653
2522
10476
2282
2143
6633
1153
8985
9421
9958
8684
7374
8110
9033
5045
5677
10290
4364
7138
10132
6010
