710
897
291
374
859
503
504
489
562
39
40
563
1059
1043
459
392
753
91
90
927
161
877
995
279
122
1061
11
135
354
359
512
1020
481
498
943
78
666
293
172
1062
872
754
688
134
229
191
442
1073
1055
283
830
537
137
751
733
450
795
400
457
331
407
834
935
750
1003
717
297
345
241
117
911
497
339
909
60
711
624
151
923
243
890
936
214
148
575
972
857
440
1008
967
669
632
169
629
962
729
200
285
790
0
4
1063
820
944
541
550
308
130
185
251
765
822
579
676
545
468
307
775
679
618
728
1035
694
592
67
597
651
1005
603
209
975
34
878
500
278
772
993
145
858
75
725
420
502
113
656
578
851
416
306
253
1000
955
433
654
438
931
565
837
1006
494
1051
17
146
441
961
194
397
557
846
528
97
411
439
1052
788
492
192
136
324
973
760
482
398
152
1029
691
299
637
432
454
957
918
848
467
73
840
115
929
657
792
873
499
219
1021
901
731
235
15
665
290
254
898
584
314
774
701
953
187
988
71
394
323
930
44
748
330
533
295
906
868
449
738
128
862
989
255
412
263
1013
335
267
264
261
288
769
476
950
157
55
464
614
59
625
742
896
402
713
913
916
491
860
328
622
1053
687
108
875
740
123
698
230
741
495
303
1070
697
650
634
401
275
265
282
250
478
1027
396
334
506
349
791
865
474
106
470
853
417
956
45
764
364
1028
427
149
35
941
53
276
347
198
327
963
879
22
934
361
703
384
1077
525
372
735
155
559
