1.040908694267273,0.9500000476837158,1.133283257484436
1.0270800590515137,0.9700000286102295,1.0789082050323486
1.024999976158142,0.9750000238418579,1.155470848083496
1.0363308191299438,0.9550000429153442,1.0754708051681519
1.024999976158142,0.9750000238418579,1.0325019359588623
1.024999976158142,0.9750000238418579,1.0467208623886108
1.024999976158142,0.9750000238418579,1.032970666885376
1.0375635623931885,0.9550000429153442,1.2287520170211792
1.041567325592041,0.9350000619888306,1.786876916885376
1.024999976158142,0.9750000238418579,1.0717207193374634
1.0433298349380493,0.9500000476837158,1.5703144073486328
1.0424572229385376,0.9500000476837158,1.6312519311904907
1.0287507772445679,0.9550000429153442,1.3993769884109497
1.024999976158142,0.9750000238418579,1.0481269359588623
1.024999976158142,0.9750000238418579,1.046251893043518
1.0372639894485474,0.9550000429153442,1.2257832288742065
1.024999976158142,0.9750000238418579,1.0242207050323486
1.024999976158142,0.9750000238418579,1.0382832288742065
1.024999976158142,0.9750000238418579,1.0582830905914307
1.0199999809265137,0.9800000190734863,1.0365644693374634
1.024999976158142,0.9750000238418579,1.0353143215179443
1.0271220207214355,0.9700000286102295,1.0840644836425781
1.024999976158142,0.9750000238418579,1.0232832431793213
1.024999976158142,0.9750000238418579,1.0460957288742065
1.0354321002960205,0.9550000429153442,1.1653144359588623
1.024999976158142,0.9750000238418579,1.0253145694732666
1.0409085750579834,0.9500000476837158,1.0778144598007202
1.024999976158142,0.9750000238418579,1.0300021171569824
1.0199999809265137,0.9800000190734863,1.029064416885376
1.0363308191299438,0.9550000429153442,1.0714082717895508
1.024999976158142,0.9750000238418579,1.0428144931793213
1.024999976158142,0.9750000238418579,1.015001893043518
