620
926
603
665
536
1020
893
1042
310
1024
413
610
811
247
241
1032
284
292
720
206
923
539
661
182
16
667
812
791
92
1016
625
662
208
469
944
440
849
577
300
790
26
633
566
497
606
688
368
318
499
1039
1001
711
109
263
150
969
22
582
402
416
644
99
478
895
428
598
947
801
951
181
149
834
38
10
348
448
273
491
543
775
324
259
33
541
713
636
378
670
656
204
188
2
268
838
51
23
421
555
5
474
174
139
1057
307
768
154
1036
581
889
556
517
564
552
789
740
339
916
18
903
1048
526
600
929
6
941
796
90
792
602
52
659
502
290
864
277
891
645
787
449
351
678
894
210
698
217
608
593
14
481
890
550
198
785
86
299
958
60
104
754
484
437
