605
92
435
862
417
263
670
458
419
139
593
103
156
549
184
406
843
500
672
931
1011
452
1004
936
143
974
465
374
1032
241
135
618
106
480
572
673
1003
122
743
953
434
944
467
910
11
471
540
357
393
1069
804
884
698
653
437
790
198
88
604
178
388
181
397
852
598
110
120
782
145
305
897
659
130
548
734
501
773
442
403
76
258
440
127
801
856
323
860
2
1028
47
160
802
1
253
210
807
770
1012
1053
758
1010
947
271
297
51
629
153
631
222
136
1055
387
1050
33
712
1034
714
916
892
447
624
57
69
366
176
963
677
929
15
204
1039
544
822
319
14
1054
312
400
1044
446
50
704
725
389
123
91
1038
956
75
53
788
981
300
907
742
249
372
553
992
997
529
656
459
159
792
309
177
569
200
228
118
213
182
166
811
753
810
140
853
13
72
706
733
301
583
876
566
265
1001
633
351
1023
1020
296
814
849
433
315
394
848
945
19
985
457
107
196
652
314
754
167
841
269
240
56
131
845
236
663
162
174
1033
432
1021
658
202
831
702
699
254
688
506
353
692
878
881
901
482
283
231
10
255
665
191
525
568
641
957
708
89
6
796
378
608
497
100
646
414
870
36
381
311
207
232
536
1048
697
303
214
891
461
318
144
152
208
60
739
983
169
337
894
685
695
775
306
316
29
760
522
134
264
594
655
900
886
358
345
133
324
310
662
115
361
30
526
343
630
41
329
591
516
705
872
887
950
560
288
720
858
818
855
610
861
142
