184
1069
829
979
817
96
594
84
186
543
298
720
1065
397
68
78
65
737
644
410
653
1062
1056
638
897
560
368
528
552
840
865
227
233
378
551
45
517
28
667
781
332
161
308
959
464
302
163
174
746
910
688
279
762
986
534
211
269
936
597
391
467
455
696
966
374
26
401
370
765
559
509
162
655
329
27
16
213
282
842
53
639
786
137
21
1040
736
158
183
232
461
931
855
204
409
231
680
301
758
473
1018
905
431
872
635
982
131
29
768
767
337
715
460
319
305
82
404
972
888
1063
602
4
1025
945
759
998
118
682
977
1048
951
471
885
523
772
921
237
960
770
861
475
920
283
422
863
152
340
66
894
177
730
971
710
375
25
178
775
244
522
92
364
110
272
539
1049
693
285
318
321
779
351
445
56
537
446
935
898
535
788
743
624
430
120
482
714
443
1039
394
808
774
479
105
679
439
107
658
390
930
124
997
361
911
564
369
1032
704
286
311
850
932
353
816
99
587
133
515
505
234
454
940
292
584
889
903
344
1060
249
424
187
617
875
323
140
697
553
463
968
284
630
151
830
685
550
8
827
465
902
437
485
324
38
576
241
33
742
1
530
556
122
229
838
309
1037
976
23
947
857
508
170
854
192
1004
182
288
754
571
262
58
393
566
402
1014
230
3
476
201
1021
611
160
197
1030
468
961
486
146
818
459
561
219
666
175
884
676
1064
1020
128
388
735
824
701
63
172
307
220
263
199
952
589
799
48
1058
506
44
224
