527
52
420
56
251
18
89
710
313
114
507
447
360
1039
717
831
758
225
163
880
35
130
592
958
466
343
724
37
889
902
40
525
135
265
1035
620
579
16
885
1008
322
500
338
151
788
1
555
638
898
426
246
182
662
203
280
828
307
326
761
767
205
297
765
401
537
900
714
772
635
845
969
233
940
9
488
859
309
1061
437
731
838
762
312
491
808
551
564
324
411
164
610
415
477
279
856
775
212
735
513
286
108
916
801
558
840
747
39
195
245
85
753
562
1016
581
36
65
563
456
674
909
913
1007
450
1034
263
301
460
432
87
992
871
670
575
576
682
332
156
967
175
433
686
862
368
994
485
1033
604
289
259
140
607
857
144
816
59
759
572
442
962
300
255
