1.0430306196212769,0.9450000524520874,1.137189507484436
1.0220800638198853,0.9750000238418579,1.0679707527160645
1.024999976158142,0.9750000238418579,1.155158281326294
1.0313308238983154,0.9600000381469727,1.0735957622528076
1.024999976158142,0.9750000238418579,1.0328145027160645
1.024999976158142,0.9750000238418579,1.0465645790100098
1.024999976158142,0.9750000238418579,1.0331268310546875
1.0375635623931885,0.9550000429153442,1.2295331954956055
1.041567325592041,0.9350000619888306,1.742501974105835
1.0199999809265137,0.9800000190734863,1.0687519311904907
1.0406477451324463,0.9500000476837158,1.6029707193374634
1.0424572229385376,0.9500000476837158,1.6309394836425781
1.0337507724761963,0.9500000476837158,1.3800020217895508
1.024999976158142,0.9750000238418579,1.0476582050323486
1.024999976158142,0.9750000238418579,1.0459394454956055
1.0422639846801758,0.9500000476837158,1.2248456478118896
1.024999976158142,0.9750000238418579,1.0242207050323486
1.024999976158142,0.9750000238418579,1.0378144979476929
1.0199999809265137,0.9800000190734863,1.0520331859588623
1.024999976158142,0.9750000238418579,1.0401581525802612
1.024999976158142,0.9750000238418579,1.0348455905914307
1.0271220207214355,0.9700000286102295,1.115001916885376
1.024999976158142,0.9750000238418579,1.023908257484436
1.024999976158142,0.9750000238418579,1.0454707145690918
1.0354321002960205,0.9550000429153442,1.1651581525802612
1.024999976158142,0.9750000238418579,1.0253145694732666
1.0409085750579834,0.9500000476837158,1.0821894407272339
1.024999976158142,0.9750000238418579,1.0298458337783813
1.024999976158142,0.9750000238418579,1.0276581048965454
1.0363308191299438,0.9550000429153442,1.0712519884109497
1.024999976158142,0.9750000238418579,1.0429707765579224
1.0199999809265137,0.9800000190734863,1.011095643043518
