673
170
526
47
442
1044
816
732
870
372
534
1015
471
243
745
198
519
691
334
1076
215
121
713
510
887
1033
378
728
869
93
1037
709
925
395
13
542
873
342
892
1077
789
983
905
974
12
235
369
960
31
676
458
335
591
735
767
946
662
386
972
926
373
677
535
37
762
1024
225
11
768
415
178
1030
291
161
805
909
131
872
697
1069
799
579
664
127
15
844
473
724
332
307
434
296
17
404
460
940
829
804
391
725
457
920
309
420
177
206
203
876
900
828
666
482
88
480
522
700
60
56
407
54
242
287
365
783
1012
669
91
105
376
393
197
79
117
626
532
99
645
501
284
347
324
545
160
932
896
247
436
846
271
38
769
867
338
411
847
614
548
851
218
1003
267
1072
143
40
293
370
1046
813
907
541
134
996
445
608
878
145
849
409
78
791
120
529
796
912
636
1062
339
81
864
597
462
616
82
489
781
250
794
651
770
268
63
476
343
815
672
855
94
148
843
1023
559
1004
487
921
230
454
33
656
263
429
30
910
152
731
323
557
682
1013
527
36
228
689
842
606
856
520
687
209
186
820
642
95
620
1047
374
299
361
109
475
1053
417
425
20
163
330
824
392
173
995
584
1051
827
877
77
775
1039
937
214
985
384
655
138
171
948
59
641
74
423
286
588
87
681
683
381
100
556
999
174
497
533
1020
744
902
325
107
861
364
565
498
428
356
788
44
675
318
503
288
848
233
901
514
192
989
110
918
470
551
922
1043
513
306
708
659
957
58
25
979
835
575
536
730
89
366
319
904
1022
113
930
831
146
990
991
3
1071
810
1042
75
400
518
396
355
894
350
763
168
601
748
382
734
944
57
193
182
289
35
858
690
103
67
452
809
281
726
756
890
333
854
716
19
1019
826
28
836
634
982
190
226
353
450
328
1016
686
469
227
1031
976
149
315
410
254
803
965
137
155
994
222
727
257
446
1021
743
189
712
508
585
830
517
292
24
850
461
889
740
211
362
9
65
348
1073
184
950
183
358
954
860
213
385
52
885
568
786
986
684
1075
539
509
640
739
240
1048
564
147
853
477
599
765
352
680
114
412
383
253
943
1049
344
971
879
863
34
29
157
53
14
553
304
801
766
941
165
204
1059
83
236
657
27
742
528
305
668
481
50
773
437
911
1057
351
929
761
1029
128
49
426
154
823
898
722
266
21
122
251
715
928
202
418
478
1065
303
48
1041
818
140
834
903
635
707
694
696
354
1056
717
219
899
8
45
594
808
217
543
422
671
838
130
644
308
531
272
260
360
201
359
908
832
277
612
55
987
237
821
550
479
401
84
630
604
914
156
881
265
26
150
589
276
447
798
1040
399
491
484
1014
456
259
741
86
611
752
176
1055
494
515
785
654
427
784
884
199
736
419
394
205
702
993
871
772
262
488
631
714
688
241
413
792
375
249
414
706
638
504
220
978
1064
790
537
916
933
936
16
212
321
167
718
39
603
326
246
331
582
758
755
998
643
1054
135
1026
580
704
969
566
1074
610
244
653
406
1028
221
80
935
888
207
609
431
1
4
269
1017
195
443
806
7
129
572
312
571
485
51
357
273
261
997
408
811
264
882
435
625
223
191
239
977
966
232
619
441
285
660
1018
883
970
613
106
85
621
495
1008
841
652
523
1067
678
917
923
587
817
403
169
753
705
329
102
185
256
984
581
973
363
496
554
516
72
467
895
980
159
602
1032
248
723
939
667
695
466
857
633
814
172
663
738
530
166
46
720
698
833
158
721
988
934
1007
108
711
618
62
345
387
737
311
661
1038
97
793
317
576
424
492
405
795
840
628
371
314
778
379
1066
194
1010
346
776
839
674
750
164
22
71
341
231
637
316
32
558
874
18
142
448
295
782
658
459
967
377
