1.0870001316070557,0.9910001158714294,3.000004768371582
1.1859999895095825,0.9910001158714294,2.999988079071045
2.00600004196167,0.9769999980926514,2.9999911785125732
1.2489999532699585,0.9930000901222229,2.999997138977051
1.1799999475479126,0.9920001029968262,2.999997138977051
1.184999942779541,0.9900000095367432,3.0000057220458984
1.1430000066757202,0.9900000691413879,2.99999737739563
1.1379998922348022,0.9920000433921814,3.0000059604644775
1.222999930381775,0.9900000095367432,3.0000059604644775
1.253000020980835,0.9860000610351562,3.0000030994415283
1.1129999160766602,0.9879999756813049,3.0000061988830566
1.1630001068115234,0.9900001287460327,3.0000054836273193
1.3269999027252197,0.9900001287460327,3.000004291534424
1.2049999237060547,0.984000027179718,3.0000059604644775
1.2380000352859497,0.984000027179718,2.9999966621398926
4.564000129699707,0.9340000152587891,3.000004768371582
1.347999930381775,0.9910000562667847,3.000002384185791
1.071000099182129,0.9940000772476196,3.0000064373016357
1.2419999837875366,0.9880000352859497,2.999997138977051
1.0549999475479126,0.9950000643730164,3.0000057220458984
1.065999984741211,0.9950000643730164,3.0000054836273193
1.0820000171661377,0.9950000643730164,3.0000054836273193
1.100000023841858,0.9930000901222229,3.0000059604644775
1.2220001220703125,0.9950000643730164,3.000000238418579
1.0819998979568481,0.9940000772476196,3.0000054836273193
2.5430002212524414,0.9679999351501465,3.000002861022949
1.2239999771118164,0.987000048160553,3.000002861022949
1.2139999866485596,0.987000048160553,3.0000011920928955
1.3100000619888306,0.9910000562667847,2.9999964237213135
1.4589999914169312,0.9839999675750732,3.0000011920928955
1.065000057220459,0.9930000901222229,3.0000054836273193
1.4800000190734863,0.9900000691413879,2.999995470046997
1.4300000667572021,0.9850000739097595,2.9999969005584717
2.878000020980835,0.9649999737739563,2.999990940093994
1.5789999961853027,0.9859999418258667,2.999990940093994
1.8910001516342163,0.9809999465942383,2.99999737739563
2.4570000171661377,0.9709999561309814,2.9999992847442627
1.1790001392364502,0.9900001287460327,3.0000057220458984
1.224000096321106,0.9900001287460327,3.0000014305114746
1.9810000658035278,0.965999960899353,2.9999985694885254
1.9950000047683716,0.9729999303817749,2.9999911785125732
1.1869999170303345,0.9890000224113464,2.999997138977051
2.121000051498413,0.9760000109672546,2.9999918937683105
1.2030000686645508,0.9900000095367432,3.0000054836273193
1.2039998769760132,0.9890000820159912,2.9999969005584717
3.673999786376953,0.9420000314712524,2.999999523162842
1.152999997138977,0.9900001287460327,3.0000054836273193
1.1330000162124634,0.9930000901222229,3.000004291534424
1.2009999752044678,0.9920001029968262,2.999988317489624
1.2389999628067017,0.9829999804496765,2.9999969005584717
1.0930001735687256,0.9950000643730164,3.0000061988830566
1.0590001344680786,0.9930000305175781,3.0000061988830566
1.9399999380111694,0.968999981880188,3.000002861022949
1.2260000705718994,0.9869999885559082,3.0000057220458984
1.3199999332427979,0.9860000610351562,2.9999966621398926
1.3090001344680786,0.987000048160553,3.0000040531158447
1.1689999103546143,0.9920000433921814,3.0000052452087402
1.0759999752044678,0.9940000772476196,3.0000059604644775
1.311000108718872,0.9880000352859497,3.000004291534424
1.0269999504089355,0.9950000643730164,3.000004768371582
1.2960001230239868,0.9850000143051147,3.0000009536743164
1.6660000085830688,0.9850000143051147,2.9999966621398926
1.277000069618225,0.987000048160553,2.9999969005584717
1.2429999113082886,0.9930000901222229,3.0000040531158447
1.2939999103546143,0.9839999675750732,3.0000059604644775
1.1549999713897705,0.9940000772476196,2.999997138977051
1.1139999628067017,0.9940000772476196,3.0000011920928955
1.8819999694824219,0.9850000143051147,2.9999966621398926
1.3170000314712524,0.9900000095367432,2.999997138977051
1.0829998254776,0.9950000643730164,3.0000064373016357
1.0509999990463257,0.9950000643730164,3.0000052452087402
1.1890000104904175,0.9950000643730164,2.999990701675415
1.2080000638961792,0.9869999885559082,3.0000059604644775
1.2339999675750732,0.9860000610351562,3.0000011920928955
1.1649999618530273,0.9930000305175781,3.00000262260437
1.2330000400543213,0.9930000901222229,2.999988079071045
1.625999927520752,0.984000027179718,2.9999988079071045
1.1269999742507935,0.9880000352859497,2.9999969005584717
1.0830000638961792,0.9940000772476196,2.9999966621398926
1.2500001192092896,0.9930000305175781,2.9999990463256836
1.3240001201629639,0.9900001287460327,2.999992847442627
1.1600000858306885,0.9950000643730164,3.0000052452087402
1.1320000886917114,0.9930000901222229,3.0000059604644775
1.194000005722046,0.9950000643730164,2.999995231628418
1.2899999618530273,0.9839999675750732,3.0000011920928955
1.9400001764297485,0.9750000238418579,2.999990940093994
1.0880000591278076,0.9950000643730164,3.0000059604644775
1.3259998559951782,0.9900000095367432,3.0000007152557373
1.1360000371932983,0.9950000643730164,3.000001907348633
1.0779999494552612,0.9950000643730164,3.0000059604644775
1.2030000686645508,0.9910000562667847,3.0000040531158447
1.1369999647140503,0.9920000433921814,3.000006675720215
1.0880000591278076,0.9950000643730164,3.0000061988830566
1.0289998054504395,0.9950000643730164,3.0000054836273193
1.2929999828338623,0.9900000691413879,2.999997138977051
1.2200000286102295,0.9910001158714294,2.999992847442627
1.090999960899353,0.9950000643730164,3.000005006790161
1.128000020980835,0.9920000433921814,3.0000061988830566
1.162000060081482,0.9880000352859497,3.0000057220458984
1.0469999313354492,0.9950000643730164,3.0000057220458984
1.2000000476837158,0.9839999675750732,3.0000059604644775
1.1890000104904175,0.9869999885559082,3.0000057220458984
1.2680001258850098,0.9829999208450317,2.999997138977051
1.4769999980926514,0.9779999852180481,2.999992609024048
1.1209999322891235,0.9900001287460327,3.0000054836273193
1.4429999589920044,0.9799999594688416,2.999992609024048
3.747000217437744,0.9740000367164612,2.9999966621398926
1.5540000200271606,0.9750000238418579,3.0000035762786865
1.128999948501587,0.9910001158714294,3.0000052452087402
1.2419999837875366,0.9890000224113464,3.0000014305114746
1.248000144958496,0.9930000901222229,3.000002145767212
1.0640000104904175,0.9940000772476196,2.999997138977051
1.2110002040863037,0.9900000095367432,3.0000014305114746
1.191999912261963,0.9880000352859497,2.9999990463256836
1.1019999980926514,0.9920001029968262,3.0000059604644775
1.1349999904632568,0.9930000901222229,3.0000059604644775
1.1399999856948853,0.9890000820159912,3.0000057220458984
1.4840000867843628,0.9839999079704285,2.99999737739563
1.4950001239776611,0.9839999079704285,2.999997138977051
1.0750000476837158,0.9950000643730164,3.0000057220458984
1.2610000371932983,0.9900000691413879,3.000002145767212
1.2330001592636108,0.9840000867843628,2.999995708465576
1.4670000076293945,0.9810000658035278,2.999999761581421
1.099000096321106,0.9920001029968262,3.000005006790161
1.6749999523162842,0.9709999561309814,2.999995231628418
1.3329999446868896,0.9850000143051147,3.0000052452087402
1.342000126838684,0.9940000772476196,2.9999938011169434
2.1559998989105225,0.9839999079704285,2.9999969005584717
2.1630001068115234,0.981999933719635,2.999990701675415
1.1299999952316284,0.9950000643730164,2.999997138977051
1.1329998970031738,0.9920001029968262,3.0000011920928955
1.53600013256073,0.984000027179718,2.9999969005584717
1.6380000114440918,0.9860000014305115,2.9999935626983643
2.1640002727508545,0.9700000286102295,2.999990224838257
1.187000036239624,0.9869999885559082,3.0000011920928955
1.187000036239624,0.987000048160553,3.0000057220458984
1.4149999618530273,0.9760000109672546,3.0000040531158447
1.2599999904632568,0.9910000562667847,2.999992609024048
1.2640000581741333,0.9829999804496765,3.0000057220458984
1.315000057220459,0.9849998950958252,3.0000014305114746
1.3309999704360962,0.9849998950958252,3.0000011920928955
1.165000081062317,0.9950000643730164,3.0000014305114746
1.3610000610351562,0.9900000095367432,3.0000009536743164
1.3820000886917114,0.9930000901222229,2.999997854232788
1.3739999532699585,0.9820000529289246,3.000002384185791
1.4300000667572021,0.9859999418258667,3.000004529953003
1.3000000715255737,0.987000048160553,3.0000057220458984
1.0640000104904175,0.9930000901222229,3.0000054836273193
1.4959999322891235,0.9819999933242798,2.9999959468841553
1.1049997806549072,0.9930000901222229,3.0000057220458984
1.1920000314712524,0.9900000691413879,3.0000040531158447
1.2290000915527344,0.9910001158714294,3.0000057220458984
1.1049998998641968,0.9950000643730164,3.0000052452087402
1.2850000858306885,0.9950000643730164,2.999988317489624
1.3329998254776,0.987000048160553,3.0000061988830566
1.1279999017715454,0.9920000433921814,3.0000054836273193
1.097999930381775,0.9930000901222229,3.0000057220458984
1.1319999694824219,0.9940000772476196,3.000005006790161
1.2100000381469727,0.9860000014305115,3.0000011920928955
1.2030000686645508,0.9850000143051147,3.0000057220458984
1.340000033378601,0.981999933719635,3.0000016689300537
1.4900001287460327,0.9790000319480896,2.999999523162842
1.2359999418258667,0.9850000143051147,2.9999966621398926
1.1759999990463257,0.9880000948905945,2.999997138977051
1.1329998970031738,0.9880000352859497,3.0000054836273193
1.4019999504089355,0.9789999723434448,3.0
1.5110000371932983,0.9809999465942383,3.000004291534424
1.3490002155303955,0.9799999594688416,3.0000011920928955
1.3229999542236328,0.9900000691413879,2.999992847442627
1.2810001373291016,0.9829999804496765,2.9999969005584717
1.0960001945495605,0.9930000305175781,3.0000059604644775
1.0640000104904175,0.9950000643730164,3.0000052452087402
1.1419999599456787,0.9940000772476196,2.999997615814209
1.1330000162124634,0.9930000901222229,3.0000061988830566
1.1420000791549683,0.9920001029968262,3.0000059604644775
1.3950001001358032,0.9819999933242798,2.999999761581421
1.2580000162124634,0.9890000224113464,3.0000038146972656
1.212999939918518,0.9829999804496765,3.0000061988830566
1.2720000743865967,0.9799999594688416,3.0000061988830566
1.0759999752044678,0.9950000643730164,3.0000064373016357
1.4329999685287476,0.9900000691413879,2.9999983310699463
1.0630000829696655,0.9950000643730164,3.0000054836273193
1.0450000762939453,0.9920001029968262,3.0000054836273193
1.1430000066757202,0.9890000224113464,3.0000007152557373
1.1990000009536743,0.9880000352859497,3.0000007152557373
1.6299999952316284,0.9829999804496765,2.9999992847442627
1.0800001621246338,0.9909999966621399,3.0000054836273193
1.156999945640564,0.9920001029968262,3.0000059604644775
1.1820000410079956,0.9860000014305115,3.0000059604644775
1.446000099182129,0.9830000400543213,3.0000009536743164
1.1770000457763672,0.9930000305175781,3.0000014305114746
1.8880001306533813,0.9749999642372131,3.0000040531158447
1.1100001335144043,0.9930000901222229,3.0000054836273193
1.565999984741211,0.9790000319480896,2.999988079071045
1.1390000581741333,0.9940000772476196,3.0000014305114746
1.1200000047683716,0.9950000643730164,2.9999969005584717
1.534999966621399,0.9779999256134033,3.000002384185791
1.0870000123977661,0.9920001029968262,3.0000052452087402
1.5460001230239868,0.9859999418258667,3.0000040531158447
1.659000039100647,0.9849998950958252,3.000004529953003
1.8260000944137573,0.9859999418258667,3.000000238418579
1.1910001039505005,0.984000027179718,3.0000059604644775
1.383000135421753,0.9799999594688416,3.00000262260437
1.3849999904632568,0.9769999980926514,3.0000052452087402
1.0809999704360962,0.9910000562667847,3.0000059604644775
1.2669999599456787,0.9940000772476196,2.999987840652466
1.1340000629425049,0.9920000433921814,3.0000057220458984
1.056999921798706,0.9940000772476196,3.000005006790161
1.0529998540878296,0.9950000643730164,3.0000057220458984
2.7130000591278076,0.972000002861023,2.9999947547912598
2.177000045776367,0.9849998950958252,3.0000011920928955
1.1019999980926514,0.9930000901222229,2.9999966621398926
1.3020000457763672,0.9839999675750732,3.0000054836273193
1.0950000286102295,0.9900001287460327,3.0000057220458984
1.153999924659729,0.9910000562667847,3.0000057220458984
1.4769999980926514,0.9709999561309814,3.0000057220458984
1.130000114440918,0.9910000562667847,3.0000057220458984
1.25,0.9910000562667847,2.999992847442627
1.3269999027252197,0.9829999804496765,2.999988079071045
1.3360000848770142,0.9930000901222229,2.9999966621398926
1.1710001230239868,0.9900000691413879,3.0000057220458984
1.1460000276565552,0.9920000433921814,3.0000057220458984
1.1080001592636108,0.9910001158714294,3.0000057220458984
1.277999997138977,0.9869999885559082,2.999997138977051
1.4089999198913574,0.9799999594688416,2.9999921321868896
1.1730002164840698,0.9890000224113464,3.0000052452087402
1.1660000085830688,0.9870001077651978,3.0000059604644775
1.13100004196167,0.9930000901222229,3.0000059604644775
1.1150000095367432,0.9900000095367432,3.0000054836273193
1.1370000839233398,0.9860000014305115,3.0000059604644775
1.1440001726150513,0.9900000691413879,3.0000009536743164
1.0890001058578491,0.9950000643730164,3.0000057220458984
1.2289999723434448,0.9860000610351562,3.0000057220458984
1.2559999227523804,0.9859999418258667,3.0000054836273193
1.4950000047683716,0.9879999756813049,2.999997138977051
1.2959998846054077,0.9880000352859497,2.9999985694885254
2.0460000038146973,0.9819999933242798,3.000000238418579
1.0700000524520874,0.9930000901222229,3.0000054836273193
1.0789999961853027,0.9890000820159912,3.0000061988830566
1.1880000829696655,0.9839999079704285,3.0000014305114746
1.4179999828338623,0.9869999885559082,3.000002384185791
1.3940000534057617,0.9910001158714294,2.9999988079071045
1.3149998188018799,0.9920001029968262,2.9999938011169434
1.0720000267028809,0.9920001029968262,3.0000054836273193
1.0690001249313354,0.9930000305175781,3.0000059604644775
1.0429999828338623,0.9940000772476196,3.0000052452087402
1.1510001420974731,0.9860000014305115,3.000005006790161
1.4380000829696655,0.9800000190734863,3.0000011920928955
1.0809999704360962,0.9880000352859497,3.000004768371582
1.1649999618530273,0.9890000224113464,3.0000064373016357
1.0640000104904175,0.9909999966621399,3.000005006790161
1.1040000915527344,0.9910000562667847,3.0000057220458984
1.4010000228881836,0.9739999771118164,3.0000009536743164
1.0950000286102295,0.9920001029968262,3.0000059604644775
1.1940001249313354,0.9860000014305115,2.9999969005584717
1.2680001258850098,0.9880000948905945,3.0000016689300537
1.3389999866485596,0.9850000739097595,2.9999959468841553
1.1680001020431519,0.9900001287460327,2.9999966621398926
1.1519999504089355,0.9839999675750732,3.000005006790161
1.0659998655319214,0.9940000772476196,3.0000057220458984
1.1299999952316284,0.9870001077651978,3.000005006790161
1.0909998416900635,0.9910000562667847,3.0000059604644775
1.2279999256134033,0.9950000643730164,2.9999990463256836
1.4890002012252808,0.9860000014305115,2.9999988079071045
1.3109999895095825,0.9840000867843628,2.999998092651367
1.2160000801086426,0.9910001158714294,2.999992847442627
1.0789999961853027,0.9940000772476196,3.0000057220458984
1.0940001010894775,0.9930000901222229,3.0000059604644775
1.0910000801086426,0.9950000643730164,2.9999985694885254
1.2060000896453857,0.9880000352859497,3.0000059604644775
1.248000144958496,0.9920000433921814,3.0
1.371000051498413,0.9810000061988831,3.0000059604644775
1.1619999408721924,0.9900000095367432,3.0000061988830566
1.9529999494552612,0.968999981880188,2.999999761581421
1.1180000305175781,0.9920000433921814,3.0000059604644775
1.0390000343322754,0.9950000643730164,3.0000061988830566
1.1190000772476196,0.9940000772476196,3.0000059604644775
1.0800000429153442,0.9930000305175781,3.0000059604644775
1.3859999179840088,0.9829999804496765,3.000002145767212
2.115000009536743,0.9679999947547913,2.9999990463256836
1.3179999589920044,0.9930000901222229,3.0000040531158447
1.1759999990463257,0.9930000901222229,3.0000035762786865
1.1480000019073486,0.9920001029968262,3.0000059604644775
1.5160000324249268,0.9789999723434448,2.9999988079071045
1.1610000133514404,0.9869999885559082,3.0000057220458984
1.1069999933242798,0.9950000643730164,2.999997138977051
1.0879998207092285,0.9950000643730164,3.0000059604644775
1.5170000791549683,0.9739999771118164,3.0000052452087402
1.1309999227523804,0.9909999966621399,3.0000054836273193
1.1779999732971191,0.9900000691413879,3.0000014305114746
1.2419999837875366,0.9860000014305115,3.0000061988830566
1.4170000553131104,0.984000027179718,2.999999761581421
1.3240001201629639,0.9800000786781311,2.99999737739563
1.4950001239776611,0.9759999513626099,3.0000054836273193
1.0750000476837158,0.9940000772476196,3.0000054836273193
1.159999966621399,0.9890000224113464,3.0000014305114746
1.069000005722046,0.9910001158714294,3.0000054836273193
1.0999999046325684,0.9930000901222229,3.0000014305114746
1.4149999618530273,0.9869999289512634,2.9999945163726807
1.8289999961853027,0.966999888420105,2.9999966621398926
1.4980000257492065,0.9799999594688416,3.000002861022949
1.3260000944137573,0.9789999723434448,2.9999969005584717
1.2350000143051147,0.9940000772476196,3.0000040531158447
1.194000005722046,0.9900000691413879,3.0000054836273193
1.2400000095367432,0.9860000610351562,2.999997615814209
1.1329998970031738,0.9920001029968262,3.0000054836273193
1.1979999542236328,0.9859999418258667,3.0000059604644775
1.2299997806549072,0.9890000224113464,2.9999983310699463
1.373999834060669,0.9800000190734863,3.0000030994415283
1.2879999876022339,0.9880000352859497,3.0000052452087402
1.3219999074935913,0.9850000143051147,2.999992847442627
1.3540000915527344,0.9829999208450317,2.9999966621398926
1.5170000791549683,0.9780000448226929,3.0000038146972656
1.2260000705718994,0.9869999885559082,2.999992609024048
1.2289999723434448,0.9900000095367432,3.0000011920928955
1.3849999904632568,0.9860000014305115,2.9999942779541016
1.0430001020431519,0.9950000643730164,3.0000064373016357
1.3529999256134033,0.9799999594688416,2.999988079071045
1.1110000610351562,0.9900000691413879,3.0000059604644775
1.0779999494552612,0.9940000772476196,3.000001907348633
1.3540000915527344,0.9880000352859497,3.0000014305114746
1.2340000867843628,0.9910000562667847,2.999988317489624
1.1079999208450317,0.9920001029968262,3.0000054836273193
1.1990000009536743,0.9880000352859497,3.0000057220458984
1.0819998979568481,0.9900000691413879,3.0000009536743164
1.1269999742507935,0.9930000901222229,3.0000064373016357
1.1630001068115234,0.9920001029968262,3.0000057220458984
1.2110000848770142,0.9880000352859497,3.000005006790161
1.1140000820159912,0.9930000901222229,3.0000054836273193
1.3359999656677246,0.9890000820159912,3.0000040531158447
1.070000171661377,0.9950000643730164,3.0000011920928955
1.093999981880188,0.9950000643730164,3.0000057220458984
1.121000051498413,0.9930000901222229,3.0000057220458984
1.2699999809265137,0.9849998950958252,3.0000057220458984
1.0570000410079956,0.9940000772476196,3.0000057220458984
1.2320001125335693,0.9940000772476196,2.999987840652466
1.1470000743865967,0.9940000772476196,3.0000014305114746
1.2160000801086426,0.9850000143051147,3.0000057220458984
1.053999900817871,0.9950000643730164,3.0000054836273193
1.1059999465942383,0.9940000772476196,2.9999992847442627
1.124000072479248,0.9940000772476196,2.9999966621398926
1.0709999799728394,0.9950000643730164,3.0000059604644775
1.063999891281128,0.9930000305175781,3.000004529953003
1.472000002861023,0.9900000691413879,2.999999761581421
1.2690001726150513,0.9950000643730164,2.999995708465576
1.0980000495910645,0.9920000433921814,3.0000059604644775
1.1540000438690186,0.9880000352859497,3.0000064373016357
1.284000039100647,0.9880000352859497,2.999999761581421
1.5699999332427979,0.9820000529289246,2.999995231628418
1.1769999265670776,0.9869999885559082,3.000001907348633
1.0830000638961792,0.9930000901222229,3.0000059604644775
1.315000057220459,0.9890000224113464,2.9999938011169434
1.3239998817443848,0.9860000014305115,3.0000014305114746
1.2760000228881836,0.9880000352859497,3.0000040531158447
1.0649999380111694,0.9950000643730164,3.0000054836273193
1.0950000286102295,0.9930000901222229,2.99999737739563
1.0429998636245728,0.9950000643730164,3.0000054836273193
1.3539999723434448,0.9759999513626099,2.9999923706054688
1.0500000715255737,0.9940000772476196,3.0000059604644775
1.0950000286102295,0.9880000352859497,3.000004768371582
1.0750000476837158,0.9880000352859497,3.000004768371582
1.0729999542236328,0.9900000095367432,3.0000059604644775
1.0820000171661377,0.9950000643730164,3.0000059604644775
1.065999984741211,0.9930000305175781,2.9999969005584717
1.5959999561309814,0.9820000529289246,2.999995470046997
1.058000087738037,0.9950000643730164,3.0000061988830566
1.0500000715255737,0.9950000643730164,3.0000054836273193
1.6470000743865967,0.9780000448226929,2.999995470046997
1.2599999904632568,0.9900001287460327,3.0000040531158447
1.2630000114440918,0.9900001287460327,2.999999761581421
1.2730000019073486,0.9830000400543213,3.0000064373016357
1.0980000495910645,0.9890000820159912,3.0000059604644775
1.059000015258789,0.9920001029968262,3.000005006790161
1.128999948501587,0.9910000562667847,3.0000016689300537
1.2070001363754272,0.9839999675750732,3.0000059604644775
1.2750000953674316,0.9910001158714294,2.9999988079071045
1.0470000505447388,0.9950000643730164,3.000005006790161
1.2179999351501465,0.9880000352859497,2.9999966621398926
1.084999918937683,0.9940000772476196,2.99999737739563
1.508000135421753,0.9869999885559082,3.0000011920928955
1.1089999675750732,0.9890000224113464,3.0000054836273193
1.1150000095367432,0.9850000143051147,3.0000059604644775
1.065999984741211,0.9920001029968262,3.000004768371582
1.1340000629425049,0.9950000643730164,3.0000014305114746
1.2619999647140503,0.9890000224113464,2.9999938011169434
1.1079999208450317,0.9880000352859497,2.9999961853027344
1.0869998931884766,0.9940000772476196,3.0000054836273193
1.7920000553131104,0.9829999804496765,3.000002384185791
1.4149999618530273,0.9819999933242798,3.0000052452087402
1.1870001554489136,0.9880000352859497,2.999997138977051
1.1100001335144043,0.9890000224113464,3.0000059604644775
1.1349999904632568,0.9890000224113464,3.0000057220458984
1.2360000610351562,0.9799999594688416,3.0000061988830566
1.1469999551773071,0.9890000224113464,3.0000061988830566
1.062000036239624,0.9950000643730164,3.0000061988830566
1.0429999828338623,0.9930000901222229,3.0000054836273193
1.090000033378601,0.9920001029968262,3.0000061988830566
1.1649999618530273,0.9910001158714294,2.99999737739563
1.1429998874664307,0.9900000691413879,2.999988555908203
1.1349999904632568,0.9880000948905945,3.0000016689300537
1.1140000820159912,0.9869999289512634,3.0000057220458984
1.2319999933242798,0.9950000643730164,3.00000262260437
1.1139999628067017,0.9930000305175781,3.0000052452087402
1.1180000305175781,0.9950000643730164,3.0000059604644775
1.0929999351501465,0.9940000772476196,2.9999966621398926
1.031000018119812,0.9950000643730164,3.000004529953003
1.1129999160766602,0.9920001029968262,3.000005006790161
1.1170001029968262,0.98499995470047,3.0000054836273193
1.065999984741211,0.9920001029968262,3.0000011920928955
1.032999873161316,0.9950000643730164,3.000005006790161
1.0989999771118164,0.9940000772476196,3.0000054836273193
1.1610000133514404,0.9879999756813049,3.0000052452087402
1.128000020980835,0.9950000643730164,2.9999966621398926
1.1310001611709595,0.9890000224113464,3.0000054836273193
1.1460000276565552,0.9920001029968262,2.99999737739563
1.0530000925064087,0.9950000643730164,3.0000052452087402
1.2889999151229858,0.9849998950958252,2.9999966621398926
1.0759999752044678,0.9950000643730164,3.0000057220458984
1.0459998846054077,0.9930000901222229,3.0000052452087402
1.1829999685287476,0.9900001287460327,3.0000054836273193
1.1010000705718994,0.9920000433921814,3.0000052452087402
1.190000057220459,0.9950000643730164,2.999997854232788
1.1080000400543213,0.9890000820159912,2.99999737739563
1.1010000705718994,0.9930000901222229,2.999997138977051
1.0479999780654907,0.9940000772476196,3.0000054836273193
1.0729999542236328,0.9900000691413879,3.0000052452087402
1.1799999475479126,0.9900001287460327,3.0000016689300537
1.4010001420974731,0.9819999933242798,2.999997854232788
1.0490000247955322,0.9950000643730164,3.0000052452087402
1.1369998455047607,0.9900000095367432,2.999999523162842
1.1820000410079956,0.9910001158714294,3.0000035762786865
1.1029999256134033,0.9890000224113464,3.0000057220458984
1.1380000114440918,0.9900000691413879,2.99999737739563
1.1290000677108765,0.9890000820159912,2.999997138977051
1.2239999771118164,0.9840000867843628,2.9999964237213135
1.2929999828338623,0.9880000352859497,2.9999983310699463
1.1519999504089355,0.9850000739097595,3.0000052452087402
1.0789999961853027,0.9890000224113464,3.0000054836273193
1.087999939918518,0.9920001029968262,3.0000064373016357
1.152999997138977,0.9869999885559082,3.000004768371582
1.1990000009536743,0.9900000691413879,3.0000059604644775
1.059000015258789,0.9930000901222229,3.0000064373016357
1.121000051498413,0.9920000433921814,2.9999966621398926
1.1080000400543213,0.9950000643730164,3.0000040531158447
1.0789998769760132,0.9950000643730164,3.0000011920928955
1.0730000734329224,0.9930000901222229,3.0000057220458984
1.0870000123977661,0.9900000691413879,3.0000057220458984
1.0460000038146973,0.9940000772476196,3.000004768371582
1.1019999980926514,0.9930000901222229,2.9999966621398926
1.087999939918518,0.9920001029968262,3.0000057220458984
1.212999939918518,0.9879999756813049,2.9999923706054688
1.2239999771118164,0.9850000739097595,3.000001907348633
1.1040000915527344,0.9900000691413879,2.9999966621398926
1.0499999523162842,0.9950000643730164,3.0000059604644775
1.1470000743865967,0.987000048160553,2.999997138977051
1.093999981880188,0.9940000772476196,3.0000014305114746
1.1239999532699585,0.9890000820159912,3.0000014305114746
1.2980000972747803,0.9890000820159912,3.0000030994415283
1.0509999990463257,0.9950000643730164,3.000004529953003
1.0839998722076416,0.9889999628067017,3.000004768371582
1.119999885559082,0.9880000352859497,3.0000059604644775
1.1510000228881836,0.9879999756813049,3.0000057220458984
1.0779999494552612,0.9910000562667847,3.0000052452087402
1.0750000476837158,0.9910001158714294,3.0000057220458984
1.059999942779541,0.9930000901222229,3.0000057220458984
1.0729998350143433,0.9920000433921814,3.0000064373016357
1.1030000448226929,0.9940000772476196,3.0000014305114746
1.0440000295639038,0.9940000772476196,3.0000054836273193
1.063999891281128,0.9930000901222229,3.000004768371582
1.1699999570846558,0.9880000352859497,3.0000061988830566
1.0419999361038208,0.9940000772476196,3.0000052452087402
1.1460000276565552,0.9900001287460327,2.9999964237213135
1.1449999809265137,0.987000048160553,3.0000009536743164
1.0769999027252197,0.9920000433921814,3.000005006790161
1.0729999542236328,0.9930000901222229,3.0000011920928955
1.1040000915527344,0.9900000691413879,3.0000057220458984
1.0869998931884766,0.9950000643730164,2.999999523162842
1.100000023841858,0.9910000562667847,3.0000054836273193
1.0699999332427979,0.9940000772476196,3.0000054836273193
1.0509998798370361,0.9950000643730164,3.0000057220458984
1.065999984741211,0.9890000820159912,3.000004768371582
1.087999939918518,0.9900001287460327,3.0000054836273193
1.0530000925064087,0.9950000643730164,3.0000052452087402
1.0720000267028809,0.9900001287460327,3.000004768371582
1.0770000219345093,0.9880000352859497,3.0000052452087402
1.1319999694824219,0.9880000352859497,3.000005006790161
1.0609999895095825,0.9950000643730164,3.000005006790161
1.1149998903274536,0.9930000901222229,3.0000057220458984
1.0969998836517334,0.9880000352859497,3.0000057220458984
1.0350000858306885,0.9930000901222229,3.0000054836273193
1.0260000228881836,0.9940000772476196,3.0000052452087402
1.0720000267028809,0.9930000901222229,3.0000054836273193
1.0490000247955322,0.9950000643730164,3.0000052452087402
1.125999927520752,0.9950000643730164,3.000000238418579
1.031000018119812,0.9950000643730164,3.0000057220458984
1.0260001420974731,0.9950000643730164,3.000004768371582
1.1039999723434448,0.9869999885559082,3.0000061988830566
1.0169999599456787,0.9940000772476196,3.000004768371582
1.0589998960494995,0.9910001158714294,3.0000052452087402
1.033000111579895,0.9909999966621399,3.000004529953003
