327
136
15
122
490
205
484
396
30
33
170
186
498
134
3
435
354
31
99
214
64
313
239
346
371
322
61
158
280
275
71
446
127
473
265
433
334
290
321
509
279
143
45
399
351
117
504
59
25
17
462
329
497
421
96
501
362
34
341
111
116
431
457
163
195
381
206
5
367
90
410
345
223
171
525
479
493
471
12
507
335
133
22
237
523
481
378
451
297
364
331
100
207
234
306
407
344
98
84
132
255
37
68
177
373
412
70
500
259
57
42
29
101
213
469
9
81
43
256
86
415
138
464
266
333
461
151
491
217
383
330
113
231
494
454
363
174
522
426
385
474
343
229
147
527
444
340
110
314
148
20
79
355
228
489
487
144
227
226
1
203
263
403
262
18
212
200
137
168
282
518
184
176
209
390
338
273
425
13
93
94
179
295
447
299
342
319
11
307
271
441
222
243
193
21
248
316
169
456
97
58
488
400
161
304
48
208
141
437
124
453
468
123
260
317
505
44
283
216
65
502
53
442
508
429
140
495
460
247
126
432
374
270
173
278
305
258
394
292
166
46
154
458
130
244
125
359
221
146
131
459
115
220
463
401
309
257
358
350
485
268
253
50
328
