6258
5071
8092
7390
1917
6907
1851
2120
9835
4152
6671
8784
7703
8640
9974
3072
1420
8006
4845
4586
8718
9110
1491
5300
7482
10472
9482
1532
7496
4042
7571
56
3975
8081
6391
5277
4775
5833
10087
10459
5630
4093
8141
7617
8567
1758
10611
9695
314
2484
10374
450
1206
7490
8951
3013
3874
816
2822
9612
6949
388
8128
7106
10232
7560
6565
6371
5763
5586
6104
7011
5939
1937
1530
2069
6974
8719
3071
8312
3557
5892
7895
9246
1357
2623
1604
695
7859
310
6548
10363
4686
1147
6366
2302
8882
1354
9130
6020
5053
6861
9218
6715
3855
105
8176
7353
7257
535
7199
3618
9381
2492
2283
1201
10577
935
4510
2778
2915
8611
2694
5322
846
8934
4894
4722
7458
1825
5316
7423
5648
8190
1830
8617
5793
6365
10082
10620
5440
4257
5312
373
4578
3911
4470
2020
3579
1488
6067
8506
6689
8202
1399
10378
8877
3204
5396
1850
7068
1697
891
7231
1773
7673
8637
10167
10251
4231
9519
8972
1099
9241
1197
10022
5321
2321
6446
2556
8540
5402
6948
4013
9378
5943
10277
9588
2384
3780
5142
3789
9642
8044
7777
3717
8288
8089
5709
8985
313
1116
3701
2539
564
2933
3555
2772
7913
5740
6678
5675
337
7000
8420
7953
5330
3101
3166
5993
10094
1415
1422
4174
6926
9061
1009
2354
2306
2213
10493
1731
3831
3785
4305
7924
756
3232
7377
6005
5774
1266
8860
8994
4097
4647
3927
5169
9898
4462
411
7325
9467
2490
3402
4585
1076
9099
9318
55
2122
9090
2057
1371
3096
3464
6345
4394
351
6702
9461
193
3673
930
6230
7262
2652
6928
2196
2760
9213
1284
1643
4253
8138
8146
2860
2842
3529
2336
4314
7395
10046
462
5215
7611
4230
6454
5359
1515
9263
8500
3367
1169
848
6792
764
8969
6705
6519
8127
5151
5150
9876
4793
9667
3201
4292
3583
2193
7585
8927
8337
268
87
10313
6779
6246
263
945
526
5247
8236
2041
2158
9111
5929
3168
10471
7328
8683
1117
3030
9474
6893
4270
4882
10466
6481
5125
1161
7541
1856
9705
1855
9145
5029
8383
8610
2752
3443
10254
1960
7008
703
4570
3015
7781
5817
3716
815
6884
6887
7929
1259
6425
9623
1753
2594
10109
5254
9359
6264
8275
2385
2249
5566
5104
5506
9328
7500
406
10088
3202
7176
4899
1889
2659
9363
4874
6008
1063
6870
5094
1054
6320
3803
5401
5470
6591
1370
6763
1215
4409
9606
4846
6036
8371
2537
9953
3345
364
4665
10580
782
8645
706
2138
368
9208
686
10613
332
8626
6940
7446
2406
4456
3408
8531
5661
7341
3468
546
5692
9269
1963
5688
3279
4837
9986
4484
3010
7016
8409
7692
2190
7861
10343
182
4115
1529
9442
858
2565
8101
5876
5278
1073
3437
7196
9882
2103
2472
822
7623
7188
6340
5116
4395
1253
3012
6841
7531
4076
3819
4433
10528
33
9507
5569
10072
2328
9740
8843
4489
215
684
7678
4265
8909
3766
5198
6508
10052
6054
7772
2592
5500
7316
10460
5856
9080
7297
4403
2567
8717
8973
2416
9106
9514
10546
1759
3880
1075
8090
1828
5255
10399
1559
2520
1177
7283
1618
7747
9007
1578
4313
10032
4112
4660
1262
5295
5195
8302
8403
4238
4212
9506
1717
8624
2457
4060
8266
3856
6009
9468
6012
4628
9124
2226
2458
2467
9052
4876
3052
9211
7596
3169
3631
6306
9495
5599
5898
6758
1572
3329
7073
4956
123
296
7562
7055
3489
3805
2979
2246
6373
2030
3066
2456
8232
5174
3948
3828
1725
736
4964
7685
6337
6304
6250
9075
2419
4557
3090
3937
4681
2937
10486
5335
10196
1096
8771
449
6080
6131
9522
9056
1021
4181
2885
5643
7774
2798
3167
6251
3445
4221
7704
3374
7397
7804
2373
3356
4163
4938
3605
8812
1681
9704
6465
943
2187
6205
9243
8839
2305
3960
6027
514
7406
5520
1623
7728
4536
8842
6655
4272
10482
5055
8720
4119
9759
8780
3454
8922
307
7273
840
6512
440
1641
1721
5109
7060
1499
3260
3888
2244
4509
7401
9242
580
2554
6346
2754
7758
2282
7709
8250
3034
7711
533
636
10434
8332
2234
7809
9380
8798
3890
9425
5598
6698
2298
8577
10333
6492
2395
4281
7731
417
737
7718
4360
6110
6994
6299
1838
7766
9261
10253
1139
3231
9778
10312
9012
8256
8124
7079
9560
1115
3074
9655
1816
6255
67
5286
5201
5157
8931
7313
4171
10042
6999
9950
5346
7344
9614
2988
1220
5144
10134
6896
1512
5750
10432
2978
4786
3401
5693
4789
3135
1645
1256
4517
9531
5259
4771
3921
7579
10451
6586
2780
3217
5388
9936
8029
819
6217
7852
1112
7577
8407
5315
3750
4113
10244
4147
6272
1640
8248
1465
5985
7534
485
3572
843
4383
1775
6980
7891
7734
2145
934
7228
4870
3733
8522
8512
7357
1817
213
7104
10115
2801
7026
6016
1060
7127
7058
3001
7551
8585
832
7775
9376
8431
3882
7808
8443
7236
8992
5884
7141
8974
8495
1056
785
5079
4936
1074
1442
2598
1230
5581
6171
7876
1627
4607
8830
3020
4148
1369
6491
5148
4420
639
4697
6942
6427
5600
3078
3599
7002
6276
954
43
1528
4277
2345
9949
4692
9297
10320
6983
409
528
91
6420
333
1445
7250
5200
1317
2519
2243
3003
9943
4428
6245
7245
3931
9760
5078
5310
9119
8686
3181
4315
3136
9650
5605
4146
1134
4694
8833
9931
4828
7529
4432
8574
8293
5840
5482
3272
9072
4067
2379
7677
5036
1735
5417
7151
82
6622
9523
9839
9335
5625
3429
8999
5803
8636
3608
8688
7318
6840
6428
9031
3125
5246
10095
8675
5530
8078
876
3687
5547
724
3211
2314
10401
2495
552
1573
109
60
743
1158
4438
2184
8582
7211
10266
643
4082
1739
9830
3657
10297
2485
3654
2018
9999
6232
5836
7310
4001
6875
415
5897
3365
505
10589
2947
6596
7558
10372
10392
6902
4431
5531
9296
7848
4129
6303
5379
5100
5826
8955
140
8653
4335
4513
10103
6780
499
6184
5031
4499
1381
492
8252
6592
8733
2201
9150
7108
2238
5614
9025
2958
10018
6901
8192
944
8708
6793
7054
8456
10195
9838
6103
9670
6092
216
870
3797
8811
8021
6084
6961
10564
4201
214
2337
7937
5485
5258
1148
6908
3507
4798
3028
9092
3490
6712
5589
9259
9978
3483
4559
7260
7950
6797
3901
8458
3569
9510
4951
5622
10155
1000
1380
8087
9151
81
10163
454
10328
10126
6085
5612
3638
1135
5302
5066
6367
2870
1080
6917
9063
1848
9578
7839
2465
7889
5413
6066
7552
9210
8015
10603
8041
9777
4564
2504
6003
1404
9089
5371
4224
8111
5293
3857
8341
5576
6175
5478
6281
7526
8344
1942
2552
7893
7284
5518
9062
4805
5779
4463
1043
5988
6231
10247
9996
9045
6043
2745
172
6314
2353
6935
3220
7616
10405
7367
9699
6885
766
2872
2307
4761
8187
2075
9513
2098
1760
10093
8462
416
8429
4321
5026
9926
5860
4459
5924
7770
6105
241
8380
6379
2720
4616
2522
3315
1958
3944
5182
24
7212
179
2746
10173
7383
7854
7652
8117
7223
445
4186
4521
2310
9108
129
4558
469
10067
4699
6777
2709
8849
3820
6825
2535
642
3286
8513
10189
1065
9745
9372
8803
10444
251
10074
6844
6888
8776
9845
4003
8460
8471
10507
1511
6939
4910
1382
4584
9940
10191
3707
8153
4957
5570
5782
3364
9076
3334
6233
3088
6743
3480
9625
3735
4563
5332
2540
10040
6869
7019
9566
8827
4264
3474
881
6191
3725
3093
4801
6347
1265
3412
7561
6223
36
5874
7004
5955
7093
7121
10402
10157
2128
404
3510
2668
1136
5132
1929
6503
9577
9920
7875
4390
2637
8519
4454
2967
8761
4903
5199
4530
10292
10291
1543
5389
4044
7087
1409
9989
3000
2365
9120
7040
1726
2949
3288
5720
5659
4418
6791
9697
6174
6510
3672
4178
6549
4108
7915
7109
3426
5583
3636
1730
9750
1183
6639
8434
4138
4487
6847
7969
9194
5853
6033
1153
4341
2446
5333
1897
6874
5543
1633
5357
8867
8678
7020
379
118
8182
8357
6570
4506
8277
9934
3996
1567
516
9478
1724
9219
2046
4479
5171
494
1345
8566
1976
6986
7180
4679
9266
6985
9388
10387
1516
6924
6522
8875
6688
7142
4196
2721
7149
8930
10390
3637
4714
3122
1987
9784
7160
6534
5950
8754
1142
2700
3319
5477
994
8551
4304
9278
4149
7605
9631
9392
6646
6002
2705
10245
3047
1007
10049
5869
6774
9299
7229
5974
8876
7256
3143
10393
9182
10321
12
10290
6580
588
8785
2595
5521
6317
5460
9929
2763
6260
1069
2848
8924
6737
4749
7219
8350
9143
471
9452
729
5658
2824
424
7540
8940
10170
8102
2124
85
4007
4733
4562
5700
8470
2723
5252
4217
8600
9927
6143
9201
6670
7806
4707
7912
5714
4723
8702
538
10588
3250
2454
9863
3113
9932
7603
2078
5403
9054
6419
8824
6046
669
3075
726
6028
9207
8208
9293
6988
10111
2430
6521
5775
7131
6316
3302
5430
5760
6906
6369
2607
1275
5904
5234
9884
6478
2081
361
8986
5587
5986
421
5999
7266
10350
4319
4471
3102
149
1449
2987
8118
10454
1696
5980
4648
4191
5585
9224
1470
9407
10494
9341
2597
6787
3435
2096
6505
6957
6386
7925
1263
10020
678
3788
2518
3061
8465
7865
5381
7799
456
5410
7649
1498
3889
1258
2831
7226
8107
3692
8953
5936
4645
5172
407
7778
3916
7388
5573
9192
3405
1412
4725
10165
2284
4267
3650
487
4258
10389
3610
1541
4966
6442
5812
7850
10047
2218
5378
5564
4074
5488
10130
6298
7282
1550
5662
2524
3966
9638
3346
5781
3473
2108
5734
4187
4719
9637
6382
6587
345
6517
567
5354
186
1339
2359
1023
4678
8782
5236
862
5795
1586
5423
5173
9414
8475
1440
3923
3577
2289
1295
6168
5409
9995
8343
4555
3854
3844
8306
8723
3330
4026
8724
6830
2611
3962
7
7428
2026
7362
2130
7784
10606
1236
4039
156
6531
10445
227
10433
7039
7133
433
9877
4118
9324
10508
7725
8157
9230
6796
7683
429
7192
382
10512
6173
2079
4103
5517
8700
10412
7005
10162
8239
1964
6692
728
8826
7027
6502
211
4011
94
4858
6588
6998
7400
4242
4999
2477
4739
7866
7745
3592
8381
4528
742
9841
8650
9975
5493
4666
10607
6329
4023
73
6453
1709
6679
457
4928
1095
5749
6069
1822
6755
41
582
1181
2479
8384
4773
8950
4633
6630
2189
2851
9710
4017
2761
1694
9040
9543
3264
4393
799
4208
6559
10099
8692
9618
9137
9916
1771
3423
2035
9310
1755
6732
9512
1933
8696
3282
9077
191
5398
2037
7368
5998
3376
7853
1138
4365
9971
4853
6324
3246
7253
3963
6612
10598
5601
4879
4693
8713
9315
2048
135
9163
5862
9781
6621
7416
4700
5724
1998
6989
10526
6653
5631
4720
3219
2025
9980
1149
7221
10123
9142
9015
5783
8602
2896
1834
92
9596
7376
2309
6858
6434
5004
3065
9123
7909
10481
1880
4658
989
383
1927
10036
369
10510
1805
3953
9345
7340
8427
1746
7943
2077
889
7749
8091
10336
4366
1975
6354
3433
3981
5304
8590
3099
4532
5733
1580
1670
7892
1857
6021
6467
198
7210
7113
3863
3375
7024
1782
3705
1962
1010
1034
3265
10222
9579
6836
1877
3146
1884
1716
3459
6450
4439
908
10522
8113
6965
2153
10070
10425
9068
880
1919
114
6462
9630
10624
10278
5858
10154
7389
730
10583
1744
8085
6150
7932
8859
452
2186
1496
2275
6214
8291
1526
5239
3044
3311
3055
5294
10604
192
6749
381
8856
6672
3904
3520
4048
10400
6775
1133
2868
8390
2673
10035
9574
2242
6294
4156
621
3762
3004
5952
4154
10127
5415
9394
7752
7517
6477
1634
419
1574
4756
5889
6681
9330
2150
1703
9908
794
9590
10437
5956
9648
2657
5776
5018
6025
10300
2240
7126
7519
44
1154
2903
3224
2546
8765
9726
3514
1315
5404
5233
6693
4500
9761
432
1924
9094
5713
9101
6234
6898
9846
7687
7369
3050
10424
276
4105
10171
982
5287
3294
8385
1632
5673
579
8615
9103
5787
4388
10028
4441
3849
1995
8150
4662
8432
8215
10450
2946
6880
2281
6745
787
5456
1988
8023
5821
7923
5041
1827
9417
8521
6709
4025
2844
5558
331
1879
2811
3719
3177
5925
1156
1110
2920
3710
1953
3640
7179
7753
8271
4401
2087
1966
9918
3120
1723
3873
3359
7933
3347
5170
1523
3084
9725
8329
10223
2551
8663
175
1507
3832
6296
3472
5424
1179
7036
1019
849
9228
1216
2091
3247
1118
6972
10536
8386
9374
8131
3484
9042
5347
4576
6393
6261
6082
7475
5651
10179
7586
288
7085
5809
4932
171
6882
466
3938
3291
7380
6388
6640
9680
3388
1352
2029
956
9917
5479
8298
1750
5181
6183
4644
9405
6464
9657
10311
4126
7632
7705
4868
3184
2852
6486
4170
7736
1292
7525
8647
1874
2387
9071
8995
2155
10258
9214
4503
6039
2666
1171
8778
6355
2405
8879
3105
6013
5551
4424
7240
1140
9304
5577
4486
2059
1447
2367
6348
4710
1695
4458
4329
6682
2034
3422
4729
3547
4182
993
3742
8706
2583
7348
4565
907
3442
1278
9251
163
318
2645
2425
5753
10158
3776
7959
6364
3157
9545
3104
4320
1581
1903
5074
10221
10438
2996
8960
7844
677
2092
2749
9701
8389
658
4819
8262
6920
5990
1967
9520
6944
6826
4169
1341
7462
9683
2512
3946
239
1377
7436
1305
10008
1943
7817
9960
79
6163
6286
6023
2410
2807
1131
6881
2014
8156
4334
7723
5317
955
7997
5161
626
8503
5683
1072
5627
9844
2462
10560
4518
4976
3834
7083
9982
1898
5971
8026
928
9902
6277
8825
1013
5212
9491
6929
917
5167
5996
8459
3151
6247
1162
3428
7760
5801
5657
6224
8562
9756
1992
5096
8186
1866
7329
3395
5987
4151
1555
4497
1479
2651
9569
9643
7074
5060
8853
3649
5241
6762
2114
7227
7655
4764
8751
4389
6204
3869
9438
4963
9689
8315
189
2214
10274
2861
3941
4898
3998
284
1787
10287
8042
3559
9134
1806
2921
8730
4482
3475
3384
4603
9539
6463
6968
6699
6309
1923
3539
4885
3053
5309
8020
4327
1660
7523
925
9720
6696
10587
1792
5867
8606
1187
8358
121
1241
2032
4481
10259
2377
6099
8433
9190
5923
6807
1711
10309
1143
581
9677
7570
10394
702
8740
10147
8444
8980
3748
10476
4290
6108
2642
7939
2178
9964
7938
9541
6053
3730
10151
4813
7439
7666
6475
218
4128
204
6235
2587
4627
9718
884
5466
9866
5615
800
5009
4288
1210
6489
6344
521
9571
9663
7202
5723
2056
7654
10203
2809
932
8319
10484
6543
8451
3067
6244
1463
3793
542
8213
3598
9424
6226
4132
10436
9702
8033
682
2543
117
7457
10065
3712
183
2513
7345
550
7696
8816
6899
8382
2361
2665
2591
2404
10388
10182
8941
1291
160
3363
8100
8060
5822
6802
990
7059
6597
4687
7942
6297
443
7872
3527
7459
4168
4326
9049
968
2291
7962
5427
574
4000
3835
3660
8834
9780
9728
6221
9707
3720
9267
5553
7171
7710
1419
5391
7465
4802
7184
9906
4834
9586
969
1763
9351
3031
5245
9993
2945
9282
585
2322
2351
8180
5727
46
1878
3077
10063
7156
3005
10210
8933
1639
5374
6024
2658
3194
9365
9945
8295
6599
9646
9028
6574
2165
2408
746
2396
7373
1865
3006
9611
1453
8894
8025
4477
2136
9511
8224
2899
8230
9283
2231
2737
4952
1492
265
8126
6782
10427
2054
1686
2221
342
8990
2850
3434
5960
10608
2776
3600
9592
2101
6729
9396
1556
1790
2841
10622
6991
2253
4920
2219
3732
6964
7956
4851
647
5012
4285
8510
7463
6894
2418
9616
7100
9983
8492
3571
5684
10500
10265
8245
1047
6070
9598
2679
7707
5710
2443
3109
6811
10429
59
7940
6700
1601
8670
1718
2002
9302
2489
3787
5995
6076
541
5969
6703
2856
4412
6573
1394
1732
6598
4709
3411
8858
2450
10407
8397
2782
6295
3449
1741
4426
3827
1279
2847
5143
1665
4857
10023
7955
5138
1524
138
7633
740
4618
9549
1189
8668
1008
3503
5525
1451
2631
4282
3029
2975
4173
10011
8656
1030
10535
3567
8197
3209
1081
4685
9954
3756
3549
9238
1984
501
7157
1668
8178
10371
2498
5462
4940
9239
7495
1770
1870
9502
715
3898
2839
7012
4730
6209
3652
7697
7491
7829
4180
1195
8112
6741
378
4822
10397
4294
1039
6323
8575
3417
6889
5135
8106
10516
1228
9244
2974
8339
4029
10019
5979
9477
8627
9485
1800
10288
2970
5455
8770
5076
3773
111
2036
4736
3891
350
5160
9888
1085
6842
1795
4018
6967
1890
9288
8476
1152
9226
6392
7590
8130
6385
7101
280
262
9107
3723
10575
3307
5394
869
6781
631
1671
7873
587
5137
2414
10428
9450
7578
1364
1355
473
9413
4236
4816
10543
3310
8808
3976
1742
9118
503
1314
2708
8227
2206
3379
2714
653
7468
1501
4099
8494
5756
8065
3924
5899
7792
4854
8534
9489
3132
124
9987
3809
3182
7185
2938
3985
8703
6495
7175
6747
5741
7885
9065
10477
9141
5677
6564
4062
7970
3624
7536
8760
2716
5426
5271
10062
9889
10302
893
2292
9011
6816
309
3274
5967
7640
2116
1102
10464
5091
8616
2039
5745
3915
230
392
4929
1546
8910
8167
6539
6430
9439
10417
6641
6335
4529
277
9382
2626
4949
177
7337
10056
5701
4911
1994
6644
1757
6387
10582
6048
9757
8895
10360
7631
3925
3991
9229
10395
2176
5697
6211
3794
637
2536
1252
5471
9270
2487
9855
3974
3351
10335
2169
8095
1972
9802
3952
3746
274
5165
10539
3884
8203
8423
5604
4615
5851
6583
10116
9398
6931
8109
6315
8072
5752
2768
9721
9010
8030
3817
10361
4738
3235
2993
2600
5128
2863
2382
2641
3409
1390
7857
7898
3812
3378
235
1981
5069
3738
515
8687
2216
10345
27
6757
5512
9528
679
2191
4227
2785
3314
1793
7063
9160
4637
4922
9368
9858
502
8936
9880
4992
1734
3446
5910
1821
4531
5337
2747
9600
1859
4873
145
6405
2261
8576
2007
10076
294
8242
9572
4848
4573
5210
6951
2918
7033
2228
3183
2288
4654
1271
8874
4588
3471
5744
1041
414
3878
9017
4287
2156
8246
5218
6117
923
61
8948
2997
194
2207
5356
1590
8051
3615
3040
2534
8862
3558
1538
7049
2560
2053
3046
1656
4788
9202
4008
681
1024
656
7835
4347
6044
3487
3033
4728
7591
3255
5747
90
7864
4842
2179
4498
2690
8440
5023
9294
1417
2423
536
8392
4561
3887
8226
3910
3149
2632
495
5792
1985
10112
10382
7205
1932
9001
255
4604
10502
5896
3069
5808
2738
3404
7445
1255
9627
4038
2090
5726
10177
9096
9393
2047
8365
2295
5890
6959
5611
8259
8888
4343
1620
7412
7363
5870
10555
3419
4206
2478
464
775
7010
8324
7750
826
6662
10164
261
9247
747
776
8050
3221
8938
6642
890
3383
3087
206
5976
9236
6326
165
8539
1990
1664
6838
4507
6321
9306
3541
5063
6161
306
1767
4228
10520
4626
4339
3763
10590
5327
2634
6581
2084
9156
4750
1132
3724
8158
10614
3533
4436
1719
4667
2991
1408
3366
9027
3526
7474
3059
1845
5669
10519
7842
4045
10086
5191
3751
905
9676
295
8820
752
6460
2277
8218
1936
4987
2049
7522
7443
5474
4142
6910
8515
5452
547
8110
6663
6091
8786
7539
9546
5187
6458
4202
3312
6090
8829
9483
1300
10475
2170
400
6185
3299
2621
4450
5963
5618
4010
103
3195
10207
6291
8160
9675
6854
9652
6249
9850
9026
7289
8887
6215
3432
9594
8655
7191
10565
4175
1593
1374
5370
3007
6169
781
1441
10488
2473
2775
3984
352
3815
3913
1594
2088
1482
2217
9408
6585
8880
8105
1331
10616
3098
3722
5903
10228
5722
4787
6198
393
10267
5113
2397
545
6665
2917
1842
7396
9377
5480
1685
2893
8240
2603
2550
8080
2
6953
2482
10215
9260
5719
3578
6561
8863
2072
10027
3390
3341
9180
2728
5046
9060
7548
5048
6636
2279
5328
10325
2712
8728
537
4219
7182
9494
6057
9320
6278
1765
6060
4256
9215
548
15
5681
6438
1706
1121
6752
245
317
3240
2333
1144
2086
6019
4306
9268
9573
5711
5901
4189
7737
7995
1993
6862
6282
9875
2009
4271
1602
273
3668
6030
1199
6617
8681
9308
10107
5264
8310
6087
9966
97
9258
8928
9002
5784
6238
386
6341
5432
480
7215
5350
8096
478
6614
3036
7472
10308
9997
2614
10605
8623
8857
1672
2710
625
5240
1108
896
1387
5163
9004
10414
3759
5119
4989
134
1986
1840
6789
878
7515
4423
2044
6810
5459
3025
267
4375
6098
2944
9729
34
1535
3841
6853
8689
3653
2586
6178
6404
3267
8591
3655
1397
6158
10301
6877
465
8787
1931
8897
6859
9115
10440
936
7254
720
2407
4703
6851
6721
5650
8698
10465
5282
2771
1020
1484
6911
7371
6650
9191
8134
4663
2940
9254
9706
9000
8958
3664
5596
2308
10098
1873
5444
4881
6141
855
7721
8049
2963
7425
8260
771
7163
9714
8292
5158
9276
1867
7124
3173
6164
363
1766
5196
837
2931
5516
6686
1107
5508
1462
9894
188
7897
9921
1831
696
9470
2599
6616
10406
629
2329
5591
9051
3851
3862
9686
8864
3536
8123
9532
2838
32
5511
3928
5311
5268
1389
10243
1086
5754
4124
7797
1779
348
5156
8410
4871
971
9389
3284
1557
6683
3790
2074
1906
9013
5154
7067
1778
8987
10453
1227
6798
3992
4844
2501
5209
8012
6287
2480
942
1146
6846
4378
6201
2718
9601
872
8564
187
486
3757
9597
7983
8801
7986
8747
6190
5111
7858
3530
2646
6913
795
5105
4092
5243
5392
1576
5194
3758
4608
1788
985
5262
562
4566
8450
4807
9998
2820
7405
1688
6578
6960
3295
8579
1058
6139
3825
1525
700
2212
5019
6395
4041
1612
9587
435
7834
783
8173
10048
7424
4348
10012
5513
6212
10448
9159
7114
5188
9684
1824
7487
2460
1432
5635
8915
5685
641
4350
10050
1301
10294
3511
2378
738
232
7293
2905
3263
10525
5743
3709
6654
3239
3399
1040
6424
3920
5365
7447
5970
1001
8457
6878
8548
5020
10190
7194
7765
8480
1368
3191
2649
2269
2823
3800
1274
10396
242
5152
2912
3048
7137
7461
372
1833
158
1458
3538
2653
8736
334
3986
2521
1951
7901
4814
2268
5139
8968
6172
9656
5945
8902
10461
7082
2445
5830
5823
7360
3663
1398
10230
3163
2511
3280
1051
9626
5089
3860
8630
2606
3528
4338
5542
2023
6154
5835
6824
899
8251
2503
8954
10240
8505
586
1607
1205
5730
6914
5473
8937
88
7499
5819
2837
3174
4399
8303
2857
8669
4068
4655
8961
561
5938
9146
5571
9473
9264
6833
1270
3951
2195
1625
5691
5290
7790
1155
6684
8764
3614
3199
76
3845
9048
2233
3089
10533
10264
6022
207
2574
9412
3054
2855
6138
3477
6051
9464
7103
8886
3342
1689
1192
4453
2247
8806
3865
8541
5742
5131
5788
3301
2808
5039
6925
5355
8841
1909
9176
10442
2759
1277
5175
1494
6319
2593
10467
2394
6074
9559
9490
1174
8401
4172
23
2638
762
2348
7504
3358
4024
6435
9122
4015
2742
8661
568
7481
7882
865
6769
3156
5428
5645
1982
8555
6240
6270
1251
2883
3327
2506
2066
9337
6411
5127
8351
9911
3704
835
1916
5272
1895
1036
8501
3504
1704
9069
1167
8508
5546
9521
209
1829
3406
6524
7759
9387
1536
4621
7168
4116
7072
3080
6107
1885
2633
4800
1636
4455
873
10483
6180
7480
1823
6410
2961
2468
3340
2297
4594
9827
3648
2892
9344
4034
2453
3823
5639
5450
8710
755
3275
1910
2873
3385
9225
2369
4135
1702
1233
9212
4110
9493
7849
4784
8066
5090
4411
7553
10054
22
9885
4589
7164
10544
7473
9859
7120
8191
4535
427
7949
3198
4883
7090
4192
2194
4035
3380
7952
8336
3713
7469
9864
6487
9928
2300
5695
2021
3377
5626
3450
1844
4177
1429
2862
7261
9153
104
2571
5481
4833
9034
6356
132
1160
8881
10231
10140
3645
6218
3590
9484
8527
5930
5280
9640
8685
7581
7410
9448
7954
5418
3082
8775
468
9503
914
2985
6553
403
6554
7608
757
8498
6728
9774
2691
6977
8469
9944
4474
2265
1175
9500
1343
5395
3899
8414
3907
7116
148
4254
7030
8122
9782
1335
1907
4407
4331
8893
2290
9222
1324
2215
9249
7990
3852
4276
8331
3498
5047
2585
6483
898
4993
714
9462
1309
10357
144
4123
2542
9095
1708
101
4990
5608
45
9355
7078
8906
3273
6764
7364
4549
827
166
918
3085
7979
4440
3094
1452
3244
9599
6520
4706
6595
1333
7394
1321
7610
3361
6031
10452
482
2900
6088
4817
7203
9364
4867
10431
476
4600
8054
3677
9516
7600
3506
3424
4965
3400
8273
3481
9816
2836
10252
4398
4445
2677
4668
8979
4392
4716
6629
3131
3438
6535
6079
554
1318
9091
5533
4946
1203
9793
8896
6982
2159
3281
9127
8170
9811
8294
7582
6607
2568
8993
6695
8563
3543
4945
9956
3892
2815
5422
3596
9342
9184
4073
3058
7332
6142
4715
9723
2447
8483
8529
8068
6452
7155
5197
8777
5250
9138
4280
5112
4988
1837
4583
2774
5882
4311
2622
9787
2010
784
4380
3632
9818
10443
5554
9813
9609
1991
3370
2601
3103
10064
7286
8391
5411
10174
4358
3323
10479
5807
836
1912
9179
4139
500
5045
8694
6436
3574
197
5117
1306
7746
962
5717
2508
10059
1780
523
7665
9100
4551
7607
4051
7594
597
2693
1956
2402
3656
5038
9568
6243
8399
9747
5981
2225
4225
1684
6879
80
49
9022
1925
8436
3743
8715
6575
10146
3266
9837
10117
1553
1605
719
5758
5013
7303
6722
6593
1083
8355
578
7669
6694
137
3141
1564
6822
662
6551
4344
4646
8152
8103
279
48
3935
6269
693
9854
3325
1497
7007
8750
4255
3939
376
8516
5922
793
10352
6086
8737
9608
2803
9742
5849
5219
1326
8249
7460
1872
1820
1900
9879
3930
1713
2294
5457
5202
2181
7263
4582
2553
6560
4416
4324
290
6469
8169
6225
7140
2934
8772
3100
4718
10186
3906
1666
950
3702
9428
10150
86
490
10194
455
2777
7248
560
6305
5777
6125
8571
9287
4636
8114
3894
5828
9
4028
4359
8844
8773
4218
6488
346
4475
1743
1481
2956
4404
854
5437
5767
1128
1968
8598
8038
3643
7042
2509
6147
6227
3872
5537
9671
1796
7717
1852
5051
2210
7084
1130
3248
5190
4937
940
6669
7602
38
10101
10364
5098
10326
7484
8088
224
5103
10509
3764
5712
8473
5284
6813
6449
10430
250
9632
6075
8151
3810
10625
3009
5704
7162
7037
3458
7528
5465
6950
1418
7833
8099
3955
4198
4792
8641
6152
4355
8962
9550
4602
112
5289
10416
6634
7919
6615
6407
7730
4193
853
6000
7241
6716
5203
9350
9373
4478
8738
5400
8479
7025
3919
7047
4781
3846
4847
885
1747
6932
4708
828
10591
2821
5802
532
3413
4777
10523
7762
7985
8205
9691
4310
10014
410
5390
6530
6804
7006
8421
2596
5503
7355
10225
6259
387
441
7088
4434
7170
7732
6818
8318
4919
3943
2786
7785
8872
1211
7945
2063
640
1693
7035
4592
5222
62
1629
303
2564
2185
7646
6432
2224
3494
937
5292
7565
7097
657
1918
8907
10149
9857
6680
2898
6160
3258
4336
125
3027
8963
4670
1365
9979
5909
7351
6370
7302
2375
520
3956
2151
7017
2867
8793
3117
9724
7977
3994
759
6114
9969
6384
622
9434
1518
583
4493
998
7989
7537
10100
7478
7494
8809
9603
4574
4950
3064
9703
7391
9994
663
316
3317
5443
4064
2470
9711
6803
9220
4402
9738
7974
1213
9196
89
1022
10600
463
803
3148
8741
7217
7166
5780
5399
8360
4877
4713
10172
6903
8904
9798
3140
8487
8442
6421
9173
9030
7247
9084
8435
5907
9682
459
7358
6852
8161
4131
3706
5972
4086
6
9114
3322
7627
10418
7855
4652
5040
5632
4726
6265
3565
1393
5050
1332
10084
1038
3604
763
3155
1786
2357
6146
10602
996
4839
4160
336
7935
493
1100
3843
3957
9848
5368
3268
3553
5062
9149
2013
7727
5951
7713
648
2516
8069
7324
6097
5220
6368
1637
7451
10496
2674
1514
543
7285
4567
4832
4601
4639
338
5491
10125
2266
7824
9561
2904
3517
1928
3499
1472
4213
6412
3261
6821
7660
3456
5934
10503
6611
9333
9766
8183
3403
479
8618
6195
9008
5941
3607
5655
3942
2613
10090
164
9109
2452
10521
780
8395
9517
5318
3686
2166
2882
506
5729
6179
4901
9085
1159
6740
3617
7960
8441
6010
4836
4476
9204
6891
6523
2671
2830
6627
1428
2874
4323
8850
9366
322
9856
5397
4406
9371
10187
8671
6106
6186
7384
9199
9887
1176
5192
460
5757
4061
6701
2764
5759
5636
10447
2286
3870
4283
3659
6645
909
4098
6742
3161
10435
1366
5885
534
5628
2845
10075
5738
7434
798
2334
2476
4888
4587
6254
8491
1268
10276
6256
3566
442
8625
3581
1225
2640
126
7265
8062
6605
10398
8885
5313
2082
5768
4852
9410
9647
2303
9466
6900
10118
6987
2891
555
1250
4923
4372
1588
8919
2914
2629
3245
6006
7304
1111
4860
2167
9066
1682
3086
1683
5848
9990
5703
2435
694
2299
3833
10365
7249
4480
2163
3816
4502
9535
8243
8052
1471
5226
8415
9237
3570
7639
3453
3257
2829
788
2795
7644
4167
1882
246
7197
3726
5180
9812
1843
10497
4962
5606
8944
6222
4944
5556
5989
744
1460
8755
398
9621
472
1186
1207
3178
5705
9037
196
1185
2278
960
5324
7837
4235
7805
3126
524
3271
9557
5811
4069
4442
5358
4895
9672
7338
2685
3926
475
1970
7014
758
9395
3186
6915
10557
8136
2643
8504
6610
7408
4215
5914
3795
7308
5147
9904
1999
185
9722
7681
3387
624
7125
4268
4683
1067
6635
7335
6731
8680
4649
5140
650
3934
3228
95
8739
8155
2980
2687
6376
5107
9188
8868
7314
601
5083
7592
8196
8899
4300
9791
6494
3802
2790
7349
9256
6456
6170
8802
8348
9175
8367
4866
4732
10002
10261
4102
9786
2528
7130
3502
9307
6015
4070
4538
7385
649
8823
4250
2889
1846
9496
5298
2722
8584
75
2697
3107
9891
863
1082
7832
302
6511
7966
7311
3298
3233
8514
8799
5270
1455
9255
2222
8281
1396
5769
8198
6176
6362
10470
9486
237
1434
1478
7719
748
9086
2106
6266
4207
8255
5619
7075
6945
2644
3243
2927
6045
4075
9751
5739
6719
8163
7430
3283
3304
8794
5207
3373
7870
5590
8237
51
65
7158
2965
7863
1165
3644
7386
938
4971
21
1679
6776
713
458
5579
1508
1285
9397
5863
9020
5033
10609
9463
10085
9334
5431
2610
8416
3634
8807
6056
5028
7343
9628
7441
3830
252
2424
563
3398
8449
8722
5454
9168
2089
553
5841
4414
8838
7486
5908
4299
2696
5649
7976
5308
8892
1091
7658
1375
2076
3728
4815
7968
1103
3745
1439
9193
1642
2725
1193
6628
7132
10527
3905
5419
596
10142
3216
3525
159
7435
961
3123
1596
2757
4122
6372
1104
4037
3641
958
6996
6351
2168
8889
8654
3236
3700
9348
1122
8836
7599
3990
4934
9367
2907
3130
7321
834
8978
5407
2818
349
8712
7421
3414
2341
5641
9421
8229
4855
7244
8665
2911
2199
7398
3950
668
7437
10617
8673
2715
9331
7146
8361
10351
8396
8638
645
9437
5101
3230
5496
4918
7098
1046
4100
5442
5883
9369
4830
1941
4684
10549
9446
7641
6144
5568
2125
4527
5043
4780
10188
8280
9499
4367
6267
6327
5529
2475
9613
3303
824
1658
6753
1662
5845
5446
1561
5609
933
1519
8657
7150
5567
497
6470
8552
2389
7883
2972
4143
5077
1173
10515
2960
1940
551
7573
9962
3661
8546
10530
674
6806
4032
1084
6145
298
6976
7280
2211
10262
1310
2526
2015
2908
9055
477
9905
7174
7275
10534
2758
10316
2097
9098
3410
7615
7086
4374
2461
6760
2739
5351
2732
614
5617
513
3684
987
1222
10235
3308
6619
4705
7906
7791
3665
8335
244
3160
7751
4469
7411
2953
5336
6962
9488
7547
825
10403
6497
4612
4891
5421
705
9629
8028
4825
4605
3452
7572
7023
7951
5962
5545
1860
5229
4650
6708
7095
6536
8996
7904
68
6990
8903
9016
9019
5906
6253
7091
9289
4762
2825
2227
7399
6063
7143
3535
4204
1172
1005
4427
9361
10584
8366
341
1450
1403
6381
4136
4278
4727
1908
2364
4229
2022
1944
2126
3685
8821
2250
2188
5670
6958
8323
7768
9734
8284
4680
5864
7057
4880
3205
3262
7958
2085
2890
9312
8810
2095
4698
924
6659
559
9536
1002
249
5261
10480
9615
4059
6727
10281
2514
4429
8082
8264
7372
4742
4519
2203
6059
5728
266
10238
5002
7099
347
1088
10322
4526
7984
6451
8007
2474
7635
6550
7598
3518
6868
5560
3959
9465
9285
5339
9292
6726
7867
3486
9067
272
4610
509
6594
1902
2735
7438
4266
8368
8614
3603
749
3353
1582
3150
10524
3783
4141
5855
4948
6123
1547
7259
6127
3775
8851
991
2172
8290
1229
8805
8477
7714
10559
9985
4043
5778
173
4296
5362
3584
9295
8206
10574
319
3744
1569
8404
9172
2060
96
5831
3690
328
8920
711
8497
7566
1648
7136
5878
7826
4508
7964
119
2932
7347
710
58
3418
5514
4055
210
1715
10016
7440
1705
879
7352
709
8550
7288
2260
778
9343
7278
9325
1606
1615
5049
8405
4980
2628
6576
5978
6285
6820
10441
6026
8482
2561
426
2589
4623
5504
2343
2584
6062
9435
9558
8417
1406
882
5338
360
1617
7392
6072
8177
7375
3051
2726
384
7252
3037
2388
3313
8064
7477
1466
9044
9167
10615
10376
3188
4638
5106
6552
31
2569
661
3063
396
3396
8056
5992
6148
8287
3112
5572
9006
10369
7992
1854
871
169
1059
8520
5949
8791
2131
5030
9988
3290
8370
4111
9991
5494
4318
10
4933
7488
1483
8605
4293
1232
5716
3792
6011
434
6055
9794
7782
2058
200
688
6268
683
4731
7684
7198
2968
5789
1487
6790
9832
4806
6149
4016
4577
155
2765
8037
8734
569
5921
4137
8558
5790
2175
5881
3683
6479
5588
6713
7663
6389
2667
5916
6538
2767
3611
5380
8346
1799
3729
3394
10581
7701
4677
5032
7043
4921
5671
1552
6845
6426
5549
8120
3877
6396
660
4065
10105
6905
5816
2112
7643
9406
5037
2493
4812
2669
3362
8695
7452
6414
2356
4233
4084
6349
7214
594
8299
2296
6707
8000
3606
4251
10550
6527
9129
1015
6283
6338
1078
765
620
4657
2338
8511
10386
4352
6433
8970
1781
7530
4613
2434
3513
8322
8387
4947
4909
7860
3297
8228
4669
2448
9540
10319
3324
2864
10282
7378
147
4688
4631
4835
7702
558
7946
1938
8729
7695
6273
9409
8884
329
646
9762
6378
9240
9078
7061
9873
8788
8578
5887
9709
5575
4611
10601
9426
10545
5387
8595
7235
2664
7807
5204
168
519
9633
4342
8883
7999
4643
4515
3646
9162
1416
7455
5718
5025
10348
7365
8375
8557
5574
7122
2413
8164
9457
3023
9136
6308
850
5476
52
3697
7664
959
2409
8797
1298
8746
3678
1098
2703
3940
4397
7653
3369
4829
39
7991
5946
3859
4145
8327
1446
988
6526
10293
6203
867
2750
8561
9233
814
10096
5510
9509
6325
1603
10041
6394
2161
2812
5323
2137
7426
7780
308
4776
5721
5584
2071
716
8942
3382
5707
1214
671
1287
9556
6476
4047
9358
818
5024
6468
9429
6047
8455
8613
8468
10121
5877
8210
10579
7931
8055
8282
3524
2557
3508
8211
1093
5497
7981
3462
1307
1894
599
5296
6383
4630
6714
6970
920
9664
4501
3175
981
10038
4959
5854
6834
9849
9148
1600
6459
613
2311
9385
7846
4797
146
4795
10220
1777
5667
9131
10080
181
2331
7650
5603
3455
1659
4977
7442
7144
1575
7767
10593
1367
3179
8220
9654
8878
1527
293
9624
1407
9829
9303
5953
6501
7503
83
522
1243
10192
8900
1674
1410
8631
136
1125
3292
9733
7123
3189
9339
5813
2093
8057
142
4096
4362
7021
2698
8759
6333
6934
9097
9764
4259
3909
10592
1814
2427
365
7742
530
5875
6767
5244
7879
6783
8376
4085
6423
7821
6343
4622
8018
7243
4995
10122
3597
1257
6101
9383
540
4804
1861
861
5798
2505
5501
3808
7659
1558
9639
1922
9925
8489
4199
2660
389
4274
9893
1219
2386
2064
4400
436
8997
3393
8652
5797
6445
1549
9298
797
9788
7688
8053
5361
8402
2602
8241
1883
5805
9492
7668
5804
1764
8789
5266
2744
9836
13
627
10541
3154
7507
258
1774
1871
1329
35
6284
10060
4066
4049
2442
7187
4452
1589
6557
1812
4541
4214
7181
3512
10148
10318
5509
233
6042
9332
1563
2011
6643
9144
2139
8964
2619
2799
10289
9909
5663
8619
8714
8115
2989
10097
8233
6584
809
3781
10323
9899
229
7409
10338
5
842
8957
3
4569
8649
10501
1863
8768
4511
2045
952
4349
4197
3623
10439
10285
3589
8364
5124
10178
10540
6750
3973
6302
3091
7874
1234
6151
3929
2558
7053
10001
1965
8419
205
6658
6199
3619
7557
654
6754
9497
8967
1599
6981
8779
3226
1461
8278
5441
2426
2346
37
2678
9665
10385
3213
634
1360
4778
7139
6613
3372
1055
3968
9895
9792
6402
2784
4468
3626
2102
8296
9562
2902
1003
1123
5964
4809
380
6132
5762
2422
3900
4548
2271
10358
8316
10283
6739
6577
8317
6248
3591
833
4447
3721
2751
226
1565
904
8002
7294
9765
9900
9696
1934
4863
6429
2962
9530
1762
4317
6975
5515
53
4974
7189
8731
5839
4245
5565
2192
8439
8634
10239
2160
8757
7518
8925
3979
556
4865
7568
9694
570
9942
3965
2459
1973
5633
8184
8642
8537
7862
10120
1378
875
4629
5213
7542
731
4260
9472
2942
1127
2280
5761
335
10356
3993
8046
201
770
3972
3492
2421
2983
4158
2440
806
8166
2420
70
8891
3076
4368
8199
9552
6993
517
2814
3447
8189
1028
8076
9779
2527
4849
7387
5894
10224
7902
10324
9570
595
5880
769
7470
6241
3349
4261
7715
1700
311
602
4958
2959
1052
8309
2736
7195
10370
6196
1342
4216
4811
5133
3115
2952
3769
8635
2531
6788
10411
3465
8535
9177
8905
2707
3106
2743
7619
5068
9833
9032
275
3057
8819
1323
1904
2559
1248
5082
5123
6631
1106
2711
704
8179
199
7427
9619
9064
5879
10248
2117
8542
5429
10160
887
1789
8848
10566
10334
8204
6102
9423
4089
2148
1456
9963
3196
2432
2344
5326
5451
8075
8074
7292
8121
4861
7422
2174
8568
1839
817
3714
5463
2680
2966
4072
1826
1769
4369
5715
1392
4998
856
3256
9322
7982
3620
2572
2859
5122
5900
4915
6751
1226
6606
4179
6675
1190
5314
9309
9449
3666
4252
9481
10410
7682
4769
3737
5694
10619
9810
4625
7574
3008
8956
8104
4464
4144
6406
2496
8071
10379
2173
1194
3210
8496
116
7009
5231
4449
1584
7748
7111
1184
2935
2499
8010
8873
6946
7624
3335
8588
4712
141
1728
4071
6122
5940
5014
4437
8572
5616
9305
8185
3495
4354
4244
10463
2198
10255
2834
5637
2152
8478
9903
8846
4107
9809
7207
4121
4968
1218
7096
5007
6118
4297
7414
5748
1383
10597
630
8333
4975
3616
604
9189
9797
4924
7881
8660
5331
1150
10077
7569
7680
7333
4534
1983
8148
1119
5486
202
4741
2154
2688
2734
9955
3982
9861
10031
7167
6094
6301
7161
6687
967
1359
9245
7118
2162
7336
3612
1145
5973
10211
1650
157
7763
6529
8188
5927
829
9198
4194
1720
5217
9775
6947
130
176
2335
8084
1448
7634
5507
1748
1120
8854
260
7498
5755
5837
1522
665
2008
7629
1221
8831
3121
8222
8231
3633
7739
4617
5057
802
7908
7802
2065
3675
2906
8352
8926
6078
10051
4363
9187
1926
2028
10339
3969
1444
6166
2992
357
2647
1164
8035
7554
9525
3218
2140
6734
7045
8573
3469
9272
7648
2909
6484
9432
1014
5524
1502
9551
3336
7880
9649
767
9379
5814
4560
1751
4
5345
7050
1687
4239
8783
9370
6883
236
1421
859
1282
2040
7178
8869
2648
6134
10337
1260
6568
5341
7733
5208
4606
1017
2523
10204
2100
1961
7514
7497
430
6403
4691
2926
4492
7755
1692
779
2236
8682
5230
8305
7819
6440
5846
7671
9789
1473
1480
7851
7299
6071
4232
1891
3153
2661
6771
30
8452
8929
3602
10180
1749
9326
8607
3747
6461
247
4544
4155
7549
5274
297
844
10135
2000
4130
946
6620
6165
42
3197
9313
6077
9327
2070
4696
6730
929
1761
4810
7886
4077
4472
2686
3875
6322
9977
1289
7884
4672
394
1675
4841
2061
5997
9436
1583
7307
5873
1423
3138
5505
10242
2783
7418
6828
2024
651
2695
2894
2692
8269
2866
6504
8067
886
1351
808
7840
6668
894
672
8201
10373
5141
5211
3270
3521
4887
9338
2119
512
2483
7276
4926
7270
6380
1223
5699
7917
3500
7564
1809
6717
10119
7492
7267
2455
4237
566
9617
2654
2401
1651
3741
9717
5353
6664
10159
1433
437
8981
6933
4803
3357
10092
5067
5825
1430
8523
10462
6860
5640
8596
10621
866
8693
6829
6216
4991
217
6872
3754
7729
4721
9834
7076
792
300
3542
3552
3326
5237
9803
3771
2930
2129
721
2241
8676
10421
8517
8947
9023
3185
9431
2327
3110
6064
10273
10275
3193
2981
7511
7708
2417
1018
8154
1768
7612
231
9947
5947
9610
6188
8674
8852
5538
6677
9357
7218
9961
8268
7233
5285
5058
6352
1611
7148
10518
8345
3225
1437
1663
106
3479
2012
1347
902
3772
2928
1733
4717
438
178
10201
5736
3439
6710
9354
9205
377
2258
5541
4054
8200
9668
4753
5434
589
6499
9799
877
5329
3999
1327
257
9585
1316
3332
2878
5115
9041
4415
355
539
6374
9443
750
2256
8003
979
10217
1376
10551
1875
5305
6697
5794
5193
8593
3523
8769
5087
122
8569
7190
2352
1978
753
6839
9158
2362
5829
9275
2901
6809
1204
4247
9666
7941
5010
6065
8453
256
841
2724
754
527
4751
6162
8890
5827
2510
4002
9874
4361
4982
10570
951
10347
7545
10026
6626
9737
4114
1435
1061
1531
4379
2828
1630
3842
7831
4263
10569
10039
7927
8587
7670
8758
10489
1244
8061
420
7018
3045
3893
1745
6922
10423
10596
3777
2146
1921
212
399
8342
11
2235
1864
93
2033
1303
8949
6843
5276
7013
687
8300
8804
3478
5820
5251
6909
5022
4580
10576
5791
1413
6892
9869
4983
3949
4081
5120
6213
1124
1699
8735
4079
63
9216
6357
9576
10468
4330
3463
3318
5679
9952
1249
2017
10246
8604
7609
9487
2502
4986
10152
9933
8022
1811
10034
425
9014
1797
3516
4396
1286
6443
7291
6547
2541
8977
5472
9731
9070
623
10478
2625
5540
9795
6181
8939
7776
6096
4745
8467
6409
8379
64
9349
6413
892
7147
8125
3609
9635
2332
9300
7998
7234
7080
9984
4970
7789
3002
9147
6876
7493
6197
4036
1810
2449
577
2326
2794
10409
772
10058
7169
3222
7538
4134
1109
4088
2143
7771
1989
6805
219
9897
10331
4818
8356
5796
1178
8425
9796
1239
428
10354
9038
2806
2570
9515
4661
150
7309
10006
6311
8394
8428
857
3081
2398
6837
5253
2340
6603
10315
10166
10025
10176
511
2004
4004
2533
2259
4897
3936
5994
4743
1635
143
8001
2618
286
2925
8589
9622
8744
9501
8509
3522
2257
7301
5227
1245
4954
7102
4485
8422
10612
9673
6633
7657
9009
5118
2578
4537
10153
4443
7269
3128
5668
4346
1901
6773
2287
366
3223
4711
8743
4014
5146
1424
2773
1980
3344
4796
7216
7841
1772
6500
5376
565
283
9700
8644
9938
8285
9400
9161
4690
10024
1261
2919
2562
3488
1505
1057
1302
3430
8525
9842
8238
10198
3613
611
1264
6187
6448
1971
4057
5342
3561
9155
8658
9581
5435
8633
1489
7830
6718
9968
2464
1212
3338
2689
2099
26
9112
9939
5017
6533
1887
3229
1690
8855
2580
7208
10469
3491
603
8
7994
8612
8314
8704
2627
8983
6219
9584
6401
1191
7836
2110
6093
1312
2067
3234
5610
796
6921
10554
1807
790
9865
9113
10572
5490
7920
5785
5375
7756
10532
4614
10083
7769
10449
2681
7899
6667
727
3493
2313
128
4370
5613
6969
5815
3765
5872
4153
8790
708
617
8748
7201
6113
8363
5216
6288
8946
1913
6582
1385
7404
4539
4701
3203
1395
2111
238
4875
3331
6544
5134
5447
1004
5186
2858
6493
3682
2577
7134
2951
4444
1049
4211
10578
5034
4356
1273
5414
973
7089
10628
6886
5436
6116
3560
3441
7555
2469
110
5153
301
5735
7838
291
7239
4943
5189
6768
1237
7971
7818
4150
2380
2922
498
6819
10529
6956
6126
2285
4249
2016
2276
4568
5492
4981
287
7145
8149
910
1016
4104
7587
4734
6350
4101
3159
9206
7516
8297
2050
5420
6018
3593
8528
7700
8445
7961
10214
2924
9555
5088
9166
5915
7524
10367
4387
2105
7642
9140
10362
3886
3922
451
608
8369
8244
1513
6873
5871
5232
7077
6034
5578
10114
4821
1296
4495
4087
10102
19
845
3391
977
1346
1
5489
4856
2910
9169
8756
1272
4223
2817
9831
5893
5056
5800
6473
6129
3853
1954
162
8988
4345
6649
3032
5176
484
7890
3767
8338
3022
4525
3628
2208
8818
2884
6237
7271
2444
3238
1869
3801
1113
5348
3876
10585
9174
8666
4316
9930
9440
1752
7305
9730
17
5445
6864
10474
10280
413
2888
5206
1609
7066
8212
6001
7712
10375
5786
9805
9948
2466
10237
6128
734
9036
3995
3056
4405
5377
3642
7051
964
2869
9252
2854
9735
5563
3691
5178
5080
8070
14
6228
2316
344
7803
5360
8325
3680
5299
2267
6733
3813
6312
10227
3563
4120
986
4109
10492
3242
4724
5666
3587
768
4046
6651
3914
4391
408
10296
7034
6623
7031
2371
999
4906
7779
5382
7533
7827
7415
402
7816
2676
813
8766
6083
4546
5550
4827
9548
9965
312
9524
8083
3421
3711
1485
5682
3119
10260
3718
1977
9104
9741
2183
2897
5000
3694
6111
5269
9688
3092
10303
10133
8753
4373
3734
9203
2315
412
7032
40
3736
54
1337
949
7356
3444
6657
8847
1092
8845
5865
1737
8989
4675
1676
6509
4188
9713
5052
161
253
3582
1667
10420
113
5016
4117
6328
8912
4973
7843
7315
915
6647
1654
131
6498
6339
2123
10623
7620
10081
1290
868
2755
3988
4543
4653
4210
9323
3389
5221
7193
3172
9753
4328
2062
9564
8554
10216
6515
7483
8159
5620
5582
69
102
2529
10113
6941
1105
1283
1475
4031
3137
371
1313
4505
10415
2635
3145
619
7676
10197
6943
605
6061
8800
8742
8209
7656
6516
6457
9057
6904
5405
1568
8975
1373
8143
9669
390
10314
7370
5235
8418
3482
7022
5535
7543
6229
7403
2204
5982
953
5552
1196
8079
7773
9352
692
7479
8945
5073
8533
2704
8040
2770
10304
6156
5557
8267
4994
4941
2411
3681
8648
7062
2517
3501
4520
3945
8581
10233
2982
3622
9763
7225
9967
3978
3688
4161
3206
9914
5937
7213
9972
7815
7003
6997
6177
3397
2068
74
6532
1893
5954
1847
4878
8485
4091
305
7786
3791
685
5690
7741
248
3625
9883
5502
6518
1540
9250
10208
2400
4783
66
5766
2871
9197
5349
10229
10053
18
5373
9088
8559
10124
8861
2437
9265
5528
1818
6361
10033
1388
6973
1202
8545
9814
2073
7800
1613
7038
304
6417
9058
2581
2840
