359
263
150
156
491
363
224
376
321
425
38
422
42
118
466
297
126
83
47
450
218
206
57
284
462
370
236
189
142
6
296
306
403
496
216
16
124
13
308
251
85
127
452
154
483
361
285
55
177
320
476
367
377
255
344
234
130
412
441
421
211
12
18
144
74
128
39
4
231
185
434
473
364
316
392
486
337
326
380
133
309
210
382
335
169
86
29
368
98
186
379
338
362
290
415
494
351
217
278
266
439
97
287
227
423
140
378
298
158
314
418
330
410
353
237
355
373
458
68
340
40
315
100
323
53
478
176
15
440
384
49
457
159
179
341
161
339
64
271
400
105
44
33
148
198
329
479
499
474
490
