1.035908579826355,0.9550000429153442,1.0992207527160645
1.0270800590515137,0.9700000286102295,1.078752040863037
1.024999976158142,0.9750000238418579,1.1532833576202393
1.0363308191299438,0.9550000429153442,1.0751582384109497
1.024999976158142,0.9750000238418579,1.0321894884109497
1.024999976158142,0.9750000238418579,1.045939564704895
1.024999976158142,0.9750000238418579,1.0331268310546875
1.0375635623931885,0.9550000429153442,1.2265645265579224
1.041567325592041,0.9350000619888306,1.7228144407272339
1.024999976158142,0.9750000238418579,1.070626974105835
1.0456477403640747,0.9450000524520874,1.5495332479476929
1.0424572229385376,0.9500000476837158,1.6270332336425781
1.0337507724761963,0.9500000476837158,1.3726582527160645
1.024999976158142,0.9750000238418579,1.048751950263977
1.024999976158142,0.9750000238418579,1.0451581478118896
1.0422639846801758,0.9500000476837158,1.2250019311904907
1.024999976158142,0.9750000238418579,1.023751974105835
1.024999976158142,0.9750000238418579,1.0370333194732666
1.024999976158142,0.9750000238418579,1.057970643043518
1.024999976158142,0.9750000238418579,1.0398457050323486
1.024999976158142,0.9750000238418579,1.034376859664917
1.0271220207214355,0.9700000286102295,1.0801582336425781
1.024999976158142,0.9750000238418579,1.0229706764221191
1.024999976158142,0.9750000238418579,1.0453144311904907
1.0354321002960205,0.9550000429153442,1.165626883506775
1.024999976158142,0.9750000238418579,1.0254708528518677
1.0409085750579834,0.9500000476837158,1.0715645551681519
1.024999976158142,0.9750000238418579,1.0295332670211792
1.024999976158142,0.9750000238418579,1.0271893739700317
1.0363308191299438,0.9550000429153442,1.0714082717895508
1.024999976158142,0.9750000238418579,1.041877031326294
1.024999976158142,0.9750000238418579,1.015001893043518
