6564
5973
7507
8327
4691
4782
3112
2785
2571
1657
1818
9401
5913
3824
5197
10625
9469
1364
6513
3779
9854
5981
4318
2712
5826
1271
4144
1149
2859
5744
5462
5250
10613
3570
4133
9661
7756
1764
8345
2666
9421
8882
10380
7250
9339
1316
1638
1896
5558
8424
8635
9262
656
9529
6139
2062
1280
5900
10560
6319
2398
5049
3787
6096
1201
684
3895
2504
6727
1541
5844
9161
184
3999
4222
7669
4361
7941
738
6559
5484
8311
2555
8766
4097
4509
2291
2308
3677
7560
2359
4221
360
8717
9397
1249
7779
7152
3224
6864
40
9963
1718
2790
10590
6862
5833
8349
3861
7334
10351
8516
422
2965
6269
2839
9511
8597
2671
4478
4055
2456
9625
7924
4627
4833
10214
6901
10189
4341
6656
6027
7005
1721
6611
1375
3590
167
2558
8197
8864
2314
5307
3176
1939
5272
4471
7365
405
46
8438
4916
8873
8632
9259
1724
8370
1468
7401
8506
3041
9679
821
9837
1418
2292
9987
531
8250
8674
9519
3352
1071
4557
6767
9900
9240
5219
2893
10203
2353
385
5386
7407
9591
1857
1244
4424
1860
1636
2331
9626
4267
584
4096
7455
7146
7409
4057
2694
10466
6853
1404
5135
2989
8824
3335
7754
3535
2004
9076
6264
3713
438
2354
3791
4943
3603
4046
10491
6924
541
8569
407
2000
6897
6651
6980
8961
6801
9541
411
8637
6232
8687
9759
1995
5199
2242
9964
5047
4093
8734
5825
4445
961
1132
3043
1981
9788
594
10496
1682
6907
7390
24
4321
1576
5842
8889
8571
5415
9790
6987
6540
7653
4594
3318
9024
7029
6025
2361
6791
5503
4365
8334
1177
6147
2303
3728
7916
8047
1089
283
4536
1908
5255
6944
7025
1107
6152
2058
517
3186
10593
10210
9181
7833
9482
20
6141
1926
5078
2772
3419
9738
7894
6810
4920
6745
7254
587
7192
6851
2478
9850
4241
3742
8735
9141
6451
4110
7920
7929
8907
3160
1864
211
3741
7359
9232
3242
6023
6772
1459
1079
402
3758
5099
5901
10626
8580
7511
6046
896
10245
641
7199
4209
9190
3090
4415
7121
2955
6168
5358
272
9598
6912
1828
4697
9926
7783
355
1591
2530
499
6080
8648
2477
3848
6665
6779
10145
10494
2819
1298
924
6499
6991
2983
5551
1415
1290
2863
592
1683
7425
4420
1585
1001
3750
2236
5229
6246
599
2096
5131
1262
7637
10604
6577
5828
8793
990
6236
7952
5902
5679
8081
4605
2697
9672
7181
8567
7627
5073
9795
5705
1817
3058
1759
8604
2319
4237
7015
9392
10022
2919
5056
4119
1858
5666
10298
7714
6593
4553
2010
1792
573
7424
5616
2021
4657
7644
5797
1493
1868
6833
7877
3295
6277
7598
4829
8673
654
4690
4788
2574
5979
16
10128
4564
10119
2112
4282
8701
1779
2945
612
9729
5211
7208
10551
3072
10043
5445
1722
4294
5873
5817
3558
121
8022
8270
9085
3169
7845
5919
9830
6216
2618
3624
4334
9083
1829
9084
4145
2937
7589
10045
8715
2684
10475
7006
5845
8893
239
4573
7028
845
7298
5811
6412
5823
7774
8158
8964
3050
803
111
8791
4894
1974
7251
1040
6343
5735
423
10301
7427
10120
6029
2594
2867
6785
688
4120
5644
228
4910
6126
3499
1197
1340
5441
10400
8231
7721
9243
9456
8179
6107
7095
4217
8181
10185
10454
6449
8911
4056
5617
5813
8008
9758
1932
3345
436
7579
2171
1877
9706
3553
1707
802
2066
4966
5680
3821
6008
5000
4260
3161
9167
7450
3611
9472
536
10041
9194
5760
5449
3719
4268
3032
6231
441
5536
8433
2665
8446
9614
968
8214
6230
5316
9038
6206
3782
4338
9286
5523
624
9388
3854
7590
5562
5631
3510
7970
6282
1355
3421
6566
7690
7496
8392
7057
10622
7230
8456
3651
4437
6628
10217
8129
1920
5714
9277
2451
1947
7982
2134
4705
824
4823
5100
7189
532
10240
3342
6144
10206
1692
551
5951
3913
3678
5763
529
5561
2310
3795
3383
1545
293
8016
1104
9149
7173
6393
5632
4527
3772
4396
5041
6983
4197
7632
7245
2533
9897
3985
4442
10413
2699
2606
6270
3964
7171
7972
3663
7788
3280
9839
7908
5301
10075
249
8114
6691
9836
9544
5397
7722
7892
4936
6071
2705
361
7044
3418
8251
108
7801
10463
1498
10168
1073
908
7584
9273
5922
3563
5909
2526
3165
7772
9115
10411
3111
4634
7497
3005
10209
6844
2887
6295
6439
63
9793
7466
842
4095
3099
3296
10436
5051
7399
8697
8974
7223
8096
6837
8127
9908
2357
9692
10083
10320
7969
2793
8781
3152
5248
2525
5472
10619
5892
835
4850
1195
8397
199
5724
2804
7651
2157
10327
9869
3873
10227
5975
5530
2336
8025
9879
2203
9368
10597
3814
1527
3897
1388
3256
782
902
2912
3155
2161
7249
9889
5971
7998
7301
302
1546
7936
9607
7829
4730
6805
1732
5139
3233
1533
3129
9048
1869
1988
1190
4246
7348
8853
3612
1015
8065
10044
6485
6573
5254
230
523
5962
6511
6558
3054
5147
2320
267
3139
10294
3732
4307
927
4466
5222
1881
993
4045
8464
3007
3722
10450
2425
7421
6642
2994
1689
4419
7648
7196
7678
8802
5156
9267
6819
1823
5422
6891
3222
10110
4565
3729
2623
10114
10424
626
4225
9813
6203
161
9798
913
9988
6519
3320
9736
5923
7275
3715
8968
3396
917
7701
10439
9950
4972
2738
2734
847
8943
866
8072
8132
8339
6696
1059
2730
9556
6715
9774
4713
1049
4084
1570
3929
9887
8140
7883
8570
10370
1434
1215
10569
1235
2311
10160
575
5134
4438
7762
2148
6534
6469
3684
625
9410
1514
5649
1500
7837
3877
4326
5974
7214
8795
2870
2193
3261
8009
832
1970
4316
7258
231
4847
9693
1021
7612
1159
2914
9462
6597
7222
169
456
3619
5339
44
1400
164
4163
5619
4149
2975
537
9631
4831
6823
1391
4089
8733
8857
3875
5226
9227
822
2022
4126
142
3853
2416
1584
7896
6658
5003
8126
1616
2463
2054
4078
8511
7813
731
4832
2649
2845
7528
873
6629
5894
4903
6145
775
8234
7639
6399
6723
9480
3668
4792
1499
10233
2940
6590
2970
2996
9036
4335
965
2094
8110
3481
9825
6153
8983
7037
2424
394
3816
9573
3157
6077
742
10000
1508
9310
9445
9051
5662
8039
6245
9340
2081
9713
5829
4511
8757
10244
7955
5036
4182
22
6391
1292
604
5057
1115
4066
254
2587
10050
328
10087
4129
6598
8924
874
1798
2992
2935
5742
6220
10316
6565
325
4506
9391
6919
5349
9269
3876
4245
9867
9972
2602
10124
8610
7605
6001
2765
9486
9463
6622
2830
5170
7274
1901
10008
5992
2948
9669
9821
1267
5198
102
6450
3378
635
1910
1667
7732
2192
8139
5346
2449
4422
3654
3498
4999
9393
8479
2446
5206
9794
7664
5137
1993
8283
5604
66
10512
7710
3763
6646
3100
4878
812
2470
3191
8160
9834
2865
4567
2933
3346
9890
5877
9336
1612
5718
2688
9053
1646
7992
9449
3721
4872
6679
3268
6744
9584
8323
7670
7139
8623
3062
5967
4636
1569
3515
2993
3863
3525
2502
7967
9188
3761
2556
7951
52
7851
6433
9922
9518
570
1664
6094
8976
2598
637
6971
712
9478
5716
7079
359
6914
2325
6517
5846
9809
4635
9136
9245
9506
3334
5891
9264
3577
2999
3441
2133
2278
2817
3195
9916
36
7158
178
3857
4034
1320
9885
8011
3963
9237
3192
2488
733
9682
9007
4371
6281
7013
749
2847
2835
4931
6101
10137
8967
2046
10487
5755
9205
501
5690
3662
3360
5878
9804
4296
9251
3883
3254
4383
8092
7311
7091
5866
2723
9258
8019
7803
1137
7062
5526
3815
7640
8460
576
125
2496
5965
8154
101
5330
4664
6363
5636
7097
4407
2387
697
6910
2465
1051
1517
4541
7606
5713
5736
7695
8113
1212
1556
8929
9815
10109
1582
2056
6472
1618
5789
8555
5506
2382
8000
2781
2433
2012
9361
9965
470
9705
3893
9099
9732
5610
2766
119
5182
390
4906
7498
8145
8872
9236
10257
4984
8920
2833
10431
4576
1557
1116
3579
2538
807
1863
4584
3605
9366
3273
4870
7889
2262
4981
7246
1512
9501
1578
5153
2548
3270
4148
9276
5528
9586
5898
10384
7432
6386
7600
7420
1356
10509
5858
8041
2043
827
887
7065
8282
4547
2214
937
10305
1590
829
1770
7591
2321
1652
4475
2276
2039
3914
9016
1181
1367
8287
10523
4763
9966
4859
1963
9707
7492
746
3500
5168
7068
7054
10249
9224
191
5700
9990
5596
4824
7577
5807
3076
2754
3971
2988
1338
8195
9923
2789
8558
672
10243
8563
4764
8162
8999
11
9946
8183
6491
1729
2063
7289
7056
9220
2167
9452
8631
2296
1163
8480
3247
9418
2142
4117
996
1398
7228
1650
3565
890
8441
10373
7413
4306
5543
6883
9260
9441
2334
9913
10097
1538
6942
2280
1342
1620
6874
9605
1738
139
6974
8644
956
341
9068
6735
1376
4696
7290
3870
7506
4562
4775
6360
3051
6074
1188
4276
9365
434
9616
6274
3647
630
3026
1090
3402
3255
9399
7597
1147
1129
9766
2783
9611
33
1589
3299
4498
6446
4386
7843
796
692
7529
7937
10492
4263
8399
1138
5512
8703
7264
10212
4203
5554
1482
8875
1565
6697
8228
6031
4236
9152
5048
3506
1358
1790
4580
859
2641
7451
3068
1114
7827
5517
6408
6618
6364
10601
983
764
2093
1915
9651
330
2412
79
2761
9539
8437
8838
1382
2875
159
9447
3975
1219
3789
6660
6068
5293
6827
6923
5171
7531
1200
4165
8186
789
7160
6680
8467
8818
433
8257
9428
3245
5128
420
7564
7963
8125
4350
472
4692
5588
1230
4181
2818
7990
8744
4173
506
2061
5947
2098
3369
6754
8419
4486
7715
7682
5241
7912
8390
6102
5927
4414
5478
3241
4033
8723
1102
9173
8417
8471
2034
8741
3508
3583
945
3735
6256
5834
4533
4143
8407
9079
1887
925
1269
10318
2990
1571
2774
588
2888
7332
124
9843
4837
5148
8755
987
2279
3300
3602
9429
8953
5837
2106
39
9831
4588
979
4689
7115
185
8233
8285
4583
9827
3984
7536
3282
1283
3723
3365
4701
959
8992
9976
4504
5311
6674
10082
9350
583
8178
7358
5970
5606
9088
5420
8260
6908
9406
7038
4500
4711
3397
53
770
10234
469
8033
6981
7609
5885
9667
5091
3226
5907
3674
7755
4161
1678
4369
3491
6416
7865
4079
1856
7958
3798
6545
10153
8198
4374
4271
7759
7190
442
6526
1641
2512
7082
10437
6829
5954
7995
8230
715
8385
6786
5378
5243
8529
5890
5883
3153
8562
9841
667
9484
650
7618
849
5539
8403
134
7932
8235
5929
6247
7895
5216
1535
7770
6014
9816
384
8112
8916
5086
8013
4199
9324
1289
1430
8772
2930
7760
2318
3564
480
6368
4524
5633
9951
10476
3930
4648
5723
138
1938
4866
1092
6330
1851
5985
8639
614
8909
7220
210
4058
6088
295
2494
3637
7341
9768
6755
5240
9701
7210
2027
6880
393
4101
5252
719
1210
7521
4250
2479
9974
4147
3700
10299
5874
9294
7299
6098
4715
3670
6925
6175
6632
3838
242
3560
8844
223
2932
6703
1543
8925
5646
620
7698
5082
9571
8904
5466
5180
6617
7875
116
9703
10066
1471
4402
8028
7107
2231
10345
9097
4752
721
4185
619
7847
8862
815
8308
649
1623
4857
5516
3920
3293
4459
10528
8328
8634
9952
5601
8807
6771
6602
4681
4378
9208
2180
2016
4556
2252
8919
1914
3753
944
9344
4647
9899
3478
6405
753
8813
10428
157
9281
2794
2846
525
449
10176
7684
10071
252
8465
7880
5083
985
214
1766
3549
5669
10395
6961
146
6579
1369
7349
7035
4028
9102
1234
557
1875
7688
10196
7448
8884
4329
6599
7525
8987
9087
5093
2127
383
8990
10406
9158
10546
9353
6063
3398
1752
3262
5094
5270
1027
4301
3236
9764
7666
3344
9360
8681
4985
8582
6613
8812
9254
1702
595
10238
9402
5691
4191
9783
754
3607
175
3349
10448
7540
10508
6967
1665
9110
4572
1629
6653
4166
6753
7545
7104
7708
8123
10219
6401
508
320
633
7096
2117
9157
744
5118
6441
78
9090
7392
1300
2858
2889
6317
5887
699
6017
8182
1011
3113
9105
5278
4320
10583
4881
4723
1994
8085
6722
5233
9888
1911
2051
8023
3061
962
1925
9761
3585
7014
2322
1006
9153
1744
6736
3206
948
8117
1030
4010
10542
7433
1474
7868
2107
9704
6552
5162
8111
4202
4663
6166
8526
6725
4491
3212
9163
6179
7260
5242
5444
3092
4327
2757
2646
6311
1204
3475
3544
3903
4838
5344
5079
7361
9960
9901
2769
8846
976
9459
4543
6969
10046
8236
3572
9633
10587
8207
522
5672
1480
2972
5411
3841
503
2941
7041
7123
8524
5072
3734
4853
4141
4593
2299
6287
10220
9464
132
4631
4979
1445
2713
850
2286
4973
2225
5839
1266
6865
3708
8508
7474
860
8680
206
8027
7575
3797
9146
6863
819
6188
8259
8376
556
9877
10199
381
8026
8089
6542
2924
2140
2979
3532
6568
6261
2998
1169
6813
2019
2072
440
6443
8931
3724
2861
4633
2685
2909
528
8773
1553
6496
7476
4418
9213
10021
7020
4751
1733
296
8124
3097
1425
8302
3584
7414
7738
162
7256
5347
10553
6086
7954
5778
5955
6742
8373
1871
3661
2823
10319
7873
4408
3435
5783
5594
4082
7111
2925
8888
7576
9810
1225
3428
10013
3665
2746
2838
8459
3960
2381
6512
2923
7155
8486
7878
5068
1339
3035
8642
3516
10107
5017
216
6936
5546
2695
4862
9130
5201
9762
32
8389
72
3118
4874
9540
1710
74
4162
10582
1714
2273
4152
5855
4433
5533
9044
10354
10011
7503
9870
8054
1874
4551
574
9656
9362
9989
5177
9198
2991
5756
10221
9630
6578
7572
4817
839
6324
1861
7370
9069
8100
4578
3377
8172
127
10485
6194
2183
7555
2807
10391
70
9740
4230
1832
2080
9786
1700
9466
4611
7403
10167
657
5268
4140
2402
1841
8556
1673
1912
1151
2189
8401
5575
6947
8075
4303
8107
6747
2233
6394
2980
2563
2432
9419
3208
2128
10570
4962
7689
558
4404
9490
3455
3
512
3375
9303
5921
8565
7945
2419
3983
1136
9558
2442
6283
9169
1821
4786
5884
9316
5143
4189
253
3901
952
6743
1598
4122
9943
1489
2222
5376
8143
3652
2313
1632
799
5568
9684
4555
8241
450
3546
3813
678
10141
3625
8652
7611
7977
2777
3568
1985
7826
8746
6273
4774
8137
1782
5468
8015
4983
7485
339
4944
6989
8003
10577
2913
3358
3180
3657
1065
6788
7142
1563
1845
7069
1247
2277
5711
10012
4443
7313
9777
5383
1496
8939
6436
8184
5862
6136
2100
4595
9726
1717
9587
5125
5875
1550
2480
4156
7444
310
10059
4457
9552
7848
986
6169
3537
9842
8945
6069
5133
9299
5479
5161
7356
9873
2246
6917
2995
8669
6000
6170
7994
3039
416
3323
9095
5814
8958
2810
10330
6411
5964
4828
9427
7440
9268
3483
2328
8449
10001
8643
6867
8952
9431
4665
1661
9714
10010
6083
7799
7295
9802
3451
2576
2661
105
4769
8088
9638
3888
580
6151
7556
5144
790
8534
7031
10386
6241
1651
3598
5141
7297
2791
6624
8175
9717
4262
8504
7036
7279
2799
9426
2864
6279
6977
5521
6201
9792
8423
10246
10586
3055
4370
7060
4546
1511
1923
2187
7624
2234
9065
8058
4652
10133
8696
2704
2873
3837
7319
4840
9494
8887
45
8242
7956
81
2987
2131
542
761
5812
476
2261
2767
4487
1259
8078
2698
6132
9520
2364
6307
4700
4502
8573
5850
9204
7099
9778
3388
9330
1449
6508
8833
471
10575
6423
2235
1957
2418
5847
8847
1862
4606
8316
6584
9284
4004
2715
8629
8855
4517
7034
2725
6934
8993
906
6218
5758
7495
5065
9074
2679
4519
7543
2803
3659
1757
1431
3790
4902
6471
5859
1948
5159
5391
6407
1077
5246
9719
4425
3314
8363
1663
5382
516
7452
9375
2052
4603
1224
7987
2884
8851
322
6182
10510
5325
548
7720
10017
4336
6929
6299
7874
3828
5413
8557
4704
798
2036
1753
2855
2238
3183
5425
10142
942
1958
8144
9508
3802
5154
5221
7259
4512
1162
9056
6120
3024
8899
9871
526
1693
10002
6686
544
7345
9183
9209
7320
8874
4088
10534
3274
2711
6669
2097
6133
8408
2680
8517
8153
934
5313
4428
7730
3265
6682
8868
7262
1951
1380
7638
4968
4248
9304
10557
7602
345
3685
5733
2079
2095
3370
3617
5888
2491
967
875
1562
980
2894
1347
9373
7317
1898
1672
6302
9593
9811
1142
1777
5212
7286
6878
4171
7330
4086
9723
7785
7671
7567
10073
4622
7763
3223
6495
2155
4818
10537
5195
6717
10548
9139
9485
5996
2628
7007
2744
1780
6104
6210
5080
9928
4933
5625
763
9331
2737
4201
7395
4409
2762
1959
6842
5331
4897
2806
4026
6484
7182
10057
5726
5227
4195
10054
5917
9032
2431
3258
5550
9727
7617
7885
7447
3634
8977
1189
10276
4908
7193
5998
3060
5809
2289
7993
5414
10207
4514
6195
9710
7326
10086
9180
3348
1070
1662
4880
756
14
8299
2125
7502
3263
9067
10259
4176
1613
2397
3923
7902
3936
8935
9639
9123
3968
8867
8171
6064
1596
1020
8006
1659
8
5176
8444
460
6537
794
7516
9064
8042
1743
1207
1544
9325
8692
4955
8856
9619
9982
5196
2324
5165
3272
9414
864
2462
5432
8876
4641
5152
1694
8329
10484
6716
4205
4413
8525
5773
4610
10321
4660
1029
8455
4298
852
9718
6543
4510
8971
3179
6890
710
6941
4599
2978
6357
275
172
7539
2188
1254
3316
6927
10615
1774
7731
3106
2612
2735
1536
8095
4244
2796
4240
3248
5657
6415
3347
4169
4231
7127
9622
1834
1934
5677
6915
9612
4869
8905
8587
9664
675
5435
9364
218
5991
1601
4287
7436
1802
3154
9859
2860
1943
5852
9444
10255
4249
2388
7340
4977
1946
8618
7393
2368
9499
3849
3321
9345
8002
1184
9042
5752
7960
7854
3866
6142
6198
4377
2376
6226
628
734
6160
3240
7437
10468
8010
329
3976
1708
1133
4451
6741
9537
608
6453
2408
8156
7263
5710
6215
7261
1036
7871
10035
8273
9597
8881
4640
4081
2690
4515
5853
1160
8415
5149
2369
3744
324
274
4036
7323
7973
5520
9629
3885
3540
8335
6007
5982
1110
1513
3826
8657
1086
9711
6492
9322
5274
8860
1572
9229
4913
6253
4638
7331
5166
10355
889
524
9787
6797
7588
504
4159
1152
6600
427
2560
1961
9040
7928
7713
689
9380
10362
3065
10025
9200
963
366
1161
4214
9025
4193
3554
9446
5407
6328
284
4624
6619
1975
8120
1497
6889
5788
1755
3664
6329
1998
10308
3470
9439
6428
4590
7561
686
5501
3392
1587
170
6605
1897
9433
659
9448
9100
9985
9166
2346
103
2029
8841
82
5315
7018
6379
31
8520
9021
9567
10497
2815
5673
4747
6802
8448
4279
3609
10369
10517
3833
3014
3808
17
718
2541
8505
9022
6334
2023
4626
1076
3260
4190
8222
8510
8435
8785
3616
793
9799
4440
4362
9131
5651
9829
