1.0354737043380737,0.9550000429153442,1.1194519996643066
1.0354737043380737,0.9550000429153442,1.12158203125
1.0499622821807861,0.8849999904632568,3.263092041015625
1.0320017337799072,0.9650000333786011,1.2631019353866577
1.0306593179702759,0.9600000381469727,1.5685421228408813
1.0361465215682983,0.9500000476837158,1.1831920146942139
1.036550760269165,0.9500000476837158,1.1872220039367676
1.0303244590759277,0.9600000381469727,1.6247220039367676
1.0372240543365479,0.9500000476837158,1.2241519689559937
1.043028473854065,0.9300000667572021,1.3945820331573486
1.0463407039642334,0.940000057220459,1.1554020643234253
1.0403406620025635,0.9500000476837158,1.3183519840240479
1.040340781211853,0.9500000476837158,1.3183519840240479
1.048342227935791,0.9200000762939453,1.8948220014572144
1.0479817390441895,0.9200000762939453,2.060421943664551
1.131560206413269,0.6700000166893005,4.171892166137695
1.030109167098999,0.9550000429153442,1.5967819690704346
1.0279462337493896,0.9700000286102295,1.1039119958877563
1.0328292846679688,0.940000057220459,1.5600820779800415
1.024999976158142,0.9750000238418579,1.0426019430160522
1.024999976158142,0.9750000238418579,1.0676519870758057
1.024999976158142,0.9750000238418579,1.101162075996399
1.0294445753097534,0.9650000333786011,1.1853920221328735
1.024999976158142,0.9750000238418579,1.1536818742752075
1.0262531042099,0.9700000286102295,1.2165019512176514
1.052781105041504,0.8399999737739563,2.4795620441436768
1.0468658208847046,0.9350000619888306,1.5996819734573364
1.041127324104309,0.9350000619888306,1.675592064857483
1.0294244289398193,0.9550000429153442,2.133542060852051
1.0488859415054321,0.9200000762939453,1.7923520803451538
1.0279473066329956,0.9650000333786011,1.1053719520568848
1.0348716974258423,0.9500000476837158,1.4182319641113281
1.046354055404663,0.9250000715255737,2.0288422107696533
1.0922781229019165,0.824999988079071,2.968212127685547
1.0462532043457031,0.9300000667572021,1.5935420989990234
1.0526937246322632,0.9050000309944153,1.7062721252441406
1.06735098361969,0.8550000190734863,2.419312000274658
1.0460841655731201,0.9500000476837158,1.2401020526885986
1.0460841655731201,0.9500000476837158,1.2401020526885986
1.0603477954864502,0.8299999833106995,2.7922518253326416
1.050825834274292,0.8650000095367432,2.6756820678710938
1.0339900255203247,0.9450000524520874,1.5082119703292847
1.0496095418930054,0.8800000548362732,3.680771827697754
1.0340237617492676,0.9500000476837158,2.0487220287323
1.043092131614685,0.9450000524520874,1.1816920042037964
1.1170268058776855,0.7099999785423279,4.003352165222168
1.039949655532837,0.9500000476837158,1.2093920707702637
1.0304821729660034,0.9650000333786011,1.0745220184326172
1.0293316841125488,0.9600000381469727,1.2423720359802246
1.0466803312301636,0.9150000810623169,1.6856420040130615
1.024999976158142,0.9750000238418579,1.1316319704055786
1.0278098583221436,0.9650000333786011,1.2633219957351685
1.0652260780334473,0.8450000286102295,2.556152105331421
1.0447278022766113,0.9350000619888306,1.8355019092559814
1.044801115989685,0.9300000667572021,1.8718119859695435
1.0393480062484741,0.9350000619888306,1.4609620571136475
1.0292145013809204,0.9600000381469727,1.1479419469833374
1.0267120599746704,0.9700000286102295,1.1270020008087158
1.0396654605865479,0.940000057220459,1.5785419940948486
1.024999976158142,0.9750000238418579,1.0257019996643066
1.0438880920410156,0.9250000715255737,1.889512062072754
1.0464853048324585,0.9250000715255737,1.79328191280365
1.04487943649292,0.9350000619888306,1.2508419752120972
1.029881477355957,0.9650000333786011,1.2486320734024048
1.0474988222122192,0.9200000762939453,1.8840320110321045
1.0267326831817627,0.9700000286102295,1.1546919345855713
1.0258257389068604,0.9700000286102295,1.1290420293807983
1.0415680408477783,0.9250000715255737,2.189192056655884
1.0316033363342285,0.9500000476837158,1.4330720901489258
1.024999976158142,0.9750000238418579,1.0772019624710083
1.024999976158142,0.9750000238418579,1.0343918800354004
1.024999976158142,0.9750000238418579,1.1316020488739014
1.0429413318634033,0.9350000619888306,1.307521939277649
1.051427960395813,0.9300000667572021,1.7494020462036133
1.0287444591522217,0.9650000333786011,1.1200720071792603
1.0268950462341309,0.9650000333786011,1.2258318662643433
1.0364130735397339,0.9200000762939453,1.8932019472122192
1.0379451513290405,0.940000057220459,1.359652042388916
1.0269733667373657,0.9700000286102295,1.120792031288147
1.0288136005401611,0.9650000333786011,1.2103320360183716
1.0435471534729004,0.9500000476837158,1.1973520517349243
1.024999976158142,0.9750000238418579,1.146541953086853
1.027871012687683,0.9650000333786011,1.2031620740890503
1.024999976158142,0.9750000238418579,1.2423219680786133
1.041653037071228,0.9200000762939453,2.0272819995880127
1.056740403175354,0.8750001192092896,2.5635323524475098
1.024999976158142,0.9750000238418579,1.12283194065094
1.0385432243347168,0.9500000476837158,1.2460719347000122
1.024999976158142,0.9750000238418579,1.1472820043563843
1.024999976158142,0.9750000238418579,1.0585520267486572
1.0361500978469849,0.9550000429153442,1.3183619976043701
1.03242027759552,0.9600000381469727,1.4105620384216309
1.024999976158142,0.9750000238418579,1.0831220149993896
1.024999976158142,0.9750000238418579,1.0409820079803467
1.0444068908691406,0.9500000476837158,1.3671519756317139
1.042387843132019,0.9550000429153442,1.2173418998718262
1.024999976158142,0.9750000238418579,1.0678720474243164
1.029025673866272,0.9600000381469727,1.2115219831466675
1.0435959100723267,0.940000057220459,1.2525520324707031
1.024999976158142,0.9750000238418579,1.0449819564819336
1.0461333990097046,0.9200000762939453,1.2823220491409302
1.0440839529037476,0.9350000619888306,1.2558419704437256
1.052773356437683,0.9150000810623169,1.2919318675994873
1.0507127046585083,0.8900001049041748,2.1487720012664795
1.0411378145217896,0.9500000476837158,1.151871919631958
1.0421770811080933,0.9000000357627869,2.6322622299194336
1.0519747734069824,0.8700001239776611,2.764122247695923
1.0689828395843506,0.8750001192092896,2.7292020320892334
1.0344215631484985,0.9550000429153442,1.2602421045303345
1.0333424806594849,0.9450000524520874,1.6781619787216187
1.0278135538101196,0.9650000333786011,1.2295820713043213
1.0295226573944092,0.9700000286102295,1.0638320446014404
1.0314236879348755,0.9500000476837158,1.3835519552230835
1.0395488739013672,0.940000057220459,1.2690620422363281
1.029350996017456,0.9600000381469727,1.1444720029830933
1.0286530256271362,0.9650000333786011,1.1506019830703735
1.0366580486297607,0.9450000524520874,1.4787020683288574
1.06598699092865,0.9200000762939453,1.3056319952011108
1.066244125366211,0.9200000762939453,1.3056319952011108
1.024999976158142,0.9750000238418579,1.0674419403076172
1.0334275960922241,0.9500000476837158,1.641632080078125
1.0416126251220703,0.9200000762939453,1.5609019994735718
1.0520259141921997,0.9050000309944153,1.5532619953155518
1.0334060192108154,0.9600000381469727,1.2436720132827759
1.0776467323303223,0.8550000190734863,1.8734620809555054
1.0452016592025757,0.9250000715255737,1.615772008895874
1.0258005857467651,0.9700000286102295,1.2481119632720947
1.0606271028518677,0.9200000762939453,2.348651885986328
1.0657680034637451,0.9100000858306885,2.429511785507202
1.024999976158142,0.9750000238418579,1.1274720430374146
1.02946138381958,0.9600000381469727,1.1589720249176025
1.0504467487335205,0.9200000762939453,1.928312063217163
1.0445622205734253,0.9300000667572021,1.9695721864700317
1.0739569664001465,0.8500000834465027,2.2778120040893555
1.0385676622390747,0.9350000619888306,1.2380318641662598
1.040381908416748,0.9350000619888306,1.576632022857666
1.0637067556381226,0.8800000548362732,2.1978919506073
1.0321255922317505,0.9550000429153442,1.4093421697616577
1.044971227645874,0.9150000810623169,1.823512077331543
1.070663332939148,0.9250000715255737,1.2811120748519897
1.0710831880569458,0.9250000715255737,1.2811120748519897
1.024999976158142,0.9750000238418579,1.116272211074829
1.0308470726013184,0.9500000476837158,1.693031907081604
1.0281416177749634,0.9650000333786011,1.1872819662094116
1.0543171167373657,0.9100000858306885,1.549131989479065
1.0369316339492798,0.9300000667572021,2.089832067489624
1.0364394187927246,0.9350000619888306,2.0163519382476807
1.0305196046829224,0.9650000333786011,1.124701976776123
1.0384775400161743,0.9100000858306885,1.9361921548843384
1.027209997177124,0.9650000333786011,1.3552820682525635
1.039970874786377,0.9500000476837158,1.3351318836212158
1.0292766094207764,0.9550000429153442,2.158561944961548
1.024999976158142,0.9750000238418579,1.073111891746521
1.024999976158142,0.9750000238418579,1.194201946258545
1.0449016094207764,0.9350000619888306,1.6124320030212402
1.0307639837265015,0.9600000381469727,1.411012053489685
1.0328867435455322,0.9650000333786011,1.167051911354065
1.0261309146881104,0.9700000286102295,1.1959419250488281
1.0501147508621216,0.9300000667572021,1.5144121646881104
1.0521023273468018,0.9250000715255737,1.468761920928955
1.0667616128921509,0.9100000858306885,1.604822039604187
1.0692418813705444,0.8950001001358032,1.826032042503357
1.0510971546173096,0.9250000715255737,1.4030020236968994
1.0441323518753052,0.940000057220459,1.3869119882583618
1.0425257682800293,0.940000057220459,1.5043120384216309
1.0643752813339233,0.8950001001358032,1.8114320039749146
1.061592698097229,0.9050000309944153,2.1505119800567627
1.0630896091461182,0.9000000953674316,1.9737019538879395
1.0315945148468018,0.9500000476837158,1.308892011642456
1.0495110750198364,0.9150000810623169,1.8387320041656494
1.0273786783218384,0.9650000333786011,1.2491819858551025
1.024999976158142,0.9750000238418579,1.1007720232009888
1.0266697406768799,0.9700000286102295,1.2211920022964478
1.0298489332199097,0.9650000333786011,1.1602420806884766
1.031793475151062,0.9600000381469727,1.2785520553588867
1.0520508289337158,0.9100000858306885,1.3960720300674438
1.0387989282608032,0.9450000524520874,1.2954920530319214
1.06031334400177,0.9150000810623169,1.3174819946289062
1.064895510673523,0.9000000953674316,1.3505220413208008
1.024999976158142,0.9750000238418579,1.0597319602966309
1.0346505641937256,0.9500000476837158,1.7840520143508911
1.024999976158142,0.9750000238418579,1.0538619756698608
1.0283037424087524,0.9600000381469727,1.3590320348739624
1.0359936952590942,0.9450000524520874,1.3623020648956299
1.0413728952407837,0.940000057220459,1.66932213306427
1.0434951782226562,0.9150000810623169,1.8321820497512817
1.036287784576416,0.9550000429153442,1.3121418952941895
1.0309044122695923,0.9600000381469727,1.5964019298553467
1.0450719594955444,0.9300000667572021,1.334581971168518
1.0475194454193115,0.9150000810623169,1.935502052307129
1.026579737663269,0.9650000333786011,1.239851951599121
1.0611811876296997,0.8750000596046448,2.6363918781280518
1.0288760662078857,0.9650000333786011,1.2844219207763672
1.0481678247451782,0.8950001001358032,2.444502115249634
1.0270150899887085,0.9700000286102295,1.2343519926071167
1.024999976158142,0.9750000238418579,1.1086819171905518
1.0620756149291992,0.8899999856948853,2.578092098236084
1.0311319828033447,0.9600000381469727,1.178541898727417
1.0585660934448242,0.9300000667572021,1.5258820056915283
1.0601595640182495,0.9250000715255737,1.524672031402588
1.0535311698913574,0.9300000667572021,1.5735421180725098
1.04052734375,0.9200000762939453,1.5289920568466187
1.0527528524398804,0.9000000953674316,1.8947420120239258
1.0640625953674316,0.8850001096725464,1.8591220378875732
1.0322542190551758,0.9550000429153442,1.2020319700241089
1.0272271633148193,0.9700000286102295,1.2382220029830933
1.029183030128479,0.9600000381469727,1.4880518913269043
1.0264633893966675,0.9700000286102295,1.0928020477294922
1.024999976158142,0.9750000238418579,1.0491920709609985
1.0796180963516235,0.8600000739097595,3.399402141571045
1.0557469129562378,0.9250000715255737,2.4952521324157715
1.0296224355697632,0.9650000333786011,1.125722050666809
1.0511926412582397,0.9200000762939453,1.5318719148635864
1.0396289825439453,0.9500000476837158,1.1545519828796387
1.031561255455017,0.9550000429153442,1.5493121147155762
1.076917052268982,0.8550000190734863,1.7391819953918457
1.0315743684768677,0.9550000429153442,1.5291420221328735
1.0306720733642578,0.9550000429153442,1.2963720560073853
1.0461647510528564,0.9150000810623169,1.5817919969558716
1.0284191370010376,0.9650000333786011,1.5592620372772217
1.0331424474716187,0.9500000476837158,1.7497220039367676
1.0302698612213135,0.9600000381469727,1.3464419841766357
1.0370899438858032,0.9550000429153442,1.1714719533920288
1.0399419069290161,0.9350000619888306,1.6493719816207886
1.0536524057388306,0.9000000953674316,1.989922046661377
1.0386121273040771,0.9450000524520874,1.2477320432662964
1.0375773906707764,0.9350000619888306,1.662282109260559
1.0302261114120483,0.9650000333786011,1.109421968460083
1.0332975387573242,0.9500000476837158,1.1224620342254639
1.0399396419525146,0.9300000667572021,1.3524019718170166
1.0326155424118042,0.9500000476837158,1.5159618854522705
1.024999976158142,0.9750000238418579,1.0848420858383179
1.0459073781967163,0.9300000667572021,1.602591872215271
1.0481642484664917,0.9300000667572021,1.5250519514083862
1.0423353910446167,0.940000057220459,1.6301419734954834
1.0370235443115234,0.940000057220459,1.5622919797897339
1.0452251434326172,0.9100000858306885,2.7871320247650146
1.0314723253250122,0.9650000333786011,1.1276720762252808
1.0381916761398315,0.9450000524520874,1.2895621061325073
1.0466623306274414,0.9200000762939453,1.539531946182251
1.0444122552871704,0.9350000619888306,1.8611921072006226
1.0322625637054443,0.9550000429153442,1.3229120969772339
1.0303317308425903,0.9600000381469727,1.3873120546340942
1.0314242839813232,0.9600000381469727,1.5314620733261108
1.0304977893829346,0.9650000333786011,1.1695621013641357
1.0267927646636963,0.9700000286102295,1.0859719514846802
1.050199031829834,0.9300000667572021,1.497622013092041
1.0566891431808472,0.9000000953674316,1.6628419160842896
1.0407497882843018,0.940000057220459,1.185681939125061
1.0377163887023926,0.9450000524520874,1.336851954460144
1.02789306640625,0.9550000429153442,1.2188719511032104
1.0349329710006714,0.9550000429153442,1.0908019542694092
1.0573490858078003,0.8700000643730164,2.562631845474243
1.0295391082763672,0.9600000381469727,1.2177519798278809
1.0394871234893799,0.9300000667572021,1.2236419916152954
1.0416405200958252,0.940000057220459,1.4988819360733032
1.04110848903656,0.925000011920929,2.051301956176758
1.0470542907714844,0.9500000476837158,1.174291968345642
1.0516427755355835,0.9200000762939453,1.4510120153427124
1.0262926816940308,0.9700000286102295,1.0894120931625366
1.042952537536621,0.9350000619888306,1.496482014656067
1.0332469940185547,0.9550000429153442,1.295021891593933
1.024999976158142,0.9750000238418579,1.2165621519088745
1.0494831800460815,0.9300000667572021,1.7002819776535034
1.042529821395874,0.9200000762939453,1.7467319965362549
1.0425000190734863,0.9550000429153442,1.2890220880508423
1.0287688970565796,0.9700000286102295,1.0923919677734375
1.029881238937378,0.9650000333786011,1.1256020069122314
1.024999976158142,0.9750000238418579,1.1069120168685913
1.042017936706543,0.940000057220459,1.180732011795044
1.0294681787490845,0.9600000381469727,1.4617520570755005
1.0547007322311401,0.9050000309944153,2.090522050857544
1.037892460823059,0.9500000476837158,1.1895619630813599
1.0660902261734009,0.8449999690055847,2.573712110519409
1.0320464372634888,0.9600000381469727,1.151542067527771
1.024999976158142,0.9750000238418579,1.038301944732666
1.0271350145339966,0.9700000286102295,1.1582719087600708
1.0282306671142578,0.9650000333786011,1.104862093925476
1.0391771793365479,0.9150000810623169,2.1774919033050537
1.070658802986145,0.8400000333786011,2.7051620483398438
1.027097463607788,0.9650000333786011,1.4293020963668823
1.0273807048797607,0.9650000333786011,1.3148120641708374
1.0286766290664673,0.9600000381469727,1.2974120378494263
1.0615534782409668,0.8950001001358032,1.5759320259094238
1.0488648414611816,0.9350000619888306,1.5394920110702515
1.024999976158142,0.9750000238418579,1.1378118991851807
1.024999976158142,0.9750000238418579,1.0863920450210571
1.059574007987976,0.8700000643730164,1.767881989479065
1.0299206972122192,0.9550000429153442,1.1899621486663818
1.0318719148635864,0.9500000476837158,1.3502320051193237
1.0434678792953491,0.9300000071525574,1.7571420669555664
1.0536240339279175,0.9200000762939453,2.3218021392822266
1.0614463090896606,0.9000000953674316,2.176042079925537
1.0643420219421387,0.8800000548362732,2.622231960296631
1.0264291763305664,0.9700000286102295,1.1186720132827759
1.036521553993225,0.9450000524520874,1.4115619659423828
1.0278874635696411,0.9550000429153442,1.6267520189285278
1.0257289409637451,0.9650000333786011,1.1746419668197632
1.0419654846191406,0.9350000619888306,2.0258421897888184
1.0711430311203003,0.8349999189376831,3.2872419357299805
1.0603339672088623,0.9000000953674316,1.8705919981002808
1.0528877973556519,0.8950001001358032,2.0241219997406006
1.0273569822311401,0.9700000286102295,1.3390120267868042
1.0372084379196167,0.9500000476837158,1.3437620401382446
1.044680118560791,0.9300000667572021,1.954732060432434
1.0328505039215088,0.9600000381469727,1.2513320446014404
1.042553424835205,0.9300000667572021,1.6175020933151245
1.0344587564468384,0.9450000524520874,1.4905319213867188
1.060158371925354,0.9000000953674316,2.0082621574401855
1.0419586896896362,0.940000057220459,1.4257220029830933
1.051084280014038,0.9250000715255737,1.6324419975280762
1.0499234199523926,0.9150000810623169,1.6990420818328857
1.054729700088501,0.8900001049041748,2.0044522285461426
1.043502926826477,0.9350000619888306,1.6048721075057983
1.0375052690505981,0.9500000476837158,1.26255202293396
1.0463742017745972,0.9300000667572021,2.3779819011688232
1.024999976158142,0.9750000238418579,1.0823919773101807
1.0541421175003052,0.9000000357627869,2.641402006149292
1.0371613502502441,0.9500000476837158,1.5063519477844238
1.027500033378601,0.9700000286102295,1.073222041130066
1.0440109968185425,0.940000057220459,1.6476819515228271
1.0308672189712524,0.9550000429153442,1.6768419742584229
1.0343523025512695,0.9600000381469727,1.1864519119262695
1.0318822860717773,0.940000057220459,1.6355421543121338
1.033111333847046,0.9500000476837158,1.239851951599121
1.0285416841506958,0.9650000333786011,1.4264719486236572
1.0303572416305542,0.9600000381469727,1.2578519582748413
1.0338774919509888,0.940000057220459,1.998062014579773
1.0299253463745117,0.9650000333786011,1.2460920810699463
1.0465806722640991,0.9450000524520874,1.1823619604110718
1.024999976158142,0.9750000238418579,1.0500218868255615
1.024999976158142,0.9750000238418579,1.133362054824829
1.0283234119415283,0.9650000333786011,1.1303720474243164
1.0697659254074097,0.9250000715255737,1.2811120748519897
1.0264285802841187,0.9700000286102295,1.0597119331359863
1.0263335704803467,0.9700000286102295,1.5297720432281494
1.0264285802841187,0.9700000286102295,1.1668720245361328
1.0436275005340576,0.925000011920929,2.044111967086792
1.024999976158142,0.9750000238418579,1.0618820190429688
1.0265971422195435,0.9700000286102295,1.169461965560913
1.027503252029419,0.9700000286102295,1.322632074356079
1.024999976158142,0.9750000238418579,1.0353519916534424
1.0281903743743896,0.9650000333786011,1.2624919414520264
1.0383638143539429,0.9500000476837158,1.315451979637146
1.024999976158142,0.9750000238418579,1.172302007675171
1.0308711528778076,0.9600000381469727,1.288782000541687
1.0363380908966064,0.940000057220459,1.633571982383728
1.037687063217163,0.940000057220459,1.3963820934295654
1.0477560758590698,0.9100000858306885,1.7130420207977295
1.043697476387024,0.9350000619888306,1.2716920375823975
1.0284463167190552,0.9650000333786011,1.1506919860839844
1.0341461896896362,0.9450000524520874,1.771981954574585
1.0467519760131836,0.9300000667572021,1.5577521324157715
1.040052056312561,0.940000057220459,1.4198819398880005
1.024999976158142,0.9750000238418579,1.0771620273590088
1.0331497192382812,0.9650000333786011,1.1476720571517944
1.024999976158142,0.9750000238418579,1.0504720211029053
1.0655161142349243,0.8800000548362732,2.3430519104003906
1.0268189907073975,0.9700000286102295,1.0952119827270508
1.035696029663086,0.940000057220459,1.1693220138549805
1.0392965078353882,0.940000057220459,1.218971848487854
1.0327354669570923,0.9500000476837158,1.1151620149612427
1.024999976158142,0.9750000238418579,1.0665818452835083
1.0264781713485718,0.9650000333786011,1.102802038192749
1.04963219165802,0.9100000858306885,2.8446621894836426
1.024999976158142,0.9750000238418579,1.0517520904541016
1.024999976158142,0.9750000238418579,1.0541119575500488
1.0598393678665161,0.8900001049041748,2.5489418506622314
1.0491958856582642,0.9500000476837158,1.2270320653915405
1.0491958856582642,0.9500000476837158,1.2270320653915405
1.0496593713760376,0.9150000810623169,1.5069220066070557
1.0404703617095947,0.9450000524520874,1.1624020338058472
1.032111406326294,0.9600000381469727,1.1578221321105957
1.032204508781433,0.9550000429153442,1.2333120107650757
1.0405428409576416,0.9200000762939453,1.6733518838882446
1.0371005535125732,0.9550000429153442,1.3155219554901123
1.024999976158142,0.9750000238418579,1.0569920539855957
1.0431954860687256,0.940000057220459,1.524791955947876
1.0259761810302734,0.9700000286102295,1.1873019933700562
1.0444629192352295,0.9350000619888306,1.6646620035171509
1.0396862030029297,0.9450000524520874,1.1665018796920776
1.0502667427062988,0.9250000715255737,1.3907320499420166
1.0292742252349854,0.9600000381469727,1.3407719135284424
1.024999976158142,0.9750000238418579,1.2225720882415771
1.0376005172729492,0.9450000524520874,2.1342320442199707
1.0361855030059814,0.940000057220459,1.3391718864440918
1.0269951820373535,0.9700000286102295,1.5334019660949707
1.051642894744873,0.9150000810623169,2.656452178955078
1.0427955389022827,0.9100000858306885,2.250541925430298
1.0362282991409302,0.940000057220459,1.4188419580459595
1.038388729095459,0.9450000524520874,1.1486419439315796
1.039945125579834,0.9450000524520874,1.4536819458007812
1.0606878995895386,0.9000000357627869,2.0304219722747803
1.0363463163375854,0.9450000524520874,1.7118719816207886
1.024999976158142,0.9750000238418579,1.0589320659637451
1.0279109477996826,0.9650000333786011,1.1224820613861084
1.0316619873046875,0.9600000381469727,1.1217319965362549
1.0425000190734863,0.9550000429153442,1.2913320064544678
1.0333588123321533,0.9500000476837158,1.5064620971679688
1.0398218631744385,0.940000057220459,1.2896920442581177
1.0425077676773071,0.9350000619888306,1.3751920461654663
1.024999976158142,0.9750000238418579,1.2027020454406738
1.0292675495147705,0.9650000333786011,1.3444420099258423
1.024999976158142,0.9750000238418579,1.1308519840240479
1.0264906883239746,0.9700000286102295,1.162131905555725
1.024999976158142,0.9750000238418579,1.0502119064331055
1.0355453491210938,0.9600000381469727,1.2365119457244873
1.0517691373825073,0.9250000715255737,1.5478219985961914
1.0321362018585205,0.9600000381469727,1.0699020624160767
1.024999976158142,0.9750000238418579,1.0371918678283691
1.0263456106185913,0.9700000286102295,1.2781920433044434
1.037908911705017,0.940000057220459,1.3570820093154907
1.024999976158142,0.9750000238418579,1.137652039527893
1.0407028198242188,0.9450000524520874,1.473122000694275
1.0308042764663696,0.9600000381469727,1.2416919469833374
1.024999976158142,0.9750000238418579,1.05964195728302
1.0588091611862183,0.9250000715255737,1.3022419214248657
1.024999976158142,0.9750000238418579,1.0640519857406616
1.0288305282592773,0.9650000333786011,1.1165419816970825
1.0435471534729004,0.9500000476837158,1.1973520517349243
1.0314815044403076,0.9600000381469727,1.1380020380020142
1.024999976158142,0.9750000238418579,1.2396318912506104
1.0413734912872314,0.9450000524520874,1.335602045059204
1.0274571180343628,0.9650000333786011,1.0840919017791748
1.0273716449737549,0.9700000286102295,1.0709320306777954
1.0349740982055664,0.9500000476837158,1.1905220746994019
1.0413181781768799,0.9500000476837158,1.3282721042633057
1.0543594360351562,0.9100000858306885,1.887691855430603
1.024999976158142,0.9750000238418579,1.0374118089675903
1.033007025718689,0.9500000476837158,1.4172120094299316
1.0369278192520142,0.9550000429153442,1.4101818799972534
1.031882405281067,0.9450000524520874,1.2494419813156128
1.0354351997375488,0.9500000476837158,1.4680421352386475
1.0424363613128662,0.9450000524520874,1.3735719919204712
1.0471196174621582,0.9200000166893005,1.9649120569229126
1.0371971130371094,0.940000057220459,2.0062620639801025
1.0474927425384521,0.925000011920929,2.3653018474578857
1.0377044677734375,0.9450000524520874,1.1220320463180542
1.0341784954071045,0.9600000381469727,1.0413919687271118
1.045379877090454,0.9350000619888306,1.9608219861984253
1.039376139640808,0.9500000476837158,1.3128020763397217
1.027883768081665,0.9650000333786011,1.119831919670105
1.027267336845398,0.9600000381469727,1.3049020767211914
1.024999976158142,0.9750000238418579,1.0615320205688477
1.024999976158142,0.9750000238418579,1.0745220184326172
1.0314439535140991,0.9650000333786011,1.1290419101715088
1.0361624956130981,0.9500000476837158,1.2793420553207397
1.0272786617279053,0.9700000286102295,1.1175020933151245
1.0307151079177856,0.9650000333786011,1.1914620399475098
1.0301764011383057,0.9600000381469727,1.2979918718338013
1.0419573783874512,0.940000057220459,1.6393520832061768
1.051757574081421,0.9250000715255737,1.5889320373535156
1.0339314937591553,0.9500000476837158,1.3721719980239868
1.024999976158142,0.9750000238418579,1.0699119567871094
1.045114278793335,0.9350000619888306,1.2286319732666016
1.0262563228607178,0.9700000286102295,1.1066120862960815
1.0404012203216553,0.9450000524520874,1.1891920566558838
1.047229290008545,0.9450000524520874,1.1823619604110718
1.024999976158142,0.9750000238418579,1.087962031364441
1.042976975440979,0.9450000524520874,1.1382720470428467
1.045458197593689,0.940000057220459,1.2686620950698853
1.0402381420135498,0.940000057220459,1.5862420797348022
1.030047059059143,0.9550000429153442,1.1913920640945435
1.0380712747573853,0.9550000429153442,1.2193419933319092
1.0280953645706177,0.9650000333786011,1.1496919393539429
1.029427409172058,0.9600000381469727,1.1129618883132935
1.0278867483139038,0.9700000286102295,1.1576119661331177
1.027297854423523,0.9700000286102295,1.068341851234436
1.0273549556732178,0.9650000333786011,1.1439319849014282
1.0377867221832275,0.940000057220459,1.3691520690917969
1.0285354852676392,0.9700000286102295,1.0660220384597778
1.0470542907714844,0.9500000476837158,1.174291968345642
1.0427216291427612,0.9350000619888306,1.5666420459747314
1.0309314727783203,0.9600000381469727,1.2172621488571167
1.02984619140625,0.9650000333786011,1.1984020471572876
1.0324406623840332,0.9500000476837158,1.3365318775177002
1.024999976158142,0.9750000238418579,1.0915919542312622
1.0353773832321167,0.9550000429153442,1.3941419124603271
1.0269542932510376,0.9700000286102295,1.1174719333648682
1.024999976158142,0.9750000238418579,1.1103019714355469
1.0416895151138306,0.9450000524520874,1.1720619201660156
1.041835069656372,0.9500000476837158,1.0985618829727173
1.024999976158142,0.9750000238418579,1.0282020568847656
1.041835069656372,0.9500000476837158,1.0985618829727173
1.0406990051269531,0.940000057220459,1.2929320335388184
1.0363764762878418,0.940000057220459,1.7486119270324707
1.024999976158142,0.9750000238418579,1.1120818853378296
1.0268757343292236,0.9650000333786011,1.2919820547103882
1.044329285621643,0.940000057220459,1.3763020038604736
1.0315226316452026,0.9650000333786011,1.0399020910263062
1.0271437168121338,0.9700000286102295,1.0300819873809814
1.0282604694366455,0.9650000333786011,1.1498719453811646
1.024999976158142,0.9750000238418579,1.0691819190979004
1.024999976158142,0.9750000238418579,1.1532219648361206
1.024999976158142,0.9750000238418579,1.0536121129989624
1.024999976158142,0.9750000238418579,1.0368520021438599
1.0501848459243774,0.9350000619888306,1.261672019958496
1.0282659530639648,0.9700000286102295,1.0580220222473145
1.0323818922042847,0.9550000429153442,1.2968220710754395
1.0329068899154663,0.9550000429153442,1.093082070350647
