1.1330000162124634,0.9890000820159912,1.128000259399414
1.084999918937683,0.9940000772476196,1.1280001401901245
1.246999979019165,0.9950000643730164,1.1279995441436768
1.1290000677108765,0.9910001158714294,1.1280001401901245
1.037000060081482,0.9950000643730164,1.1279999017715454
1.0870001316070557,0.9950000643730164,1.1280001401901245
1.0790001153945923,0.9950000643730164,1.1279999017715454
1.1790000200271606,0.9910000562667847,1.1280001401901245
1.4800000190734863,0.987000048160553,1.1280001401901245
1.1000001430511475,0.9950000643730164,1.1279996633529663
1.5090001821517944,0.9890000820159912,1.1279997825622559
1.2990001440048218,0.9900000691413879,1.128000020980835
1.2750000953674316,0.9900001287460327,1.128000020980835
1.0750000476837158,0.9950000643730164,1.1279997825622559
1.0649999380111694,0.9950000643730164,1.1279996633529663
1.1110000610351562,0.9900000095367432,1.1280001401901245
1.058000087738037,0.9950000643730164,1.1279997825622559
1.067000150680542,0.9950000643730164,1.128000259399414
1.1109999418258667,0.9950000643730164,1.1279999017715454
1.0609999895095825,0.9950000643730164,1.128000020980835
1.0649999380111694,0.9950000643730164,1.1280001401901245
1.1629999876022339,0.9940000772476196,1.128000020980835
1.0659998655319214,0.9950000643730164,1.128000020980835
1.0589998960494995,0.9950000643730164,1.128000259399414
1.059000015258789,0.9910000562667847,1.1279999017715454
1.0260000228881836,0.9950000643730164,1.1279999017715454
1.0589998960494995,0.9900001287460327,1.128000020980835
1.0500000715255737,0.9950000643730164,1.128000020980835
1.03000009059906,0.9950000643730164,1.1279997825622559
1.0579999685287476,0.9910001158714294,1.1279997825622559
1.0390000343322754,0.9950000643730164,1.1279997825622559
1.03000009059906,0.9950000643730164,1.1279997825622559
