1.0354737043380737,0.9550000429153442,1.1185020208358765
1.0354737043380737,0.9550000429153442,1.1210219860076904
1.0503356456756592,0.8849999904632568,3.2155420780181885
1.0320017337799072,0.9650000333786011,1.2622319459915161
1.0306593179702759,0.9600000381469727,1.5653821229934692
1.0361536741256714,0.9500000476837158,1.1943920850753784
1.036550760269165,0.9500000476837158,1.1864919662475586
1.0303244590759277,0.9600000381469727,1.618232011795044
1.0370763540267944,0.9500000476837158,1.217061996459961
1.0440491437911987,0.9300000667572021,1.4021120071411133
1.0463407039642334,0.940000057220459,1.155351996421814
1.0416454076766968,0.9500000476837158,1.3484818935394287
1.0416454076766968,0.9500000476837158,1.3484818935394287
1.0499426126480103,0.9200000762939453,2.087451934814453
1.049068808555603,0.9250000715255737,2.307241916656494
1.1377346515655518,0.675000011920929,4.460562229156494
1.0310888290405273,0.9550000429153442,1.6031219959259033
1.0279462337493896,0.9700000286102295,1.1026519536972046
1.034182071685791,0.940000057220459,1.5681320428848267
1.024999976158142,0.9750000238418579,1.0490219593048096
1.024999976158142,0.9750000238418579,1.077552080154419
1.024999976158142,0.9750000238418579,1.0978420972824097
1.0294445753097534,0.9650000333786011,1.1774420738220215
1.024999976158142,0.9750000238418579,1.151811957359314
1.0262531042099,0.9700000286102295,1.2170920372009277
1.0529296398162842,0.8399999737739563,2.445931911468506
1.0468658208847046,0.9350000619888306,1.598281979560852
1.0418391227722168,0.940000057220459,1.6664221286773682
1.0298699140548706,0.9550000429153442,2.1183021068573
1.0500842332839966,0.9200000762939453,1.7763020992279053
1.0281412601470947,0.9650000333786011,1.1715619564056396
1.0357507467269897,0.9500000476837158,1.4390020370483398
1.0463576316833496,0.9250000715255737,2.037562131881714
1.093457579612732,0.824999988079071,3.1238622665405273
1.0472300052642822,0.9300000667572021,1.5998320579528809
1.0536705255508423,0.9050000309944153,1.712562084197998
1.0685069561004639,0.8600000143051147,2.497851848602295
1.0468878746032715,0.9500000476837158,1.2330520153045654
1.0468878746032715,0.9500000476837158,1.2330520153045654
1.0572067499160767,0.8349999785423279,2.779991865158081
1.0494822263717651,0.8750000596046448,2.6529321670532227
1.0340280532836914,0.9450000524520874,1.4910320043563843
1.0507631301879883,0.8800000548362732,3.5974419116973877
1.0290237665176392,0.9550000429153442,2.0642120838165283
1.044095754623413,0.9450000524520874,1.18572199344635
1.1246159076690674,0.7099999785423279,4.2091522216796875
1.0419660806655884,0.9500000476837158,1.230452060699463
1.0260440111160278,0.9700000286102295,1.0744619369506836
1.0293667316436768,0.9600000381469727,1.236422061920166
1.0473586320877075,0.9200000762939453,1.7499620914459229
1.024999976158142,0.9750000238418579,1.1307419538497925
1.0278098583221436,0.9650000333786011,1.2612420320510864
1.0660498142242432,0.8450000286102295,2.5052919387817383
1.0447278022766113,0.9350000619888306,1.830981969833374
1.044801115989685,0.9300000667572021,1.8682219982147217
1.0406200885772705,0.9350000619888306,1.4512320756912231
1.0292145013809204,0.9600000381469727,1.1432019472122192
1.0267120599746704,0.9700000286102295,1.1330620050430298
1.0396654605865479,0.940000057220459,1.5701419115066528
1.024999976158142,0.9750000238418579,1.0304919481277466
1.0452111959457397,0.9250000715255737,1.8808320760726929
1.048183798789978,0.9250000715255737,1.790921926498413
1.0477627515792847,0.9350000619888306,1.258221983909607
1.029881477355957,0.9650000333786011,1.2386120557785034
1.0498425960540771,0.9200000762939453,1.8722320795059204
1.0267326831817627,0.9700000286102295,1.1582119464874268
1.0258257389068604,0.9700000286102295,1.1435120105743408
1.0413541793823242,0.9250000715255737,2.2224419116973877
1.031982421875,0.9500000476837158,1.477622151374817
1.024999976158142,0.9750000238418579,1.0766119956970215
1.024999976158142,0.9750000238418579,1.0357918739318848
1.024999976158142,0.9750000238418579,1.1309720277786255
1.04342520236969,0.9350000619888306,1.3660320043563843
1.0522302389144897,0.9300000667572021,1.7399721145629883
1.029980182647705,0.9650000333786011,1.1526820659637451
1.0268950462341309,0.9650000333786011,1.222931981086731
1.0377695560455322,0.9200000762939453,1.9256620407104492
1.0382784605026245,0.940000057220459,1.3488320112228394
1.0269733667373657,0.9700000286102295,1.1229820251464844
1.0288136005401611,0.9650000333786011,1.222641944885254
1.0467793941497803,0.9500000476837158,1.1948720216751099
1.024999976158142,0.9750000238418579,1.1441619396209717
1.027871012687683,0.9650000333786011,1.2027020454406738
1.024999976158142,0.9750000238418579,1.2364119291305542
1.044482707977295,0.9200000762939453,2.013331890106201
1.0581976175308228,0.8750001192092896,2.529752254486084
1.024999976158142,0.9750000238418579,1.1216518878936768
1.0385432243347168,0.9500000476837158,1.244891881942749
1.024999976158142,0.9750000238418579,1.1413520574569702
1.024999976158142,0.9750000238418579,1.063852071762085
1.0388168096542358,0.9550000429153442,1.3171319961547852
1.03242027759552,0.9600000381469727,1.4084019660949707
1.024999976158142,0.9750000238418579,1.0823819637298584
1.024999976158142,0.9750000238418579,1.0424020290374756
1.0444068908691406,0.9500000476837158,1.3665720224380493
1.042387843132019,0.9550000429153442,1.2167619466781616
1.024999976158142,0.9750000238418579,1.0729221105575562
1.029258370399475,0.9600000381469727,1.252642035484314
1.0443272590637207,0.940000057220459,1.2807320356369019
1.024999976158142,0.9750000238418579,1.0450619459152222
1.0461922883987427,0.9200000762939453,1.2946020364761353
1.0441689491271973,0.9350000619888306,1.2707819938659668
1.0540968179702759,0.9150000810623169,1.3349618911743164
1.0538041591644287,0.8900001049041748,2.2218821048736572
1.0421414375305176,0.9500000476837158,1.1559019088745117
1.0428764820098877,0.9000000357627869,2.5883522033691406
1.0542511940002441,0.8700001239776611,2.7663521766662598
1.0725759267807007,0.8750001192092896,3.1219420433044434
1.0320903062820435,0.9600000381469727,1.2589421272277832
1.02914559841156,0.9550000429153442,1.7876720428466797
1.028110146522522,0.9650000333786011,1.2294020652770996
1.0295226573944092,0.9700000286102295,1.0624020099639893
1.0266894102096558,0.9550000429153442,1.39998197555542
1.040845274925232,0.940000057220459,1.2921719551086426
1.029350996017456,0.9600000381469727,1.1481720209121704
1.0289371013641357,0.9650000333786011,1.170032024383545
1.0373625755310059,0.9450000524520874,1.4765820503234863
1.0701020956039429,0.9200000762939453,1.3481019735336304
1.0695466995239258,0.9200000762939453,1.3481019735336304
1.024999976158142,0.9750000238418579,1.070841908454895
1.0316996574401855,0.9550000429153442,1.666632056236267
1.041868805885315,0.9250000715255737,1.54613196849823
1.052465796470642,0.9050000309944153,1.5579220056533813
1.0336283445358276,0.9600000381469727,1.244931936264038
1.07822585105896,0.8550000190734863,1.9452919960021973
1.0455282926559448,0.9250000715255737,1.6346319913864136
1.0258005857467651,0.9700000286102295,1.2445920705795288
1.0613099336624146,0.9200000762939453,2.4777820110321045
1.0664024353027344,0.9100000858306885,2.5586419105529785
1.024999976158142,0.9750000238418579,1.1260219812393188
1.0296498537063599,0.9600000381469727,1.155642032623291
1.0504467487335205,0.9200000762939453,1.9228920936584473
1.0445622205734253,0.9300000667572021,1.9566421508789062
1.0777159929275513,0.8500000834465027,2.3046720027923584
1.0373567342758179,0.940000057220459,1.2486119270324707
1.040381908416748,0.9350000619888306,1.5682920217514038
1.0661529302597046,0.8800000548362732,2.279721975326538
1.0325515270233154,0.9550000429153442,1.4943221807479858
1.047451138496399,0.9150000810623169,1.9655519723892212
1.0727884769439697,0.9250000715255737,1.2853621244430542
1.073422908782959,0.9250000715255737,1.2853621244430542
1.024999976158142,0.9750000238418579,1.119422197341919
1.0308470726013184,0.9500000476837158,1.6763719320297241
1.0286633968353271,0.9650000333786011,1.1960819959640503
1.0545270442962646,0.9100000858306885,1.5502419471740723
1.03670334815979,0.9350000619888306,2.188822031021118
1.0365334749221802,0.9350000619888306,2.028491973876953
1.0314527750015259,0.9650000333786011,1.1276220083236694
1.0393626689910889,0.9100000858306885,1.9131020307540894
1.0274914503097534,0.9650000333786011,1.4196120500564575
1.042637586593628,0.9500000476837158,1.3339018821716309
1.0294320583343506,0.9550000429153442,2.1249520778656006
1.024999976158142,0.9750000238418579,1.0757118463516235
1.024999976158142,0.9750000238418579,1.189851999282837
1.0449016094207764,0.9350000619888306,1.5983420610427856
1.0311111211776733,0.9600000381469727,1.4142720699310303
1.03339684009552,0.9650000333786011,1.1647419929504395
1.0261309146881104,0.9700000286102295,1.1985419988632202
1.0501147508621216,0.9300000667572021,1.5133121013641357
1.0521023273468018,0.9250000715255737,1.4657520055770874
1.069666862487793,0.9100000858306885,1.5846320390701294
1.0696024894714355,0.8950001001358032,1.8141120672225952
1.0538815259933472,0.9250000715255737,1.4032020568847656
1.0457990169525146,0.940000057220459,1.3917618989944458
1.0435128211975098,0.940000057220459,1.4791719913482666
1.0638411045074463,0.9000000953674316,1.791051983833313
1.0661948919296265,0.9050000309944153,2.123702049255371
1.066823959350586,0.9000000953674316,1.9495118856430054
1.032165765762329,0.9500000476837158,1.398851990699768
1.0502519607543945,0.9150000810623169,1.955172061920166
1.0273786783218384,0.9650000333786011,1.248702049255371
1.024999976158142,0.9750000238418579,1.0982420444488525
1.0266697406768799,0.9700000286102295,1.2204619646072388
1.0298489332199097,0.9650000333786011,1.1817220449447632
1.031793475151062,0.9600000381469727,1.2742120027542114
1.0529143810272217,0.9100000858306885,1.388442039489746
1.0337989330291748,0.9500000476837158,1.3027620315551758
1.0600510835647583,0.9150000810623169,1.3141919374465942
1.0685622692108154,0.9000000953674316,1.3447020053863525
1.024999976158142,0.9750000238418579,1.06033194065094
1.0346505641937256,0.9500000476837158,1.7817820310592651
1.024999976158142,0.9750000238418579,1.054152011871338
1.029215931892395,0.9600000381469727,1.3380420207977295
1.0359936952590942,0.9450000524520874,1.359362006187439
1.0411983728408813,0.940000057220459,1.659812092781067
1.0436772108078003,0.9150000810623169,1.8226619958877563
1.036287784576416,0.9550000429153442,1.3111019134521484
1.0309044122695923,0.9600000381469727,1.596321940422058
1.0424063205718994,0.9350000619888306,1.340772032737732
1.0478665828704834,0.9150000810623169,1.9262421131134033
1.0215009450912476,0.9700000286102295,1.3241519927978516
1.0619738101959229,0.8750000596046448,2.5926718711853027
1.0288760662078857,0.9650000333786011,1.2901020050048828
1.044525146484375,0.9000000953674316,2.467072010040283
1.0270150899887085,0.9700000286102295,1.2366819381713867
1.024999976158142,0.9750000238418579,1.1053619384765625
1.0621082782745361,0.8899999856948853,2.567052125930786
1.0320079326629639,0.9600000381469727,1.2236319780349731
1.0586470365524292,0.9300000667572021,1.529062032699585
1.0567783117294312,0.9300000667572021,1.5316319465637207
1.0535311698913574,0.9300000667572021,1.5731720924377441
1.0427016019821167,0.9200000762939453,1.5133520364761353
1.0504000186920166,0.9050000905990601,1.8822920322418213
1.0658859014511108,0.8850001096725464,1.8428620100021362
1.032742977142334,0.9550000429153442,1.214851975440979
1.022227168083191,0.9750000238418579,1.2417919635772705
1.029183030128479,0.9600000381469727,1.4862217903137207
1.0264633893966675,0.9700000286102295,1.0920721292495728
1.024999976158142,0.9750000238418579,1.0583020448684692
1.0828901529312134,0.8600000739097595,3.3781721591949463
1.0581684112548828,0.9250000715255737,2.431892156600952
1.0296224355697632,0.9650000333786011,1.12335205078125
1.0520936250686646,0.9200000762939453,1.527101993560791
1.0393667221069336,0.9500000476837158,1.1556220054626465
1.031561255455017,0.9550000429153442,1.5409921407699585
1.0729073286056519,0.8600000143051147,1.7344119548797607
1.0315743684768677,0.9550000429153442,1.5265519618988037
1.0320395231246948,0.9550000429153442,1.3083820343017578
1.0461647510528564,0.9150000810623169,1.5749620199203491
1.0284191370010376,0.9650000333786011,1.5575419664382935
1.0331554412841797,0.9500000476837158,1.7319819927215576
1.0308021306991577,0.9600000381469727,1.4096319675445557
1.0370899438858032,0.9550000429153442,1.167762041091919
1.041216254234314,0.9350000619888306,1.6298320293426514
1.05581796169281,0.9000000953674316,1.9551420211791992
1.0391756296157837,0.9450000524520874,1.2568820714950562
1.037402868270874,0.9350000619888306,1.6506121158599854
1.0302261114120483,0.9650000333786011,1.111922025680542
1.0354291200637817,0.9500000476837158,1.1550120115280151
1.0414206981658936,0.9300000667572021,1.4525820016860962
1.0326155424118042,0.9500000476837158,1.5178918838500977
1.024999976158142,0.9750000238418579,1.0888220071792603
1.0509073734283447,0.9300000667572021,1.5961718559265137
1.0478198528289795,0.9300000667572021,1.5163719654083252
1.043366551399231,0.940000057220459,1.6149920225143433
1.0371477603912354,0.940000057220459,1.5640519857406616
1.0416847467422485,0.9150000810623169,2.8022119998931885
1.031996726989746,0.9650000333786011,1.141922116279602
1.0388896465301514,0.9450000524520874,1.3028620481491089
1.0492171049118042,0.9200000762939453,1.5153319835662842
1.0444434881210327,0.9350000619888306,1.8612720966339111
1.0331261157989502,0.9550000429153442,1.3145020008087158
1.0264285802841187,0.9650000333786011,1.3851419687271118
1.0329090356826782,0.9600000381469727,1.5195820331573486
1.0304977893829346,0.9650000333786011,1.1703521013259888
1.026584267616272,0.9700000286102295,1.1065418720245361
1.050199031829834,0.9300000667572021,1.4961220026016235
1.057590126991272,0.9000000953674316,1.6580719947814941
1.0413991212844849,0.940000057220459,1.2031819820404053
1.0359911918640137,0.9500000476837158,1.3594919443130493
1.028813123703003,0.9550000429153442,1.2137619256973267
1.0349329710006714,0.9550000429153442,1.092621922492981
1.059002161026001,0.8700000643730164,2.529831886291504
1.0328123569488525,0.9600000381469727,1.2154319286346436
1.0443452596664429,0.9300000667572021,1.225841999053955
1.0414319038391113,0.940000057220459,1.4874119758605957
1.0418176651000977,0.925000011920929,2.033751964569092
1.047608733177185,0.9500000476837158,1.1885619163513184
1.0516351461410522,0.9250000715255737,1.4389020204544067
1.0266565084457397,0.9700000286102295,1.1138421297073364
1.0433903932571411,0.9350000619888306,1.4878020286560059
1.0332469940185547,0.9550000429153442,1.3011518716812134
1.024999976158142,0.9750000238418579,1.2135920524597168
1.0494831800460815,0.9300000667572021,1.696612000465393
1.0393012762069702,0.9250000715255737,1.7396519184112549
1.0432732105255127,0.9550000429153442,1.282122015953064
1.0237689018249512,0.9750000238418579,1.0975520610809326
1.029881238937378,0.9650000333786011,1.1216319799423218
1.024999976158142,0.9750000238418579,1.1086320877075195
1.044350266456604,0.940000057220459,1.1988719701766968
1.0293517112731934,0.9600000381469727,1.482612133026123
1.0547806024551392,0.9050000309944153,2.101181983947754
1.037892460823059,0.9500000476837158,1.1903419494628906
1.0664540529251099,0.8449999690055847,2.552922010421753
1.0320464372634888,0.9600000381469727,1.1508220434188843
1.024999976158142,0.9750000238418579,1.0381619930267334
1.0271350145339966,0.9700000286102295,1.1644219160079956
1.029870629310608,0.9650000333786011,1.1527520418167114
1.0391771793365479,0.9150000810623169,2.169301986694336
1.0701709985733032,0.8450000286102295,2.6647720336914062
1.027097463607788,0.9650000333786011,1.4355419874191284
1.0273807048797607,0.9650000333786011,1.3154020309448242
1.0296790599822998,0.9600000381469727,1.2895220518112183
1.059371829032898,0.9000000953674316,1.5854219198226929
1.050741195678711,0.9350000619888306,1.5856119394302368
1.024999976158142,0.9750000238418579,1.1334319114685059
1.024999976158142,0.9750000238418579,1.0934419631958008
1.0624524354934692,0.8700000643730164,1.7572020292282104
1.0297473669052124,0.9600000381469727,1.2193320989608765
1.03359854221344,0.9500000476837158,1.5284919738769531
1.0447338819503784,0.9300000071525574,1.7409319877624512
1.0546232461929321,0.9200000762939453,2.301262140274048
1.0617077350616455,0.9000000953674316,2.1498520374298096
1.0611486434936523,0.8850000500679016,2.678882122039795
1.0264291763305664,0.9700000286102295,1.1169819831848145
1.03709876537323,0.9450000524520874,1.4074519872665405
1.0280823707580566,0.9550000429153442,1.6508920192718506
1.0283825397491455,0.9650000333786011,1.1936519145965576
1.0419654846191406,0.9350000619888306,2.01648211479187
1.076878309249878,0.8349999189376831,3.265202045440674
1.0616943836212158,0.9000000953674316,1.8362419605255127
1.0541679859161377,0.8950001001358032,2.0055019855499268
1.0273569822311401,0.9700000286102295,1.3206321001052856
1.039049744606018,0.9500000476837158,1.3522120714187622
1.044680118560791,0.9300000667572021,1.9500820636749268
1.0328505039215088,0.9600000381469727,1.2489019632339478
1.0448248386383057,0.9300000667572021,1.623732089996338
1.0346866846084595,0.9450000524520874,1.501391887664795
1.0602807998657227,0.9000000953674316,2.0021822452545166
1.043449878692627,0.940000057220459,1.4557620286941528
1.0510128736495972,0.9250000715255737,1.63919198513031
1.0508984327316284,0.9150000810623169,1.6720720529556274
1.0548778772354126,0.8900001049041748,1.9878120422363281
1.0446027517318726,0.9350000619888306,1.5971721410751343
1.0334669351577759,0.9550000429153442,1.2616220712661743
1.046337604522705,0.9300000667572021,2.3587119579315186
1.024999976158142,0.9750000238418579,1.081752061843872
1.0554797649383545,0.9000000357627869,2.641942024230957
1.038385272026062,0.9500000476837158,1.5257818698883057
1.028061866760254,0.9700000286102295,1.0747720003128052
1.0437829494476318,0.940000057220459,1.6311118602752686
1.0308672189712524,0.9550000429153442,1.6723819971084595
1.0343523025512695,0.9600000381469727,1.1846919059753418
1.033501386642456,0.940000057220459,1.6139121055603027
1.0346717834472656,0.9500000476837158,1.3416119813919067
1.0285416841506958,0.9650000333786011,1.4196120500564575
1.0303572416305542,0.9600000381469727,1.2512320280075073
1.0347565412521362,0.940000057220459,1.975912094116211
1.0299253463745117,0.9650000333786011,1.2344220876693726
1.0484298467636108,0.9450000524520874,1.183582067489624
1.024999976158142,0.9750000238418579,1.0521018505096436
1.024999976158142,0.9750000238418579,1.1327420473098755
1.0283234119415283,0.9650000333786011,1.1390520334243774
1.072480320930481,0.9250000715255737,1.2853621244430542
1.029536247253418,0.9700000286102295,1.0836119651794434
1.0263335704803467,0.9700000286102295,1.5222020149230957
1.029536247253418,0.9700000286102295,1.1808720827102661
1.0408909320831299,0.9300000071525574,2.038762092590332
1.024999976158142,0.9750000238418579,1.0688519477844238
1.0265971422195435,0.9700000286102295,1.168902039527893
1.027503252029419,0.9700000286102295,1.3209021091461182
1.024999976158142,0.9750000238418579,1.0383819341659546
1.0281903743743896,0.9650000333786011,1.2624119520187378
1.0408565998077393,0.9500000476837158,1.352471947669983
1.024999976158142,0.9750000238418579,1.181541919708252
1.0308711528778076,0.9600000381469727,1.2981120347976685
1.0368225574493408,0.940000057220459,1.624742031097412
1.0384721755981445,0.940000057220459,1.3793020248413086
1.0414100885391235,0.9200000762939453,1.722182035446167
1.045066475868225,0.9350000619888306,1.297302007675171
1.0297185182571411,0.9650000333786011,1.1686420440673828
1.0341461896896362,0.9450000524520874,1.769081950187683
1.0472854375839233,0.9300000667572021,1.5446120500564575
1.0364843606948853,0.9450000524520874,1.4187819957733154
1.024999976158142,0.9750000238418579,1.0766220092773438
1.0331497192382812,0.9650000333786011,1.1474720239639282
1.024999976158142,0.9750000238418579,1.0553920269012451
1.064320683479309,0.8850000500679016,2.4017019271850586
1.0273414850234985,0.9700000286102295,1.113711953163147
1.03644597530365,0.940000057220459,1.2417418956756592
1.0399181842803955,0.940000057220459,1.2208619117736816
1.0381487607955933,0.9500000476837158,1.1304919719696045
1.024999976158142,0.9750000238418579,1.0706819295883179
1.028328537940979,0.9650000333786011,1.1607019901275635
1.0528464317321777,0.9100000858306885,2.938152313232422
1.024999976158142,0.9750000238418579,1.0523220300674438
1.024999976158142,0.9750000238418579,1.055191993713379
1.0669007301330566,0.8900001049041748,2.8764219284057617
1.0498685836791992,0.9500000476837158,1.245642066001892
1.0498685836791992,0.9500000476837158,1.245642066001892
1.0496593713760376,0.9150000810623169,1.503562092781067
1.0414220094680786,0.9450000524520874,1.1646920442581177
1.032111406326294,0.9600000381469727,1.1605820655822754
1.032907485961914,0.9550000429153442,1.2634919881820679
1.041606068611145,0.9200000762939453,1.670111894607544
1.039327621459961,0.9550000429153442,1.3464819192886353
1.024999976158142,0.9750000238418579,1.0567821264266968
1.0437943935394287,0.940000057220459,1.5199719667434692
1.0259761810302734,0.9700000286102295,1.1870520114898682
1.0448678731918335,0.9350000619888306,1.6573419570922852
1.0406378507614136,0.9450000524520874,1.1641119718551636
1.050378680229187,0.9250000715255737,1.4404419660568237
1.0292742252349854,0.9600000381469727,1.3393319845199585
1.024999976158142,0.9750000238418579,1.2165420055389404
1.0389517545700073,0.9450000524520874,2.1163320541381836
1.037692904472351,0.940000057220459,1.351341962814331
1.0269951820373535,0.9700000286102295,1.5332419872283936
1.0548709630966187,0.9150000810623169,2.5822720527648926
1.0434966087341309,0.9100000858306885,2.199971914291382
1.0369724035263062,0.940000057220459,1.451532006263733
1.0418976545333862,0.9450000524520874,1.207771897315979
1.039945125579834,0.9450000524520874,1.4437519311904907
1.0617061853408813,0.9000000357627869,2.0070018768310547
1.0357890129089355,0.9500000476837158,1.6908620595932007
1.024999976158142,0.9750000238418579,1.0604220628738403
1.0285073518753052,0.9650000333786011,1.1671820878982544
1.031643271446228,0.9600000381469727,1.1252520084381104
1.0432732105255127,0.9550000429153442,1.2844319343566895
1.0330144166946411,0.9500000476837158,1.5023020505905151
1.0404243469238281,0.940000057220459,1.3536720275878906
1.0425077676773071,0.9350000619888306,1.3741921186447144
1.024999976158142,0.9750000238418579,1.2254120111465454
1.0292675495147705,0.9650000333786011,1.3445219993591309
1.024999976158142,0.9750000238418579,1.1296919584274292
1.0264906883239746,0.9700000286102295,1.1695518493652344
1.024999976158142,0.9750000238418579,1.0511618852615356
1.0355453491210938,0.9600000381469727,1.2297019958496094
1.053918480873108,0.9250000715255737,1.5374720096588135
1.033279299736023,0.9600000381469727,1.0896719694137573
1.024999976158142,0.9750000238418579,1.0402119159698486
1.0263456106185913,0.9700000286102295,1.2747420072555542
1.038987159729004,0.940000057220459,1.3599119186401367
1.024999976158142,0.9750000238418579,1.1365920305252075
1.0369688272476196,0.9500000476837158,1.4684020280838013
1.0308042764663696,0.9600000381469727,1.2394219636917114
1.024999976158142,0.9750000238418579,1.066011905670166
1.061964750289917,0.9250000715255737,1.3181120157241821
1.024999976158142,0.9750000238418579,1.0647820234298706
1.0279276371002197,0.9700000286102295,1.119521975517273
1.0417793989181519,0.9550000429153442,1.1965221166610718
1.0318137407302856,0.9600000381469727,1.173732042312622
1.024999976158142,0.9750000238418579,1.2359619140625
1.0412216186523438,0.9450000524520874,1.3388220071792603
1.0295164585113525,0.9650000333786011,1.099281907081604
1.027860403060913,0.9700000286102295,1.0736720561981201
1.0370557308197021,0.9500000476837158,1.2131421566009521
1.0418516397476196,0.9500000476837158,1.3176120519638062
1.0493594408035278,0.9150000810623169,1.8899619579315186
1.024999976158142,0.9750000238418579,1.0378518104553223
1.0339854955673218,0.9500000476837158,1.4135620594024658
1.0369278192520142,0.9550000429153442,1.4040019512176514
1.0333375930786133,0.9450000524520874,1.2825520038604736
1.0367904901504517,0.9500000476837158,1.455482006072998
1.0424363613128662,0.9500000476837158,1.3784319162368774
1.0477501153945923,0.9200000166893005,2.0242919921875
1.0380151271820068,0.940000057220459,1.976181983947754
1.043305516242981,0.9300000071525574,2.3568320274353027
1.0375638008117676,0.9450000524520874,1.1425219774246216
1.0341784954071045,0.9600000381469727,1.041491985321045
1.0459625720977783,0.9350000619888306,1.9571219682693481
1.0400793552398682,0.9500000476837158,1.3862320184707642
1.0293011665344238,0.9650000333786011,1.0723018646240234
1.027267336845398,0.9600000381469727,1.301382064819336
1.024999976158142,0.9750000238418579,1.0643620491027832
1.024999976158142,0.9750000238418579,1.0909119844436646
1.0314439535140991,0.9650000333786011,1.1332019567489624
1.031602382659912,0.9550000429153442,1.276442050933838
1.0272786617279053,0.9700000286102295,1.1161121129989624
1.0307151079177856,0.9650000333786011,1.1876420974731445
1.0311458110809326,0.9600000381469727,1.2900118827819824
1.0427463054656982,0.940000057220459,1.6239020824432373
1.0538984537124634,0.9250000715255737,1.5764219760894775
1.0339314937591553,0.9500000476837158,1.3679020404815674
1.024999976158142,0.9750000238418579,1.0713019371032715
1.045114278793335,0.9350000619888306,1.2277120351791382
1.0262563228607178,0.9700000286102295,1.1056420803070068
1.0427335500717163,0.9450000524520874,1.2073320150375366
1.0485432147979736,0.9450000524520874,1.183582067489624
1.024999976158142,0.9750000238418579,1.085692048072815
1.042976975440979,0.9450000524520874,1.1378120183944702
1.0489140748977661,0.940000057220459,1.267962098121643
1.0389907360076904,0.9450000524520874,1.5591320991516113
1.0299732685089111,0.9550000429153442,1.2166520357131958
1.0380712747573853,0.9550000429153442,1.2144219875335693
1.0284554958343506,0.9650000333786011,1.1837120056152344
1.0295950174331665,0.9600000381469727,1.157371997833252
1.0283968448638916,0.9700000286102295,1.1562420129776
1.0283029079437256,0.9700000286102295,1.09568190574646
1.0273278951644897,0.9650000333786011,1.1666920185089111
1.0385223627090454,0.940000057220459,1.4098321199417114
1.0285354852676392,0.9700000286102295,1.0672420263290405
1.047608733177185,0.9500000476837158,1.1885619163513184
1.043899416923523,0.9350000619888306,1.550022006034851
1.0309314727783203,0.9600000381469727,1.2154221534729004
1.02984619140625,0.9650000333786011,1.1970720291137695
1.0357139110565186,0.9500000476837158,1.334211826324463
1.024999976158142,0.9750000238418579,1.09391188621521
1.0353773832321167,0.9550000429153442,1.3905619382858276
1.0269542932510376,0.9700000286102295,1.1172020435333252
1.024999976158142,0.9750000238418579,1.10440194606781
1.0416895151138306,0.9450000524520874,1.1710619926452637
1.0424124002456665,0.9500000476837158,1.09732186794281
1.024999976158142,0.9750000238418579,1.0280920267105103
1.0424124002456665,0.9500000476837158,1.09732186794281
1.0411821603775024,0.940000057220459,1.2852720022201538
1.0381076335906982,0.940000057220459,1.7239019870758057
1.024999976158142,0.9750000238418579,1.1118619441986084
1.0222208499908447,0.9700000286102295,1.2889219522476196
1.0453076362609863,0.940000057220459,1.3661819696426392
1.0325250625610352,0.9650000333786011,1.0515921115875244
1.0271437168121338,0.9700000286102295,1.0301220417022705
1.028847098350525,0.9650000333786011,1.1532620191574097
1.024999976158142,0.9750000238418579,1.0756518840789795
1.024999976158142,0.9750000238418579,1.151792049407959
1.024999976158142,0.9750000238418579,1.0552620887756348
1.024999976158142,0.9750000238418579,1.0390520095825195
1.0525470972061157,0.9350000619888306,1.253451943397522
1.028626561164856,0.9700000286102295,1.0725619792938232
1.0324740409851074,0.9550000429153442,1.292992115020752
1.0372250080108643,0.9550000429153442,1.1084120273590088
