1.040908694267273,0.9500000476837158,1.1090645790100098
1.0270800590515137,0.9700000286102295,1.0756269693374634
1.024999976158142,0.9750000238418579,1.159377098083496
1.0313308238983154,0.9600000381469727,1.0735957622528076
1.0199999809265137,0.9800000190734863,1.0323456525802612
1.024999976158142,0.9750000238418579,1.0439083576202393
1.024999976158142,0.9750000238418579,1.0323456525802612
1.03256356716156,0.9600000381469727,1.2404707670211792
1.0342494249343872,0.9450000524520874,1.815626859664917
1.024999976158142,0.9750000238418579,1.0710957050323486
1.0456477403640747,0.9450000524520874,1.6206269264221191
1.0374572277069092,0.9550000429153442,1.6550019979476929
1.0323158502578735,0.9550000429153442,1.4118770360946655
1.0199999809265137,0.9800000190734863,1.0440644025802612
1.0199999809265137,0.9800000190734863,1.0320332050323486
1.0372639894485474,0.9550000429153442,1.2257832288742065
1.0199999809265137,0.9800000190734863,1.0242207050323486
1.024999976158142,0.9750000238418579,1.0367207527160645
1.024999976158142,0.9750000238418579,1.057970643043518
1.024999976158142,0.9750000238418579,1.038439393043518
1.0199999809265137,0.9800000190734863,1.0350018739700317
1.0271220207214355,0.9700000286102295,1.0775020122528076
1.0199999809265137,0.9800000190734863,1.0265644788742065
1.024999976158142,0.9750000238418579,1.0465644598007202
1.0354321002960205,0.9550000429153442,1.165939450263977
1.0199999809265137,0.9800000190734863,1.0259395837783813
1.0336472988128662,0.9600000381469727,1.068283200263977
1.024999976158142,0.9750000238418579,1.030470848083496
1.0199999809265137,0.9800000190734863,1.029064416885376
1.0313308238983154,0.9600000381469727,1.0735957622528076
1.0199999809265137,0.9800000190734863,1.0445332527160645
1.024999976158142,0.9750000238418579,1.0121893882751465
