1.0430306196212769,0.9450000524520874,1.139689564704895
1.0270800590515137,0.9700000286102295,1.0796895027160645
1.0199999809265137,0.9800000190734863,1.1689083576202393
1.0313308238983154,0.9600000381469727,1.0735957622528076
1.024999976158142,0.9750000238418579,1.0334395170211792
1.024999976158142,0.9750000238418579,1.046877145767212
1.024999976158142,0.9750000238418579,1.032970666885376
1.03256356716156,0.9600000381469727,1.2404707670211792
1.041567325592041,0.9350000619888306,1.7292207479476929
1.024999976158142,0.9750000238418579,1.0717207193374634
1.0456477403640747,0.9450000524520874,1.5548456907272339
1.0424572229385376,0.9500000476837158,1.6278144121170044
1.0337507724761963,0.9500000476837158,1.3765645027160645
1.024999976158142,0.9750000238418579,1.0500019788742065
1.024999976158142,0.9750000238418579,1.0451581478118896
1.0372639894485474,0.9550000429153442,1.2257832288742065
1.024999976158142,0.9750000238418579,1.0248457193374634
1.024999976158142,0.9750000238418579,1.039533257484436
1.024999976158142,0.9750000238418579,1.0575019121170044
1.024999976158142,0.9750000238418579,1.0400018692016602
1.024999976158142,0.9750000238418579,1.0356268882751465
1.0271220207214355,0.9700000286102295,1.1167206764221191
1.024999976158142,0.9750000238418579,1.0232832431793213
1.024999976158142,0.9750000238418579,1.0457831621170044
1.0354321002960205,0.9550000429153442,1.1654707193374634
1.024999976158142,0.9750000238418579,1.0254708528518677
1.0409085750579834,0.9500000476837158,1.0843770503997803
1.024999976158142,0.9750000238418579,1.030314564704895
1.0199999809265137,0.9800000190734863,1.029064416885376
1.0363308191299438,0.9550000429153442,1.0715645551681519
1.024999976158142,0.9750000238418579,1.0431269407272339
1.0199999809265137,0.9800000190734863,1.011095643043518
