9190
791
8711
9941
6964
371
6925
10456
2730
7748
10157
7918
886
8475
5478
3523
1750
7408
2007
3067
7403
3628
9401
5537
6445
8514
1727
2192
9795
3364
4654
8904
3487
7044
338
6262
3656
4726
1500
3036
8985
983
9747
1938
2622
10246
5968
788
1099
1257
3837
1135
8946
1349
96
7760
7644
7424
2305
5646
4151
5650
4977
7633
8025
3506
9597
6599
6344
9064
9573
6147
530
4108
8649
7831
1789
5099
8446
3991
9048
10312
9006
5912
6352
8920
8332
3263
9308
2671
8431
8504
660
2982
8924
1772
5959
441
1050
7852
5665
7284
521
8466
3437
9506
4755
10016
6702
10113
9569
1007
10135
2319
4764
1258
9159
7446
4554
6109
109
6962
2653
2040
9147
139
2740
6406
5490
9867
6677
4003
9477
10388
4530
2562
1087
6092
8275
3333
814
10378
2211
6560
1762
1748
354
6654
5778
2533
10520
3625
4669
3680
4331
2170
4913
7765
6056
10315
2807
3195
6283
7068
10175
2711
307
1334
3438
1151
7562
5164
2963
5213
5171
8540
5731
3560
3952
2849
2965
4385
9614
10421
7702
10423
8405
366
3982
2858
5199
8159
10088
6205
771
2279
7062
8186
5073
5141
3435
5289
6998
4981
5914
3972
10179
7037
5454
7328
949
9115
5451
2625
946
1060
8744
6631
5485
9724
2866
8287
9057
892
2591
7480
9408
8279
5859
2687
2358
3208
7225
7491
3504
2861
6345
8832
5297
618
10326
5756
3275
10026
1255
3527
4868
8756
8679
1091
1959
7452
6738
4181
2534
1504
3484
885
1013
7925
1074
4227
7023
3307
1363
5970
2193
5558
10503
805
4531
2944
1451
3651
2621
8910
2934
4557
474
5216
5320
2470
6750
741
10584
128
458
7366
8989
1673
8784
2115
6474
404
1732
536
529
4390
2824
4555
6116
7788
8560
2071
10481
1469
1742
1946
4919
6512
8500
7635
1761
3387
1030
8875
5793
7214
8842
8615
5397
5459
3705
6118
9228
1371
1803
1643
9838
9108
2760
3316
507
3091
6883
3546
8091
10139
6729
6736
705
3745
6616
4209
10303
4097
6695
4316
6373
862
6771
1168
3360
1640
4354
3074
461
7313
4295
6870
4593
8271
1814
6318
5855
7015
2414
5516
6724
605
1920
2186
2789
2767
3283
2340
2481
4558
6173
9305
7991
4342
2629
8730
5879
7900
3390
9192
4602
3329
5733
9232
6356
1239
5807
473
6744
6135
3852
3349
9782
1739
4967
1238
10549
180
264
7416
8680
6437
7152
2752
6343
482
1189
9523
8368
8861
4276
8712
43
5250
8778
1534
9639
6898
3478
10517
2200
3691
8162
7230
5831
2742
7075
3461
1028
7072
8974
2871
5991
6624
2518
1102
239
400
1580
1927
7546
2892
7611
6054
5992
6187
566
3773
10539
7295
7705
6439
1139
2746
3089
3265
5169
6099
38
7302
6282
10512
6840
1826
9515
2055
3686
9458
6169
2343
6296
2445
5438
5093
8716
7073
10066
8968
5371
5958
2184
6210
7508
6450
5377
3565
3444
7875
7597
9898
7158
9406
9671
2244
6395
4979
8871
4278
610
5224
3906
2981
10204
3311
8661
4962
1108
5413
547
5594
7210
10627
4178
4851
8492
5897
4437
10531
3612
2744
8394
8852
80
