1.1129999160766602,0.9890000820159912,1.128000259399414
1.0829999446868896,0.9940000772476196,1.1280001401901245
1.2430000305175781,0.9950000643730164,1.1279996633529663
1.1299999952316284,0.9910001158714294,1.1280001401901245
1.0390000343322754,0.9950000643730164,1.1279999017715454
1.0900001525878906,0.9950000643730164,1.1280001401901245
1.0790001153945923,0.9950000643730164,1.1279999017715454
1.184000015258789,0.9910000562667847,1.1280001401901245
1.4919999837875366,0.987000048160553,1.1280001401901245
1.102000117301941,0.9950000643730164,1.1279996633529663
1.5190001726150513,0.9890000820159912,1.1279997825622559
1.3030000925064087,0.9900000691413879,1.128000020980835
1.2850000858306885,0.9900001287460327,1.128000020980835
1.0850000381469727,0.9950000643730164,1.1279997825622559
1.065999984741211,0.9950000643730164,1.1279996633529663
1.1120001077651978,0.9900000095367432,1.1280001401901245
1.061000108718872,0.9950000643730164,1.1279997825622559
1.0690001249313354,0.9950000643730164,1.128000259399414
1.1150000095367432,0.9950000643730164,1.1279999017715454
1.0609999895095825,0.9950000643730164,1.128000020980835
1.065999984741211,0.9950000643730164,1.1280001401901245
1.1430000066757202,0.9940000772476196,1.128000020980835
1.0679998397827148,0.9950000643730164,1.128000020980835
1.0589998960494995,0.9950000643730164,1.128000259399414
1.062000036239624,0.9910000562667847,1.1279999017715454
1.0269999504089355,0.9950000643730164,1.1279999017715454
1.0589998960494995,0.9900001287460327,1.128000020980835
1.0509999990463257,0.9950000643730164,1.128000020980835
1.031000018119812,0.9950000643730164,1.1279997825622559
1.059000015258789,0.9910001158714294,1.1279997825622559
1.0390000343322754,0.9950000643730164,1.1279997825622559
1.0320000648498535,0.9950000643730164,1.1279997825622559
