1.1380000114440918,0.9890000820159912,1.128000259399414
1.084999918937683,0.9940000772476196,1.1280001401901245
1.2480000257492065,0.9950000643730164,1.1279995441436768
1.121000051498413,0.9920001029968262,1.1280001401901245
1.031000018119812,0.9960000514984131,1.1279999017715454
1.0900001525878906,0.9950000643730164,1.1280001401901245
1.068000078201294,0.9960000514984131,1.1279999017715454
1.1850000619888306,0.9910000562667847,1.1280001401901245
1.4929999113082886,0.987000048160553,1.1280001401901245
1.102000117301941,0.9950000643730164,1.1279996633529663
1.4490001201629639,0.9900000691413879,1.128000020980835
1.3030000925064087,0.9900000691413879,1.128000020980835
1.2600001096725464,0.9910001158714294,1.128000020980835
1.0850000381469727,0.9950000643730164,1.1279997825622559
1.0469999313354492,0.9960000514984131,1.1279996633529663
1.1120001077651978,0.9900000095367432,1.1280001401901245
1.0620001554489136,0.9950000643730164,1.1279997825622559
1.0380001068115234,0.9960000514984131,1.128000259399414
1.0759999752044678,0.9960000514984131,1.1279999017715454
1.0509999990463257,0.9960000514984131,1.128000020980835
1.0549999475479126,0.9960000514984131,1.1280001401901245
1.1669999361038208,0.9940000772476196,1.128000020980835
1.0689998865127563,0.9950000643730164,1.128000020980835
1.0589998960494995,0.9950000643730164,1.128000259399414
1.062000036239624,0.9910000562667847,1.1279999017715454
1.027999997138977,0.9950000643730164,1.1279999017715454
1.0509998798370361,0.9910001158714294,1.128000020980835
1.0509999990463257,0.9950000643730164,1.128000020980835
1.0320000648498535,0.9950000643730164,1.1279997825622559
1.059000015258789,0.9910001158714294,1.1279997825622559
1.0260000228881836,0.9960000514984131,1.1279997825622559
1.0320000648498535,0.9950000643730164,1.1279997825622559
