1.084999918937683,0.9890000820159912,1.128000259399414
1.066999912261963,0.9940000772476196,1.128000020980835
1.2339999675750732,0.9950000643730164,1.1279995441436768
1.124000072479248,0.9910001158714294,1.1280001401901245
1.0360000133514404,0.9950000643730164,1.1279999017715454
1.0740001201629639,0.9950000643730164,1.128000020980835
1.0720000267028809,0.9950000643730164,1.1279999017715454
1.1390000581741333,0.9910000562667847,1.1280001401901245
1.4049999713897705,0.987000048160553,1.128000020980835
1.0910000801086426,0.9950000643730164,1.1279995441436768
1.4590001106262207,0.9890000820159912,1.1279997825622559
1.2760001420974731,0.9900000691413879,1.1279997825622559
1.261000156402588,0.9900001287460327,1.128000020980835
1.059000015258789,0.9950000643730164,1.1279997825622559
1.0489999055862427,0.9950000643730164,1.1279997825622559
1.1080001592636108,0.9900000095367432,1.1280001401901245
1.0460001230239868,0.9950000643730164,1.1279997825622559
1.0460001230239868,0.9950000643730164,1.128000259399414
1.0859999656677246,0.9950000643730164,1.1279999017715454
1.0520000457763672,0.9950000643730164,1.128000020980835
1.0579999685287476,0.9950000643730164,1.128000259399414
1.0779999494552612,0.9940000772476196,1.1279999017715454
1.0499998331069946,0.9950000643730164,1.128000020980835
1.0489999055862427,0.9950000643730164,1.128000259399414
1.055999994277954,0.9910000562667847,1.1279999017715454
1.0260000228881836,0.9950000643730164,1.1279999017715454
1.0439999103546143,0.9900001287460327,1.128000020980835
1.0379999876022339,0.9950000643730164,1.128000020980835
1.027000069618225,0.9950000643730164,1.1279997825622559
1.0499999523162842,0.9910001158714294,1.1279997825622559
1.0320000648498535,0.9950000643730164,1.1279997825622559
1.03000009059906,0.9950000643730164,1.1279997825622559
