1.035908579826355,0.9550000429153442,1.0821894407272339
1.0220800638198853,0.9750000238418579,1.0679707527160645
1.024999976158142,0.9750000238418579,1.1584395170211792
1.0363308191299438,0.9550000429153442,1.073283314704895
1.024999976158142,0.9750000238418579,1.0321894884109497
1.024999976158142,0.9750000238418579,1.042970895767212
1.024999976158142,0.9750000238418579,1.032814383506775
1.0375635623931885,0.9550000429153442,1.2282832860946655
1.0342494249343872,0.9450000524520874,1.7967206239700317
1.024999976158142,0.9750000238418579,1.0693769454956055
1.0456477403640747,0.9450000524520874,1.6167206764221191
1.0374572277069092,0.9550000429153442,1.6550019979476929
1.0337507724761963,0.9500000476837158,1.4031269550323486
1.0199999809265137,0.9800000190734863,1.0440644025802612
1.024999976158142,0.9750000238418579,1.040939450263977
1.0422639846801758,0.9500000476837158,1.2250019311904907
1.0199999809265137,0.9800000190734863,1.0242207050323486
1.024999976158142,0.9750000238418579,1.0337520837783813
1.024999976158142,0.9750000238418579,1.057970643043518
1.024999976158142,0.9750000238418579,1.0387519598007202
1.024999976158142,0.9750000238418579,1.0337518453598022
1.0221220254898071,0.9750000238418579,1.0420331954956055
1.024999976158142,0.9750000238418579,1.0242207050323486
1.024999976158142,0.9750000238418579,1.0462520122528076
1.0354321002960205,0.9550000429153442,1.165939450263977
1.0199999809265137,0.9800000190734863,1.0259395837783813
1.0386472940444946,0.9550000429153442,1.0695332288742065
1.024999976158142,0.9750000238418579,1.0296895503997803
1.0199999809265137,0.9800000190734863,1.029064416885376
1.0363308191299438,0.9550000429153442,1.070783257484436
1.024999976158142,0.9750000238418579,1.0420331954956055
1.024999976158142,0.9750000238418579,1.013283133506775
