1070
1004
821
982
972
550
939
36
132
1037
454
17
409
205
1012
759
976
911
395
485
846
870
351
926
176
339
433
57
767
243
850
624
421
686
93
723
301
466
426
965
577
11
159
572
475
7
95
455
878
714
272
751
814
695
249
213
924
1002
369
619
705
224
462
147
951
652
486
891
102
391
696
931
942
420
264
892
790
467
693
331
549
365
118
399
362
280
615
15
513
499
720
993
373
428
629
851
1027
468
359
944
194
986
349
418
613
322
740
471
528
453
706
738
974
597
489
825
270
648
70
633
587
628
484
670
816
575
527
1063
621
933
810
126
727
181
71
593
9
590
269
808
722
981
96
215
764
1064
298
94
69
488
805
957
104
323
890
553
45
1018
990
393
388
