1.0354737043380737,0.9550000429153442,1.1184719800949097
1.0354737043380737,0.9550000429153442,1.1211520433425903
1.0490849018096924,0.8899999856948853,3.22487211227417
1.0320017337799072,0.9650000333786011,1.262261986732483
1.0306593179702759,0.9600000381469727,1.5655120611190796
1.0361536741256714,0.9500000476837158,1.1806020736694336
1.036550760269165,0.9500000476837158,1.1867220401763916
1.0253244638442993,0.9650000333786011,1.643272042274475
1.0370763540267944,0.9500000476837158,1.2208420038223267
1.0440491437911987,0.9300000667572021,1.4010320901870728
1.0463407039642334,0.940000057220459,1.1553620100021362
1.0321201086044312,0.9600000381469727,1.3161019086837769
1.0416454076766968,0.9500000476837158,1.3161019086837769
1.0499426126480103,0.9200000762939453,2.051882028579712
1.0498825311660767,0.9200000762939453,2.2626020908355713
1.1389366388320923,0.6700000166893005,4.40844202041626
1.0295370817184448,0.9600000381469727,1.6067320108413696
1.0279462337493896,0.9700000286102295,1.1023919582366943
1.034182071685791,0.940000057220459,1.566662073135376
1.024999976158142,0.9750000238418579,1.0476319789886475
1.024999976158142,0.9750000238418579,1.0751420259475708
1.024999976158142,0.9750000238418579,1.0981820821762085
1.0294445753097534,0.9650000333786011,1.178462028503418
1.024999976158142,0.9750000238418579,1.1521018743515015
1.0262531042099,0.9700000286102295,1.2168819904327393
1.0479296445846558,0.8449999690055847,2.5500519275665283
1.0468658208847046,0.9350000619888306,1.5984519720077515
1.0379050970077515,0.9450000524520874,1.6644220352172852
1.0298699140548706,0.9550000429153442,2.120382070541382
1.0500842332839966,0.9200000762939453,1.7783420085906982
1.0271437168121338,0.9700000286102295,1.0488719940185547
1.0307507514953613,0.9550000429153442,1.4279320240020752
1.0463576316833496,0.9250000715255737,2.036722183227539
1.093457579612732,0.824999988079071,3.1052722930908203
1.0472300052642822,0.9300000667572021,1.5982520580291748
1.0536705255508423,0.9050000309944153,1.710982084274292
1.0685069561004639,0.8600000143051147,2.4902918338775635
1.0431379079818726,0.9550000429153442,1.2345620393753052
1.041887879371643,0.9550000429153442,1.245252013206482
1.0612092018127441,0.8349999785423279,2.757091760635376
1.0474048852920532,0.8700000643730164,2.6491122245788574
1.0327234268188477,0.9500000476837158,1.4929920434951782
1.0507631301879883,0.8800000548362732,3.615341901779175
1.0340237617492676,0.9500000476837158,2.0443620681762695
1.044095754623413,0.9450000524520874,1.182192087173462
1.1246159076690674,0.7099999785423279,4.1392621994018555
1.0419660806655884,0.9500000476837158,1.2270320653915405
1.0310440063476562,0.9650000333786011,1.074631929397583
1.0229723453521729,0.9700000286102295,1.252012014389038
1.0466772317886353,0.9200000762939453,1.7371920347213745
1.024999976158142,0.9750000238418579,1.131011962890625
1.0278098583221436,0.9650000333786011,1.2615820169448853
1.0660498142242432,0.8450000286102295,2.5118119716644287
1.0447278022766113,0.9350000619888306,1.8319920301437378
1.044801115989685,0.9300000667572021,1.8688619136810303
1.0406200885772705,0.9350000619888306,1.4629820585250854
1.0292145013809204,0.9600000381469727,1.144361972808838
1.0267120599746704,0.9700000286102295,1.131592035293579
1.0396654605865479,0.940000057220459,1.5718920230865479
1.024999976158142,0.9750000238418579,1.0299218893051147
1.0452111959457397,0.9250000715255737,1.881782054901123
1.048183798789978,0.9250000715255737,1.790221929550171
1.0477627515792847,0.9350000619888306,1.2676318883895874
1.029881477355957,0.9650000333786011,1.2398719787597656
1.0498425960540771,0.9200000762939453,1.8738421201705933
1.0267326831817627,0.9700000286102295,1.1564419269561768
1.0258257389068604,0.9700000286102295,1.1414520740509033
1.0413541793823242,0.9250000715255737,2.216871976852417
1.031982421875,0.9500000476837158,1.4720221757888794
1.024999976158142,0.9750000238418579,1.0765420198440552
1.024999976158142,0.9750000238418579,1.0352119207382202
1.024999976158142,0.9750000238418579,1.1311120986938477
1.04342520236969,0.9350000619888306,1.297461986541748
1.0522302389144897,0.9300000667572021,1.7412220239639282
1.026986837387085,0.9700000286102295,1.1199920177459717
1.0268950462341309,0.9650000333786011,1.2234519720077515
1.0367103815078735,0.9250000715255737,1.919592022895813
1.0382784605026245,0.940000057220459,1.3497120141983032
1.0269733667373657,0.9700000286102295,1.122912049293518
1.0288136005401611,0.9650000333786011,1.2193219661712646
1.0467793941497803,0.9500000476837158,1.194972038269043
1.0199999809265137,0.9800000190734863,1.148331880569458
1.027871012687683,0.9650000333786011,1.2028720378875732
1.024999976158142,0.9750000238418579,1.237131953239441
1.0412741899490356,0.9250000715255737,2.014892101287842
1.0563920736312866,0.880000114440918,2.5455322265625
1.024999976158142,0.9750000238418579,1.1220519542694092
1.0385432243347168,0.9500000476837158,1.2448219060897827
1.024999976158142,0.9750000238418579,1.1424319744110107
1.024999976158142,0.9750000238418579,1.062562108039856
1.0338168144226074,0.9600000381469727,1.3192321062088013
1.0274202823638916,0.9650000333786011,1.415761947631836
1.024999976158142,0.9750000238418579,1.0822420120239258
1.0199999809265137,0.9800000190734863,1.0402320623397827
1.0444068908691406,0.9500000476837158,1.366252064704895
1.042387843132019,0.9550000429153442,1.2164419889450073
1.024999976158142,0.9750000238418579,1.0717620849609375
1.029258370399475,0.9600000381469727,1.2444219589233398
1.0393272638320923,0.9450000524520874,1.2560220956802368
1.024999976158142,0.9750000238418579,1.044901967048645
1.0461922883987427,0.9200000762939453,1.2917120456695557
1.0441689491271973,0.9350000619888306,1.268041968345642
1.0540968179702759,0.9150000810623169,1.327881932258606
1.0538041591644287,0.8900001049041748,2.205832004547119
1.038725733757019,0.9550000429153442,1.1542119979858398
1.0428764820098877,0.9000000357627869,2.634082078933716
1.0542511940002441,0.8700001239776611,2.753702163696289
1.0698316097259521,0.880000114440918,3.074481964111328
1.0370903015136719,0.9550000429153442,1.2591720819473267
1.0353446006774902,0.9450000524520874,1.8216220140457153
1.0231101512908936,0.9700000286102295,1.2467920780181885
1.0295226573944092,0.9700000286102295,1.0624920129776
1.0316894054412842,0.9500000476837158,1.402042031288147
1.040845274925232,0.940000057220459,1.2563719749450684
1.029350996017456,0.9600000381469727,1.1494020223617554
1.0224745273590088,0.9750000238418579,1.1427019834518433
1.0373625755310059,0.9450000524520874,1.4761121273040771
1.0701020956039429,0.9200000762939453,1.3271819353103638
1.0632719993591309,0.9300000667572021,1.3391319513320923
1.024999976158142,0.9750000238418579,1.0697119235992432
1.036699652671814,0.9500000476837158,1.6916120052337646
1.0407533645629883,0.9300000667572021,1.549462080001831
1.050424575805664,0.9100000262260437,1.556522011756897
1.0292187929153442,0.9650000333786011,1.2409420013427734
1.0681637525558472,0.8700000643730164,1.8642120361328125
1.0455282926559448,0.9250000715255737,1.6330519914627075
1.0258005857467651,0.9700000286102295,1.2449020147323608
1.0613099336624146,0.9200000762939453,2.4609620571136475
1.0644127130508423,0.9150000810623169,2.5418219566345215
1.024999976158142,0.9750000238418579,1.1262719631195068
1.0275797843933105,0.9650000333786011,1.1713820695877075
1.0504467487335205,0.9200000762939453,1.9240020513534546
1.0445622205734253,0.9300000667572021,1.959062099456787
1.0762375593185425,0.8550000786781311,2.2892520427703857
1.0382391214370728,0.940000057220459,1.2381619215011597
1.040381908416748,0.9350000619888306,1.5695719718933105
1.0602314472198486,0.8900001049041748,2.224292039871216
1.0325515270233154,0.9550000429153442,1.4926921129226685
1.0424511432647705,0.9200000762939453,1.9178919792175293
1.0677884817123413,0.9300000667572021,1.2835320234298706
1.073422908782959,0.9250000715255737,1.2835320234298706
1.024999976158142,0.9750000238418579,1.118252158164978
1.0308470726013184,0.9500000476837158,1.6781818866729736
1.0286633968353271,0.9650000333786011,1.1845920085906982
1.0495270490646362,0.9150000810623169,1.5486019849777222
1.037593126296997,0.9300000667572021,2.1711618900299072
1.0365334749221802,0.9350000619888306,2.0299320220947266
1.0314527750015259,0.9650000333786011,1.126081943511963
1.0393626689910889,0.9100000858306885,1.9402320384979248
1.0274914503097534,0.9650000333786011,1.410222053527832
1.042637586593628,0.9500000476837158,1.3376619815826416
1.0294320583343506,0.9550000429153442,2.1280620098114014
1.0199999809265137,0.9800000190734863,1.0717219114303589
1.024999976158142,0.9750000238418579,1.1901119947433472
1.0449016094207764,0.9350000619888306,1.6008920669555664
1.0311111211776733,0.9600000381469727,1.4161320924758911
1.03339684009552,0.9650000333786011,1.1656519174575806
1.0261309146881104,0.9700000286102295,1.1979219913482666
1.0501147508621216,0.9300000667572021,1.5134421586990356
1.0521023273468018,0.9250000715255737,1.4662519693374634
1.065393328666687,0.9150000810623169,1.587272047996521
1.0696024894714355,0.8950001001358032,1.8170020580291748
1.0516961812973022,0.9300000667572021,1.3992420434951782
1.0457990169525146,0.940000057220459,1.3909618854522705
1.0435128211975098,0.940000057220459,1.481361985206604
1.0660265684127808,0.8950001001358032,1.8133020401000977
1.0661948919296265,0.9050000309944153,2.134242057800293
1.066823959350586,0.9000000953674316,1.9597619771957397
1.030812382698059,0.9550000429153442,1.3886220455169678
1.0502519607543945,0.9150000810623169,1.934522032737732
1.0273786783218384,0.9650000333786011,1.2489620447158813
1.0199999809265137,0.9800000190734863,1.1027920246124268
1.0266697406768799,0.9700000286102295,1.2206419706344604
1.0298489332199097,0.9650000333786011,1.1774120330810547
1.031793475151062,0.9600000381469727,1.2750320434570312
1.0513575077056885,0.9150000810623169,1.3889620304107666
1.0387989282608032,0.9450000524520874,1.295902132987976
1.0600510835647583,0.9150000810623169,1.3146419525146484
1.063562273979187,0.9050000905990601,1.354301929473877
1.0199999809265137,0.9800000190734863,1.0608220100402832
1.0346505641937256,0.9500000476837158,1.7826220989227295
1.024999976158142,0.9750000238418579,1.054211974143982
1.029215931892395,0.9600000381469727,1.3733820915222168
1.0309937000274658,0.9500000476837158,1.364601969718933
1.0411983728408813,0.940000057220459,1.6690621376037598
1.0436772108078003,0.9150000810623169,1.8209320306777954
1.036287784576416,0.9550000429153442,1.3114218711853027
1.0309044122695923,0.9600000381469727,1.5963319540023804
1.0400044918060303,0.9350000619888306,1.3336819410324097
1.045482873916626,0.9200000762939453,1.9277920722961426
1.026500940322876,0.9650000333786011,1.3403419256210327
1.057565450668335,0.8850000500679016,2.6056418418884277
1.0288760662078857,0.9650000333786011,1.288241982460022
1.0485032796859741,0.9000000953674316,2.409291982650757
1.0270150899887085,0.9700000286102295,1.236251950263977
1.024999976158142,0.9750000238418579,1.1054819822311401
1.0621082782745361,0.8899999856948853,2.5633020401000977
1.0249686241149902,0.9700000286102295,1.160391926765442
1.0586470365524292,0.9300000667572021,1.5250719785690308
1.0603249073028564,0.9250000715255737,1.5308120250701904
1.0535311698913574,0.9300000667572021,1.5732320547103882
1.0427016019821167,0.9200000762939453,1.5330419540405273
1.0491713285446167,0.9100000858306885,1.918782114982605
1.0608859062194824,0.8900001049041748,1.8710319995880127
1.029882550239563,0.9600000381469727,1.2008819580078125
1.0272271633148193,0.9700000286102295,1.2366420030593872
1.029183030128479,0.9600000381469727,1.4869718551635742
1.0264633893966675,0.9700000286102295,1.092042088508606
1.024999976158142,0.9750000238418579,1.0560320615768433
1.0791280269622803,0.8650000691413879,3.3575220108032227
1.0581684112548828,0.9250000715255737,2.532682180404663
1.0246224403381348,0.9700000286102295,1.1269420385360718
1.0520936250686646,0.9200000762939453,1.5281119346618652
1.0393667221069336,0.9500000476837158,1.1550320386886597
1.031561255455017,0.9550000429153442,1.5424721240997314
1.0779073238372803,0.8550000190734863,1.7294819355010986
1.0315743684768677,0.9550000429153442,1.5268319845199585
1.0292526483535767,0.9600000381469727,1.2943120002746582
1.0461647510528564,0.9150000810623169,1.5759320259094238
1.0284191370010376,0.9650000333786011,1.5573420524597168
1.0331554412841797,0.9500000476837158,1.7359219789505005
1.0308021306991577,0.9600000381469727,1.397462010383606
1.0370899438858032,0.9550000429153442,1.1681020259857178
1.041216254234314,0.9350000619888306,1.627992033958435
1.0537328720092773,0.9050000905990601,1.994022011756897
1.0391756296157837,0.9450000524520874,1.2547019720077515
1.0361064672470093,0.940000057220459,1.653312087059021
1.0302261114120483,0.9650000333786011,1.1114519834518433
1.0354291200637817,0.9500000476837158,1.1495120525360107
1.0355205535888672,0.940000057220459,1.3409019708633423
1.0326155424118042,0.9500000476837158,1.5179518461227417
1.024999976158142,0.9750000238418579,1.0878220796585083
1.0509073734283447,0.9300000667572021,1.5966918468475342
1.0478198528289795,0.9300000667572021,1.5181019306182861
1.043366551399231,0.940000057220459,1.6171919107437134
1.0371477603912354,0.940000057220459,1.5607019662857056
1.046684741973877,0.9100000858306885,2.830332040786743
1.031996726989746,0.9650000333786011,1.1394621133804321
1.0388896465301514,0.9450000524520874,1.3000320196151733
1.0442171096801758,0.9250000715255737,1.5349220037460327
1.0444434881210327,0.9350000619888306,1.8625720739364624
1.0331261157989502,0.9550000429153442,1.3201720714569092
1.031428575515747,0.9600000381469727,1.3806620836257935
1.0297340154647827,0.9650000333786011,1.521582007408142
1.0304977893829346,0.9650000333786011,1.1703920364379883
1.026584267616272,0.9700000286102295,1.100801944732666
1.050199031829834,0.9300000667572021,1.4963120222091675
1.057590126991272,0.9000000953674316,1.6590819358825684
1.0413991212844849,0.940000057220459,1.2007219791412354
1.038671612739563,0.9450000524520874,1.3558419942855835
1.022773027420044,0.9650000333786011,1.2184219360351562
1.0349329710006714,0.9550000429153442,1.0922019481658936
1.0541483163833618,0.8850000500679016,2.5602219104766846
1.0328123569488525,0.9600000381469727,1.21589195728302
1.0426808595657349,0.9350000619888306,1.2270020246505737
1.036431908607483,0.9450000524520874,1.522871971130371
1.0418176651000977,0.925000011920929,2.036911964416504
1.0426087379455566,0.9550000429153442,1.1662019491195679
1.0526752471923828,0.9200000762939453,1.4501219987869263
1.0266565084457397,0.9700000286102295,1.1082720756530762
1.0433903932571411,0.9350000619888306,1.5263320207595825
1.0332469940185547,0.9550000429153442,1.2999318838119507
1.024999976158142,0.9750000238418579,1.2143421173095703
1.0494831800460815,0.9300000667572021,1.6970919370651245
1.0443012714385986,0.9200000762939453,1.7555019855499268
1.0432732105255127,0.9550000429153442,1.2829420566558838
1.0287688970565796,0.9700000286102295,1.0936020612716675
1.029881238937378,0.9650000333786011,1.1221519708633423
1.024999976158142,0.9750000238418579,1.1077020168304443
1.044350266456604,0.940000057220459,1.1972320079803467
1.024351716041565,0.9650000333786011,1.4555120468139648
1.0547806024551392,0.9050000309944153,2.1022019386291504
1.037892460823059,0.9500000476837158,1.1902220249176025
1.0614540576934814,0.8499999642372131,2.572312116622925
1.0320464372634888,0.9600000381469727,1.1507619619369507
1.0199999809265137,0.9800000190734863,1.0390419960021973
1.0271350145339966,0.9700000286102295,1.1636619567871094
1.029870629310608,0.9650000333786011,1.1117020845413208
1.0391771793365479,0.9150000810623169,2.1701419353485107
1.061581015586853,0.8550000190734863,2.7211720943450928
1.027097463607788,0.9650000333786011,1.4348020553588867
1.0223807096481323,0.9700000286102295,1.3149420022964478
1.0296790599822998,0.9600000381469727,1.2912620306015015
1.0624157190322876,0.8950001001358032,1.5859819650650024
1.050741195678711,0.9350000619888306,1.5705820322036743
1.024999976158142,0.9750000238418579,1.1340019702911377
1.024999976158142,0.9750000238418579,1.0926320552825928
1.060468077659607,0.8750000596046448,1.7615220546722412
1.0250219106674194,0.9650000333786011,1.1977320909500122
1.0285985469818115,0.9550000429153442,1.4229719638824463
1.0447338819503784,0.9300000071525574,1.7427220344543457
1.0546232461929321,0.9200000762939453,2.307042121887207
1.0617077350616455,0.9000000953674316,2.1544620990753174
1.0661486387252808,0.8800000548362732,2.6806819438934326
1.0264291763305664,0.9700000286102295,1.1174319982528687
1.0354290008544922,0.9500000476837158,1.4089419841766357
1.0280823707580566,0.9550000429153442,1.6481720209121704
1.023382544517517,0.9700000286102295,1.1655919551849365
1.0419654846191406,0.9350000619888306,2.0177721977233887
1.076878309249878,0.8349999189376831,3.2653918266296387
1.0616943836212158,0.9000000953674316,1.840391993522644
1.0491679906845093,0.9000000953674316,2.015202045440674
1.0273569822311401,0.9700000286102295,1.3233420848846436
1.039049744606018,0.9500000476837158,1.3582520484924316
1.044680118560791,0.9300000667572021,1.9507420063018799
1.0328505039215088,0.9600000381469727,1.248602032661438
1.0383809804916382,0.940000057220459,1.614482045173645
1.029686689376831,0.9500000476837158,1.4951518774032593
1.0602807998657227,0.9000000953674316,2.0039920806884766
1.0403639078140259,0.9500000476837158,1.4492319822311401
1.049303412437439,0.9300000667572021,1.6347320079803467
1.0508984327316284,0.9150000810623169,1.6939120292663574
1.0548778772354126,0.8900001049041748,1.9906620979309082
1.0446027517318726,0.9350000619888306,1.585292100906372
1.0384669303894043,0.9500000476837158,1.2472920417785645
1.046337604522705,0.9300000667572021,2.3639919757843018
1.024999976158142,0.9750000238418579,1.081961989402771
1.0480082035064697,0.9150000214576721,2.652172088623047
1.03030526638031,0.9600000381469727,1.505971908569336
1.028061866760254,0.9700000286102295,1.0750720500946045
1.0437829494476318,0.940000057220459,1.6567718982696533
1.0308672189712524,0.9550000429153442,1.6742420196533203
1.0343523025512695,0.9600000381469727,1.184851884841919
1.033501386642456,0.940000057220459,1.614402174949646
1.0346717834472656,0.9500000476837158,1.296251893043518
1.0235416889190674,0.9700000286102295,1.4523619413375854
1.0303572416305542,0.9600000381469727,1.252832055091858
1.033473253250122,0.9450000524520874,1.9767320156097412
1.0299253463745117,0.9650000333786011,1.235632061958313
1.0484298467636108,0.9450000524520874,1.1827020645141602
1.024999976158142,0.9750000238418579,1.0523018836975098
1.024999976158142,0.9750000238418579,1.132881999015808
1.0283234119415283,0.9650000333786011,1.1382319927215576
1.072480320930481,0.9250000715255737,1.279832124710083
1.029536247253418,0.9700000286102295,1.0801218748092651
1.0263335704803467,0.9700000286102295,1.5224320888519287
1.029536247253418,0.9700000286102295,1.1789621114730835
1.0458909273147583,0.925000011920929,2.049221992492676
1.024999976158142,0.9750000238418579,1.0677520036697388
1.0265971422195435,0.9700000286102295,1.1689820289611816
1.027503252029419,0.9700000286102295,1.3211020231246948
1.0199999809265137,0.9800000190734863,1.0353419780731201
1.0281903743743896,0.9650000333786011,1.2623720169067383
1.0358566045761108,0.9550000429153442,1.3058120012283325
1.024999976158142,0.9750000238418579,1.1784319877624512
1.0308711528778076,0.9600000381469727,1.2963420152664185
1.0368225574493408,0.940000057220459,1.6265519857406616
1.0384721755981445,0.940000057220459,1.4785120487213135
1.0484950542449951,0.9100000858306885,1.7444820404052734
1.0416364669799805,0.940000057220459,1.2888720035552979
1.0276111364364624,0.9700000286102295,1.1637619733810425
1.0341461896896362,0.9450000524520874,1.7704620361328125
1.0472854375839233,0.9300000667572021,1.5458320379257202
1.0414843559265137,0.940000057220459,1.4127919673919678
1.024999976158142,0.9750000238418579,1.0767120122909546
1.0281497240066528,0.9700000286102295,1.1485720872879028
1.024999976158142,0.9750000238418579,1.053961992263794
1.0654053688049316,0.8800000548362732,2.40041184425354
1.024999976158142,0.9750000238418579,1.1086819171905518
1.03644597530365,0.940000057220459,1.2306519746780396
1.0399181842803955,0.940000057220459,1.2204219102859497
1.0307672023773193,0.9600000381469727,1.1155920028686523
1.0199999809265137,0.9800000190734863,1.0639618635177612
1.028328537940979,0.9650000333786011,1.1013519763946533
1.0497621297836304,0.9150000810623169,2.869232177734375
1.024999976158142,0.9750000238418579,1.0524320602416992
1.024999976158142,0.9750000238418579,1.054252028465271
1.064564824104309,0.8950001001358032,2.7825419902801514
1.0448685884475708,0.9550000429153442,1.2156519889831543
1.0498685836791992,0.9500000476837158,1.241002082824707
1.0496593713760376,0.9150000810623169,1.5039820671081543
1.0414220094680786,0.9450000524520874,1.1647319793701172
1.032111406326294,0.9600000381469727,1.1597321033477783
1.0300878286361694,0.9600000381469727,1.2536920309066772
1.041606068611145,0.9200000762939453,1.66228187084198
1.039327621459961,0.9550000429153442,1.3398019075393677
1.024999976158142,0.9750000238418579,1.0569020509719849
1.0437943935394287,0.940000057220459,1.5204319953918457
1.0259761810302734,0.9700000286102295,1.1870319843292236
1.0431585311889648,0.940000057220459,1.6624919176101685
1.0356378555297852,0.9500000476837158,1.168731927871704
1.047286033630371,0.9300000667572021,1.3782020807266235
1.0292742252349854,0.9600000381469727,1.3396519422531128
1.024999976158142,0.9750000238418579,1.2168420553207397
1.0370060205459595,0.9500000476837158,2.1175119876861572
1.037692904472351,0.940000057220459,1.3468018770217896
1.0269951820373535,0.9700000286102295,1.533202052116394
1.04683256149292,0.9250000715255737,2.5960421562194824
1.0434966087341309,0.9100000858306885,2.227952003479004
1.0369724035263062,0.940000057220459,1.4980319738388062
1.0418976545333862,0.9450000524520874,1.1693319082260132
1.039945125579834,0.9450000524520874,1.4451619386672974
1.0617061853408813,0.9000000357627869,2.002732038497925
1.0365283489227295,0.9450000524520874,1.6944819688796997
1.024999976158142,0.9750000238418579,1.0604220628738403
1.0221004486083984,0.9750000238418579,1.1263220310211182
1.0266432762145996,0.9650000333786011,1.1283020973205566
1.0432732105255127,0.9550000429153442,1.2852519750595093
1.0330144166946411,0.9500000476837158,1.5029720067977905
1.0404243469238281,0.940000057220459,1.341062068939209
1.0425077676773071,0.9350000619888306,1.374372124671936
1.024999976158142,0.9750000238418579,1.2203320264816284
1.0292675495147705,0.9650000333786011,1.344491958618164
1.024999976158142,0.9750000238418579,1.1297019720077515
1.0264906883239746,0.9700000286102295,1.1680618524551392
1.024999976158142,0.9750000238418579,1.051041841506958
1.0355453491210938,0.9600000381469727,1.2304120063781738
1.053918480873108,0.9250000715255737,1.5382920503616333
1.033279299736023,0.9600000381469727,1.0671920776367188
1.024999976158142,0.9750000238418579,1.039301872253418
1.0263456106185913,0.9700000286102295,1.2752619981765747
1.0369374752044678,0.9450000524520874,1.3602819442749023
1.024999976158142,0.9750000238418579,1.1367321014404297
1.041968822479248,0.9450000524520874,1.461042046546936
1.0308042764663696,0.9600000381469727,1.2401620149612427
1.024999976158142,0.9750000238418579,1.0649619102478027
1.0583082437515259,0.9300000667572021,1.3007220029830933
1.0199999809265137,0.9800000190734863,1.0684120655059814
1.0293598175048828,0.9650000333786011,1.119271993637085
1.0467793941497803,0.9500000476837158,1.194972038269043
1.0268137454986572,0.9650000333786011,1.1165720224380493
1.024999976158142,0.9750000238418579,1.236691951751709
1.0412216186523438,0.9450000524520874,1.3353619575500488
1.0295164585113525,0.9650000333786011,1.09732186794281
1.024999976158142,0.9750000238418579,1.0705020427703857
1.0320557355880737,0.9550000429153442,1.1844820976257324
1.0418516397476196,0.9500000476837158,1.3183120489120483
1.0543594360351562,0.9100000858306885,1.8860719203948975
1.024999976158142,0.9750000238418579,1.0374418497085571
1.0289855003356934,0.9550000429153442,1.4072821140289307
1.0369278192520142,0.9550000429153442,1.4051419496536255
1.0293035507202148,0.9500000476837158,1.2723020315170288
1.0367904901504517,0.9500000476837158,1.4593020677566528
1.0424363613128662,0.9500000476837158,1.3776419162750244
1.045491337776184,0.925000011920929,2.0136821269989014
1.0380151271820068,0.940000057220459,1.9799621105194092
1.0477150678634644,0.925000011920929,2.372342109680176
1.0325531959533691,0.9550000429153442,1.138301968574524
1.0341784954071045,0.9600000381469727,1.0414719581604004
1.0379574298858643,0.9450000524520874,1.9567220211029053
1.0386009216308594,0.9550000429153442,1.3030019998550415
1.0293011665344238,0.9650000333786011,1.0704119205474854
1.027267336845398,0.9600000381469727,1.301542043685913
1.024999976158142,0.9750000238418579,1.0634820461273193
1.024999976158142,0.9750000238418579,1.088681936264038
1.0264439582824707,0.9700000286102295,1.1270519495010376
1.0366023778915405,0.9500000476837158,1.2868319749832153
1.0272786617279053,0.9700000286102295,1.1162220239639282
1.0307151079177856,0.9650000333786011,1.1882320642471313
1.0311458110809326,0.9600000381469727,1.2984519004821777
1.0345377922058105,0.9500000476837158,1.6318620443344116
1.0538984537124634,0.9250000715255737,1.5882319211959839
1.0339314937591553,0.9500000476837158,1.3685120344161987
1.024999976158142,0.9750000238418579,1.0708519220352173
1.045114278793335,0.9350000619888306,1.2280620336532593
1.0262563228607178,0.9700000286102295,1.105512022972107
1.0427335500717163,0.9450000524520874,1.2056920528411865
1.0485432147979736,0.9450000524520874,1.1806219816207886
1.0199999809265137,0.9800000190734863,1.0929219722747803
1.042976975440979,0.9450000524520874,1.1375820636749268
1.0489140748977661,0.940000057220459,1.2679520845413208
1.0427703857421875,0.940000057220459,1.5611320734024048
1.0299732685089111,0.9550000429153442,1.199072003364563
1.0380712747573853,0.9550000429153442,1.2150720357894897
1.0284554958343506,0.9650000333786011,1.1756019592285156
1.0295950174331665,0.9600000381469727,1.1169019937515259
1.0283968448638916,0.9700000286102295,1.1567519903182983
1.0283029079437256,0.9700000286102295,1.0934518575668335
1.0273278951644897,0.9650000333786011,1.162492036819458
1.0385223627090454,0.940000057220459,1.3872320652008057
1.0285354852676392,0.9700000286102295,1.0666320323944092
1.047608733177185,0.9500000476837158,1.1843219995498657
1.043899416923523,0.9350000619888306,1.5526820421218872
1.0309314727783203,0.9600000381469727,1.2157721519470215
1.0248461961746216,0.9700000286102295,1.2013620138168335
1.0357139110565186,0.9500000476837158,1.3344519138336182
1.024999976158142,0.9750000238418579,1.0936219692230225
1.0353773832321167,0.9550000429153442,1.391231894493103
1.0269542932510376,0.9700000286102295,1.1175520420074463
1.024999976158142,0.9750000238418579,1.1049319505691528
1.0416895151138306,0.9450000524520874,1.1711019277572632
1.0424124002456665,0.9500000476837158,1.097201943397522
1.024999976158142,0.9750000238418579,1.0281420946121216
1.0424124002456665,0.9500000476837158,1.097201943397522
1.0411821603775024,0.940000057220459,1.3219619989395142
1.0381076335906982,0.940000057220459,1.728302001953125
1.024999976158142,0.9750000238418579,1.1118918657302856
1.0272208452224731,0.9650000333786011,1.2877219915390015
1.0453076362609863,0.940000057220459,1.3680920600891113
1.0325250625610352,0.9650000333786011,1.0501121282577515
1.0271437168121338,0.9700000286102295,1.0301820039749146
1.0238471031188965,0.9700000286102295,1.1679120063781738
1.024999976158142,0.9750000238418579,1.0750319957733154
1.024999976158142,0.9750000238418579,1.1523319482803345
1.024999976158142,0.9750000238418579,1.0548820495605469
1.024999976158142,0.9750000238418579,1.038931965827942
1.043444037437439,0.9450000524520874,1.2551019191741943
1.028626561164856,0.9700000286102295,1.069092035293579
1.031751036643982,0.9600000381469727,1.2949620485305786
1.0372250080108643,0.9550000429153442,1.1051820516586304
