487
468
230
182
319
258
296
286
470
103
480
55
483
353
191
266
432
416
104
202
294
276
434
160
3
437
199
396
51
495
198
29
265
95
60
259
141
19
32
229
442
61
84
270
21
456
291
368
168
93
10
72
250
121
109
240
377
171
26
5
75
342
136
96
65
142
233
428
146
190
486
28
310
389
133
455
374
17
447
20
299
44
67
359
24
161
308
169
496
194
34
79
111
124
46
52
263
166
243
334
108
118
443
53
212
451
128
345
172
43
153
238
467
78
42
16
445
378
318
366
249
290
481
464
25
303
315
446
340
139
244
403
175
405
491
333
302
424
347
312
497
77
472
73
71
248
123
477
114
101
