4402
3501
7514
6222
3568
6969
9215
603
3712
3819
3142
7844
10315
2955
1373
10478
10034
9740
128
9213
7287
6520
6244
4724
5695
3579
3422
6246
4825
1102
6151
10504
76
8123
4173
3895
8335
8520
6667
3186
1060
3226
1748
2358
3478
7065
2435
6500
6601
7563
2429
7751
9217
5803
2468
8791
10229
1263
6903
2653
7165
2852
9003
1265
1298
4412
10255
8525
5400
1823
1518
9140
6466
8605
8983
2188
1360
5379
1023
7643
9636
9812
9530
6860
4836
6309
7446
8372
8099
8377
1551
10175
9807
4128
7805
4301
426
8200
101
8028
9562
2782
2064
7696
2085
6009
4025
8979
10035
5667
2687
10446
4713
6171
9505
1926
966
1008
4958
2489
3208
9581
8846
6233
9849
2647
768
7219
10050
1420
8632
7706
4812
837
4787
4323
8655
7002
2913
9587
7456
3520
2060
6336
6189
814
5290
9715
4478
3340
5411
9646
8415
4757
3802
3387
365
2066
5436
690
3859
4132
3915
3374
9717
4819
3301
5377
2239
3863
2659
289
3210
8212
8210
2788
2410
9184
1940
10559
1565
1499
5382
3238
3325
4681
10327
968
3115
623
10174
6411
649
4546
8166
5198
5727
2639
9179
9678
8470
9067
1134
9236
6478
6632
7522
5802
9157
7036
885
3161
1566
5185
6812
3934
2460
23
9264
6925
6375
7164
2554
3936
7416
5271
10398
3207
6607
807
2394
382
4015
10556
7177
9605
5857
8752
9249
133
1111
10291
2996
9107
5868
3416
7785
1346
3912
10238
5833
4376
2690
1719
4203
8708
415
3339
6742
9398
4606
8112
7810
7020
4218
5409
1243
624
4097
3063
3244
9435
8913
7954
7425
332
7509
2683
1962
3027
5807
8875
1995
7266
9767
668
10025
3434
4953
4163
733
424
3037
4141
4330
4395
1115
8647
2879
10485
4554
6169
8879
5937
7932
831
4594
4962
1765
2113
9854
2624
6914
9329
2376
2037
1762
6840
867
5679
3351
244
591
9522
7434
1043
8529
2929
8149
4930
4406
2723
978
2229
2573
2608
9677
9858
221
9335
7543
4538
3337
7564
5151
9763
7998
9515
3829
1921
7734
2382
7906
6580
4966
6874
3095
9601
7312
3535
84
1006
2383
4800
4855
8461
5561
3179
7997
7061
3508
2673
6249
10576
9371
1979
9514
7112
5055
2595
8952
267
1858
5336
3595
963
2732
6794
5489
7911
370
4156
1090
6074
4090
852
2530
2993
3565
6508
8810
2461
3144
8840
181
1484
10199
6167
1595
3781
2095
2548
2755
5229
1619
5158
5285
10298
8517
9576
469
7
8044
3172
8871
3684
8486
9318
2823
9622
9900
1710
7585
10402
9606
10347
5608
7455
9169
995
6681
3763
8749
4626
1449
9445
10123
6713
4326
6316
1483
5440
5078
4019
319
7612
4776
5936
4062
7181
2365
4577
4956
5661
7353
1930
4138
3652
5288
5139
3178
9930
2434
4056
6418
254
4297
3528
2638
4781
1560
4985
2671
738
10585
3673
2153
8915
4851
2411
5239
6984
4585
3254
5730
2868
1347
9841
1427
8287
2611
4849
9310
6185
9889
2737
2978
326
2029
5749
5613
9976
7648
4612
5398
10059
4959
10203
7965
6458
8931
7487
9644
2051
5741
2577
3685
9524
381
4504
4984
8578
8323
3596
3951
3975
6847
9147
6497
1147
6226
8132
9634
7970
5839
4939
9769
4361
5092
7337
8368
6181
301
2099
296
2776
803
9653
1585
5049
10607
5596
7436
10473
7483
8258
5080
6464
4919
10450
8508
6756
1967
1252
8448
262
5506
45
3180
7685
8058
4446
9573
4350
2019
1042
10456
4099
787
6615
7934
9825
6909
4624
8134
1256
10401
2604
1241
7856
1433
1051
9798
4251
3977
2143
4013
9673
8919
8545
10528
8710
9902
5386
1018
762
9569
1259
2368
2635
5808
7535
3104
2602
5771
3727
7215
2806
1337
4022
8340
1118
2765
3682
1356
4241
4869
9395
544
388
4709
5096
173
3836
2326
5172
5622
4384
234
9043
5063
2900
2899
5856
7569
706
3381
700
10230
10077
10339
4435
4296
4498
10005
5009
6720
1562
10285
7698
9934
3327
6610
5043
3412
7043
4579
1143
1999
7890
7066
4999
9487
9456
119
6227
3236
6096
36
10003
4961
10554
10465
6193
4893
6421
7201
759
9489
10150
8602
5120
9974
7897
461
9760
4081
10354
1189
2809
2771
8471
4083
1038
2795
9697
9773
5438
9174
1634
628
552
8822
5778
1246
9868
993
414
1116
5258
2674
10573
7500
8836
2902
168
4236
5111
2627
8067
3369
549
7953
8292
4632
10629
2981
6633
436
1408
2013
6199
10146
10609
416
5407
7220
1274
9690
3816
2663
616
10605
575
4260
1130
8556
4126
9474
1766
8359
8354
9431
10380
9265
5736
699
10206
9500
2135
9214
2945
7502
4321
9101
1353
4589
1057
5664
6225
4341
7759
8815
205
8577
4697
5528
6047
8301
8943
2054
5424
6576
1245
4729
10362
3124
2547
4937
219
8624
9729
3838
9244
10224
1063
4171
463
488
144
5422
439
7658
5079
1891
10116
7874
130
4485
9181
448
4942
1397
1767
2248
6725
7035
8939
5343
1964
10350
7597
4551
1284
9998
702
4039
9357
8874
10405
7963
7652
1922
3452
5040
6409
8956
7541
8735
4309
3661
4719
5060
8762
3336
3044
1029
1024
10438
6412
1151
3530
784
9693
8390
2849
5673
10128
3006
1688
3355
3775
3902
3123
9736
567
4155
1308
6160
2403
5800
8825
1925
841
571
1254
1682
6415
5140
6677
3090
7938
7958
4821
6230
8474
10612
8539
6711
5317
3343
7549
328
7838
344
3152
222
6676
3171
7525
10444
6080
3379
7747
9510
2750
3217
5595
8251
6263
4798
4202
5597
274
6652
7108
9391
7283
650
4568
3005
8325
4046
7199
6004
3606
4427
8576
10510
1342
5170
12
2263
4616
2960
2636
5558
9665
9082
7656
5318
10100
2716
3375
2004
4054
7635
1044
8798
10427
7053
6964
758
3609
7809
4153
9142
9480
7327
9493
3051
6374
3190
10151
6542
5973
2695
8775
3872
6480
369
2381
1203
7744
5073
5809
6599
2176
6934
6397
8679
5025
3604
5019
10480
8286
9192
145
6893
4885
7665
10033
7239
213
5365
6727
5988
7383
9203
1530
6733
9256
4374
6190
10346
550
3991
4518
7847
4872
9788
9840
6675
1438
1186
7557
4295
7301
7094
7604
67
5722
3752
5604
9069
2672
5881
1307
5247
1039
798
9643
8108
2975
2304
3558
5454
7944
2646
3486
1227
7150
7650
6906
6072
5304
343
7366
2821
90
696
7157
8271
7971
9594
3437
4547
9917
8402
5235
6287
8959
4356
140
1238
2319
820
3368
141
3134
7068
5432
8726
8034
1196
9833
10604
7357
7723
6920
7262
4470
5821
7540
4065
1808
3602
3278
9290
8126
1606
8898
3569
4338
9520
8696
3398
10377
1034
9015
1626
6627
6668
5130
8629
2837
4349
3479
9928
1522
2423
6261
8246
10509
5316
8661
5366
8456
7752
1902
1754
2333
308
3678
5373
10508
3003
5979
8583
9742
10139
730
9542
1212
427
2448
2413
1181
1248
3315
2966
3771
8156
2519
4107
1938
7067
8412
4926
9754
9388
8888
4815
6194
3954
3707
3052
7651
4580
3065
6317
10060
6386
7836
9484
5766
4734
2641
5020
7236
2633
5715
2102
1490
9543
8165
10500
1401
6623
6664
7139
4223
8125
6549
1613
248
8437
1617
1421
8047
3503
8021
1630
88
1850
3248
6018
3830
7691
2227
9523
2416
269
6760
478
8877
5756
6779
737
5406
1236
10282
4934
9343
1519
1482
10031
8407
5175
9564
4670
1394
3455
7049
3681
8706
4847
7666
6187
7988
5726
2375
3370
4881
8864
5817
1082
6308
4592
647
4775
2947
5932
4500
5065
3571
2179
277
2630
947
8811
358
6245
6067
4050
3250
8986
8532
7767
2369
10521
8221
7716
4768
6039
9152
9567
7054
4664
1076
3622
7404
10013
5091
6338
5603
8916
4505
8224
6138
8116
6752
1286
6603
2068
338
7228
4502
8096
6584
4945
9641
3651
9119
8761
1859
5498
793
8566
2720
4476
7050
5928
4495
70
4475
9512
8192
5769
5638
2141
7241
2496
5645
8018
1913
2999
5707
3697
7843
8433
6684
2592
746
9163
10376
9132
7130
9708
6953
1323
4133
3611
374
4103
10479
5470
6136
2584
5084
5502
5865
7427
6376
302
1877
19
5647
2813
6530
8300
7711
533
108
8849
10136
8228
6792
10476
7989
7058
7007
3441
7214
9036
9077
6971
2550
9676
2192
8272
8804
4918
10613
10196
4980
10524
908
7662
264
22
5297
6651
1009
7803
7465
2921
781
5571
9486
9901
8688
9625
9102
1261
5534
6706
245
5526
117
6604
4258
894
5889
9783
9129
6127
5179
10244
5886
2570
8334
10374
2768
9305
10516
6133
3304
6848
3641
1361
1515
9044
525
9511
10388
5926
943
390
6351
8881
5022
6124
4211
387
1831
4006
5321
1385
4976
10233
5439
2825
149
7720
7290
5565
3666
2348
878
870
9216
2514
1013
9394
5122
10378
9176
6247
9682
2177
974
10617
218
946
5451
6073
7461
5299
2359
252
9915
3680
3314
9498
5116
7503
1426
7249
470
6904
5348
4482
1127
6019
7356
7779
6907
554
3198
9385
613
5238
3350
9692
4867
4695
7397
2840
7740
1587
2540
4665
1305
4920
2395
9848
7358
4617
8643
743
3642
473
895
1829
8614
4625
8600
7590
741
7430
2986
9534
1153
10587
6281
856
75
528
4565
7828
5883
1799
9704
2944
9749
1732
6629
2105
10192
5696
10266
4672
622
7224
2807
8008
6949
3344
7253
4422
10019
8948
7586
6902
2301
10103
225
6574
7048
9458
4608
792
7607
5592
9027
5248
6212
8191
3658
5313
9866
2125
6163
8933
8944
4055
9339
9828
7471
337
10311
7426
6482
1233
10119
2022
7594
1280
9380
10120
7609
1379
8637
2012
672
7272
5329
1608
6198
3739
2730
3310
5015
8487
5683
4031
5761
9961
4325
925
4770
2291
10041
2476
7296
1231
6965
3389
2108
3851
4544
6365
4073
4372
6800
7530
4841
2295
9158
7324
5360
592
3184
4705
4810
7336
2926
9575
7136
2957
7395
4443
3404
901
3869
2226
3446
6556
3638
9552
2597
4172
8597
4636
2116
10126
1746
9033
3511
10557
3917
5404
3183
3483
4337
6886
8086
5420
4784
2953
10546
2199
5555
2048
5796
7396
10188
8139
4074
7362
7291
7313
9814
822
6054
7265
4497
10048
6488
658
5431
7783
1830
4286
9466
1400
3461
7729
2510
2449
863
3199
1185
9261
256
2162
8909
7814
7884
2409
6427
767
7646
431
5192
8003
9762
898
3283
7375
1110
4404
5039
1905
7047
8284
9141
5222
1637
3132
8988
7334
778
2159
7256
9944
8588
9897
8428
3097
6571
3464
1037
5268
8430
7618
9656
4151
8766
4045
8488
861
8063
9384
48
10391
6563
2103
4030
6475
8458
4752
6304
5458
8161
2440
1436
2259
981
8175
3883
4423
6242
1165
6691
29
1154
10001
2160
3811
4494
4739
4484
9761
579
2698
632
1744
2824
10260
4960
1578
5776
9869
7063
9550
8179
7520
1725
4459
4955
5277
3442
7498
9150
3426
563
7497
9056
7776
6468
8936
1508
10511
7654
8741
5708
7603
8977
3046
6432
5278
8716
5056
2858
9664
2350
3352
2779
2222
10015
4809
2927
6476
3081
2483
9209
2665
7999
955
6791
136
7577
52
5493
3747
2870
5828
1382
8537
5511
5951
1696
10256
8682
4779
8205
710
8819
10189
3639
9584
4346
1876
3505
2885
8444
5743
5925
3074
1951
355
7298
5494
3332
8850
4517
582
8820
6307
8620
659
8202
9701
5302
2210
9276
4379
1816
6232
8201
1507
1599
9513
9411
5251
6745
7243
9093
5711
1398
1656
4652
1706
1378
8690
2097
2654
10330
6101
9042
6973
10292
3815
6939
8595
329
9628
6470
10004
500
10358
9148
734
8729
2873
3800
5275
3782
5605
4227
7710
8235
4850
1977
6384
5575
8826
2684
10575
8261
5320
7051
2613
10057
1697
3255
8492
826
10096
3637
4314
8450
6472
10458
5812
9723
5214
7078
989
8581
8185
2500
172
3159
8628
9881
4182
8654
7848
2943
2890
2377
5815
5068
8364
7350
1989
6119
7034
1872
6296
10461
6707
3271
1883
8705
3709
5324
2598
10070
5680
4878
7081
7488
3497
8692
4680
6554
2035
6686
477
10416
237
3953
9857
1631
3463
9745
3937
8940
872
9862
8709
7677
3804
4925
7137
2430
9975
7671
7781
9116
7647
9228
8382
5751
889
754
7025
7964
10622
1478
5260
9105
10272
4629
8626
7834
7204
449
1963
3997
8363
7008
1321
9714
2070
7188
1338
3844
3240
811
5624
7697
3275
10470
10102
10491
30
10274
8763
7111
5518
7240
880
4938
3296
3076
1445
2183
2181
9007
4293
6572
4898
4832
904
6462
1278
5042
2559
5472
14
5901
6093
9815
4278
7400
3451
458
9117
1367
3127
5678
10089
10584
3450
1067
3724
1077
2850
3999
7553
3962
7892
1177
7506
1920
6147
8974
1319
4660
4303
9813
4145
8918
3353
7270
10040
3583
9531
9651
7284
6332
1099
3905
6394
9279
2670
4377
9337
8243
7005
6808
4675
5735
4387
7407
7222
766
9055
9267
6347
4282
5117
6319
6196
4403
9996
3177
5935
3808
9439
4700
5832
2614
6566
7875
4630
9231
4957
9758
1598
6141
9330
8213
2912
2018
1794
10020
4658
8381
9633
3737
7059
4773
10426
5793
3846
2154
8337
4389
9695
10307
4273
9795
9757
3482
1615
9674
8961
5581
7877
1812
5466
10171
5416
745
8109
9905
3265
8226
8835
7294
5346
7978
4344
2738
8920
6975
8580
3512
7841
4197
5345
3316
18
2175
1010
7950
5496
2866
7817
9681
3149
6176
2940
7980
9127
8190
8031
3168
532
6236
711
9999
2045
4862
3391
6454
4390
6063
8604
1197
3853
3533
4194
8196
5115
6324
1609
9790
7707
9743
7289
7700
496
6087
3498
2321
9021
6705
1249
1981
6844
1627
4283
9516
169
6832
7602
7941
3790
3241
2878
1184
4410
8152
4756
3188
7512
4886
4104
2036
8676
2041
4856
5675
6703
9362
2145
4573
4393
7689
5590
9485
5900
4414
6739
4421
2708
4493
9826
862
916
4306
1114
4231
3102
2233
6315
1506
9865
1467
5786
8244
1267
535
2506
1348
9794
4298
407
3909
1144
6879
4762
10436
8082
6320
10125
5835
5934
437
5943
7415
6988
2997
8178
300
3354
8164
7655
8680
7319
3822
7033
6690
9528
3322
4890
420
1743
6737
609
6335
5648
2190
5884
2843
6057
8969
282
5274
2020
7449
4365
5527
9057
3298
9103
2629
10023
5177
6334
54
5441
4127
3156
2791
6360
10290
4698
10472
3567
2875
2650
10621
918
8187
8947
4420
8304
5265
6262
4946
6785
5413
8816
8912
3246
8142
10204
10599
5651
1996
7644
8477
5004
8438
3722
5757
7365
8391
1281
2529
6184
5557
9818
3331
2752
3796
7152
1097
2895
8719
6877
7192
6149
10408
10555
69
8728
2883
9545
2702
1344
10228
3923
9427
2404
7355
3944
4106
899
3918
4605
7682
1207
902
4639
7451
939
2889
7945
6299
7526
6699
9968
8114
869
6001
892
10075
9479
4927
6006
8989
8145
1074
5999
2735
1089
2427
2114
3313
2863
10302
7806
9829
8366
9613
6327
846
9980
2586
670
1464
44
2956
5392
2042
4641
9805
8016
3723
430
5176
10548
2712
10577
6527
2234
9892
3803
1059
2232
5388
3085
7985
1001
10333
9986
7821
1557
7343
3364
2785
6479
4932
4882
10549
32
7738
4954
2610
5666
8293
4510
3779
9124
7516
3222
1035
3163
8236
6089
9970
10227
3523
6075
2389
3225
4479
6159
3650
9123
3864
10368
5538
10251
6899
9417
617
7259
7878
7091
7135
3634
5546
5045
5621
9987
7940
1596
7555
8203
3384
5293
2886
719
9269
9935
5842
2083
9016
7507
2830
6095
10441
5340
4188
5768
9727
2106
4933
1865
7699
340
9344
1839
5103
8694
4370
5126
5921
930
8405
3109
5328
7092
546
5428
9099
6579
2166
5013
3588
3656
8406
3054
5500
8343
5194
6589
945
10423
7735
8725
3151
4121
5619
8724
6561
3760
10502
6613
631
7477
1775
8834
5634
5719
98
9624
2743
663
9432
5550
8176
10162
6186
1824
4710
1287
4742
9300
224
6628
4026
7845
2669
1332
7583
1969
2844
5576
3033
9912
871
148
3726
8380
9114
9473
9647
1946
7381
8051
704
4584
6803
6536
8489
3831
8574
7217
5668
3695
4749
2565
4745
8675
2787
2056
2224
5985
1423
2980
5941
7990
6297
9171
6294
7849
9045
363
5307
6446
1712
6314
9354
1141
6743
6289
8267
7539
2796
9782
3543
1457
8078
8204
2484
9838
596
5191
4496
9774
408
1105
2571
9292
5300
1285
7529
34
3079
6086
6434
4691
6891
2282
7829
9822
4124
9860
6622
7703
868
6798
5915
7018
8683
126
7172
5415
1069
5762
4159
7807
7306
9399
10281
4550
7122
8124
9920
8049
6268
1026
2481
639
1897
9937
1974
7669
8117
443
8514
1728
3663
146
3589
6369
6509
9159
9020
5533
7681
3950
2284
357
5202
4509
466
4294
9419
6469
9753
9850
6116
10369
6107
8946
9198
6929
1387
1210
2392
8878
4242
6447
7580
8240
6015
2726
6894
6275
9194
230
7596
1148
3131
2294
10433
651
77
397
96
8823
6669
4343
1093
8779
8002
8667
6135
6995
3173
4837
4345
545
7393
6025
9311
5162
5477
3297
1803
3396
3584
5364
9507
163
2399
9230
276
5461
5899
5753
7090
349
8074
1088
9250
10619
3555
6867
6274
7626
1345
9469
819
3928
9610
8601
3189
6819
468
8104
5371
1215
4317
3849
6066
8641
10144
8736
7175
6567
4883
2814
3094
4388
688
1407
8953
5602
1475
10190
10538
2907
6550
851
3515
2892
1100
10496
455
739
2498
9755
85
1610
2168
8513
8746
7617
8546
6419
2453
6642
8241
3400
1104
2696
2517
2065
3738
9663
6071
10
3082
7328
8283
348
10154
10245
2252
646
5456
540
8951
9824
4108
6258
10517
6240
9410
5453
9074
2729
1295
7883
4424
5522
10147
4975
6719
8317
6865
1641
9481
8498
3810
9108
8463
4952
4503
3164
9888
1031
3080
2982
1573
4688
3039
5501
2499
7074
1502
176
7341
1828
5844
10322
2058
5385
3799
3348
7974
1004
9649
2761
4304
8350
6255
4766
4266
2989
5824
6525
3908
5629
10541
736
2939
8369
3408
4826
233
6658
5525
6146
2637
3581
161
7302
9630
6559
5646
717
620
3126
1277
4167
3261
6413
179
4896
9662
8723
8379
9887
1174
4744
5298
2594
6568
9234
6620
5399
6132
1948
6850
2668
3714
1163
8563
8976
5917
5383
8818
6980
7480
8990
8902
5694
7870
7146
9883
608
1635
9852
7746
5427
9
7485
2094
3889
1309
7080
1311
8957
8693
8136
9342
6547
5171
5630
6738
2463
4534
9461
6926
4543
6799
619
4111
87
2211
4588
2591
1204
5862
2178
8932
7023
2087
539
10299
5164
1025
888
8217
3874
3667
7984
9796
7511
3549
2438
3010
5220
10022
491
4059
10569
8387
7100
10468
3823
10039
6131
1209
5744
3012
1517
7565
8358
7227
1961
9956
2727
4077
2257
3847
9969
3845
9872
1386
9908
56
425
9026
6976
4170
8645
2860
517
5338
952
351
20
2549
8080
106
832
2006
2150
5463
9779
10545
1395
9135
10134
7113
7044
9497
8041
6922
10519
10183
3195
4909
9984
5311
6155
3801
854
6205
6211
8812
138
9076
3043
941
6485
4822
2525
9768
4520
538
1362
444
501
2903
3876
9875
7568
10055
6396
9273
9910
3877
2328
7176
6618
6608
6763
6951
9847
6486
1501
5460
7114
2880
7206
9596
5984
5273
5734
6293
3735
5448
3852
502
2688
2366
6120
9457
4922
8138
2932
1924
4228
7772
9049
6010
62
4614
5132
1592
4570
7069
7398
8426
6515
8805
1312
1729
4256
4603
4615
2235
8755
1441
4526
655
3587
6910
10231
10012
3720
5875
5216
5490
6818
2163
653
454
7419
9185
1713
7482
4176
7581
9297
569
4804
7624
5266
504
3101
2363
7440
1788
1328
6630
6273
5368
8542
7975
1452
9499
4707
2528
3025
6775
7798
8043
6295
7140
5954
2096
1070
7247
8608
10080
3539
3192
1607
5530
8677
4240
5699
3531
6311
7605
3016
7755
10094
1370
2482
8233
9321
6417
4058
7842
1852
3253
6546
2170
7087
315
6698
5924
7895
8854
511
3998
10513
3373
4428
6751
10581
1129
9686
4216
3417
4008
2260
4407
2701
4212
7437
8573
9120
10138
1673
859
2774
2874
8587
5193
5787
280
8896
5006
8527
6915
7414
6545
6098
7968
10349
10295
4581
9659
1415
9452
5712
1334
6974
8274
1927
2237
9477
2332
8903
86
7330
4311
8253
4472
8227
3098
10045
2397
9017
2467
1932
1282
5102
5632
9467
8291
6637
7285
969
5387
6484
512
2437
7174
3730
9720
4113
9598
4793
3986
9387
6769
7695
5067
10424
7900
5076
8011
7574
7380
15
10626
5295
2380
7261
2645
1683
5001
8153
8768
1456
5167
8887
2338
9315
5305
7939
175
3713
2652
9104
410
2174
1638
5186
2408
7830
9899
9570
1446
750
5294
486
465
3882
881
1866
10589
104
2582
2522
7391
8541
7109
6695
8981
10287
10129
5748
2014
4023
10084
4795
3933
9921
8971
2074
1759
7382
7956
460
3649
8218
1770
3421
158
2033
6076
5971
4488
166
7462
8314
6506
4307
1774
6033
6716
8606
8147
595
3050
5616
6887
2312
5376
8867
9913
2405
8962
9187
9537
5263
4566
5903
7178
1176
4032
7552
6845
3376
6741
8357
8225
9963
5939
2071
4983
8431
6339
2773
10588
16
2719
7905
2792
7017
6355
9519
804
7460
1700
1586
283
3700
5950
5765
5847
5095
4447
7757
1800
2473
10124
10267
2063
2923
6900
8231
5674
5895
10000
1208
1910
194
5491
6843
3577
9327
5335
5864
207
3394
429
4560
10395
6055
9024
6852
7476
10152
325
4416
7818
4352
6575
10420
6710
293
453
7052
5349
3378
89
5860
9064
1047
1369
3793
7839
7753
6942
3945
1198
4201
4687
6787
3443
7572
594
9245
7967
5145
8397
9138
1771
2027
9019
9153
3907
972
6749
630
10488
9846
4948
3019
8260
6392
4175
6548
9544
4910
4454
1487
8548
718
514
7238
2539
7279
8797
10582
7411
137
0
8148
10442
2121
3362
10042
2915
171
5607
78
4814
7851
3471
9320
2793
5559
735
5337
7737
7106
8376
9709
5996
9689
1817
10623
105
10091
2783
9707
6936
3200
8714
8282
4696
597
3311
9416
9731
5286
9243
1542
8503
5670
8452
1857
5165
503
8646
6371
5805
10385
715
6401
9071
1000
9212
10275
967
910
5799
8420
3365
2836
3334
1335
8847
3935
2657
6786
401
2388
6764
7915
1352
996
2451
4879
578
7374
3367
9233
2725
3047
7771
3196
279
7534
7280
2741
3901
9130
6598
8170
1564
8765
2314
9266
3029
8870
6757
2599
4595
4392
2457
2928
2802
5831
3031
6250
3307
6379
6345
1881
775
4448
8800
2745
1355
9529
6218
5843
6578
6321
8980
4397
4747
8392
6059
6552
9845
3867
4593
6640
2189
8737
2685
10503
987
1470
1422
8550
8901
3175
6352
7269
4313
7513
6977
8522
4835
1389
681
2093
3655
725
6778
1137
3536
2297
2703
4009
4259
6178
9973
2157
9876
6883
961
2384
5902
1516
268
8860
10239
2851
8561
8197
1669
7305
5483
4087
4200
6126
3767
542
10490
6746
9180
9442
10453
2349
1226
694
7961
6672
2812
7104
1152
3665
8828
4735
10372
6783
6300
1302
2142
7085
8616
41
7756
1510
5600
2213
2579
8950
5773
7143
2965
5810
4737
10474
6585
8276
8535
7202
9679
4312
1698
5495
4805
1279
9839
3496
4071
5057
1681
6253
2152
1162
8122
8120
8784
7384
5374
6170
3857
6780
5497
8534
1201
4146
5107
5535
864
2853
991
6656
8732
4177
3034
4992
5155
2535
753
8653
4783
2934
7559
10580
9072
907
5050
8004
3979
3040
3015
5036
9786
4911
920
10323
7166
4549
5149
7303
547
9375
2214
4429
8691
2968
1527
2391
10579
6416
4215
5492
7638
9771
4634
4084
4767
633
4329
10262
5203
2355
806
3444
1232
3744
8657
9224
8554
5709
9780
2269
9396
7466
1529
1780
9652
5782
4981
8852
6858
7676
9557
1724
4399
2748
3743
1442
3913
3841
8668
9008
5334
9478
2104
3817
5649
728
2146
7031
3494
4791
8634
7131
5957
10165
8365
10028
7800
883
6265
3835
5287
7196
7869
2964
7473
3785
9225
1742
7922
7924
2299
2763
9277
4450
2556
983
9993
3263
4889
3017
7889
8701
4527
1584
3295
5772
2459
8644
8528
1667
1205
7024
7524
3710
9295
6140
7547
9065
1120
1943
7026
2918
5553
191
6000
6216
4027
4794
7379
4130
4875
4895
5030
3477
10614
10422
5482
2273
4187
8753
4642
2031
6414
298
1101
9324
7550
1320
3317
1187
5927
5841
5121
8398
4907
5620
1451
10449
312
6356
10542
4718
9878
8584
5818
998
924
1875
5682
2757
10459
10466
9111
860
9629
6595
2877
5919
5426
9746
1030
1984
7369
1474
2616
5074
10477
9084
7412
5047
1640
3825
2118
9775
2028
418
164
8183
2039
2804
6180
8308
8209
1722
6617
1167
7919
10217
2262
6688
721
7209
5408
689
5684
7515
8032
8328
3475
1055
58
1260
8771
2267
9609
5093
2010
38
5830
2501
7083
4673
5484
7064
6614
5124
255
4189
2715
769
13
9100
8234
937
4413
3728
962
1505
1297
8894
9063
9240
3526
8249
10429
742
2402
10415
5612
8973
1854
9000
7464
2533
7420
6202
3136
2998
4935
10329
6443
626
6839
4839
10379
4066
848
1721
2218
1730
2217
6855
4140
6611
9592
2205
2493
8970
2110
4969
5627
7799
2518
2827
2777
9741
7254
3223
6437
5011
9955
9668
7346
3073
8
1692
6114
8066
5378
7173
9952
5
3268
35
10073
9170
7235
1886
8702
8332
9884
5012
2281
1357
6853
8071
7657
10381
1268
4331
8311
959
2400
4225
8533
1593
97
5182
887
3734
9022
5570
6224
9982
6161
3550
10186
1750
6694
5874
2246
9602
786
156
4940
183
4674
10394
167
1339
6407
914
4244
4668
7575
9494
7019
7315
3762
4694
3277
10561
8245
6084
3009
3578
7421
4848
5653
10169
4348
9314
1190
587
5693
9009
7095
4689
6044
4440
9819
3066
5033
6290
884
9580
10552
3607
10507
9882
8507
5281
7158
1773
10371
6014
2770
7248
8095
5594
7947
8674
1149
7433
6990
8482
9571
10448
8038
9804
8045
1300
9751
3674
318
1601
3258
5747
8257
3732
4102
8061
2362
1358
201
8788
3821
7592
3716
6841
9831
9810
236
5419
9837
5814
10328
5279
6830
897
2660
3992
4944
258
4452
3792
7317
6440
10156
3504
6986
1805
4645
8843
3213
7709
9286
7422
9600
480
10434
6090
5572
7496
4971
1916
3206
3946
9623
3862
4799
8518
1188
10431
1890
285
5330
8055
10344
2835
6248
6267
9568
4846
3323
10079
4602
6490
142
8664
5519
7680
6380
912
4877
9085
666
2491
8305
10212
5552
10484
1255
5236
8181
2766
1894
314
6173
5333
3562
1193
1804
9903
1180
6772
5672
6354
4299
8401
1364
3660
10170
3858
4471
1469
2089
3768
9018
5178
6823
3987
10425
3711
9808
10615
1786
2922
5853
197
9792
10093
4561
8627
6097
5517
3731
2258
10194
6647
4353
8396
570
7004
1318
2560
8996
4436
8193
5008
4075
4995
8479
7992
9608
5716
5739
2315
568
273
1380
3635
1553
5989
3431
1645
4322
3759
5640
1702
8531
9422
9463
7386
8481
8169
4292
708
3053
1583
1056
10520
9034
3943
2865
9436
9618
5556
6130
7764
5174
927
3837
5963
8829
2486
5296
3868
8275
5692
2393
8866
4342
6662
5731
7096
1224
2962
577
3780
10383
4870
6539
3633
8713
1970
6966
3303
6884
6142
8930
1833
4643
6927
3903
6420
4253
2268
1434
8133
9058
7852
7364
1040
1987
8984
7913
5718
7532
9406
476
1418
9272
3597
1085
253
7075
1094
10121
8046
8206
5026
7376
760
640
10300
9896
8163
770
4743
9428
8809
493
9464
9983
6564
6510
1723
9390
123
10560
6583
2151
3938
4305
683
2632
4362
2649
7295
2241
6882
7949
6961
7009
1840
9232
9971
5993
4085
1131
6648
6037
559
5325
1618
321
2811
1330
3956
638
9054
6833
10497
5306
2277
7187
3423
8208
3068
3438
5947
6188
9010
8195
4491
5058
1493
4816
810
8882
2910
3932
2289
3292
4011
4533
1797
5688
1647
6045
5195
5010
5763
4843
2803
9946
7260
1164
1642
5992
5016
2373
3235
6570
6463
4871
5806
7116
4161
193
2047
7584
5157
4529
7180
5207
2640
5961
1526
5944
7057
9747
7645
660
6105
3750
7808
6921
3580
6822
10455
6924
6596
765
7921
10062
9842
2784
3140
1769
5029
378
4715
5401
5580
428
5922
395
2209
65
376
4888
5995
2746
1675
4462
4198
9548
5434
8344
10348
4789
839
1954
1936
580
10526
3056
5509
2147
529
7995
612
6367
7623
9001
8338
5913
8023
8751
5611
10312
1929
9222
8312
186
2101
10310
8050
2270
2756
8088
4740
893
4139
9764
791
10066
4771
6337
5206
4401
7835
6956
1670
5314
2751
341
5135
95
4051
6164
4644
1087
2223
1736
6989
6223
9759
5698
5764
5395
3789
6041
8565
9706
4040
6177
3420
648
7371
4247
6981
3154
9713
9081
1192
8999
990
9048
1976
3174
6522
1306
5976
1291
4169
4515
1620
516
4135
1782
6890
7537
5906
6519
9554
3490
709
7620
242
9843
6195
2292
909
3205
4220
9836
4525
1717
7257
3269
5123
7862
1283
3625
2490
10132
1276
9566
4460
8189
7079
9492
8087
10600
7501
3774
2256
8333
3899
6203
8519
574
9549
4714
9582
8861
1622
8048
10148
1880
7468
8738
8934
9246
7813
8085
10411
4235
9590
7619
6256
2897
1145
2916
4057
9965
93
10236
3861
8839
9400
451
4044
9449
2991
27
9972
4386
1949
2046
1694
9750
9949
2786
5137
7726
685
8914
8285
9475
5562
5134
9716
691
7442
2479
3966
2272
1655
2987
4318
1888
5658
5069
7263
3021
8885
10269
573
3468
4811
7528
5423
339
6002
3888
8899
6431
6366
1117
1741
6043
6032
9654
4367
7292
9051
5685
2000
7377
8445
4366
7444
9683
6753
3502
5269
6305
9089
9953
8625
2605
3096
9803
3458
8610
10259
3237
7160
4250
556
3372
309
3252
6793
229
1017
6606
8219
5689
9880
3284
2961
1363
8530
3114
1903
4571
2062
9039
8770
7683
785
583
665
1458
8239
5681
1778
5948
9434
10112
3001
7191
7118
206
8700
3309
10457
10390
10178
8844
1304
2318
8598
10082
8699
8596
5478
3289
982
6657
6303
8472
9614
37
5097
7894
6104
6905
1874
210
10536
4671
2666
7015
8403
10243
7242
1301
4245
6387
5615
9540
6209
8987
241
6682
4535
795
8859
10118
10583
6985
4288
5389
3983
3447
906
4068
3547
2972
2872
10276
6534
6207
10430
2512
2133
3155
2311
8511
9856
10304
6624
3390
8921
9873
8490
2059
2436
8579
5742
9253
4021
4637
6881
9426
9943
1939
7866
10527
4897
8832
5820
9895
2324
6993
7979
4914
7633
4876
3689
5975
8299
911
4004
3761
8665
5125
6747
9834
1944
9670
10366
3749
1124
8029
2538
356
6593
801
3130
3061
9112
1885
5396
6128
8439
1704
8167
8630
5255
5983
1548
8214
6150
250
8313
975
3239
1849
7252
3280
7318
5112
9367
4405
246
259
125
24
2078
4712
9718
6885
9257
127
1889
5891
6869
8631
2275
4400
8127
3772
7186
4408
10512
3931
1768
5082
5585
4210
6864
4486
5169
7309
1661
7510
3791
7976
1581
2356
2992
10200
8356
189
3557
6103
2470
4007
3542
7872
9294
614
9721
1543
2822
10597
4531
6134
10071
3617
1045
4101
6158
6459
9223
8585
263
5129
7615
5032
8385
3692
3088
497
10280
8383
4279
2206
6718
8053
2541
9669
773
1623
10574
10610
1884
667
5639
8128
4722
3955
10250
6671
2112
2084
526
157
1053
1934
9599
8468
372
2970
782
5041
1477
3491
8102
6528
8065
3640
9907
47
6403
2532
1195
7664
1869
8905
7458
8182
3492
398
7517
8345
7072
5035
8671
524
6943
