1.035908579826355,0.9550000429153442,1.0717207193374634
1.0270800590515137,0.9700000286102295,1.0735957622528076
1.024999976158142,0.9750000238418579,1.1570333242416382
1.0313308238983154,0.9600000381469727,1.0735957622528076
1.0199999809265137,0.9800000190734863,1.0323456525802612
1.024999976158142,0.9750000238418579,1.0410958528518677
1.024999976158142,0.9750000238418579,1.0325019359588623
1.0375635623931885,0.9550000429153442,1.227033257484436
1.0365673303604126,0.940000057220459,1.818126916885376
1.0199999809265137,0.9800000190734863,1.0687519311904907
1.0406477451324463,0.9500000476837158,1.6192207336425781
1.0424572229385376,0.9500000476837158,1.6356269121170044
1.0323158502578735,0.9550000429153442,1.4009394645690918
1.024999976158142,0.9750000238418579,1.0456269979476929
1.0199999809265137,0.9800000190734863,1.0320332050323486
1.0372639894485474,0.9550000429153442,1.2257832288742065
1.024999976158142,0.9750000238418579,1.0229706764221191
1.0199999809265137,0.9800000190734863,1.0292208194732666
1.024999976158142,0.9750000238418579,1.0567206144332886
1.024999976158142,0.9750000238418579,1.0389081239700317
1.024999976158142,0.9750000238418579,1.0329705476760864
1.024999976158142,0.9750000238418579,1.0598456859588623
1.0199999809265137,0.9800000190734863,1.0265644788742065
1.024999976158142,0.9750000238418579,1.0453144311904907
1.030432105064392,0.9600000381469727,1.1675019264221191
1.024999976158142,0.9750000238418579,1.0251582860946655
1.0336472988128662,0.9600000381469727,1.0693769454956055
1.0199999809265137,0.9800000190734863,1.034064531326294
1.0199999809265137,0.9800000190734863,1.029064416885376
1.0313308238983154,0.9600000381469727,1.0735957622528076
1.024999976158142,0.9750000238418579,1.0426582098007202
1.0199999809265137,0.9800000190734863,1.011095643043518
