1.040908694267273,0.9500000476837158,1.1010957956314087
1.0220800638198853,0.9750000238418579,1.0679707527160645
1.0199999809265137,0.9800000190734863,1.1689083576202393
1.0363308191299438,0.9550000429153442,1.073127031326294
1.024999976158142,0.9750000238418579,1.0323456525802612
1.024999976158142,0.9750000238418579,1.0425021648406982
1.024999976158142,0.9750000238418579,1.0321893692016602
1.0375635623931885,0.9550000429153442,1.2285957336425781
1.0392494201660156,0.940000057220459,1.8173457384109497
1.0199999809265137,0.9800000190734863,1.0687519311904907
1.0433298349380493,0.9500000476837158,1.6279706954956055
1.0374572277069092,0.9550000429153442,1.6550019979476929
1.0323158502578735,0.9550000429153442,1.405158281326294
1.0199999809265137,0.9800000190734863,1.0440644025802612
1.0199999809265137,0.9800000190734863,1.0320332050323486
1.0372639894485474,0.9550000429153442,1.2257832288742065
1.024999976158142,0.9750000238418579,1.0235956907272339
1.0199999809265137,0.9800000190734863,1.0292208194732666
1.0199999809265137,0.9800000190734863,1.0520331859588623
1.0199999809265137,0.9800000190734863,1.0365644693374634
1.024999976158142,0.9750000238418579,1.0337518453598022
1.0221220254898071,0.9750000238418579,1.0420331954956055
1.0199999809265137,0.9800000190734863,1.0265644788742065
1.024999976158142,0.9750000238418579,1.047189474105835
1.0354321002960205,0.9550000429153442,1.165626883506775
1.024999976158142,0.9750000238418579,1.0250020027160645
1.0409085750579834,0.9500000476837158,1.0703145265579224
1.0199999809265137,0.9800000190734863,1.034064531326294
1.0199999809265137,0.9800000190734863,1.029064416885376
1.0313308238983154,0.9600000381469727,1.0735957622528076
1.024999976158142,0.9750000238418579,1.0421894788742065
1.0199999809265137,0.9800000190734863,1.011095643043518
