1.0940001010894775,0.9910001158714294,3.0000052452087402
1.1920000314712524,0.9910001158714294,2.9999923706054688
2.0320000648498535,0.9769999980926514,2.9999911785125732
1.251999855041504,0.9930000901222229,3.0000016689300537
1.194000005722046,0.9920001029968262,2.999995470046997
1.1869999170303345,0.9900000095367432,3.0000057220458984
1.1449999809265137,0.9900000691413879,2.999997138977051
1.1459999084472656,0.9920000433921814,3.0000057220458984
1.2369999885559082,0.9900000095367432,3.0000059604644775
1.2610000371932983,0.9860000610351562,3.0000033378601074
1.1129999160766602,0.9879999756813049,3.0000059604644775
1.2200000286102295,0.9900001287460327,3.0000011920928955
1.4249999523162842,0.9900001287460327,3.000002861022949
1.2739999294281006,0.984000027179718,3.0000061988830566
1.337999939918518,0.984000027179718,2.9999969005584717
5.151000499725342,0.9340000152587891,3.00000262260437
1.3819999694824219,0.9910000562667847,3.000002145767212
1.0770001411437988,0.9940000772476196,3.0000061988830566
1.2609999179840088,0.9880000352859497,3.0000014305114746
1.0570000410079956,0.9950000643730164,3.0000057220458984
1.0789999961853027,0.9950000643730164,3.0000057220458984
1.099000096321106,0.9950000643730164,3.0000057220458984
1.1360000371932983,0.9930000901222229,3.0000011920928955
1.2260000705718994,0.9950000643730164,2.999997138977051
1.0829998254776,0.9940000772476196,3.0000052452087402
2.690000295639038,0.9679999351501465,3.000002861022949
1.2269999980926514,0.987000048160553,3.000002384185791
1.2359999418258667,0.987000048160553,3.0000014305114746
1.315999984741211,0.9910000562667847,2.9999964237213135
1.465999960899353,0.9839999675750732,3.0000011920928955
1.0730000734329224,0.9930000901222229,3.0000052452087402
1.5040000677108765,0.9900000691413879,2.999995470046997
1.4470000267028809,0.9850000739097595,2.9999969005584717
3.0199999809265137,0.9649999737739563,2.9999940395355225
1.6349999904632568,0.9859999418258667,2.999990940093994
1.9640001058578491,0.9809999465942383,3.0
2.5989999771118164,0.9709999561309814,2.9999969005584717
1.188000202178955,0.9900001287460327,3.0000054836273193
1.2350000143051147,0.9900001287460327,3.0000014305114746
2.065000057220459,0.965999960899353,2.9999985694885254
2.0820000171661377,0.9729999303817749,2.9999911785125732
1.1990000009536743,0.9890000224113464,2.999997138977051
2.2239999771118164,0.9760000109672546,2.999995231628418
1.2130001783370972,0.9900000095367432,3.0000014305114746
1.222999930381775,0.9890000820159912,2.9999969005584717
3.8549997806549072,0.9420000314712524,2.9999985694885254
1.1820000410079956,0.9900001287460327,3.0000057220458984
1.1829999685287476,0.9930000901222229,3.0000057220458984
1.2279999256134033,0.9920001029968262,2.999988079071045
1.3070000410079956,0.9829999804496765,2.9999966621398926
1.0930001735687256,0.9950000643730164,3.0000059604644775
1.065000057220459,0.9930000305175781,3.0000059604644775
1.9909999370574951,0.968999981880188,3.0000030994415283
1.225000023841858,0.9869999885559082,3.0000054836273193
1.3279999494552612,0.9860000610351562,2.9999966621398926
1.3360000848770142,0.987000048160553,3.0000038146972656
1.191999912261963,0.9920000433921814,3.0000052452087402
1.0870000123977661,0.9940000772476196,3.0000059604644775
1.3190001249313354,0.9880000352859497,3.000004291534424
1.0279998779296875,0.9950000643730164,3.000004768371582
1.3090001344680786,0.9850000143051147,3.0000007152557373
1.7140001058578491,0.9850000143051147,2.9999969005584717
1.3060001134872437,0.987000048160553,2.9999966621398926
1.253000020980835,0.9930000901222229,3.0000040531158447
1.3019999265670776,0.9839999675750732,3.0000057220458984
1.1959999799728394,0.9940000772476196,2.999992847442627
1.1399999856948853,0.9940000772476196,3.0000011920928955
1.8919999599456787,0.9850000143051147,2.9999969005584717
1.343000054359436,0.9900000095367432,3.0000016689300537
1.085999846458435,0.9950000643730164,3.0000061988830566
1.0540000200271606,0.9950000643730164,3.0000052452087402
1.191999912261963,0.9950000643730164,2.999990940093994
1.224000096321106,0.9869999885559082,3.0000059604644775
1.2430000305175781,0.9860000610351562,3.0000011920928955
1.178999900817871,0.9930000305175781,3.00000262260437
1.2350000143051147,0.9930000901222229,2.999988317489624
1.694000005722046,0.984000027179718,2.9999990463256836
1.1339999437332153,0.9880000352859497,2.9999969005584717
1.0850000381469727,0.9940000772476196,2.9999966621398926
1.2770001888275146,0.9930000305175781,2.9999992847442627
1.3300001621246338,0.9900001287460327,2.999992847442627
1.1630001068115234,0.9950000643730164,3.000005006790161
1.1340000629425049,0.9930000901222229,3.0000059604644775
1.2050000429153442,0.9950000643730164,2.999992847442627
1.3079999685287476,0.9839999675750732,3.0000011920928955
2.0350000858306885,0.9750000238418579,2.9999911785125732
1.0980000495910645,0.9950000643730164,3.0000059604644775
1.337999939918518,0.9900000095367432,3.0000009536743164
1.187000036239624,0.9950000643730164,3.0000038146972656
1.091999888420105,0.9950000643730164,3.0000059604644775
1.2510000467300415,0.9910000562667847,3.0000040531158447
1.1399998664855957,0.9920000433921814,3.000006675720215
1.092000126838684,0.9950000643730164,3.0000061988830566
1.029999852180481,0.9950000643730164,3.0000054836273193
1.2999999523162842,0.9900000691413879,2.999997138977051
1.225000023841858,0.9910001158714294,2.999992847442627
1.1009999513626099,0.9950000643730164,3.0000054836273193
1.1390000581741333,0.9920000433921814,3.0000059604644775
1.2100000381469727,0.9880000352859497,3.0000059604644775
1.0499999523162842,0.9950000643730164,3.0000057220458984
1.2110000848770142,0.9839999675750732,3.0000059604644775
1.2100000381469727,0.9869999885559082,3.0000057220458984
1.3320000171661377,0.9829999208450317,2.9999969005584717
1.5410000085830688,0.9779999852180481,2.999992609024048
1.1339999437332153,0.9900001287460327,3.0000054836273193
1.468999981880188,0.9799999594688416,2.999992847442627
3.897000312805176,0.9740000367164612,2.9999966621398926
1.6790000200271606,0.9750000238418579,3.0000038146972656
1.1359999179840088,0.9910001158714294,3.0000054836273193
1.3289999961853027,0.9890000224113464,3.0000016689300537
1.2630001306533813,0.9930000901222229,3.000002145767212
1.069000005722046,0.9940000772476196,3.0000014305114746
1.217000126838684,0.9900000095367432,3.0000011920928955
1.2259999513626099,0.9880000352859497,2.9999992847442627
1.1169999837875366,0.9920001029968262,3.0000059604644775
1.1469999551773071,0.9930000901222229,3.0000057220458984
1.2419999837875366,0.9890000820159912,3.000004291534424
1.534000039100647,0.9839999079704285,2.99999737739563
1.5470001697540283,0.9839999079704285,2.999997138977051
1.0910000801086426,0.9950000643730164,3.0000057220458984
1.309999942779541,0.9900000691413879,3.0000040531158447
1.290000081062317,0.9840000867843628,2.999995470046997
1.4780000448226929,0.9810000658035278,2.999999761581421
1.1150001287460327,0.9920001029968262,3.000004768371582
1.7599999904632568,0.9709999561309814,2.999994993209839
1.3499999046325684,0.9850000143051147,3.000005006790161
1.3640002012252808,0.9940000772476196,2.9999935626983643
2.2929999828338623,0.9839999079704285,2.9999969005584717
2.302000045776367,0.981999933719635,2.9999935626983643
1.1369999647140503,0.9950000643730164,2.9999969005584717
1.1489999294281006,0.9920001029968262,3.0000007152557373
1.5530000925064087,0.984000027179718,2.9999969005584717
1.6570000648498535,0.9860000014305115,2.9999938011169434
2.517000198364258,0.9700000286102295,2.999988079071045
1.2480000257492065,0.9869999885559082,2.9999966621398926
1.1920000314712524,0.987000048160553,3.0000057220458984
1.656000018119812,0.9760000109672546,3.0000057220458984
1.2680000066757202,0.9910000562667847,2.999992847442627
1.318000078201294,0.9829999804496765,3.0000014305114746
1.3270000219345093,0.9849998950958252,3.0000014305114746
1.3489999771118164,0.9849998950958252,3.0000011920928955
1.1850000619888306,0.9950000643730164,3.0000057220458984
1.373000144958496,0.9900000095367432,3.0000007152557373
1.4509999752044678,0.9930000901222229,2.9999985694885254
1.3769999742507935,0.9820000529289246,3.00000262260437
1.465000033378601,0.9859999418258667,3.000005006790161
1.3100000619888306,0.987000048160553,3.0000059604644775
1.0820000171661377,0.9930000901222229,3.0000054836273193
1.557999849319458,0.9819999933242798,2.9999959468841553
1.1319998502731323,0.9930000901222229,3.0000057220458984
1.2430000305175781,0.9900000691413879,3.0000040531158447
1.281000018119812,0.9910001158714294,3.000004291534424
1.1139999628067017,0.9950000643730164,3.0000052452087402
1.3160001039505005,0.9950000643730164,2.999988317489624
1.3439998626708984,0.987000048160553,3.0000059604644775
1.1359999179840088,0.9920000433921814,3.0000054836273193
1.1069999933242798,0.9930000901222229,3.0000054836273193
1.1339999437332153,0.9940000772476196,3.000005006790161
1.2120000123977661,0.9860000014305115,3.0000011920928955
1.2050000429153442,0.9850000143051147,3.0000059604644775
1.3630000352859497,0.981999933719635,3.0000014305114746
1.5220000743865967,0.9790000319480896,2.999999523162842
1.2489999532699585,0.9850000143051147,2.9999966621398926
1.1820000410079956,0.9880000948905945,2.999997138977051
1.1549999713897705,0.9880000352859497,3.0000054836273193
1.4210000038146973,0.9789999723434448,3.0
1.5509999990463257,0.9809999465942383,3.00000262260437
1.3780001401901245,0.9799999594688416,3.0000009536743164
1.3619999885559082,0.9900000691413879,2.999992847442627
1.3560001850128174,0.9829999804496765,2.9999923706054688
1.1000001430511475,0.9930000305175781,3.0000059604644775
1.0750000476837158,0.9950000643730164,3.0000054836273193
1.1419999599456787,0.9940000772476196,2.99999737739563
1.159000039100647,0.9930000901222229,3.0000061988830566
1.1460001468658447,0.9920001029968262,3.0000061988830566
1.409000039100647,0.9819999933242798,2.999999523162842
1.2700001001358032,0.9890000224113464,3.0000040531158447
1.2239999771118164,0.9829999804496765,3.0000059604644775
1.3140000104904175,0.9799999594688416,3.000001907348633
1.0830000638961792,0.9950000643730164,3.0000059604644775
1.4359999895095825,0.9900000691413879,2.9999983310699463
1.065999984741211,0.9950000643730164,3.0000057220458984
1.0600000619888306,0.9920001029968262,3.0000054836273193
1.1469999551773071,0.9890000224113464,3.0000007152557373
1.2039999961853027,0.9880000352859497,3.0000007152557373
1.6790000200271606,0.9829999804496765,2.9999992847442627
1.0810000896453857,0.9909999966621399,3.0000057220458984
1.1589999198913574,0.9920001029968262,3.0000057220458984
1.2070000171661377,0.9860000014305115,3.0000057220458984
1.4790000915527344,0.9830000400543213,3.0000057220458984
1.1950000524520874,0.9930000305175781,3.0000011920928955
1.9410001039505005,0.9749999642372131,3.0
1.123000144958496,0.9930000901222229,3.0000059604644775
1.6130000352859497,0.9790000319480896,2.999988079071045
1.1470000743865967,0.9940000772476196,3.0000014305114746
1.128000020980835,0.9950000643730164,2.9999969005584717
1.5519999265670776,0.9779999256134033,3.000002384185791
1.1100000143051147,0.9920001029968262,3.0000057220458984
1.5500000715255737,0.9859999418258667,3.0000038146972656
1.6799999475479126,0.9849998950958252,3.000004529953003
1.8250000476837158,0.9859999418258667,3.000000238418579
1.2040001153945923,0.984000027179718,3.0000061988830566
1.4480000734329224,0.9799999594688416,3.00000262260437
1.399999976158142,0.9769999980926514,3.000005006790161
1.093000054359436,0.9910000562667847,3.0000057220458984
1.2730000019073486,0.9940000772476196,2.999987840652466
1.1660001277923584,0.9920000433921814,3.0000059604644775
1.0579999685287476,0.9940000772476196,3.000005006790161
1.0649999380111694,0.9950000643730164,3.0000059604644775
2.81600022315979,0.972000002861023,2.9999961853027344
2.3400001525878906,0.9849998950958252,2.9999992847442627
1.1069999933242798,0.9930000901222229,2.9999966621398926
1.308000087738037,0.9839999675750732,3.0000054836273193
1.1039999723434448,0.9900001287460327,3.0000057220458984
1.1669999361038208,0.9910000562667847,3.0000057220458984
1.4909999370574951,0.9709999561309814,3.0000057220458984
1.1320000886917114,0.9910000562667847,3.0000057220458984
1.2920000553131104,0.9910000562667847,2.999992609024048
1.3319998979568481,0.9829999804496765,2.999987840652466
1.3590000867843628,0.9930000901222229,2.9999966621398926
1.1790001392364502,0.9900000691413879,3.0000057220458984
1.186000108718872,0.9920000433921814,3.0000014305114746
1.1100001335144043,0.9910001158714294,3.0000057220458984
1.343999981880188,0.9869999885559082,2.9999966621398926
1.428999900817871,0.9799999594688416,2.9999921321868896
1.1810001134872437,0.9890000224113464,3.0000052452087402
1.1720000505447388,0.9870001077651978,3.0000061988830566
1.1410000324249268,0.9930000901222229,3.0000057220458984
1.1220000982284546,0.9900000095367432,3.0000054836273193
1.227000117301941,0.9860000014305115,3.0000016689300537
1.16100013256073,0.9900000691413879,3.0000011920928955
1.093000054359436,0.9950000643730164,3.0000054836273193
1.2300000190734863,0.9860000610351562,3.0000057220458984
1.2689999341964722,0.9859999418258667,3.0000054836273193
1.5410000085830688,0.9879999756813049,2.999997138977051
1.3119999170303345,0.9880000352859497,2.9999985694885254
2.187000036239624,0.9819999933242798,2.999997138977051
1.0839999914169312,0.9930000901222229,3.0000052452087402
1.0859999656677246,0.9890000820159912,3.0000059604644775
1.193000078201294,0.9839999079704285,3.0000014305114746
1.4390000104904175,0.9869999885559082,3.00000262260437
1.4190000295639038,0.9910001158714294,2.9999988079071045
1.3259998559951782,0.9920001029968262,2.9999938011169434
1.0829999446868896,0.9920001029968262,3.0000054836273193
1.0700000524520874,0.9930000305175781,3.0000057220458984
1.0479999780654907,0.9940000772476196,3.000005006790161
1.15500009059906,0.9860000014305115,3.000005006790161
1.4610000848770142,0.9800000190734863,3.0000011920928955
1.0819998979568481,0.9880000352859497,3.000004768371582
1.1770000457763672,0.9890000224113464,3.0000064373016357
1.0820000171661377,0.9909999966621399,3.0000054836273193
1.1120001077651978,0.9910000562667847,3.0000061988830566
1.4510000944137573,0.9739999771118164,3.0000009536743164
1.099000096321106,0.9920001029968262,3.0000059604644775
1.2280000448226929,0.9860000014305115,2.9999969005584717
1.321000099182129,0.9880000948905945,2.999997138977051
1.3569999933242798,0.9850000739097595,2.9999959468841553
1.1970001459121704,0.9900001287460327,2.999997138977051
1.1639999151229858,0.9839999675750732,3.0000052452087402
1.0809998512268066,0.9940000772476196,3.0000061988830566
1.1349999904632568,0.9870001077651978,3.000005006790161
1.1039998531341553,0.9910000562667847,3.0000059604644775
1.2330000400543213,0.9950000643730164,2.9999990463256836
1.498000144958496,0.9860000014305115,2.9999988079071045
1.3250000476837158,0.9840000867843628,2.9999983310699463
1.221000075340271,0.9910001158714294,2.999992609024048
1.0889999866485596,0.9940000772476196,3.0000059604644775
1.1030001640319824,0.9930000901222229,3.0000057220458984
1.1010000705718994,0.9950000643730164,2.9999985694885254
1.2670000791549683,0.9880000352859497,3.0000040531158447
1.277000069618225,0.9920000433921814,3.0
1.406000018119812,0.9810000061988831,3.0000061988830566
1.1699999570846558,0.9900000095367432,3.0000061988830566
1.9639999866485596,0.968999981880188,2.999999761581421
1.1190000772476196,0.9920000433921814,3.0000059604644775
1.0420000553131104,0.9950000643730164,3.0000059604644775
1.1260000467300415,0.9940000772476196,3.0000059604644775
1.0910000801086426,0.9930000305175781,3.0000054836273193
1.3899999856948853,0.9829999804496765,3.000002384185791
2.200000047683716,0.9679999947547913,2.999995708465576
1.337999939918518,0.9930000901222229,3.0000040531158447
1.180999994277954,0.9930000901222229,3.0000038146972656
1.1720000505447388,0.9920001029968262,3.0000059604644775
1.5770000219345093,0.9789999723434448,2.9999940395355225
1.3280000686645508,0.9869999885559082,3.000004291534424
1.1100000143051147,0.9950000643730164,2.9999969005584717
1.0979998111724854,0.9950000643730164,3.0000059604644775
1.5759999752044678,0.9739999771118164,3.000005006790161
1.1719999313354492,0.9909999966621399,3.0000054836273193
1.2430000305175781,0.9900000691413879,3.0000011920928955
1.253999948501587,0.9860000014305115,3.0000064373016357
1.4820001125335693,0.984000027179718,2.999999523162842
1.3640000820159912,0.9800000786781311,2.999997138977051
1.5220001935958862,0.9759999513626099,3.0000059604644775
1.0800000429153442,0.9940000772476196,3.0000052452087402
1.1710000038146973,0.9890000224113464,3.0000011920928955
1.0730000734329224,0.9910001158714294,3.0000052452087402
1.1129999160766602,0.9930000901222229,3.000001907348633
1.4169999361038208,0.9869999289512634,2.9999945163726807
1.9140000343322754,0.966999888420105,2.9999966621398926
1.593000054359436,0.9799999594688416,2.999999523162842
1.3540000915527344,0.9789999723434448,2.9999969005584717
1.2690000534057617,0.9940000772476196,2.999999761581421
1.2020000219345093,0.9900000691413879,3.0000054836273193
1.2390000820159912,0.9860000610351562,2.999997138977051
1.156999945640564,0.9920001029968262,3.0000009536743164
1.2239999771118164,0.9859999418258667,3.0000057220458984
1.2619998455047607,0.9890000224113464,2.999995708465576
1.3819998502731323,0.9800000190734863,3.000002861022949
1.315999984741211,0.9880000352859497,3.0000057220458984
1.3309999704360962,0.9850000143051147,2.99999737739563
1.3890000581741333,0.9829999208450317,3.0000011920928955
1.5460001230239868,0.9780000448226929,3.0000038146972656
1.2450001239776611,0.9869999885559082,2.9999923706054688
1.2730000019073486,0.9900000095367432,3.0000014305114746
1.4170000553131104,0.9860000014305115,2.9999938011169434
1.0460001230239868,0.9950000643730164,3.0000061988830566
1.3659999370574951,0.9799999594688416,2.999992609024048
1.1420000791549683,0.9900000691413879,3.0000059604644775
1.0959999561309814,0.9940000772476196,3.0000016689300537
1.371000051498413,0.9880000352859497,2.9999966621398926
1.2420001029968262,0.9910000562667847,2.999988079071045
1.1139999628067017,0.9920001029968262,3.0000052452087402
1.2319999933242798,0.9880000352859497,3.0000054836273193
1.0969998836517334,0.9900000691413879,3.0000009536743164
1.1319999694824219,0.9930000901222229,3.0000061988830566
1.1690000295639038,0.9920001029968262,3.0000057220458984
1.224000096321106,0.9880000352859497,3.000005006790161
1.127000093460083,0.9930000901222229,3.0000054836273193
1.3669999837875366,0.9890000820159912,3.0000040531158447
1.0720001459121704,0.9950000643730164,3.0000011920928955
1.09499990940094,0.9950000643730164,3.0000059604644775
1.136000156402588,0.9930000901222229,3.0000054836273193
1.2879999876022339,0.9849998950958252,3.0000057220458984
1.0750000476837158,0.9940000772476196,3.0000057220458984
1.2370001077651978,0.9940000772476196,2.999987840652466
1.1710001230239868,0.9940000772476196,3.0000014305114746
1.2200000286102295,0.9850000143051147,3.0000057220458984
1.0579999685287476,0.9950000643730164,3.0000054836273193
1.1069999933242798,0.9940000772476196,2.999999523162842
1.1280001401901245,0.9940000772476196,2.9999966621398926
1.0709999799728394,0.9950000643730164,3.0000057220458984
1.0679998397827148,0.9930000305175781,3.000004529953003
1.5099999904632568,0.9900000691413879,2.999999523162842
1.3280001878738403,0.9950000643730164,2.999995470046997
1.1030000448226929,0.9920000433921814,3.0000054836273193
1.1629999876022339,0.9880000352859497,3.0000064373016357
1.281999945640564,0.9880000352859497,2.999999761581421
1.5679999589920044,0.9820000529289246,2.999997854232788
1.2399998903274536,0.9869999885559082,3.000001907348633
1.1150000095367432,0.9930000901222229,3.0000057220458984
1.318000078201294,0.9890000224113464,2.999990701675415
1.3429999351501465,0.9860000014305115,3.0000057220458984
1.315999984741211,0.9880000352859497,3.0000040531158447
1.0679999589920044,0.9950000643730164,3.0000054836273193
1.097000002861023,0.9930000901222229,2.999997138977051
1.0479999780654907,0.9950000643730164,3.0000054836273193
1.3849999904632568,0.9759999513626099,2.9999923706054688
1.055999994277954,0.9940000772476196,3.0000057220458984
1.1089999675750732,0.9880000352859497,3.0000052452087402
1.0870001316070557,0.9880000352859497,3.000005006790161
1.084999918937683,0.9900000095367432,3.0000059604644775
1.0820000171661377,0.9950000643730164,3.0000057220458984
1.1119999885559082,0.9930000305175781,2.9999969005584717
1.709999918937683,0.9820000529289246,2.999995231628418
1.061000108718872,0.9950000643730164,3.0000059604644775
1.0509999990463257,0.9950000643730164,3.0000052452087402
1.8450000286102295,0.9780000448226929,2.9999942779541016
1.3420000076293945,0.9900001287460327,2.999999523162842
1.343999981880188,0.9900001287460327,2.999999523162842
1.2720000743865967,0.9830000400543213,3.0000059604644775
1.1130000352859497,0.9890000820159912,3.0000054836273193
1.0609999895095825,0.9920001029968262,3.0000052452087402
1.1410000324249268,0.9910000562667847,3.0000014305114746
1.2560001611709595,0.9839999675750732,3.0000057220458984
1.2790000438690186,0.9910001158714294,3.0000035762786865
1.0500000715255737,0.9950000643730164,3.000005006790161
1.2209999561309814,0.9880000352859497,2.9999969005584717
1.091999888420105,0.9940000772476196,3.000002145767212
1.5210001468658447,0.9869999885559082,3.0000009536743164
1.1209999322891235,0.9890000224113464,3.0000057220458984
1.1449999809265137,0.9850000143051147,3.0000059604644775
1.0740000009536743,0.9920001029968262,3.000004768371582
1.1399999856948853,0.9950000643730164,2.9999969005584717
1.3320000171661377,0.9890000224113464,2.9999938011169434
1.1349999904632568,0.9880000352859497,3.0000007152557373
1.085999846458435,0.9940000772476196,3.0000054836273193
1.9210000038146973,0.9829999804496765,3.000002384185791
1.4329999685287476,0.9819999933242798,3.0000052452087402
1.2470000982284546,0.9880000352859497,2.9999923706054688
1.126000165939331,0.9890000224113464,3.0000057220458984
1.1349999904632568,0.9890000224113464,3.0000059604644775
1.2820000648498535,0.9799999594688416,3.0000016689300537
1.1759999990463257,0.9890000224113464,3.000001907348633
1.0679999589920044,0.9950000643730164,3.0000061988830566
1.0549999475479126,0.9930000901222229,3.0000054836273193
1.1009999513626099,0.9920001029968262,3.0000059604644775
1.1740000247955322,0.9910001158714294,2.99999737739563
1.1769999265670776,0.9900000691413879,2.999992847442627
1.1740000247955322,0.9880000948905945,2.999997138977051
1.1160000562667847,0.9869999289512634,3.0000054836273193
1.2649999856948853,0.9950000643730164,2.9999983310699463
1.1169999837875366,0.9930000305175781,3.0000054836273193
1.1200000047683716,0.9950000643730164,3.0000057220458984
1.1009999513626099,0.9940000772476196,2.9999966621398926
1.034000039100647,0.9950000643730164,3.000004768371582
1.1209999322891235,0.9920001029968262,3.000005006790161
1.1360000371932983,0.98499995470047,3.0000059604644775
1.0789999961853027,0.9920001029968262,3.0000014305114746
1.0359998941421509,0.9950000643730164,3.000005006790161
1.1200000047683716,0.9940000772476196,3.0000057220458984
1.1790000200271606,0.9879999756813049,3.0000052452087402
1.1410000324249268,0.9950000643730164,2.9999966621398926
1.1390000581741333,0.9890000224113464,3.0000052452087402
1.1469999551773071,0.9920001029968262,2.99999737739563
1.0720001459121704,0.9950000643730164,3.000005006790161
1.3149999380111694,0.9849998950958252,2.9999964237213135
1.0729999542236328,0.9950000643730164,3.0000059604644775
1.0549999475479126,0.9930000901222229,3.0000054836273193
1.188999891281128,0.9900001287460327,3.000005006790161
1.121000051498413,0.9920000433921814,3.0000057220458984
1.1990000009536743,0.9950000643730164,2.999998092651367
1.1200000047683716,0.9890000820159912,2.999997138977051
1.1460000276565552,0.9930000901222229,2.999995470046997
1.059000015258789,0.9940000772476196,3.0000057220458984
1.090999960899353,0.9900000691413879,3.0000057220458984
1.1899999380111694,0.9900001287460327,3.0000016689300537
1.40500009059906,0.9819999933242798,2.999997854232788
1.0579999685287476,0.9950000643730164,3.0000052452087402
1.1609998941421509,0.9900000095367432,3.0
1.186000108718872,0.9910001158714294,3.0000038146972656
1.11899995803833,0.9890000224113464,3.0000057220458984
1.190000057220459,0.9900000691413879,2.999997138977051
1.13100004196167,0.9890000820159912,2.999997138977051
1.2639999389648438,0.9840000867843628,2.9999969005584717
1.3279999494552612,0.9880000352859497,2.999998092651367
1.1729999780654907,0.9850000739097595,3.000005006790161
1.097000002861023,0.9890000224113464,3.0000052452087402
1.0899999141693115,0.9920001029968262,3.0000064373016357
1.1689999103546143,0.9869999885559082,3.0000052452087402
1.2080000638961792,0.9900000691413879,3.0000059604644775
1.0670000314712524,0.9930000901222229,3.0000064373016357
1.1360000371932983,0.9920000433921814,2.9999964237213135
1.125,0.9950000643730164,3.0000040531158447
1.1019998788833618,0.9950000643730164,3.0000014305114746
1.0850000381469727,0.9930000901222229,3.0000054836273193
1.0889999866485596,0.9900000691413879,3.0000057220458984
1.0479999780654907,0.9940000772476196,3.000004768371582
1.1190000772476196,0.9930000901222229,2.999997138977051
1.0950000286102295,0.9920001029968262,3.0000057220458984
1.218999981880188,0.9879999756813049,2.9999923706054688
1.2589999437332153,0.9850000739097595,2.9999992847442627
1.1100001335144043,0.9900000691413879,2.9999966621398926
1.0549999475479126,0.9950000643730164,3.0000057220458984
1.1510000228881836,0.987000048160553,2.999997138977051
1.097999930381775,0.9940000772476196,3.0000059604644775
1.156999945640564,0.9890000820159912,3.0000014305114746
1.2980000972747803,0.9890000820159912,3.0000033378601074
1.0679999589920044,0.9950000643730164,3.000004529953003
1.0939998626708984,0.9889999628067017,3.0000052452087402
1.1369998455047607,0.9880000352859497,3.0000057220458984
1.1510000228881836,0.9879999756813049,3.0000059604644775
1.1150000095367432,0.9910000562667847,3.0000054836273193
1.0830000638961792,0.9910001158714294,3.0000057220458984
1.0739998817443848,0.9930000901222229,3.0000057220458984
1.0989998579025269,0.9920000433921814,3.0000061988830566
1.1100000143051147,0.9940000772476196,3.0000057220458984
1.0469999313354492,0.9940000772476196,3.0000059604644775
1.0799999237060547,0.9930000901222229,3.000004768371582
1.190000057220459,0.9880000352859497,3.0000059604644775
1.0469999313354492,0.9940000772476196,3.000005006790161
1.1720000505447388,0.9900001287460327,2.9999964237213135
1.1660000085830688,0.987000048160553,3.0000009536743164
1.0809999704360962,0.9920000433921814,3.000005006790161
1.0759998559951782,0.9930000901222229,3.0000014305114746
1.1120001077651978,0.9900000691413879,3.0000057220458984
1.087999939918518,0.9950000643730164,2.999999761581421
1.1089999675750732,0.9910000562667847,3.0000054836273193
1.0770000219345093,0.9940000772476196,3.0000059604644775
1.056999921798706,0.9950000643730164,3.0000054836273193
1.0709999799728394,0.9890000820159912,3.000004768371582
1.1059999465942383,0.9900001287460327,3.0000054836273193
1.061000108718872,0.9950000643730164,3.0000054836273193
1.0830000638961792,0.9900001287460327,3.000004768371582
1.0850000381469727,0.9880000352859497,3.0000052452087402
1.1449999809265137,0.9880000352859497,3.0000052452087402
1.0649999380111694,0.9950000643730164,3.000005006790161
1.1329998970031738,0.9930000901222229,3.0000057220458984
1.0969998836517334,0.9880000352859497,3.0000057220458984
1.0540000200271606,0.9930000901222229,3.0000054836273193
1.0260000228881836,0.9940000772476196,3.0000052452087402
1.0789999961853027,0.9930000901222229,3.0000057220458984
1.0550000667572021,0.9950000643730164,3.0000054836273193
1.1769999265670776,0.9950000643730164,3.0
1.0360000133514404,0.9950000643730164,3.0000057220458984
1.0280001163482666,0.9950000643730164,3.000004768371582
1.122999906539917,0.9869999885559082,3.0000059604644775
1.0410000085830688,0.9940000772476196,3.000005006790161
1.0759999752044678,0.9910001158714294,3.000000238418579
1.0450000762939453,0.9909999966621399,3.000004768371582
