1.040908694267273,0.9500000476837158,1.0984395742416382
1.0270800590515137,0.9700000286102295,1.0750019550323486
1.024999976158142,0.9750000238418579,1.1584395170211792
1.0313308238983154,0.9600000381469727,1.0735957622528076
1.024999976158142,0.9750000238418579,1.0326582193374634
1.0199999809265137,0.9800000190734863,1.0378146171569824
1.024999976158142,0.9750000238418579,1.032033085823059
1.03256356716156,0.9600000381469727,1.2404707670211792
1.0392494201660156,0.940000057220459,1.7889082431793213
1.024999976158142,0.9750000238418579,1.0695332288742065
1.0406477451324463,0.9500000476837158,1.6550019979476929
1.0424572229385376,0.9500000476837158,1.6373456716537476
1.0273158550262451,0.9600000381469727,1.4148457050323486
1.024999976158142,0.9750000238418579,1.0460957288742065
1.0199999809265137,0.9800000190734863,1.0320332050323486
1.0372639894485474,0.9550000429153442,1.2257832288742065
1.024999976158142,0.9750000238418579,1.023751974105835
1.0199999809265137,0.9800000190734863,1.0292208194732666
1.0199999809265137,0.9800000190734863,1.0520331859588623
1.0199999809265137,0.9800000190734863,1.0365644693374634
1.0199999809265137,0.9800000190734863,1.0350018739700317
1.0221220254898071,0.9750000238418579,1.0420331954956055
1.024999976158142,0.9750000238418579,1.0231269598007202
1.024999976158142,0.9750000238418579,1.0457831621170044
1.0354321002960205,0.9550000429153442,1.1653144359588623
1.0199999809265137,0.9800000190734863,1.0259395837783813
1.0409085750579834,0.9500000476837158,1.0715645551681519
1.0199999809265137,0.9800000190734863,1.034064531326294
1.024999976158142,0.9750000238418579,1.0273456573486328
1.0313308238983154,0.9600000381469727,1.0735957622528076
1.0199999809265137,0.9800000190734863,1.0445332527160645
1.0199999809265137,0.9800000190734863,1.011095643043518
