3
232
721
736
320
340
1013
366
94
408
674
208
121
161
411
935
1031
912
717
698
413
260
78
444
955
401
282
869
66
303
534
379
111
578
145
1040
212
743
980
537
860
25
187
888
508
895
841
67
1019
327
185
675
992
352
1044
801
1025
569
630
803
217
421
398
775
186
307
1009
146
846
158
865
861
1010
69
699
132
910
913
690
821
622
467
291
79
142
378
475
596
357
854
1041
1037
624
325
436
1051
605
744
1017
388
522
99
815
1039
250
449
563
545
546
576
480
662
726
457
641
982
656
312
590
466
453
839
211
477
607
514
759
492
485
84
496
777
180
655
703
1028
243
164
1022
90
124
683
138
182
987
137
329
790
1077
62
33
791
144
200
433
425
652
922
923
248
385
439
10
906
214
723
634
636
1021
128
960
32
892
617
1049
458
672
73
304
225
347
1053
450
756
940
882
344
633
837
465
360
939
31
858
16
15
37
71
993
975
316
856
1066
462
5
539
359
673
951
525
228
808
643
68
907
273
936
547
179
781
448
153
218
1004
587
27
512
509
191
241
623
1048
644
424
400
919
504
488
133
101
540
689
614
177
364
199
676
1006
544
771
288
666
1065
253
30
495
896
551
418
608
75
1060
670
383
322
898
165
813
679
528
927
220
609
1029
881
136
924
148
222
39
1024
650
557
729
272
978
697
824
804
238
558
530
395
371
894
840
447
491
402
1020
694
593
691
279
21
588
202
267
299
844
535
342
223
23
521
328
280
599
575
853
276
971
829
