5827
4395
6956
3888
511
8099
8131
1477
10033
5057
4903
7836
9363
1964
8031
8560
5130
7599
2775
8663
2043
2119
38
3575
4450
5627
3344
10591
3327
2410
4317
7094
5170
4762
250
1937
6626
4679
7051
3094
9717
8049
1566
6064
7382
8188
3940
3910
5508
9072
9457
1571
9918
1750
8687
842
8925
6430
9754
9406
808
8175
844
7520
10598
10163
4671
5121
7766
4794
9813
9116
4955
1820
1089
2376
9434
6438
5934
7340
9340
7852
8366
2676
6803
1572
4249
1441
6082
5886
7752
3262
7559
2717
2281
3905
3330
3367
7614
8146
5692
9511
7971
9917
6031
846
7911
294
10016
5562
7647
360
10291
7825
8463
6870
8120
2364
3274
10170
7886
4038
7033
6546
8719
2638
5789
7006
4373
2012
566
1825
86
3609
6223
8439
9638
10446
6123
5665
79
2842
2647
134
2626
463
1542
9300
6640
6925
5635
1456
8159
1696
4505
7577
5619
9387
6107
7644
7624
5613
8632
3081
2261
3142
8949
6017
5653
5231
9373
2414
857
7555
9542
8100
5560
5355
9431
3429
826
10035
2569
6898
7876
6757
1271
515
4388
1518
6590
8338
694
10317
4325
5234
6408
10027
4778
2539
2255
5898
6431
9093
8178
1557
4244
10401
4335
2940
1070
4338
9209
5137
7847
1138
3237
4833
1969
1186
3752
7466
7135
9132
5006
2525
6344
3618
3462
6284
1311
5880
3778
737
4460
5746
6129
9598
2001
6486
832
8436
6699
7514
2593
7303
6688
1540
5534
10386
1910
10408
8792
2843
6876
7861
3941
4186
3584
8875
2604
8454
2251
9032
3422
8646
9826
5233
6133
10497
6083
718
7415
6992
8285
968
8670
674
3757
1064
177
9382
680
3779
4142
10622
1832
7707
1888
2729
6185
6777
2479
3039
2433
9869
2079
5833
7060
5902
6644
9413
1701
7607
2562
7272
8686
8291
6617
5003
7767
2287
9098
29
1529
6132
3299
2669
1734
3158
10413
3666
3389
4753
3622
2204
7525
4929
2435
4538
4617
2423
6598
9855
5029
8553
8222
6735
436
4606
5587
3789
3613
7431
3571
4680
7122
8846
4658
7749
2347
2331
60
9564
1506
6015
3825
8521
2986
4385
8767
3300
8607
1474
82
4860
3698
951
8538
299
8314
8319
5784
8468
6854
660
7969
8723
1608
6464
9432
2960
1107
2579
3562
4519
8781
2368
8495
6589
3696
2510
3545
581
5207
9926
8392
6071
10134
5905
4466
3713
8456
10159
5545
701
6426
9088
1848
453
4848
26
6259
8201
1032
1219
5316
6379
9394
3699
1864
9490
1196
8579
5055
8278
7361
8263
5090
3170
2108
7672
9847
104
2910
2684
5036
8733
4309
5579
5487
3328
9585
8746
188
5760
2734
7800
10054
8029
319
2215
5742
10052
2578
4841
9001
5953
917
4308
7863
544
2063
5753
1042
7884
3973
4494
8190
4727
1549
6847
1145
9755
196
827
8305
6485
6127
5931
1865
1308
154
4582
3437
5488
10261
8722
4120
1356
702
2386
8179
4951
6536
3205
7810
7455
8966
7117
4020
2145
478
6222
4461
5751
3793
2165
774
9863
8469
5906
8091
5936
7371
2025
6719
6801
4943
4045
2384
1872
6432
8114
7058
1788
10624
7826
2948
6242
5864
4571
341
10087
9218
8492
9237
9260
9562
9197
9812
5331
4638
1230
671
6778
4818
9056
2485
1141
3280
9210
10197
7998
4081
9662
8926
10023
1962
6564
6972
9371
4608
9960
8979
1726
2181
5660
3816
10440
369
7384
7764
1709
5080
10108
6619
5663
4111
7609
10010
8111
5839
1436
8592
9385
2418
3573
8656
8217
5294
2263
6614
3009
10138
10275
8789
8191
1984
647
7816
4864
8981
10198
6944
7065
9062
7518
659
10437
7409
9761
2192
3163
9172
3975
7019
7741
1433
6747
2160
3406
3525
10503
1067
803
8983
7168
9534
4850
8547
2575
7915
2365
61
4933
6877
802
3480
78
2831
7615
6312
9186
6285
1830
1427
1957
9173
10625
4983
1662
6602
5559
8868
3160
879
998
913
8320
6873
4614
3276
6334
783
5045
3959
4612
3614
8339
4013
3023
792
9478
7013
7047
560
3838
6639
10239
3930
10436
1768
4151
2023
4417
8679
9046
9995
12
9436
1439
10512
6090
9365
4966
5446
1561
3347
9979
5583
9770
4319
233
1863
2104
8207
9161
4592
834
5089
3306
2896
1988
8251
1484
119
5788
2127
722
4717
2373
128
8033
8170
10428
8919
8994
345
5639
5097
3078
143
10560
4756
10461
229
1675
8928
2146
739
2576
10224
5954
3877
8865
2234
6224
6291
942
9679
8396
8880
1547
8852
9346
2169
489
1252
7041
5674
7200
4891
5847
9034
10242
6561
8021
9823
1123
7160
5303
7145
7070
6880
3556
6470
1235
4892
5377
413
4947
10216
9860
7553
2276
7671
9164
9463
918
9538
5423
8236
5690
5227
7494
3991
2380
6375
2749
7568
8108
6336
1931
2402
3001
3075
9337
6000
1337
4347
1793
7211
5335
9849
8689
6
1183
8706
10219
6415
2752
5709
2643
8551
9287
4206
1588
8821
5441
10032
4982
8574
4267
2093
8424
8192
4095
5976
3514
3989
2151
1645
10075
6509
448
732
10272
8402
2503
4176
814
6311
1283
3318
8464
6324
5603
7027
303
7330
6085
3944
6567
6092
6140
1584
5409
5217
2189
5061
9148
6691
4299
9540
4651
8786
427
1961
7956
5229
8231
9151
3337
9110
6597
9391
771
10164
275
1157
9525
1412
10105
3393
7550
31
2839
6078
9479
1062
7458
353
3018
9601
950
1896
8441
4401
483
8879
5761
609
8947
1317
6077
9341
9106
6044
6331
7069
3470
2829
10540
2890
9612
626
1063
6838
2073
7132
4996
7721
6495
1314
6645
3798
220
4662
6693
1262
7737
8760
3506
6828
3623
1194
8357
6016
10063
4392
8022
5314
7248
4225
8886
10570
7414
10248
10158
7191
10079
133
8032
3101
10221
10374
7255
2430
6929
5867
54
10327
7328
8911
8940
5251
6128
663
3780
4923
5757
7592
1486
6264
5077
7717
2674
8355
5581
4868
1362
7073
9356
3221
3387
9853
5472
5803
2337
1673
6522
9293
8445
3853
8301
983
10295
8269
5386
6682
6387
6991
1550
3384
1591
7773
7762
5081
2004
6022
2740
3947
7311
2666
9016
3568
1455
3014
8042
5135
741
2756
10476
9095
4754
4587
429
6773
1667
2925
7453
8902
7817
4535
6603
662
2039
573
2632
4096
7397
8708
10345
2521
5028
8306
2121
3564
3892
2003
1589
3585
3747
4971
4635
7819
9524
414
6029
410
10141
3740
1011
545
5449
7976
374
1789
8564
1272
698
5618
2202
1268
6554
10315
2061
2887
8067
5869
9615
4209
7784
10450
6541
3396
9640
2102
5126
3058
9952
5372
8649
7009
8794
2041
2614
8920
3616
69
3456
6676
9987
9506
6232
2892
1632
10490
7508
9616
3215
5203
8130
5659
5491
10200
9086
5714
10438
9846
18
5840
4454
7053
9129
5413
5107
2989
10212
2227
1181
8614
4586
8761
2219
9712
3311
4052
6973
149
4942
9141
2106
567
1634
63
9294
3518
5129
9026
305
3771
3660
1296
9192
5315
241
9856
1321
2033
3663
6250
8060
4377
2125
1917
7183
4374
9314
7443
4109
9504
7190
9125
7950
7864
973
3203
1710
6721
9999
4138
2769
4791
9491
5541
6558
9939
2582
2381
10157
10070
1967
8438
3581
7895
4734
10544
4788
1592
4310
4240
5767
4226
1562
3857
892
3244
7417
8729
6134
6479
3401
7549
3369
764
4190
7862
5243
5678
4935
3111
8773
7201
4595
2602
5292
7507
9547
2068
3037
1307
2097
4618
6707
4547
5025
10120
2688
4050
3582
6800
8076
3175
2074
513
10271
3304
5000
3993
5103
1760
10379
3665
1222
4298
1071
2358
1069
435
6851
6586
3527
5401
10041
3588
6452
5810
5224
3443
3879
2457
10118
7304
4320
4655
1593
8258
10326
10329
1003
49
7750
8837
5955
800
9474
6537
1105
422
6433
3439
721
8626
5280
5891
2493
6544
10187
9593
6575
2931
1669
280
1786
3421
9833
5564
2551
5052
7327
9621
2460
9656
6357
383
4413
4230
10220
2404
4425
10523
8176
8045
9828
6952
583
1216
1970
1842
1416
6547
247
6513
6698
4183
218
3942
1009
5438
5730
4208
22
1382
1150
2568
5533
2129
9949
2008
9104
9655
4242
2612
1884
6853
5408
5432
819
8812
841
2405
7959
3774
428
10426
5071
866
1201
6687
7839
5951
960
4200
2845
10586
5312
6762
9367
3521
9992
7150
3856
3769
5365
6679
3806
5638
9292
9299
4380
90
1084
7681
2137
8869
4062
7286
9114
3090
8321
7842
8529
5104
4076
3912
6733
867
6881
8467
1827
2184
4553
10365
3726
9881
1275
5575
2650
1843
5892
8382
7685
2062
6722
4099
1802
3852
1445
691
2014
5826
3800
8104
2076
8341
3285
1664
1353
5471
8658
2522
324
1545
8071
7879
7528
4065
316
7403
9810
575
4627
655
4481
4019
1637
4012
5058
10522
9981
1179
8442
5626
3472
5524
10042
4295
3762
6633
8373
7141
4792
5363
7659
6212
3114
5387
8544
9648
3136
2806
9286
6096
7269
9512
7984
7878
5503
10240
1227
4424
816
6506
6110
2354
8788
8496
2449
9583
4541
3372
8957
8635
5148
4291
9425
3026
10373
8209
2646
3913
677
4829
2587
7037
6427
3782
1369
10398
6474
5786
152
240
1209
6302
7239
2998
8380
1992
3756
6862
5261
699
2519
9789
1280
231
750
4735
9053
4758
1288
2021
8501
4456
1575
10316
4939
107
10380
420
4597
9554
404
9198
9268
6995
10382
3718
4092
7086
8189
237
6517
4536
5422
10414
8448
8941
9777
2072
2535
2961
3303
6042
1971
2993
5301
4743
6965
4204
8234
3736
5890
2082
6837
9938
6409
9420
7669
4921
7487
1585
7021
823
615
6726
4304
2346
164
7368
7689
3964
3597
3353
6019
71
5670
4350
2787
3122
10563
6937
7367
9108
1928
9561
8931
3533
1373
2869
807
3265
5164
7663
7323
5069
8070
9994
5894
9248
4366
1266
916
5611
8878
3919
2403
7724
6708
9153
1892
8109
10499
5206
9785
8873
5717
4152
4381
5281
4672
7545
4116
204
1579
1494
9595
7731
6872
4182
7428
5370
746
2499
1464
10321
940
4028
872
3041
568
3402
15
43
9903
9019
2475
1118
9635
9750
10247
6922
9096
1955
3294
8814
4767
10407
5755
1079
4954
1779
9765
8161
4002
3261
8616
6715
131
125
9165
10459
10303
6741
5475
2224
4331
3461
4900
6980
1444
2797
3817
2118
4105
3315
681
5384
5204
7057
8913
9541
1652
725
9883
2417
2793
6012
1297
9312
3720
4957
8685
5546
1022
6251
1636
4819
3844
5084
3348
3664
1072
8409
2110
4986
9221
9499
8536
3742
155
9220
2289
3077
7385
10541
4337
7593
1413
4194
3906
2781
283
7837
5410
1313
2211
7951
2172
2288
6296
9677
4641
8343
6146
5105
6914
8447
10596
1438
6702
5153
4161
3137
4567
2544
1146
4578
8148
3509
6678
3836
1982
2557
496
6583
10357
1692
6797
4488
6292
3349
7855
3227
5049
5549
8867
9839
7490
7244
9409
9875
633
2000
312
6087
4473
2627
1834
682
9669
5088
2891
4976
1603
3737
10597
5793
4027
8287
8430
4534
6957
5381
8860
2664
8116
10083
6923
3424
4189
2029
445
4871
2700
9107
9229
1363
7217
2064
2335
1405
1215
6484
8625
1748
4451
8185
8504
9254
3408
3500
7297
747
6718
3174
1647
10231
7014
9005
9796
5963
1655
1909
6481
1158
6402
9822
412
8066
1180
9520
8855
9572
4051
7728
6616
3474
2447
6341
7710
5180
3093
3452
101
2379
9122
1191
10390
1374
2445
3531
5862
6950
6976
7175
7459
6393
1099
9493
7452
4409
3563
8704
5428
7373
4493
10233
5431
6206
5293
6003
4053
7461
7641
1320
9591
3601
4216
10082
2774
4449
2979
10115
9309
4741
10194
1510
972
10232
1578
9914
223
4656
1144
4217
8202
8079
10416
3548
5092
8964
6038
6608
1580
4639
9890
3897
7395
1497
8058
2838
2982
5530
5927
2693
1018
1504
10207
3117
3675
10577
4981
4416
9639
9203
533
665
2480
3866
7783
2315
1965
4752
8993
7421
5777
2057
9505
9670
3095
8882
4344
6238
8968
3849
6935
4549
465
9988
1122
5023
2370
8405
5495
5209
4676
948
9851
3377
7049
9831
9804
10021
10273
9453
3714
1538
7202
2294
9626
6121
3271
6207
6279
3322
7243
8660
6834
4479
10189
7392
4611
1398
1583
6584
9841
1684
10558
10517
468
9330
476
5684
9737
1689
2272
7305
10593
7426
7705
8847
2780
4049
6199
8756
2956
9455
4675
8215
9361
4422
9028
1513
8452
5358
3062
9687
2590
7917
10415
8005
6084
2218
9790
338
7726
7892
5704
5801
5630
7136
444
8330
6827
3869
2929
443
7900
6814
6281
6057
2547
313
1031
2253
5992
9055
4795
3968
2086
7139
10106
7695
689
4946
1911
5681
4992
2369
1381
6998
10418
10210
4300
5468
6295
4001
1932
1782
1289
3485
1822
446
2991
7012
4759
8618
6723
6845
10022
3106
10369
2711
3169
8907
5759
8550
4621
9888
9997
10364
10062
3316
7512
1643
2739
2138
9727
6999
51
6277
7997
4629
7369
6399
5932
8961
9222
8853
5322
1923
2899
6897
5782
4246
7955
6018
10193
5804
7621
4816
5437
6124
795
10344
1492
7667
5158
6622
2983
2182
1935
2561
194
4609
6890
999
9877
4974
4379
10453
1106
6040
235
117
3376
6193
2719
2080
540
1155
2559
8604
6569
8457
6036
377
2178
4327
6694
784
6072
7983
7965
824
4372
10019
4820
2695
2866
3238
7315
293
1682
6594
8443
8623
6581
3859
763
3398
1530
5813
10049
10441
4893
4153
2397
6615
5429
7054
4834
8497
9068
8513
9646
9097
6226
366
3552
6262
497
10308
3802
9126
3295
5795
10575
7365
4259
173
5249
251
3007
5599
1292
5212
3213
9628
6093
3129
3190
550
3822
9721
2670
8525
3382
6210
5284
1117
4589
5848
6836
10184
9781
10354
7207
2015
6624
6027
8562
8272
8835
2155
6061
9350
2704
6611
3593
4904
6653
256
6792
3799
10168
6669
9807
5193
6799
856
8576
7948
3697
5707
6252
3682
8211
2834
10005
8732
4400
7603
9014
398
2531
5518
6056
1539
5874
2024
7067
1188
7182
7042
9282
4128
4646
7670
4576
6241
407
10173
9204
7538
1410
10099
3252
2149
5968
1646
5320
7425
9485
8297
4480
139
8630
616
2371
2592
6553
7907
1430
4428
9249
7284
5042
1714
8690
3835
8597
3595
6896
6100
10619
5186
10348
9049
822
10084
6559
6798
9629
4913
6977
8052
4917
8047
2398
9814
688
9313
6961
7604
7702
4882
9368
1994
7683
2944
2754
8119
7031
5666
1536
7725
6068
3070
2236
4169
5520
4134
10498
4852
10375
10048
2689
7846
6148
3391
9405
1828
7941
5996
3345
9376
8778
8583
4272
6878
5622
7944
6819
4540
5948
7125
1092
1247
7278
1435
10562
5980
1505
10555
5256
4781
2861
2549
9120
1516
9900
399
5157
3694
5823
10553
1239
1552
10074
1256
5017
8647
3059
4211
10366
4173
6457
3970
4057
8534
9886
6891
1460
9698
4262
10055
2933
4857
4601
7318
9063
8183
9633
6314
9484
7818
4355
6420
3179
3636
1379
9101
2456
5834
1231
2726
1851
180
1697
123
5686
7283
2736
8915
6035
185
10612
406
3608
5772
5967
9065
3646
5735
1213
4118
949
9285
2420
9357
1737
7091
2907
8088
10290
9745
4234
2633
943
6051
9850
9763
7321
6144
8200
1906
4192
8810
10406
6482
475
112
1905
9955
8318
3987
7162
7437
7226
2657
8699
6849
7656
4434
3196
2976
2318
4221
3899
2975
7932
5982
2599
9776
2893
9824
7178
10279
9408
2344
10376
8092
554
7386
4844
6401
3186
2002
1694
4968
6690
10002
3971
4150
3645
10434
6805
2336
461
3463
5033
6974
2567
7922
6587
10356
3661
6203
1175
5490
10456
470
9957
3089
7688
7637
4961
3296
3988
4514
307
382
8486
1770
8073
6112
5676
6894
4147
1699
5332
2135
8753
7910
791
5070
7620
2174
7657
5486
3951
6265
3770
7192
9966
4564
2468
6343
8764
9124
1026
6187
2824
8557
6391
5900
4415
2651
2375
8105
4958
1862
4557
7223
2883
3076
2221
4914
9915
10574
7259
10518
2728
9684
2324
138
7143
5375
5425
2909
4842
5485
467
4786
555
6434
944
1600
2020
5044
9010
6154
1090
7312
9527
4715
1408
6194
6487
7099
6904
977
9913
8752
5887
9171
3901
3732
2990
7471
4421
3619
2367
6404
10328
5182
9982
4292
7919
9191
6887
622
8858
9020
8795
8731
2401
3320
10433
3015
7780
1997
5558
3680
7687
2935
8072
7617
3002
1217
5255
4285
9799
1228
4838
298
1257
7801
976
5715
3006
381
2164
53
1765
8379
8081
9247
582
10371
5879
9310
6400
8213
4877
5555
8134
8489
8393
6889
10402
7359
805
4552
8369
3471
8595
3804
5607
4302
6386
3270
9989
1171
7483
10014
2886
3574
551
8883
9984
9472
7661
4033
8388
8678
3038
8087
9672
7074
958
10604
2762
1978
8717
7716
6280
2390
8126
4775
5026
8410
9539
7860
6857
9257
4037
1102
1668
9169
3108
848
727
459
8654
934
8412
6969
7535
50
5027
7601
524
6313
7992
4122
8643
4821
776
4561
3032
2302
4468
1548
7841
611
1879
613
4233
2265
5785
5245
7890
1417
3206
3047
9234
6997
8122
1426
2751
2290
6228
939
8977
8754
7257
1934
1586
8548
8668
1776
5319
5964
1725
954
1775
2508
2761
1319
466
3240
3116
9168
6023
561
9859
9934
6521
6905
3264
5150
9523
9843
8404
7406
2310
5391
6119
7899
5474
127
3667
3234
812
5456
8158
2815
8577
7166
142
4492
7127
9919
1766
2140
5184
3605
10006
7740
2629
5257
5286
9000
8368
742
3278
8770
1360
751
828
5667
9956
6713
1546
5708
8220
4994
9200
8103
1521
5781
5265
4897
2692
9920
3201
9022
8478
5688
3734
9716
8164
2036
5570
8640
5167
100
83
1974
7794
1203
503
1364
926
7237
7227
1128
205
7056
5697
3781
10309
9201
212
4987
6216
1515
109
373
8561
2207
9415
7030
6045
9092
3211
6480
3232
7938
2994
363
5863
902
2248
8101
10051
2801
5854
10205
947
3700
2939
6441
7557
10304
4497
8622
8777
9358
10507
8041
2595
5824
8674
124
6411
6451
2800
7935
2825
2333
8539
4594
108
9089
5226
10182
3567
9766
7781
2225
7979
9940
3676
1023
5621
2984
5526
5595
4083
5882
4464
9276
10584
1258
2060
559
10190
1898
2844
9651
5515
8260
4708
2090
2720
9366
5056
2980
5732
5699
7338
6243
1627
4431
953
9233
9760
4293
9618
7112
6809
3833
9419
990
9027
2357
8889
4063
4765
4909
1255
1758
4649
8921
1785
3268
6159
8724
8280
4975
6996
9557
4156
9360
6844
1223
6080
3820
1558
2705
10031
4802
5683
10100
10235
9297
6728
3266
8411
9993
618
6422
3934
3775
2524
5450
9568
7872
8465
7093
4973
5807
1134
7214
6613
9710
9224
6629
1221
1808
44
10505
6160
2857
6191
2006
1388
3457
8095
6683
1679
9256
548
7802
2605
4890
1678
933
6990
8184
9858
3555
3760
9040
2686
1817
4117
4555
3011
10259
670
311
9971
6917
3210
7238
4031
3017
576
5149
5857
4129
5221
9281
9401
8455
5899
558
9844
8556
4622
6190
8450
8488
10396
4203
7779
9177
4280
5858
166
1531
10110
10578
9771
25
7510
8894
7786
6939
3785
9723
287
473
709
932
2537
8375
9253
3431
2784
99
2841
1656
10331
7986
8970
10076
1279
1010
9893
8990
6125
3936
5505
1447
3067
9113
1017
7516
8075
1620
7427
6523
5345
8472
7264
7793
9565
9099
3715
7324
10599
3486
2773
7360
6365
10546
7357
7834
8800
600
5773
4268
10097
1290
1112
3440
6081
9379
7492
2916
8992
8611
10103
147
7678
9012
6931
7719
8151
4371
1403
2295
1756
10617
7480
9854
8707
1394
8019
4528
4600
10616
7268
9518
6318
4023
9083
6993
7270
1302
9653
3658
10203
6811
1672
3197
7630
10092
4570
5983
3929
5563
1528
270
3607
2597
2406
4228
6959
5244
4814
923
8348
3650
6654
3371
5403
8196
7137
1614
2714
6740
5482
577
5444
3479
7475
9964
1874
1829
9189
187
4329
1012
265
9147
8609
9246
5939
7843
10623
2921
5291
1178
4511
1946
3333
7118
3085
9274
1665
8862
2639
273
8500
7532
5877
6962
1358
6742
4677
7999
1343
2803
2300
7912
9351
7942
6514
225
7462
2168
2341
7008
9353
7701
7084
3088
1947
6392
7606
3319
7519
5644
6936
4500
593
10280
418
1033
4356
2743
7830
6421
5434
970
9879
289
883
3763
5689
4452
1759
1950
6775
3036
309
5636
6875
9553
2654
2974
9137
9228
1481
1040
1075
8440
6981
6301
2264
5136
8763
6260
9423
7821
9208
3558
2679
3904
8219
6089
10353
6143
6202
8628
8589
6141
5547
4237
3298
2655
2498
10294
4124
9344
10310
6449
7144
4722
8945
2103
10034
9774
1335
1514
6149
350
4359
10355
1096
4499
5977
2584
8593
1182
9138
6054
9570
2193
3884
6094
7675
4269
3450
2853
9407
8943
7298
1973
3686
1810
4321
7622
1185
2428
5912
3604
4911
2488
9461
2832
2114
1489
3359
5225
4166
7756
10017
8451
2840
6612
7904
6067
3022
2415
1097
4210
3126
7064
6413
919
10000
3478
6667
9706
216
7398
23
8709
10480
4410
8728
2009
4238
1061
4398
239
6665
6625
2323
5145
6527
5498
5053
6781
602
334
8233
4306
10318
4261
10495
3871
5747
4508
7439
4865
3510
8888
2277
9649
1953
10419
5878
7613
4799
4297
3275
8169
3180
7275
1732
9238
4187
531
884
9481
10282
2828
6476
1612
2426
10057
7720
5673
897
10412
10542
1501
4633
10485
743
7050
5959
3717
3638
10509
1648
5306
10160
3725
1197
1882
6600
3455
8950
6505
4803
7636
10417
2820
5960
7633
7923
4343
199
2362
7197
5013
1778
4824
4546
6108
4558
4229
9003
1295
1110
7697
945
4664
6796
3321
2419
9417
2052
5274
2451
9816
2266
3043
6405
6716
1913
7241
5883
3383
7509
2124
8864
9227
1949
7028
7332
5850
9081
37
6879
8605
7281
1952
3138
3792
4218
4404
8840
2477
5369
5721
9427
8068
5310
8890
8199
9735
1057
5271
8166
4856
6161
10468
9447
153
2957
7076
5201
7289
136
8927
4524
820
1927
7212
3005
1723
5396
3538
5086
7882
10381
6442
4787
1752
4566
8833
10605
4812
6530
1783
6340
8978
10569
6059
8372
2718
1509
2978
8672
2273
5988
10475
5459
4967
8386
4550
2436
9954
3855
4495
2644
9578
8675
7787
7149
9546
3312
7745
4332
6037
3758
8887
46
4977
3753
6245
6469
8549
3243
1499
7465
4000
7533
2126
9
5344
4104
7859
705
1287
2196
3847
6783
482
5192
2464
81
4556
5766
4389
7867
4212
8546
4665
5337
4757
4870
8716
10397
5798
5075
6538
3042
3498
2624
6349
3669
7497
587
1041
2897
10146
4560
6780
6507
4188
9067
135
9331
5514
734
684
1151
7157
9193
1466
869
5447
6816
4025
666
9180
3134
3565
2709
4313
9323
5106
9529
6557
7000
9587
3317
1929
7579
862
1390
3870
1922
1693
9584
9196
9174
7937
1622
9902
1294
5846
9069
6055
2777
9657
5154
8408
3651
2953
5911
3115
8701
9271
9872
1204
10589
8617
9170
1000
4367
2467
8956
9647
6533
1154
9673
1471
1796
10162
9842
2785
2757
9937
8588
7445
7015
1365
7004
6746
9105
8817
8850
9681
4828
7491
3831
10606
4995
8418
5338
5085
4375
6455
2013
530
6174
9241
6440
10202
8809
523
8585
262
2244
508
4006
4427
8364
8750
7902
7325
10330
9302
9688
3610
4487
9377
4626
8571
2868
1077
8002
3194
717
9791
85
6150
5481
3361
7185
9873
9756
3536
5211
2152
6859
3809
8485
3288
1722
1220
2533
2141
2491
6971
1747
5275
379
7302
1991
2328
572
10013
8007
10285
1036
8332
7378
9549
4256
4429
2241
1205
2552
4624
1276
9991
8779
4476
4281
740
9664
4322
9128
1626
1498
1981
3216
6501
7807
9967
2518
4998
10399
7374
9370
8518
9181
219
1301
9327
1839
4628
1849
7287
676
1457
4532
541
996
9480
4384
2147
6189
1712
3254
4470
10463
8673
811
7854
875
1594
10112
4999
1453
6652
6884
10116
1300
1025
1537
3407
2198
485
1945
8692
3824
4318
5645
8123
224
7334
10351
9820
5754
161
3092
2884
7975
10474
2209
5362
1091
5073
1818
9244
7619
2088
3267
1556
905
2645
5952
7835
8063
7335
3508
6155
6418
5543
4324
9709
6964
7608
3290
58
6439
2100
5926
7120
720
4872
238
1137
6499
9195
7706
8744
1164
549
7552
1163
8082
5010
7757
7946
8830
1763
1420
7177
3231
8951
2267
4807
1508
5007
4393
9836
8703
3520
10487
7858
10481
7561
8774
9015
2937
5745
8039
2191
6526
509
586
7322
1771
6138
6745
2685
2167
9324
7282
10156
2649
5705
10561
8807
925
8624
5561
320
10391
620
9335
9509
9131
2171
8533
6710
80
9990
474
3228
3363
10527
3999
3159
6865
7066
4174
1987
2203
6348
5542
6841
569
4615
6576
4886
5817
6793
1465
2914
4232
8527
5199
2250
6642
4011
5172
1807
3342
5849
8598
3388
1044
5195
7964
1305
9731
5382
8916
5589
7995
6542
2988
9559
1172
7738
8026
5500
2589
4944
2878
1487
10431
3155
8137
2472
8089
1833
7521
3357
3814
4180
5647
1706
8011
6024
3559
9779
328
5832
4793
3858
3448
9064
3411
1482
9345
6287
2731
59
2586
3476
4067
7170
4922
7865
9266
986
4531
1385
3410
5921
1814
4363
472
789
4436
3049
1543
5930
2489
6846
6540
3505
6926
352
1074
10135
7111
7500
1354
9091
8739
10583
723
8046
6307
2407
6258
3340
4252
2385
5978
8530
837
480
4785
2712
3750
2352
3628
853
4938
6397
4648
10262
6477
10174
6911
1921
5383
8984
1582
10435
4010
3375
1361
7189
4686
766
7709
2615
165
2067
10058
2733
3812
2710
5100
1020
440
8587
3065
1341
7486
6366
1485
8097
2660
2186
8776
6563
10245
9680
4760
2443
7747
284
9449
3589
2836
912
9410
9713
2821
5752
4227
4093
2143
2059
4137
7181
3247
7775
1029
10347
5693
2157
296
2558
8044
3695
2179
1045
6638
5668
1264
8944
9747
10180
9279
8799
9082
2663
6308
2142
4127
6951
6822
526
8153
5537
339
6945
10121
4593
3974
6843
10080
8841
7267
4950
5476
6374
4058
1304
8594
2851
2440
2153
9624
517
8459
8827
3409
6235
2303
1005
8718
9176
1525
9809
6779
5836
5032
793
10332
4135
335
8509
7110
1920
4644
6840
2159
4510
4504
5711
4282
7714
5531
8545
2789
10548
7022
4263
8331
7061
4193
7032
6167
10595
1452
3918
7502
1461
4113
5191
9800
8780
8737
419
3980
1007
10161
35
4832
525
2802
8573
198
4932
6097
8221
5467
4749
3195
5119
5512
598
3532
10015
8025
7838
6491
2847
4074
4102
7649
10590
4059
2374
5557
4666
2687
8997
3561
1798
10568
711
4545
2299
8971
9317
9508
7288
8831
4145
8419
6989
8711
9969
8365
685
3635
6325
8462
5989
3272
1303
3544
8427
4568
3679
1835
442
521
5367
9045
7205
4867
2985
3746
3491
3617
1241
8891
5270
8403
2859
603
6225
3390
1315
2285
4444
4688
6305
5237
7273
4851
4258
2911
1402
6204
6512
7612
9036
4739
6358
3099
10585
3656
10385
8842
7660
8820
5821
5352
6131
2122
10199
5501
9835
2936
7124
4843
4469
1173
2214
8507
6466
4931
8909
6943
8139
5177
10556
6467
9458
599
7974
6631
1527
10528
6329
5279
3030
10469
8342
3539
7824
8203
7206
10442
4720
8395
2758
6065
7684
4681
8160
9885
5420
7432
2232
9112
1936
3611
9039
3939
5506
5851
6753
7696
9730
4706
8939
3674
9143
2962
836
3466
3598
5397
5011
7537
6219
7754
8248
1060
10554
10151
7827
103
557
9175
10472
8619
6218
3794
19
1897
4411
3008
6075
631
3655
614
878
3184
4690
6673
7470
2992
1068
170
6407
6759
3167
1625
488
1208
5034
9280
8522
9773
5814
1468
5113
5956
7379
623
4696
8240
5966
4910
2545
258
73
697
6867
2461
221
6323
3230
2353
785
1496
624
1081
8535
6070
5340
957
5790
5373
9510
8212
8662
3420
4997
9726
8766
2942
9829
150
4442
4602
3873
3933
1740
3705
8514
3157
6503
2973
1702
3430
3547
7370
9047
3893
6835
7736
5342
6276
10264
7158
315
9071
1282
5625
7291
9746
3996
2540
8715
10251
4737
8845
2823
2591
8180
8417
4098
2116
6142
10341
3751
3981
4185
2995
5629
9933
5392
6184
5415
9226
5682
4396
8975
1631
8274
2453
210
2659
9889
3140
4598
10349
4489
1330
6704
9464
7363
438
8277
8849
4458
9834
10479
5825
3703
2673
2065
6709
7485
4895
10061
8871
5574
806
1309
3791
392
9898
5247
3503
8264
8627
1741
6714
10089
397
2230
2860
8141
394
9526
5942
8980
9556
6197
6342
8606
9613
487
356
351
5712
7930
10091
6681
9899
3727
4808
5748
8425
317
1478
9182
4630
4513
2949
1108
8323
5268
3395
7962
227
1708
7173
1875
9694
6543
7925
2028
8214
1332
10370
5831
6772
1126
6782
2958
4640
10154
840
2835
331
10188
8823
4086
5421
10047
9383
715
4439
322
6556
6130
6863
8054
2904
4463
2188
5326
4101
1109
2018
991
8429
3191
6370
8520
5047
5924
6290
5601
4222
7743
7456
9784
2530
2678
1162
594
6488
7640
9291
8802
9205
9119
708
9577
7567
2951
10206
1136
213
10255
4764
3351
3731
4352
7715
1687
887
3590
3881
5835
5523
3188
10483
8517
2603
3553
7558
10045
3245
2026
6609
4266
9930
580
8254
978
3301
652
1056
6755
2408
2764
6966
7474
9190
9134
632
9135
3542
4643
4146
6938
113
6727
1016
8989
7694
966
9388
8174
3220
4642
4861
2313
3287
630
7236
10423
9916
8543
518
9617
8608
323
8664
10039
3381
7506
8051
6657
2737
10246
6261
7602
9667
6120
2412
5516
4017
9495
2504
2343
42
1567
778
1653
3724
10519
4349
4565
5830
1904
5290
5419
261
8037
2796
5452
9459
451
10029
6459
7080
3540
5133
1703
1274
7957
5493
4362
7848
8167
7194
3932
370
2763
6069
6205
9211
5128
1735
8040
3445
3124
8282
7179
8337
4613
6300
2099
9780
1642
769
10111
236
3394
2809
9384
5159
1754
6335
1340
2583
5806
10611
4018
2455
770
5091
3436
2691
5001
9996
5108
779
5797
10025
845
5304
4959
5166
4215
2903
7424
10098
1140
3269
7763
6269
10448
1728
2642
3537
191
4777
4805
5366
5402
3972
76
641
7546
1535
2173
7628
5903
1386
4945
2786
4747
3241
10392
1590
5175
3967
3143
6895
2538
8851
5112
9058
3135
3784
367
625
263
1651
2514
6309
9475
4253
3446
5640
4064
9136
182
7996
7377
6525
1399
7271
5594
6368
5417
2778
8252
1440
536
308
6417
10587
6414
6468
4294
8023
6256
4574
4652
7961
5641
2713
3249
7083
1534
2247
4924
6030
6088
8900
4569
1688
9421
3772
7454
4581
8460
4177
3061
8532
962
8399
5929
1902
3907
4264
9715
6472
469
6986
8892
1774
3743
6692
3652
4175
9142
8283
3522
8245
6345
7699
2572
7165
7759
6585
4733
430
2662
2946
7085
4386
8494
9521
7739
9038
5731
6369
5884
6572
9645
9322
3808
10536
9944
10143
6763
1995
10363
4811
9941
4885
8225
8602
6967
7151
10155
6004
7203
821
7252
3627
5155
7355
9630
4579
5987
719
8948
1052
6675
8620
4402
8972
3204
9904
4231
1985
9614
10600
110
5323
8523
4774
8884
7774
5691
9775
2619
5354
254
6497
9304
3592
1249
7870
5308
3937
1691
4965
9011
10004
2330
9399
245
5896
7292
4348
7927
9958
1790
4880
6156
4245
8648
5608
4563
7582
8030
6578
6275
2078
9468
211
5642
5679
10603
6701
8787
4016
9087
5196
5783
6136
2500
8480
669
8367
9907
3236
8581
9428
8062
5737
8004
3173
2442
7666
5822
772
6453
9671
1676
4403
7771
4810
1459
269
5005
1495
4168
8872
4876
982
7543
4667
6249
8385
1333
7219
4948
4055
7994
7046
9497
9483
8352
314
8757
1424
7225
9400
2577
9866
10383
1939
3454
7482
5414
5040
8641
3229
1131
1850
9832
6198
10192
1948
8428
1299
5162
2528
9980
2699
3644
7700
364
5513
10420
730
2496
3551
2291
2296
5680
8001
6907
8270
2554
3953
9166
1623
2799
3248
7591
5913
5820
4543
1861
10292
5628
1924
7676
5972
6528
7963
5685
2271
7448
5845
8694
3541
8387
6380
9975
168
3378
1716
6268
5399
8905
10223
590
4855
2741
5716
10530
7987
920
5868
5357
3969
5264
4827
10626
6254
5339
5278
6139
9865
14
9381
3504
3259
4009
9486
5142
7712
6666
10404
6630
2874
5841
4918
7467
8932
8755
3444
4683
3489
8590
9632
288
4645
1237
9278
4657
6829
1519
5643
636
7776
9968
9290
10287
7953
2243
9275
1619
9590
9321
8293
9033
4088
4660
9073
6319
8279
1327
2095
8959
9806
5480
9535
2919
9426
8299
1310
7121
5313
8505
9683
6274
6885
181
5588
1224
7337
2855
421
5024
5453
2007
4418
8350
2837
1130
271
1051
7566
4647
946
2971
8600
2635
5775
8083
5519
1184
1717
5997
6183
6050
672
532
8165
3034
9623
9603
4883
4548
6367
3795
1078
8246
9741
9418
1975
2210
1933
507
7496
2912
4448
2022
7250
7918
5376
6979
6806
10478
189
3487
7769
1990
7909
3711
8035
8955
1080
5586
3647
6761
979
10628
5356
3110
6053
9579
6173
4270
8102
6339
9682
8612
7114
3086
1880
6286
4339
9336
10592
4040
2005
8735
542
9884
6671
92
1891
9619
8288
4761
8610
5031
10028
8811
1576
274
1940
5317
9451
4559
7968
493
8856
6641
4740
3187
10411
6446
8144
3488
1086
7489
3370
3279
8204
589
4863
6229
1348
9876
10451
9551
4769
301
8015
9787
2107
3386
2523
9743
5276
6756
7600
2393
2625
4490
9456
7188
3965
3496
2760
4441
1574
62
7583
10482
1595
7758
2444
5277
1733
2429
7576
3339
6177
2918
6570
1869
179
894
4889
6273
4836
1517
5305
7229
9035
1903
5610
4082
6321
6493
1236
3908
8917
5567
5577
7792
6550
2305
126
6135
1604
7711
2863
9006
2872
9976
2279
8765
10299
10201
4962
10529
8582
2268
5550
7484
5380
5004
8815
5565
8559
4278
7880
2826
7632
8974
3860
9471
2588
4496
4100
3693
6754
5171
863
2873
4315
5566
1507
9338
10266
4445
494
4370
10305
6915
7346
3334
7888
2652
3992
6975
1980
5979
4274
7477
3710
3926
5470
1757
908
4529
5230
10030
10537
5072
9390
5416
7413
3426
6213
7096
6766
1847
5393
5260
5404
563
8
243
10588
8205
1877
3594
3629
2581
9389
881
527
4223
5799
2307
1526
3916
7623
3615
4969
2542
5812
4198
2228
6655
3207
3529
7829
9386
8528
400
2862
2392
1306
3128
4928
4440
10227
9395
8362
6765
2792
8187
5110
4554
359
7905
3931
591
9502
5703
5188
8298
3948
8999
6473
2920
2320
1153
8526
10581
7261
4993
439
5719
9605
829
5048
4364
1686
3286
499
9602
2066
9686
2446
4205
7511
8140
5779
10093
355
4257
6429
9611
10183
441
5984
1058
10534
3366
8363
8567
7931
7354
4654
8491
3164
1334
7451
810
9871
8502
2311
6416
10260
8958
361
8542
1376
9094
2199
852
1462
9675
2753
10491
2085
1767
4515
10270
10520
6744
10208
1174
5101
1259
403
6599
2727
5388
9891
6812
10533
1738
907
3976
7293
6396
5208
6289
5302
2128
8580
9042
7156
3632
10614
10043
7665
9808
4094
7548
8954
1473
4506
5907
390
767
4517
1100
7565
5324
843
9454
4650
2161
6903
7674
7906
10078
1941
873
3512
5723
882
7488
6786
1784
2383
3837
4551
7806
938
1359
3602
639
8227
7980
8803
9522
4562
65
2031
859
5095
2864
7216
5722
5999
7526
8309
2968
10109
8295
1563
5971
1533
6435
6948
8899
2516
2987
2501
8432
2132
9404
7542
2536
2715
8347
8721
1598
6117
3670
5043
4336
2671
1371
4952
6233
4250
4446
4684
4847
9362
4241
8782
9901
6162
2334
28
2580
3373
3355
7686
3631
3447
9433
7572
4340
5637
4247
2506
955
9184
3960
506
6591
10253
208
3653
546
3945
2434
3246
1245
344
749
1894
738
8069
3783
608
3501
519
799
6920
4455
484
4155
9719
5394
3176
332
2690
8720
171
10276
8908
5235
2696
10195
290
477
4077
5875
9696
7966
336
3890
1951
3166
2208
7611
10234
8378
10172
8195
3721
4303
4054
502
8028
8421
8793
629
2249
4423
4934
8555
4406
3356
1218
2772
9803
8118
4048
1168
6774
10050
6606
2274
8511
6109
9690
2879
2355
4692
3730
5539
3885
9364
3807
1523
5076
491
8801
7765
2030
8344
2470
3591
10571
6105
6317
391
3712
6711
7429
8038
8824
8650
2782
306
8257
2947
2190
2732
4898
402
773
10302
1658
8922
7803
1573
3212
10514
3633
3843
6689
1298
2298
3226
9783
4044
8714
4710
89
5442
4783
10222
7651
2725
9029
7423
5252
1597
6861
787
1611
1715
3803
10579
6062
1411
10405
3364
3045
2675
7958
5702
10538
3291
5623
3399
3657
1101
1942
1493
10147
2515
4695
4167
988
7402
8985
2747
5462
9552
3064
8575
1357
1483
9819
7208
7478
5756
8725
7276
1804
9496
3151
8043
2622
8516
9443
7221
8253
8986
6354
6347
1177
7473
9740
8242
118
9206
6026
3055
9701
1610
3435
5405
9627
9090
3255
10447
4721
8503
1129
1366
4341
6636
5435
703
9467
5368
4254
5568
8324
7349
1633
1015
8048
2494
7266
6032
10477
6813
1816
2466
3530
6982
7196
8937
6496
209
8232
6618
4583
9894
3080
686
4845
4286
4704
8676
6175
9857
7588
8084
8206
10394
8315
6384
1094
9437
3016
8569
2495
3654
9793
8615
5866
605
8818
1914
5139
4437
4123
2136
4773
10142
5729
2388
4061
2377
5250
6661
4516
4590
7343
8631
2042
765
479
3453
3963
8398
4705
6940
3441
4195
5035
6355
7005
7989
3570
10293
7138
10018
1846
7840
3057
5695
895
6593
2257
7078
2292
6924
5098
9592
5134
7401
2745
9599
9339
4260
215
6172
4353
7832
2035
4862
2089
4108
4901
3263
3200
7087
8090
5287
6788
1685
8661
922
8642
2746
2750
10395
2131
6866
8771
6490
2560
7358
57
10241
5816
2483
6350
192
3911
2185
9936
3813
2885
7348
7109
9215
7447
2708
1190
1860
4625
6983
2636
7198
4462
4330
1657
7813
9695
7075
2698
178
8376
6724
4520
8057
5046
9325
921
5496
6807
5965
1143
3728
348
5916
5398
2724
5871
6122
2245
592
5837
1680
5881
9403
9650
4207
1013
7662
1339
6101
10467
8384
3053
4906
6833
1156
7418
2641
899
7638
2183
1088
6734
6111
6337
838
9661
9759
2810
4346
4130
10378
6531
6293
9060
9252
10422
552
111
5658
2411
855
4875
8874
2259
2875
94
8177
9811
5873
6978
6104
10525
2133
7871
4970
1193
4809
9004
9912
9868
874
2459
8259
8197
7172
6364
10181
10338
6579
1469
486
9666
9265
6182
7146
10094
9704
3577
3765
7387
1368
514
5938
7587
8923
3823
8510
6817
9145
6382
1649
8996
425
8751
5694
4503
8216
2923
1047
7735
1919
326
4426
645
1270
7187
9328
1378
4034
3923
7653
1809
2458
4512
4035
5919
9802
3662
638
4472
635
1449
7850
2348
8572
7828
8901
658
8325
7798
2969
790
2665
4738
9503
2672
4160
7505
8250
5140
6383
798
3404
5724
8825
3323
2175
3950
8262
10256
4201
9566
9925
6947
10361
3297
5669
3161
3024
3153
5809
1762
1001
2306
6790
637
8193
9728
4311
10312
6169
10521
4474
9424
1345
9030
864
634
1111
9448
984
2927
3528
4369
4518
758
1617
9998
683
8307
3962
8243
7025
1480
5311
4196
4042
3223
10252
10056
1491
1601
2017
5796
7527
5469
10137
5299
96
6565
1805
7123
5592
5022
2972
10283
7210
1260
8695
3483
6267
9199
1254
6007
5973
4964
5943
7981
4770
10211
7011
9157
1836
500
6389
8064
9922
10152
4699
1472
10133
2091
10085
3451
5407
8422
10307
10601
8147
333
7970
5014
4202
10176
5309
579
2223
8127
815
9333
278
3578
121
5527
5605
5696
3082
3702
8335
24
9942
6011
2816
2553
8866
1293
9270
3642
2101
5138
7742
5283
5634
4980
9117
714
5510
4544
3626
9332
8308
3283
5258
9610
3759
2945
5741
9236
8106
9243
1034
4477
7547
7874
7585
5736
735
7540
6039
9051
4041
8667
3415
1251
5002
8434
8713
10008
5671
3790
7010
969
4573
159
10124
6118
10462
8790
4005
4361
5219
6450
2054
858
4089
8390
6270
9985
868
7718
1206
9896
10393
6211
914
5598
8934
2283
5856
3183
7336
5296
3978
2195
1187
267
10127
861
8218
9699
2871
2314
5267
5507
5120
10608
937
7831
3423
325
2361
9240
5872
10117
52
5214
5650
7578
8671
4090
5163
184
2120
5336
3185
10067
1329
9023
2201
1127
88
3688
6278
1560
1392
7095
2325
2081
4368
6658
4719
5018
4419
6864
10213
3250
3497
246
8936
6748
2658
3177
5477
995
4357
3862
6373
7560
7034
6073
6463
3767
7499
7727
3425
8370
6808
4750
3754
3958
3313
1463
7650
7770
4527
1167
6815
3162
7868
7147
2389
5228
1104
130
6725
3603
9786
7595
10001
5181
6893
9245
7598
10384
10250
2630
7677
2053
7627
8113
3878
7171
571
5802
4491
8912
1838
2681
1915
4126
797
733
8838
9882
8172
6234
8374
833
2469
6178
1344
505
4960
1065
7748
9043
9306
7101
6327
896
4219
10204
2928
8876
3872
8431
2608
10549
9031
2158
7751
4577
3127
4949
1351
157
172
2858
457
9654
16
10165
6868
5426
4334
6253
5263
4255
7440
10244
2618
10037
260
7351
9230
3900
4894
3733
9797
9140
10465
7071
3397
5656
2505
1883
7808
654
8414
4287
7
7407
4523
8027
1226
5792
809
9852
230
3773
4730
321
5109
6352
4125
512
8965
5649
2486
2197
6333
6209
10464
1720
2275
8877
9660
6552
7655
1267
9897
8652
2791
5240
3868
4144
4171
6436
5202
7016
2150
9494
3776
4394
8639
7131
3417
3864
5341
961
8599
10502
3105
8416
724
1212
8768
8565
8444
931
6529
928
1400
5935
5910
4029
1039
1772
9817
7515
4620
7498
8210
8552
9329
813
9732
9573
7733
3805
3073
6052
4290
7256
6025
6886
13
4036
8471
4121
1615
6394
4771
5819
1066
6662
817
3768
2563
10218
3494
6732
4755
2850
6934
9139
8490
3586
3689
4908
8389
5805
849
30
424
10515
2808
2819
6883
2071
8541
8710
8898
6244
1192
3260
8094
1002
7988
7894
10096
8621
731
1881
1328
1587
7522
5371
5385
5727
8152
8237
1683
8351
4682
7952
4782
8361
10140
7352
4572
354
5815
8798
10238
2943
2509
929
9945
4766
7119
2056
10288
2399
6954
1383
116
2667
9354
10226
9691
2574
5248
4030
2922
7176
9563
433
9007
4825
9375
6351
6147
162
10358
1599
1198
5662
8976
4316
2476
9452
2233
3434
8929
4447
447
9959
7539
6454
365
780
5701
9440
6231
8700
415
617
2963
4008
5297
4235
8769
4693
7901
8775
6736
7645
5917
9973
522
3335
7310
4283
4723
9037
1621
9251
9837
8346
9041
3413
3579
1613
7375
597
10167
3546
2011
1565
888
657
10322
9935
6221
8275
7193
9348
2200
2240
5262
3749
2812
0
5215
2450
2520
7262
8008
3120
2637
5947
2585
7062
5330
901
9133
6151
2628
6001
1639
7575
3052
5433
9359
9231
1993
5327
5389
10139
1605
4837
67
851
1488
2865
2759
3325
9588
4784
7251
5067
8487
9054
7908
1873
4119
2058
4289
2677
2888
904
3119
10387
8482
376
7245
1176
4220
7823
6810
5908
959
4301
6729
9498
10564
6502
4157
6634
4486
7411
754
3146
5578
5657
1792
5556
6282
5853
9545
8326
4141
3419
8861
1654
7366
9235
140
3883
1027
1323
6328
4742
4465
9284
106
8681
6730
9818
6353
3149
4277
1233
941
8359
3482
9025
8836
10444
8354
5008
7290
55
7040
8296
3219
5483
2363
6060
1671
9594
3428
4360
756
7985
7812
4015
9160
831
9718
1326
2613
2766
1845
7551
7388
4184
1432
1577
4653
9111
8276
8194
4345
7795
10269
9742
5328
6750
2742
2439
1133
9397
1342
132
6058
8904
7285
9167
6958
693
5571
4927
4405
3385
3051
9533
9752
1823
5298
3990
2350
9895
5152
4047
3898
9316
4039
2301
9319
6769
2448
6874
3986
4115
7873
2463
4596
7805
2996
9861
9162
2601
8566
3511
1746
8003
2788
7982
6515
1968
5464
7570
3121
6009
7333
8154
1806
3554
4075
5710
2213
5762
3329
8124
2322
3492
8657
2680
1415
34
4780
10526
8498
7732
2543
10607
3811
7734
471
4896
5946
2180
1736
9514
7294
1954
409
9571
10011
10038
3132
8034
10457
5529
3587
8475
5928
4112
7430
7068
3637
1265
1407
8356
3517
7108
2856
5889
6171
3098
8762
10177
1695
5009
5333
5838
2382
6955
495
7857
4988
8149
5922
10333
3691
2716
10458
5418
6465
5993
4575
5350
8050
2319
6595
10324
6239
9298
2707
7897
3994
8024
9921
7345
6320
3403
710
1059
5351
2432
656
5400
7376
7301
9349
2372
9634
2113
197
935
782
232
5169
5099
8181
5517
8397
8645
2507
6647
10550
4307
7782
8806
8125
1401
1475
8290
6555
5499
3326
9769
431
6994
145
9470
3145
4878
1719
801
4132
10268
4165
9288
4801
9965
8244
7635
8524
8897
8281
4779
5780
5904
8854
687
2115
5282
6179
304
6176
6700
653
8317
4796
3788
1900
2620
9580
1553
9009
9416
3704
5176
3534
4420
4687
9555
1666
4849
1406
3309
10278
9596
9163
5962
10026
3840
4623
1073
7569
835
7744
1870
253
2870
9396
5198
5232
1925
3021
3955
7991
2573
885
6752
5266
4619
10565
4899
1372
9951
176
1384
5179
2794
3716
1791
9825
7939
9643
4046
8433
282
1142
2092
7573
5118
9372
3903
974
8010
39
8796
3171
7464
1113
1840
9581
7059
3273
1787
5511
3346
9127
10613
7693
3519
936
7664
8470
1570
3050
7023
2594
5554
4475
7761
700
2526
3352
1663
9258
9972
395
8053
6390
2286
10425
6106
516
2776
7434
5144
5888
9874
9378
3125
5974
1393
5156
3649
6257
5102
9739
4507
7626
5758
6933
2351
7213
5606
10488
7898
1021
9462
2424
7394
8906
1996
10073
186
3467
3056
3019
6663
3668
10274
10024
2258
4354
3305
417
2366
6942
10620
7391
696
4669
1116
6076
1169
6784
9604
6825
10602
8584
7945
3600
9663
8740
7581
7936
2926
4342
2706
2130
6215
8336
4637
10610
2400
3256
4071
8637
9880
7755
141
8636
6483
7242
1837
520
7883
1458
2814
8844
9892
5461
4874
6310
3935
10277
5540
4103
358
4588
6580
2607
9878
3214
5062
276
2452
337
4391
678
9347
5744
5060
259
5572
6330
9239
5213
6043
2040
1670
7973
4869
7184
5521
2163
5616
1749
6157
4726
5205
9674
4284
6437
2790
595
8634
2818
818
4199
2187
1238
3071
84
2950
10258
2345
10209
10311
3368
1243
7916
4085
9840
8228
7331
6247
464
93
1628
975
6560
4663
3341
5969
8394
706
6303
1596
2502
9277
291
2898
6649
1467
7079
5591
6821
8952
564
458
1618
2293
2771
8453
2098
10169
1161
6902
2867
5771
8168
66
9798
5970
3827
5465
8914
2339
10009
4636
5082
8745
3909
6842
10297
3360
4078
6737
9002
7063
2431
10217
7044
7723
10263
10102
7778
1336
5895
8499
3079
6705
8568
5116
4148
9154
8377
2854
5620
6423
3643
4748
5321
8960
7344
3239
7891
952
1291
7704
8229
9214
9707
8294
606
91
6283
3576
1690
2634
2609
6356
3851
2237
9296
10214
4133
6165
5937
6656
10362
3620
4079
2917
40
5597
8107
10559
7380
7404
877
2235
847
1912
6871
9537
9830
2309
10471
3925
6985
4248
7116
6795
8012
9305
1795
3766
5259
10334
5307
3977
4887
5986
3469
985
4390
578
7105
9223
