1.0431232452392578,0.9450000524520874,1.141095757484436
1.0270800590515137,0.9700000286102295,1.0798457860946655
1.024999976158142,0.9750000238418579,1.1532833576202393
1.0363308191299438,0.9550000429153442,1.0754708051681519
1.024999976158142,0.9750000238418579,1.0328145027160645
1.024999976158142,0.9750000238418579,1.0470333099365234
1.024999976158142,0.9750000238418579,1.0325019359588623
1.0375635623931885,0.9550000429153442,1.2295331954956055
1.0413696765899658,0.9350000619888306,1.724376916885376
1.024999976158142,0.9750000238418579,1.0673457384109497
1.0456477403640747,0.9450000524520874,1.5501582622528076
1.0424572229385376,0.9500000476837158,1.6270332336425781
1.033553123474121,0.9500000476837158,1.3743770122528076
1.024999976158142,0.9750000238418579,1.0484395027160645
1.024999976158142,0.9750000238418579,1.0467206239700317
1.0422639846801758,0.9500000476837158,1.2250019311904907
1.024999976158142,0.9750000238418579,1.0242207050323486
1.024999976158142,0.9750000238418579,1.0384395122528076
1.024999976158142,0.9750000238418579,1.0559394359588623
1.024999976158142,0.9750000238418579,1.0390644073486328
1.024999976158142,0.9750000238418579,1.0346893072128296
1.027179479598999,0.9700000286102295,1.1181269884109497
1.024999976158142,0.9750000238418579,1.0232832431793213
1.024999976158142,0.9750000238418579,1.0456269979476929
1.0354321002960205,0.9550000429153442,1.1651581525802612
1.024999976158142,0.9750000238418579,1.0254708528518677
1.0409437417984009,0.9500000476837158,1.0834394693374634
1.024999976158142,0.9750000238418579,1.0298458337783813
1.024999976158142,0.9750000238418579,1.0275019407272339
1.0363308191299438,0.9550000429153442,1.0715645551681519
1.024999976158142,0.9750000238418579,1.0431269407272339
1.024999976158142,0.9750000238418579,1.0153144598007202
