851
528
574
87
472
548
371
479
900
1074
785
341
713
772
898
391
561
287
967
983
827
725
874
144
329
194
849
640
853
572
311
263
196
178
482
920
741
705
499
840
300
621
683
619
139
774
1061
592
521
1049
883
594
447
283
845
376
535
819
834
423
789
187
532
988
522
1055
484
897
85
587
76
41
357
925
818
340
368
356
485
857
825
606
526
425
784
887
121
362
1035
519
855
947
435
111
542
474
199
1028
609
881
133
284
801
467
689
49
806
109
1002
626
668
501
452
63
354
843
651
675
415
118
863
828
565
529
227
469
540
659
921
1060
830
18
43
962
997
949
153
408
510
630
870
488
733
328
345
140
560
264
973
1025
712
1051
906
603
323
449
134
315
685
303
646
996
208
573
262
520
637
1010
992
724
4
1023
266
141
410
914
11
635
217
922
108
1033
51
358
174
259
556
732
545
500
595
1016
890
584
82
1071
731
465
254
910
1018
130
736
156
274
355
36
608
990
247
691
364
770
161
164
986
421
365
3
901
14
694
780
602
115
611
430
136
42
253
970
172
507
638
692
62
943
432
20
6
336
1013
841
544
880
858
349
327
696
586
1017
743
1012
110
420
976
878
693
672
165
27
17
961
974
305
627
316
1024
549
312
453
379
788
233
1019
280
979
941
297
879
407
564
820
539
634
224
953
94
656
569
189
359
223
824
757
487
886
775
1015
70
563
334
932
930
429
1027
416
846
401
117
370
764
718
88
15
326
944
909
852
924
699
518
292
559
860
386
103
414
776
567
260
551
706
492
936
272
220
1066
709
306
225
916
167
912
250
965
226
899
505
29
480
405
792
119
257
221
384
389
1009
192
95
812
102
1021
282
339
1065
702
135
959
234
771
553
229
302
288
216
773
112
495
483
206
338
369
275
417
727
589
701
132
931
307
289
35
956
104
267
74
987
1014
939
1075
319
243
155
968
295
650
399
760
918
782
456
866
347
78
995
201
538
123
697
1030
577
458
97
107
502
767
409
455
902
707
1073
152
494
75
623
437
361
92
193
649
105
397
281
322
704
729
1000
666
875
937
618
434
332
58
251
894
940
647
966
778
120
37
989
367
1047
382
209
1072
100
783
917
928
794
157
809
935
373
451
8
422
580
69
751
424
182
185
186
56
543
839
459
166
471
583
271
128
714
1007
765
1046
125
585
747
511
34
512
835
667
240
426
374
690
1056
179
905
45
1040
952
730
180
662
68
268
413
175
383
1003
30
591
798
419
678
273
310
579
213
652
