1.0210000276565552,0.9980000257492065,1.0320000648498535
1.0130000114440918,0.9990000128746033,1.031999945640564
1.0449999570846558,0.9990000128746033,1.0320000648498535
1.0329999923706055,0.9980000257492065,1.0320000648498535
1.0049999952316284,0.9990000128746033,1.031999945640564
1.0069999694824219,0.9990000128746033,1.0320000648498535
1.0130000114440918,0.9990000128746033,1.0320000648498535
1.0260000228881836,0.996999979019165,1.031999945640564
1.0529999732971191,0.9980000257492065,1.0320000648498535
1.00600004196167,0.9990000128746033,1.0319998264312744
1.100000023841858,0.9980000257492065,1.0320000648498535
1.031000018119812,0.9980000257492065,1.0320000648498535
1.0360000133514404,0.9980000257492065,1.0320000648498535
1.0180000066757202,0.9990000128746033,1.031999945640564
1.0019999742507935,0.9990000128746033,1.031999945640564
1.037000060081482,0.996999979019165,1.0320000648498535
1.0080000162124634,0.9990000128746033,1.031999945640564
1.00600004196167,0.9990000128746033,1.0320000648498535
1.0260000228881836,0.9990000128746033,1.031999945640564
1.00600004196167,0.9990000128746033,1.0320000648498535
1.0219999551773071,0.9990000128746033,1.0320000648498535
1.00600004196167,0.9990000128746033,1.0320000648498535
1.003999948501587,0.9990000128746033,1.031999945640564
1.0130000114440918,0.9990000128746033,1.0320000648498535
1.0210000276565552,0.996999979019165,1.031999945640564
1.0110000371932983,0.9990000128746033,1.031999945640564
1.0089999437332153,0.9980000257492065,1.031999945640564
1.0119999647140503,0.9990000128746033,1.0320000648498535
1.0049999952316284,0.9990000128746033,1.031999945640564
1.0149999856948853,0.9980000257492065,1.031999945640564
1.0049999952316284,0.9990000128746033,1.031999945640564
1.00600004196167,0.9990000128746033,1.031999945640564
