1.0354737043380737,0.9550000429153442,1.1215920448303223
1.0354737043380737,0.9550000429153442,1.121962070465088
1.0490849018096924,0.8849999904632568,3.3114521503448486
1.0320017337799072,0.9650000333786011,1.2655919790267944
1.0306593179702759,0.9600000381469727,1.570642113685608
1.0348492860794067,0.9500000476837158,1.1762419939041138
1.0315507650375366,0.9500000476837158,1.18887197971344
1.0303244590759277,0.9600000381469727,1.6414721012115479
1.0347908735275269,0.9500000476837158,1.2269619703292847
1.0405197143554688,0.9300000667572021,1.3896920680999756
1.041340708732605,0.940000057220459,1.155701994895935
1.0399163961410522,0.9500000476837158,1.331981897354126
1.0399163961410522,0.9500000476837158,1.331981897354126
1.0464198589324951,0.9200000762939453,1.6618820428848267
1.0456089973449707,0.9200000762939453,1.7817620038986206
1.1183438301086426,0.6700000166893005,4.33964204788208
1.0277316570281982,0.9550000429153442,1.6441919803619385
1.0229462385177612,0.9700000286102295,1.1078219413757324
1.031867265701294,0.940000057220459,1.5791521072387695
1.024999976158142,0.9750000238418579,1.0376520156860352
1.024999976158142,0.9750000238418579,1.0593019723892212
1.024999976158142,0.9750000238418579,1.1020420789718628
1.0294445753097534,0.9650000333786011,1.1959820985794067
1.024999976158142,0.9750000238418579,1.1556919813156128
1.0262531042099,0.9700000286102295,1.2165119647979736
1.0515905618667603,0.8399999737739563,2.576162099838257
1.0468658208847046,0.9350000619888306,1.6015920639038086
1.0379050970077515,0.9350000619888306,1.7112021446228027
1.0291666984558105,0.9550000429153442,2.1753220558166504
1.0464462041854858,0.9200000762939453,1.816681981086731
1.0271437168121338,0.9650000333786011,1.057681918144226
1.0355855226516724,0.9500000476837158,1.4251819849014282
1.0432522296905518,0.9250000715255737,2.053611993789673
1.086068868637085,0.824999988079071,2.9313220977783203
1.0453438758850098,0.9300000667572021,1.6174920797348022
1.0517843961715698,0.9050000309944153,1.7302221059799194
1.063852071762085,0.8550000190734863,2.445321798324585
1.0431379079818726,0.9500000476837158,1.2446420192718506
1.0431379079818726,0.9500000476837158,1.2446420192718506
1.0557591915130615,0.8299999833106995,2.90779185295105
1.0468279123306274,0.8650000095367432,2.8238320350646973
1.0327234268188477,0.9450000524520874,1.5189920663833618
1.047886610031128,0.8800000548362732,3.8300421237945557
1.0340237617492676,0.9500000476837158,2.0610721111297607
1.0421234369277954,0.9450000524520874,1.1915020942687988
1.1084048748016357,0.7099999785423279,4.107492446899414
1.037749171257019,0.9500000476837158,1.2063820362091064
1.0279821157455444,0.9650000333786011,1.0747720003128052
1.0279723405838013,0.9600000381469727,1.2591520547866821
1.0443708896636963,0.9150000810623169,1.716852068901062
1.024999976158142,0.9750000238418579,1.134202003479004
1.0278098583221436,0.9650000333786011,1.2647720575332642
1.0637197494506836,0.8450000286102295,2.614392042160034
1.0447278022766113,0.9350000619888306,1.8431320190429688
1.044801115989685,0.9300000667572021,1.8740819692611694
1.0390398502349854,0.9350000619888306,1.478472113609314
1.0292145013809204,0.9600000381469727,1.1563819646835327
1.0267120599746704,0.9700000286102295,1.1253420114517212
1.0396654605865479,0.940000057220459,1.5926319360733032
1.024999976158142,0.9750000238418579,1.0264118909835815
1.0438880920410156,0.9250000715255737,1.8932220935821533
1.0456693172454834,0.9250000715255737,1.8331120014190674
1.044341802597046,0.9350000619888306,1.2650818824768066
1.029881477355957,0.9650000333786011,1.248471975326538
1.044990062713623,0.9200000762939453,1.8931320905685425
1.0267326831817627,0.9700000286102295,1.1611019372940063
1.0258257389068604,0.9700000286102295,1.120792031288147
1.0406070947647095,0.9250000715255737,2.191162109375
1.0310089588165283,0.9500000476837158,1.4027020931243896
1.0199999809265137,0.9750000238418579,1.0778919458389282
1.0199999809265137,0.9750000238418579,1.0330818891525269
1.024999976158142,0.9750000238418579,1.1329920291900635
1.0418206453323364,0.9350000619888306,1.289631962776184
1.047701120376587,0.9300000667572021,1.7568620443344116
1.029556155204773,0.9650000333786011,1.1131319999694824
1.0218950510025024,0.9650000333786011,1.2305619716644287
1.035630226135254,0.9200000762939453,1.953611969947815
1.0309451818466187,0.940000057220459,1.3620420694351196
1.0269733667373657,0.9700000286102295,1.1185719966888428
1.0288136005401611,0.9650000333786011,1.2165520191192627
1.045314908027649,0.9500000476837158,1.198322057723999
1.0199999809265137,0.9750000238418579,1.148331880569458
1.0228710174560547,0.9650000333786011,1.2039719820022583
1.024999976158142,0.9750000238418579,1.2477918863296509
1.0394757986068726,0.9200000762939453,2.067732095718384
1.0532885789871216,0.8750001192092896,2.6699624061584473
1.024999976158142,0.9750000238418579,1.127571940422058
1.0385432243347168,0.9500000476837158,1.2525519132614136
1.024999976158142,0.9750000238418579,1.1512320041656494
1.024999976158142,0.9750000238418579,1.057542085647583
1.0343801975250244,0.9550000429153442,1.3445820808410645
1.03242027759552,0.9600000381469727,1.4151420593261719
1.024999976158142,0.9750000238418579,1.0851019620895386
1.024999976158142,0.9750000238418579,1.0402220487594604
1.0394068956375122,0.9500000476837158,1.371392011642456
1.0323878526687622,0.9550000429153442,1.2215819358825684
1.024999976158142,0.9750000238418579,1.065142035484314
1.0270473957061768,0.9600000381469727,1.212641954421997
1.0407627820968628,0.940000057220459,1.2446320056915283
1.024999976158142,0.9750000238418579,1.0449719429016113
1.045046329498291,0.9200000762939453,1.2912120819091797
1.043873906135559,0.9350000619888306,1.2650120258331299
1.0508778095245361,0.9150000810623169,1.2897218465805054
1.0483064651489258,0.8900001049041748,2.21494197845459
1.0401691198349,0.9500000476837158,1.1616820096969604
1.0409493446350098,0.9000000357627869,2.688772201538086
1.052101731300354,0.8700001239776611,2.863312244415283
1.0635385513305664,0.8750001192092896,2.5453920364379883
1.0344215631484985,0.9550000429153442,1.2674320936203003
1.030229091644287,0.9450000524520874,1.4433820247650146
1.0266363620758057,0.9650000333786011,1.251121997833252
1.0295226573944092,0.9700000286102295,1.06564199924469
1.030905842781067,0.9500000476837158,1.3815020322799683
1.034631371498108,0.940000057220459,1.2623319625854492
1.029350996017456,0.9600000381469727,1.1494020223617554
1.0274745225906372,0.9650000333786011,1.1462420225143433
1.0329452753067017,0.9450000524520874,1.5235021114349365
1.0608347654342651,0.9200000762939453,1.3131619691848755
1.0623066425323486,0.9200000762939453,1.3131619691848755
1.024999976158142,0.9750000238418579,1.0652018785476685
1.0309609174728394,0.9500000476837158,1.6871620416641235
1.0404759645462036,0.9200000762939453,1.6068120002746582
1.050424575805664,0.9050000309944153,1.55662202835083
1.0311706066131592,0.9600000381469727,1.254472017288208
1.0671823024749756,0.8550000190734863,1.8808220624923706
1.0430245399475098,0.9250000715255737,1.6345319747924805
1.0258005857467651,0.9700000286102295,1.2539219856262207
1.05500066280365,0.9200000762939453,2.2498719692230225
1.0613329410552979,0.9100000858306885,2.3307318687438965
1.024999976158142,0.9750000238418579,1.1285220384597778
1.0275797843933105,0.9600000381469727,1.1641520261764526
1.0504467487335205,0.9200000762939453,1.9436620473861694
1.0445622205734253,0.9300000667572021,1.9782121181488037
1.0688122510910034,0.8500000834465027,2.3377320766448975
1.0361690521240234,0.9350000619888306,1.2525018453598022
1.040381908416748,0.9350000619888306,1.580072045326233
1.0552562475204468,0.8800000548362732,2.286911964416504
1.0316787958145142,0.9550000429153442,1.4065121412277222
1.042925238609314,0.9150000810623169,1.7406920194625854
1.0645562410354614,0.9250000715255737,1.2818620204925537
1.0663096904754639,0.9250000715255737,1.2818620204925537
1.024999976158142,0.9750000238418579,1.1200621128082275
1.0308470726013184,0.9500000476837158,1.712601900100708
1.0281472206115723,0.9650000333786011,1.1989820003509521
1.0528018474578857,0.9100000858306885,1.557911992073059
1.0359164476394653,0.9300000667572021,1.9915919303894043
1.0360286235809326,0.9350000619888306,2.052081823348999
1.028098702430725,0.9650000333786011,1.1330019235610962
1.0370327234268188,0.9100000858306885,2.000932216644287
1.0269185304641724,0.9650000333786011,1.3261520862579346
1.0382009744644165,0.9500000476837158,1.3613519668579102
1.028460144996643,0.9550000429153442,2.177432060241699
1.024999976158142,0.9750000238418579,1.0715818405151367
1.024999976158142,0.9750000238418579,1.1993520259857178
1.0449016094207764,0.9350000619888306,1.6285920143127441
1.0301707983016968,0.9600000381469727,1.416491985321045
1.0325819253921509,0.9650000333786011,1.1738319396972656
1.0261309146881104,0.9700000286102295,1.1929019689559937
1.0501147508621216,0.9300000667572021,1.514652132987976
1.0521023273468018,0.9250000715255737,1.4710519313812256
1.056494951248169,0.9100000858306885,1.621772050857544
1.0659759044647217,0.8950001001358032,1.8448621034622192
1.0502673387527466,0.9250000715255737,1.431372046470642
1.0441323518753052,0.940000057220459,1.3861318826675415
1.0421406030654907,0.940000057220459,1.509321928024292
1.0598565340042114,0.8950001001358032,1.8502720594406128
1.0575709342956543,0.9050000309944153,2.1726419925689697
1.0591295957565308,0.9000000953674316,1.99127197265625
1.030812382698059,0.9500000476837158,1.3027020692825317
1.0457011461257935,0.9150000810623169,1.7235419750213623
1.0273786783218384,0.9650000333786011,1.2505420446395874
1.024999976158142,0.9750000238418579,1.1027820110321045
1.0266697406768799,0.9700000286102295,1.222551941871643
1.0298489332199097,0.9650000333786011,1.1448919773101807
1.031793475151062,0.9600000381469727,1.2835520505905151
1.0522704124450684,0.9100000858306885,1.4123719930648804
1.0387989282608032,0.9450000524520874,1.302462100982666
1.0583590269088745,0.9150000810623169,1.3261120319366455
1.0642573833465576,0.9000000953674316,1.3594919443130493
1.024999976158142,0.9750000238418579,1.0604219436645508
1.0346505641937256,0.9500000476837158,1.7918120622634888
1.024999976158142,0.9750000238418579,1.0544919967651367
1.027109146118164,0.9600000381469727,1.3384521007537842
1.0309937000274658,0.9450000524520874,1.364601969718933
1.0399019718170166,0.940000057220459,1.6866520643234253
1.0429378747940063,0.9150000810623169,1.870162010192871
1.0312877893447876,0.9550000429153442,1.3161919116973877
1.0309044122695923,0.9600000381469727,1.596701979637146
1.0403212308883667,0.9300000667572021,1.3402519226074219
1.0469262599945068,0.9150000810623169,1.9475220441818237
1.024999976158142,0.9650000333786011,1.1102420091629028
1.058743953704834,0.8750000596046448,2.729451894760132
1.0288760662078857,0.9650000333786011,1.2767019271850586
1.0461269617080688,0.8950001001358032,2.509082078933716
1.0270150899887085,0.9700000286102295,1.2352319955825806
1.024999976158142,0.9750000238418579,1.1112018823623657
1.055433750152588,0.8899999856948853,2.6205320358276367
1.0316052436828613,0.9600000381469727,1.1586018800735474
1.0551005601882935,0.9300000667572021,1.53193199634552
1.0546932220458984,0.9250000715255737,1.5314419269561768
1.048531174659729,0.9300000667572021,1.5745121240615845
1.0380595922470093,0.9200000762939453,1.5753719806671143
1.0523771047592163,0.9000000953674316,1.9381921291351318
1.0617730617523193,0.8850001096725464,1.8868319988250732
1.029882550239563,0.9550000429153442,1.1955219507217407
1.0272271633148193,0.9700000286102295,1.2410420179367065
1.029183030128479,0.9600000381469727,1.5014218091964722
1.021463394165039,0.9700000286102295,1.0947120189666748
1.024999976158142,0.9750000238418579,1.0431420803070068
1.0727583169937134,0.8600000739097595,3.579982280731201
1.050464391708374,0.9250000715255737,2.5936222076416016
1.0296224355697632,0.9650000333786011,1.1266720294952393
1.0504854917526245,0.9200000762939453,1.5447819232940674
1.0376746654510498,0.9500000476837158,1.157662034034729
1.031561255455017,0.9550000429153442,1.557672142982483
1.0749948024749756,0.8550000190734863,1.7533619403839111
1.0265743732452393,0.9550000429153442,1.5299019813537598
1.0286823511123657,0.9550000429153442,1.3350019454956055
1.0461647510528564,0.9150000810623169,1.5847320556640625
1.0284191370010376,0.9650000333786011,1.568552017211914
1.0324193239212036,0.9500000476837158,1.7826319932937622
1.0275819301605225,0.9600000381469727,1.3209619522094727
1.0370899438858032,0.9550000429153442,1.172521948814392
1.0387516021728516,0.9350000619888306,1.6811820268630981
1.0532448291778564,0.9000000953674316,2.0212721824645996
1.0318443775177002,0.9450000524520874,1.2477020025253296
1.0361064672470093,0.9350000619888306,1.68175208568573
1.0302261114120483,0.9650000333786011,1.1144620180130005
1.0315414667129517,0.9500000476837158,1.1065419912338257
1.0392512083053589,0.9300000667572021,1.3112620115280151
1.0326155424118042,0.9500000476837158,1.521501898765564
1.024999976158142,0.9750000238418579,1.0850920677185059
1.0459073781967163,0.9300000667572021,1.602591872215271
1.0451828241348267,0.9300000667572021,1.541421890258789
1.0391573905944824,0.940000057220459,1.661881923675537
1.0361616611480713,0.940000057220459,1.5889619588851929
1.0424405336380005,0.9100000858306885,2.826172113418579
1.0234718322753906,0.9650000333786011,1.1359320878982544
1.0374767780303955,0.9450000524520874,1.301382064819336
1.0475345849990845,0.9200000762939453,1.5631020069122314
1.0420747995376587,0.9350000619888306,1.8910421133041382
1.0324821472167969,0.9550000429153442,1.3388720750808716
1.0307825803756714,0.9600000381469727,1.398692011833191
1.0314006805419922,0.9600000381469727,1.5531420707702637
1.0304977893829346,0.9650000333786011,1.1699620485305786
1.0199999809265137,0.9700000286102295,1.063301920890808
1.0451990365982056,0.9300000667572021,1.499891996383667
1.055981993675232,0.9000000953674316,1.6757519245147705
1.0326957702636719,0.940000057220459,1.1903419494628906
1.034379482269287,0.9450000524520874,1.3429819345474243
1.028782844543457,0.9550000429153442,1.2318120002746582
1.0349329710006714,0.9550000429153442,1.0883419513702393
1.0564531087875366,0.8700000643730164,2.6055219173431396
1.0295391082763672,0.9600000381469727,1.2189819812774658
1.0361413955688477,0.9300000667572021,1.2396420240402222
1.0398476123809814,0.940000057220459,1.525331974029541
1.0402413606643677,0.925000011920929,2.063851833343506
1.0451087951660156,0.9500000476837158,1.16172194480896
1.047712802886963,0.9200000762939453,1.4651919603347778
1.024999976158142,0.9700000286102295,1.0740920305252075
1.0424606800079346,0.9350000619888306,1.52662193775177
1.0332469940185547,0.9550000429153442,1.2965219020843506
1.024999976158142,0.9750000238418579,1.2248620986938477
1.0494831800460815,0.9300000667572021,1.7053120136260986
1.0400670766830444,0.9200000762939453,1.7826319932937622
1.0416666269302368,0.9550000429153442,1.2974320650100708
1.0287688970565796,0.9700000286102295,1.0964820384979248
1.029881238937378,0.9650000333786011,1.1284220218658447
1.024999976158142,0.9750000238418579,1.1083720922470093
1.0412002801895142,0.940000057220459,1.1759419441223145
1.0273514986038208,0.9600000381469727,1.4563521146774292
1.053737998008728,0.9050000309944153,2.109951972961426
1.037892460823059,0.9500000476837158,1.1899319887161255
1.0647975206375122,0.8449999690055847,2.5928521156311035
1.0320464372634888,0.9600000381469727,1.1532119512557983
1.024999976158142,0.9750000238418579,1.0388920307159424
1.0271350145339966,0.9700000286102295,1.155371904373169
1.0272611379623413,0.9650000333786011,1.0737520456314087
1.0341771841049194,0.9150000810623169,2.1776819229125977
1.0644477605819702,0.8400000333786011,2.778942108154297
1.027097463607788,0.9650000333786011,1.4293720722198486
1.0273807048797607,0.9650000333786011,1.3149620294570923
1.0283433198928833,0.9600000381469727,1.3076820373535156
1.0583983659744263,0.8950001001358032,1.615831971168518
1.042847990989685,0.9350000619888306,1.578052043914795
1.024999976158142,0.9750000238418579,1.1443419456481934
1.024999976158142,0.9750000238418579,1.0868719816207886
1.0592670440673828,0.8700000643730164,1.8175220489501953
1.0285066366195679,0.9550000429153442,1.2138620615005493
1.0321661233901978,0.9500000476837158,1.25832200050354
1.041426658630371,0.9300000071525574,1.7676019668579102
1.0519423484802246,0.9200000762939453,2.3604021072387695
1.0589606761932373,0.9000000953674316,2.2270522117614746
1.0614136457443237,0.8800000548362732,2.6990320682525635
1.0264291763305664,0.9700000286102295,1.1205120086669922
1.0354290008544922,0.9450000524520874,1.4319219589233398
1.022376298904419,0.9550000429153442,1.6836720705032349
1.0257289409637451,0.9650000333786011,1.1610718965530396
1.0419654846191406,0.9350000619888306,2.0287721157073975
1.070051908493042,0.8349999189376831,3.415191888809204
1.0574595928192139,0.9000000953674316,1.931692123413086
1.050743818283081,0.8950001001358032,2.084252119064331
1.0273569822311401,0.9700000286102295,1.353402018547058
1.0346612930297852,0.9500000476837158,1.3578920364379883
1.044680118560791,0.9300000667572021,1.9562420845031738
1.0328505039215088,0.9600000381469727,1.260401964187622
1.039797067642212,0.9300000667572021,1.6485720872879028
1.0338635444641113,0.9450000524520874,1.5101319551467896
1.059098720550537,0.9000000953674316,2.020172119140625
1.041603446006775,0.940000057220459,1.4288619756698608
1.048500418663025,0.9250000715255737,1.6425420045852661
1.0480785369873047,0.9150000810623169,1.7405420541763306
1.0546187162399292,0.8900001049041748,2.0405821800231934
1.0415083169937134,0.9350000619888306,1.6454920768737793
1.0377503633499146,0.9500000476837158,1.237522006034851
1.0446960926055908,0.9300000667572021,2.407991886138916
1.024999976158142,0.9750000238418579,1.0853320360183716
1.0530081987380981,0.9000000357627869,2.692552089691162
1.0353052616119385,0.9500000476837158,1.496911883354187
1.024999976158142,0.9700000286102295,1.0729920864105225
1.0405031442642212,0.940000057220459,1.6850718259811401
1.0308672189712524,0.9550000429153442,1.6895220279693604
1.0343523025512695,0.9600000381469727,1.1863518953323364
1.0310028791427612,0.940000057220459,1.6876320838928223
1.0309276580810547,0.9500000476837158,1.1964919567108154
1.0285416841506958,0.9650000333786011,1.451282024383545
1.0303572416305542,0.9600000381469727,1.2691019773483276
1.0345913171768188,0.940000057220459,2.013092041015625
1.0299253463745117,0.9650000333786011,1.2503020763397217
1.0439140796661377,0.9450000524520874,1.1862720251083374
1.024999976158142,0.9750000238418579,1.0488018989562988
1.0199999809265137,0.9750000238418579,1.1340420246124268
1.0283234119415283,0.9650000333786011,1.1276819705963135
1.0671348571777344,0.9250000715255737,1.2818620204925537
1.0285354852676392,0.9700000286102295,1.0591119527816772
1.0263335704803467,0.9700000286102295,1.529832124710083
1.0285354852676392,0.9700000286102295,1.1693121194839478
1.0426825284957886,0.925000011920929,2.049992084503174
1.024999976158142,0.9750000238418579,1.0605119466781616
1.0265971422195435,0.9700000286102295,1.169532060623169
1.0225032567977905,0.9700000286102295,1.3230520486831665
1.024999976158142,0.9750000238418579,1.0352519750595093
1.0281903743743896,0.9650000333786011,1.2630720138549805
1.0368138551712036,0.9500000476837158,1.297231912612915
1.024999976158142,0.9750000238418579,1.174481987953186
1.0308711528778076,0.9600000381469727,1.2854219675064087
1.0352073907852173,0.940000057220459,1.6577719449996948
1.0372123718261719,0.940000057220459,1.3483021259307861
1.048338532447815,0.9100000858306885,1.735152006149292
1.0358490943908691,0.9350000619888306,1.2792320251464844
1.0281381607055664,0.9650000333786011,1.1385619640350342
1.0341461896896362,0.9450000524520874,1.7833219766616821
1.04451584815979,0.9300000667572021,1.566892147064209
1.04063081741333,0.940000057220459,1.4502719640731812
1.0199999809265137,0.9750000238418579,1.0782819986343384
1.0331497192382812,0.9650000333786011,1.1484620571136475
1.024999976158142,0.9750000238418579,1.0476319789886475
1.0616421699523926,0.8800000548362732,2.360001802444458
1.0258333683013916,0.9700000286102295,1.0723419189453125
1.0324763059616089,0.940000057220459,1.1347819566726685
1.0380717515945435,0.940000057220459,1.2213019132614136
1.0397883653640747,0.9500000476837158,1.1192920207977295
1.024999976158142,0.9750000238418579,1.063641905784607
1.0253627300262451,0.9650000333786011,1.0554720163345337
1.0433355569839478,0.9100000858306885,2.997272253036499
1.024999976158142,0.9750000238418579,1.0517220497131348
1.0199999809265137,0.9750000238418579,1.0532219409942627
1.0544663667678833,0.8900001049041748,2.460671901702881
1.0453449487686157,0.9500000476837158,1.2146819829940796
1.0453449487686157,0.9500000476837158,1.2146819829940796
1.0496593713760376,0.9150000810623169,1.507722020149231
1.0392098426818848,0.9450000524520874,1.1662919521331787
1.032111406326294,0.9600000381469727,1.1562120914459229
1.025087833404541,0.9550000429153442,1.204382061958313
1.0400813817977905,0.9200000762939453,1.7210218906402588
1.0360685586929321,0.9550000429153442,1.29954195022583
1.024999976158142,0.9750000238418579,1.058272123336792
1.0410164594650269,0.940000057220459,1.5445719957351685
1.0259761810302734,0.9700000286102295,1.187891960144043
1.0407596826553345,0.9350000619888306,1.6912919282913208
1.0384256839752197,0.9450000524520874,1.1760319471359253
1.0432907342910767,0.9250000715255737,1.4012820720672607
1.0292742252349854,0.9600000381469727,1.3459619283676147
1.024999976158142,0.9750000238418579,1.2361420392990112
1.033543586730957,0.9450000524520874,2.231882095336914
1.0325679779052734,0.940000057220459,1.3682719469070435
1.0269951820373535,0.9700000286102295,1.5337320566177368
1.0477914810180664,0.9150000810623169,2.758402109146118
1.0414518117904663,0.9100000858306885,2.2946319580078125
1.0343989133834839,0.940000057220459,1.32505202293396
1.0444968938827515,0.9450000524520874,1.1232318878173828
1.039945125579834,0.9450000524520874,1.4589519500732422
1.0575052499771118,0.9000000357627869,2.0432820320129395
1.0357890129089355,0.9450000524520874,1.7559720277786255
1.024999976158142,0.9750000238418579,1.059272050857544
1.0286816358566284,0.9650000333786011,1.0900321006774902
1.0310369729995728,0.9600000381469727,1.126352071762085
1.0416666269302368,0.9550000429153442,1.2997419834136963
1.0303773880004883,0.9500000476837158,1.5202720165252686
1.0344167947769165,0.940000057220459,1.275312066078186
1.0425077676773071,0.9350000619888306,1.376392126083374
1.024999976158142,0.9750000238418579,1.1951920986175537
1.024267554283142,0.9650000333786011,1.3445719480514526
1.0199999809265137,0.9750000238418579,1.1345919370651245
1.0264906883239746,0.9700000286102295,1.1597318649291992
1.024999976158142,0.9750000238418579,1.050291895866394
1.0355453491210938,0.9600000381469727,1.2446420192718506
1.0443824529647827,0.9250000715255737,1.567512035369873
1.031614899635315,0.9600000381469727,1.064892053604126
1.024999976158142,0.9750000238418579,1.0328619480133057
1.0263456106185913,0.9700000286102295,1.2857820987701416
1.037734866142273,0.940000057220459,1.3644919395446777
1.024999976158142,0.9750000238418579,1.145772099494934
1.0336616039276123,0.9450000524520874,1.4827420711517334
1.0308042764663696,0.9600000381469727,1.246001958847046
1.024999976158142,0.9750000238418579,1.0573019981384277
1.0552304983139038,0.9250000715255737,1.3156219720840454
1.024999976158142,0.9750000238418579,1.0676320791244507
1.0279276371002197,0.9650000333786011,1.1208620071411133
1.045314908027649,0.9500000476837158,1.198322057723999
1.0281341075897217,0.9600000381469727,1.1213719844818115
1.024999976158142,0.9750000238418579,1.2432719469070435
1.038623571395874,0.9450000524520874,1.344812035560608
1.0265246629714966,0.9650000333786011,1.0836119651794434
1.024999976158142,0.9700000286102295,1.0748419761657715
1.0321308374404907,0.9500000476837158,1.1446220874786377
1.0390820503234863,0.9500000476837158,1.336332082748413
1.0543594360351562,0.9100000858306885,1.8887418508529663
1.024999976158142,0.9750000238418579,1.0371419191360474
1.032720923423767,0.9500000476837158,1.4560821056365967
1.0369278192520142,0.9550000429153442,1.4231019020080566
1.0281202793121338,0.9450000524520874,1.236072063446045
1.0326993465423584,0.9500000476837158,1.493522047996521
1.0424363613128662,0.9450000524520874,1.3727918863296509
1.0465120077133179,0.9200000166893005,1.9480520486831665
1.0372705459594727,0.940000057220459,2.0467519760131836
1.045257329940796,0.925000011920929,2.3792619705200195
1.033974051475525,0.9450000524520874,1.1142220497131348
1.0341784954071045,0.9600000381469727,1.0415220260620117
1.0430134534835815,0.9350000619888306,1.9626320600509644
1.0386009216308594,0.9500000476837158,1.3066420555114746
1.0282001495361328,0.9650000333786011,1.0726418495178223
1.027267336845398,0.9600000381469727,1.3086820840835571
1.024999976158142,0.9750000238418579,1.0626620054244995
1.024999976158142,0.9750000238418579,1.0681020021438599
1.0314439535140991,0.9650000333786011,1.1269619464874268
1.0345611572265625,0.9500000476837158,1.2879819869995117
1.0222786664962769,0.9700000286102295,1.1176820993423462
1.0307151079177856,0.9650000333786011,1.199782133102417
1.0298155546188354,0.9600000381469727,1.306411862373352
1.039404273033142,0.940000057220459,1.6663421392440796
1.0483232736587524,0.9250000715255737,1.634261965751648
1.0339314937591553,0.9500000476837158,1.3757120370864868
1.0199999809265137,0.9750000238418579,1.0689918994903564
1.045114278793335,0.9350000619888306,1.231361985206604
1.0262563228607178,0.9700000286102295,1.1130820512771606
1.0395835638046265,0.9450000524520874,1.1844019889831543
1.0448392629623413,0.9450000524520874,1.1862720251083374
1.024999976158142,0.9750000238418579,1.0916520357131958
1.042976975440979,0.9450000524520874,1.1402720212936401
1.041731357574463,0.940000057220459,1.28616201877594
1.0378081798553467,0.940000057220459,1.609092116355896
1.0283259153366089,0.9550000429153442,1.2111520767211914
1.0380712747573853,0.9550000429153442,1.2269619703292847
1.027811050415039,0.9650000333786011,1.1218019723892212
1.0261322259902954,0.9600000381469727,1.084671974182129
1.0275819301605225,0.9700000286102295,1.1631519794464111
1.024999976158142,0.9700000286102295,1.0468319654464722
1.0261764526367188,0.9650000333786011,1.1316720247268677
1.035903811454773,0.940000057220459,1.3933820724487305
1.0285354852676392,0.9700000286102295,1.0661319494247437
1.0451087951660156,0.9500000476837158,1.16172194480896
1.0386097431182861,0.9350000619888306,1.592851996421814
1.0309314727783203,0.9600000381469727,1.2196521759033203
1.02984619140625,0.9650000333786011,1.200942039489746
1.0324406623840332,0.9500000476837158,1.3376219272613525
1.024999976158142,0.9750000238418579,1.092221975326538
1.0353773832321167,0.9550000429153442,1.4008818864822388
1.0269542932510376,0.9700000286102295,1.1183719635009766
1.024999976158142,0.9750000238418579,1.1150919198989868
1.0416895151138306,0.9450000524520874,1.1756519079208374
1.0395256280899048,0.9500000476837158,1.101781964302063
1.024999976158142,0.9750000238418579,1.0283920764923096
1.0395256280899048,0.9500000476837158,1.101781964302063
1.0381382703781128,0.940000057220459,1.2900019884109497
1.036328673362732,0.940000057220459,1.792441964149475
1.024999976158142,0.9750000238418579,1.112671971321106
1.027571439743042,0.9650000333786011,1.3187919855117798
1.043172001838684,0.940000057220459,1.392132043838501
1.0311893224716187,0.9650000333786011,1.030912160873413
1.0271437168121338,0.9700000286102295,1.0312420129776
1.0280251502990723,0.9650000333786011,1.1629719734191895
1.024999976158142,0.9750000238418579,1.0711919069290161
1.024999976158142,0.9750000238418579,1.1644519567489624
1.024999976158142,0.9750000238418579,1.0563220977783203
1.024999976158142,0.9750000238418579,1.0369420051574707
1.0508010387420654,0.9350000619888306,1.2639620304107666
1.024999976158142,0.9700000286102295,1.0405720472335815
1.031751036643982,0.9550000429153442,1.320892095565796
1.039029836654663,0.9550000429153442,1.0972120761871338
